0.44040227890356914 
0.2560148623706982 
0.25508866696951926 
0.17663820945494535 
0.12390571937458705 
0.099780901929567831 
0.072714618482626364 
0.066955113528810895 
0.053054333811926035 
0.052917754064346297 
0.045599159870026135 
0.045555706731151717 
0.043651018953468797 
0.043281911541542019 
0.042373648257310194 
0.042323523257909189 
0.041874258028381149 
0.041870880791269813 
0.041710915033360954 
0.041709406956593878 
0.041632345323225309 
0.041631504798187176 
0.041579434191834568 
0.041567784800860999 
0.041371839478949943 
0.041339099843907719 
0.041243326182433079 
0.041241804723558713 
0.041193389696689293 
0.041192913290124561 
0.041178564210654217 
0.041177126380586078 
0.041169747944039291 
0.041169470255681517 
0.041166508842034953 
0.04116628160655017 
0.041164832990086234 
0.041164604647322862 
0.041163994458624065 
0.041163748017708286 
0.0411633438002693 
0.04116312953741507 
0.041162829194610943 
0.041162612272247864 
0.041162376209539636 
0.04116215339460013 
0.041161931278960798 
0.041161711365746818 
0.041161495166179146 
0.041161276544446943 
0.041161061183598024 
0.041160845862746882 
0.041160629999679052 
0.041160414626011117 
0.041160199431060682 
0.041159984258453124 
0.041159769104267677 
0.041159553968477834 
0.041159338851083478 
0.041159123752084692 
0.041158908671481566 
0.041158693609274204 
0.041158478565462724 
0.041158263540047195 
0.04115804853302768 
0.041157833544404297 
0.041157618574177109 
0.041157403622346281 
0.041157188688911849 
0.041156973773873881 
0.041156758877232504 
0.041156543998987792 
0.041156329139139872 
0.041156114297688798 
0.041155899474634668 
0.041155684669977571 
0.041155469883717634 
0.041155255115854911 
0.041155040366389492 
0.041154825635321468 
0.041154610922650915 
0.041154396228377993 
0.041154181552502736 
0.041153966895025242 
0.041153752255945586 
0.041153537635263873 
0.041153323032980235 
0.04115310844909472 
0.041152893883607412 
0.041152679336518415 
0.041152464807827811 
0.041152250297535733 
0.04115203580564223 
0.041151821332147405 
0.041151606877051328 
0.041151392440354109 
0.041151178022055868 
0.041150963622156658 
0.041150749240656571 
0.041150534877555697 
0.041150320532854182 
0.041150106206552059 
0.041149891898649413 
0.041149677609146347 
0.041149463338042952 
0.041149249085339359 
0.041149034851035625 
0.041148820635131818 
0.041148606437628063 
0.041148392258524416 
0.04114817809782103 
0.041147963955517952 
0.041147749831615267 
0.041147535726113071 
0.041147321639011462 
0.041147107570310551 
0.041146893520010407 
0.041146679488111119 
0.041146465474612773 
0.041146251479515505 
0.041146037502819359 
0.041145823544524431 
0.041145609604630803 
0.041145395683138575 
0.04114518178004789 
0.041144967895358778 
0.041144754029071327 
0.04114454018118565 
0.041144326351701815 
0.041144112540619976 
0.041143898747940173 
0.041143684973662491 
0.041143471217787025 
0.041143257480313868 
0.041143043761243163 
0.041142830060574939 
0.041142616378309287 
0.041142402714446316 
0.041142189068986111 
0.041141975441928803 
0.041141761833274428 
0.041141548243023102 
0.041141334671174902 
0.041141121117729954 
0.041140907582688326 
0.041140694066050087 
0.04114048056781535 
0.041140267087984191 
0.041140053626556747 
0.041139840183533047 
0.041139626758913223 
0.041139413352697343 
0.041139199964885499 
0.041138986595477801 
0.041138773244474347 
0.041138559911875205 
0.04113834659768046 
0.041138133301890215 
0.041137920024504587 
0.041137706765523634 
0.041137493524947458 
0.041137280302776122 
0.041137067099009793 
0.041136853913648498 
0.041136640746692321 
0.041136427598141373 
0.041136214467995737 
0.041136001356255544 
0.041135788262920837 
0.041135575187991727 
0.041135362131468282 
0.041135149093350608 
0.041134936073638828 
0.041134723072333013 
0.041134510089433217 
0.041134297124939566 
0.041134084178852129 
0.041133871251171045 
0.041133658341896369 
0.041133445451028192 
0.041133232578566596 
0.041133019724511666 
0.04113280688886356 
0.041132594071622307 
0.041132381272788003 
0.041132168492360746 
0.041131955730340654 
0.041131742986727796 
0.041131530261522241 
0.041131317554724094 
0.041131104866333444 
0.041130892196350424 
0.041130679544775069 
0.041130466911607502 
0.041130254296847787 
0.041130041700496014 
0.041129829122552336 
0.041129616563016787 
0.041129404021889464 
0.04112919149917045 
0.041128978994859851 
0.041128766508957783 
0.041128554041464302 
0.041128341592379505 
0.041128129161703476 
0.041127916749436305 
0.04112770435557813 
0.041127491980129008 
0.041127279623089007 
0.041127067284458238 
0.041126854964236827 
0.041126642662424821 
0.041126430379022312 
0.041126218114029389 
0.04112600586744615 
0.041125793639272719 
0.041125581429509166 
0.041125369238155553 
0.041125157065211984 
0.04112494491067855 
0.041124732774555389 
0.041124520656842543 
0.04112430855754011 
0.041124096476648164 
0.041123884414166818 
0.041123672370096197 
0.041123460344436348 
0.041123248337187356 
0.041123036348349323 
0.041122824377922376 
0.04112261242590657 
0.04112240049230198 
0.041122188577108719 
0.041121976680326869 
0.041121764801956555 
0.04112155294199784 
0.041121341100450792 
0.041121129277315531 
0.041120917472592132 
0.041120705686280734 
0.041120493918381379 
0.041120282168894157 
0.041120070437819171 
0.041119858725156493 
0.04111964703090628 
0.041119435355068575 
0.041119223697643446 
0.041119012058631006 
0.041118800438031344 
0.041118588835844593 
0.041118377252070792 
0.041118165686710034 
0.041117954139762429 
0.041117742611228095 
0.041117531101107073 
0.041117319609399468 
0.041117108136105363 
0.041116896681224854 
0.041116685244758075 
0.041116473826705066 
0.041116262427065932 
0.041116051045840742 
0.041115839683029613 
0.041115628338632672 
0.041115417012649952 
0.041115205705081551 
0.041114994415927572 
0.041114783145188093 
0.041114571892863251 
0.041114360658953103 
0.041114149443457725 
0.041113938246377213 
0.041113727067711707 
0.041113515907461262 
0.041113304765625941 
0.041113093642205861 
0.041112882537201099 
0.041112671450611801 
0.041112460382438008 
0.041112249332679811 
0.041112038301337292 
0.041111827288410563 
0.041111616293899741 
0.041111405317804883 
0.041111194360126078 
0.04111098342086341 
0.041110772500016976 
0.041110561597586914 
0.04111035071357326 
0.041110139847976124 
0.041109929000795575 
0.041109718172031726 
0.041109507361684693 
0.041109296569754532 
0.041109085796241326 
0.041108875041145181 
0.041108664304466226 
0.041108453586204505 
0.041108242886360107 
0.041108032204933122 
0.041107821541923648 
0.041107610897331823 
0.041107400271157682 
0.041107189663401322 
0.041106979074062834 
0.041106768503142314 
0.041106557950639888 
0.041106347416555604 
0.041106136900889559 
0.041105926403641843 
0.04110571592481254 
0.041105505464401795 
0.041105295022409651 
0.041105084598836196 
0.041104874193681529 
0.041104663806945774 
0.041104453438628979 
0.04110424308873125 
0.041104032757252662 
0.041103822444193305 
0.04110361214955334 
0.041103401873332779 
0.041103191615531734 
0.041102981376150281 
0.041102771155188532 
0.041102560952646604 
0.041102350768524559 
0.041102140602822468 
0.041101930455540441 
0.041101720326678561 
0.041101510216236967 
0.041101300124215701 
0.041101090050614859 
0.041100879995434519 
0.041100669958674792 
0.041100459940335801 
0.041100249940417589 
0.041100039958920261 
0.041099829995843898 
0.04109962005118864 
0.041099410124954529 
0.041099200217141654 
0.041098990327750114 
0.041098780456779997 
0.041098570604231437 
0.041098360770104488 
0.041098150954399226 
0.041097941157115743 
0.041097731378254149 
0.041097521617814568 
0.041097311875797043 
0.041097102152201678 
0.041096892447028542 
0.041096682760277746 
0.041096473091949415 
0.041096263442043597 
0.04109605381056039 
0.041095844197499877 
0.041095634602862197 
0.041095425026647404 
0.04109521546885557 
0.041095005929486797 
0.041094796408541183 
0.041094586906018853 
0.041094377421919855 
0.041094167956244286 
0.04109395850899223 
0.041093749080163791 
0.04109353966975908 
0.041093330277778166 
0.041093120904221139 
0.041092911549088069 
0.041092702212379074 
0.041092492894094272 
0.041092283594233718 
0.041092074312797496 
0.041091865049785695 
0.04109165580519842 
0.041091446579035795 
0.04109123737129787 
0.041091028181984741 
0.041090819011096492 
0.041090609858633255 
0.041090400724595084 
0.041090191608982071 
0.041089982511794305 
0.04108977343303187 
0.041089564372694912 
0.041089355330783478 
0.041089146307297646 
0.041088937302237526 
0.041088728315603187 
0.041088519347394777 
0.041088310397612342 
0.04108810146625598 
0.041087892553325768 
0.041087683658821809 
0.041087474782744229 
0.041087265925093076 
0.041087057085868454 
0.041086848265070433 
0.041086639462699116 
0.041086430678754643 
0.041086221913237055 
0.041086013166146435 
0.041085804437482887 
0.041085595727246543 
0.041085387035437446 
0.041085178362055691 
0.041084969707101363 
0.041084761070574564 
0.041084552452475415 
0.041084343852803983 
0.041084135271560338 
0.041083926708744577 
0.041083718164356797 
0.041083509638397124 
0.04108330113086562 
0.04108309264176236 
0.04108288417108745 
0.041082675718840965 
0.041082467285023051 
0.041082258869633757 
0.041082050472673159 
0.041081842094141362 
0.041081633734038503 
0.041081425392364618 
0.041081217069119803 
0.041081008764304143 
0.041080800477917748 
0.041080592209960735 
0.041080383960433155 
0.041080175729335096 
0.041079967516666663 
0.041079759322427939 
0.041079551146619056 
0.041079342989240049 
0.041079134850291042 
0.041078926729772092 
0.041078718627683315 
0.041078510544024831 
0.041078302478796694 
0.041078094431998995 
0.041077886403631816 
0.041077678393695256 
0.04107747040218946 
0.041077262429114456 
0.04107705447447034 
0.04107684653825721 
0.041076638620475205 
0.041076430721124352 
0.041076222840204762 
0.041076014977716513 
0.041075807133659707 
0.04107559930803447 
0.041075391500840858 
0.041075183712078953 
0.041074975941748852 
0.04107476818985064 
0.041074560456384461 
0.041074352741350358 
0.041074145044748413 
0.041073937366578731 
0.041073729706841401 
0.041073522065536543 
0.041073314442664224 
0.041073106838224523 
0.041072899252217535 
0.041072691684643399 
0.041072484135502151 
0.041072276604793893 
0.041072069092518711 
0.041071861598676693 
0.041071654123267985 
0.041071446666292623 
0.041071239227750703 
0.041071031807642308 
0.041070824405967543 
0.04107061702272654 
0.041070409657919332 
0.041070202311546025 
0.041069994983606709 
0.041069787674101466 
0.041069580383030435 
0.041069373110393673 
0.041069165856191255 
0.041068958620423278 
0.04106875140308984 
0.041068544204191072 
0.041068337023727017 
0.041068129861697771 
0.041067922718103417 
0.041067715592944101 
0.041067508486219866 
0.0410673013979308 
0.041067094328076995 
0.041066887276658547 
0.041066680243675581 
0.041066473229128153 
0.041066266233016353 
0.041066059255340279 
0.041065852296099999 
0.041065645355295666 
0.041065438432927329 
0.041065231528995071 
0.041065024643498982 
0.041064817776439159 
0.041064610927815742 
0.041064404097628758 
0.041064197285878318 
0.041063990492564505 
0.041063783717687465 
0.041063576961247225 
0.041063370223243884 
0.041063163503677544 
0.041062956802548276 
0.041062750119856231 
0.041062543455601459 
0.041062336809784043 
0.041062130182404059 
0.041061923573461633 
0.041061716982956874 
0.041061510410889832 
0.041061303857260603 
0.041061097322069279 
0.041060890805315949 
0.041060684307000751 
0.041060477827123729 
0.041060271365684964 
0.041060064922684561 
0.04105985849812261 
0.041059652091999244 
0.041059445704314516 
0.041059239335068505 
0.041059032984261307 
0.04105882665189306 
0.041058620337963807 
0.041058414042473644 
0.041058207765422655 
0.04105800150681093 
0.041057795266638615 
0.041057589044905758 
0.041057382841612436 
0.041057176656758745 
0.041056970490344777 
0.041056764342370676 
0.041056558212836478 
0.041056352101742286 
0.041056146009088169 
0.041055939934874233 
0.041055733879100623 
0.041055527841767366 
0.041055321822874559 
0.041055115822422307 
0.041054909840410728 
0.041054703876839869 
0.041054497931709844 
0.041054292005020712 
0.04105408609677258 
0.041053880206965591 
0.041053674335599782 
0.041053468482675243 
0.04105326264819207 
0.041053056832150346 
0.041052851034550211 
0.04105264525539172 
0.041052439494674957 
0.041052233752400004 
0.041052028028566973 
0.041051822323175981 
0.041051616636227077 
0.041051410967720366 
0.041051205317655923 
0.041050999686033846 
0.041050794072854273 
0.041050588478117239 
0.041050382901822856 
0.041050177343971192 
0.0410499718045624 
0.041049766283596516 
0.041049560781073635 
0.041049355296993856 
0.041049149831357254 
0.041048944384163975 
0.041048738955414062 
0.04104853354510761 
0.041048328153244697 
0.04104812277982544 
0.04104791742484995 
0.041047712088318276 
0.04104750677023053 
0.041047301470586779 
0.041047096189387129 
0.041046890926631711 
0.041046685682320568 
0.041046480456453788 
0.041046275249031476 
0.041046070060053716 
0.041045864889520646 
0.041045659737432301 
0.041045454603788778 
0.041045249488590188 
0.041045044391836635 
0.041044839313528182 
0.041044634253664919 
0.041044429212246929 
0.041044224189274316 
0.041044019184747212 
0.041043814198665658 
0.041043609231029746 
0.041043404281839571 
0.041043199351095225 
0.041042994438796832 
0.041042789544944461 
0.041042584669538182 
0.041042379812578092 
0.041042174974064281 
0.041041970153996896 
0.04104176535237597 
0.041041560569201607 
0.041041355804473878 
0.041041151058192941 
0.041040946330358825 
0.041040741620971627 
0.041040536930031443 
0.041040332257538364 
0.041040127603492516 
0.041039922967893952 
0.041039718350742764 
0.041039513752039049 
0.041039309171782883 
0.041039104609974411 
0.041038900066613676 
0.041038695541700775 
0.04103849103523579 
0.041038286547218819 
0.041038082077650001 
0.04103787762652937 
0.041037673193857024 
0.04103746877963306 
0.041037264383857568 
0.041037060006530672 
0.041036855647652429 
0.041036651307222921 
0.041036446985242253 
0.04103624268171055 
0.041036038396627866 
0.041035834129994272 
0.041035629881809893 
0.04103542565207479 
0.04103522144078911 
0.041035017247952901 
0.041034813073566254 
0.041034608917629264 
0.04103440478014201 
0.041034200661104636 
0.041033996560517191 
0.041033792478379759 
0.041033588414692429 
0.041033384369455306 
0.041033180342668507 
0.041032976334332102 
0.041032772344446161 
0.04103256837301078 
0.041032364420026106 
0.041032160485492165 
0.04103195656940907 
0.041031752671776896 
0.04103154879259574 
0.041031344931865742 
0.041031141089586942 
0.041030937265759439 
0.041030733460383308 
0.041030529673458653 
0.041030325904985607 
0.041030122154964224 
0.041029918423394582 
0.041029714710276784 
0.041029511015610913 
0.041029307339397102 
0.041029103681635398 
0.041028900042325907 
0.041028696421468711 
0.041028492819063886 
0.041028289235111592 
0.041028085669611865 
0.041027882122564786 
0.041027678593970468 
0.041027475083829021 
0.041027271592140514 
0.041027068118905025 
0.041026864664122656 
0.041026661227793484 
0.041026457809917656 
0.041026254410495219 
0.04102605102952625 
0.04102584766701086 
0.041025644322949126 
0.041025440997341185 
0.041025237690187087 
0.041025034401486915 
0.041024831131240773 
0.041024627879448744 
0.041024424646110974 
0.041024221431227498 
0.041024018234798405 
0.041023815056823794 
0.041023611897303795 
0.041023408756238465 
0.041023205633627879 
0.04102300252947215 
0.041022799443771352 
0.041022596376525618 
0.04102239332773501 
0.041022190297399605 
0.0410219872855195 
0.041021784292094778 
0.041021581317125591 
0.041021378360611982 
0.041021175422554026 
0.041020972502951836 
0.041020769601805479 
0.041020566719115109 
0.041020363854880774 
0.041020161009102551 
0.041019958181780537 
0.041019755372914829 
0.041019552582505558 
0.041019349810552767 
0.04101914705705656 
0.041018944322017012 
0.041018741605434263 
0.041018538907308361 
0.041018336227639403 
0.041018133566427473 
0.041017930923672667 
0.041017728299375118 
0.041017525693534874 
0.041017323106152026 
0.041017120537226656 
0.041016917986758862 
0.041016715454748796 
0.041016512941196473 
0.04101631044610201 
0.041016107969465483 
0.04101590551128699 
0.041015703071566663 
0.04101550065030455 
0.041015298247500748 
0.04101509586315534 
0.041014893497268466 
0.041014691149840167 
0.041014488820870547 
0.041014286510359682 
0.041014084218307663 
0.041013881944714642 
0.041013679689580654 
0.041013477452905789 
0.041013275234690144 
0.041013073034933803 
0.041012870853636911 
0.041012668690799503 
0.041012466546421676 
0.041012264420503521 
0.041012062313045133 
0.041011860224046646 
0.041011658153508102 
0.041011456101429589 
0.041011254067811212 
0.041011052052653048 
0.041010850055955242 
0.041010648077717843 
0.041010446117940927 
0.041010244176624598 
0.041010042253768988 
0.04100984034937414 
0.041009638463440155 
0.041009436595967112 
0.041009234746955107 
0.04100903291640428 
0.041008831104314671 
0.041008629310686377 
0.04100842753551949 
0.041008225778814092 
0.041008024040570329 
0.041007822320788236 
0.041007620619467916 
0.041007418936609447 
0.041007217272212938 
0.041007015626278509 
0.041006813998806207 
0.041006612389796138 
0.041006410799248383 
0.041006209227163026 
0.041006007673540214 
0.041005806138379994 
0.041005604621682443 
0.041005403123447672 
0.041005201643675798 
0.041005000182366878 
0.041004798739521002 
0.041004597315138266 
0.041004395909218755 
0.041004194521762599 
0.041003993152769848 
0.041003791802240605 
0.041003590470174947 
0.041003389156572964 
0.041003187861434809 
0.041002986584760516 
0.041002785326550169 
0.041002584086803871 
0.041002382865521714 
0.041002181662703828 
0.041001980478350249 
0.041001779312461094 
0.04100157816503644 
0.041001377036076411 
0.041001175925581078 
0.041000974833550509 
0.041000773759984815 
0.041000572704884067 
0.041000371668248416 
0.041000170650077904 
0.040999969650372628 
0.040999768669132665 
0.040999567706358112 
0.040999366762049114 
0.040999165836205706 
0.040998964928827986 
0.040998764039916043 
0.040998563169469961 
0.040998362317489892 
0.040998161483975865 
0.040997960668927982 
0.040997759872346336 
0.040997559094231008 
0.040997358334582137 
0.040997157593399773 
0.040996956870684012 
0.040996756166434931 
0.040996555480652674 
0.040996354813337292 
0.040996154164488867 
0.040995953534107496 
0.04099575292219327 
0.040995552328746312 
0.040995351753766694 
0.040995151197254477 
0.040994950659209786 
0.040994750139632677 
0.040994549638523316 
0.040994349155881731 
0.040994148691708018 
0.040993948246002263 
0.040993747818764574 
0.040993547409995064 
0.040993347019693795 
0.040993146647860856 
0.040992946294496339 
0.040992745959600362 
0.040992545643172999 
0.040992345345214329 
0.04099214506572444 
0.040991944804703417 
0.040991744562151412 
0.040991544338068467 
0.040991344132454664 
0.040991143945310102 
0.040990943776634869 
0.040990743626429106 
0.040990543494692853 
0.040990343381426202 
0.040990143286629248 
0.040989943210302075 
0.040989743152444823 
0.040989543113057546 
0.040989343092140321 
0.040989143089693252 
0.040988943105716429 
0.04098874314020997 
0.040988543193173937 
0.040988343264608422 
0.040988143354513513 
0.040987943462889351 
0.040987743589735968 
0.040987543735053471 
0.040987343898841941 
0.040987144081101469 
0.040986944281832194 
0.040986744501034171 
0.040986544738707477 
0.040986344994852209 
0.040986145269468463 
0.040985945562556358 
0.040985745874115964 
0.040985546204147356 
0.040985346552650632 
0.040985146919625876 
0.040984947305073231 
0.040984747708992741 
0.040984548131384503 
0.040984348572248586 
0.040984149031585156 
0.040983949509394241 
0.040983750005675931 
0.040983550520430338 
0.040983351053657524 
0.040983151605357641 
0.040982952175530739 
0.040982752764176893 
0.040982553371296214 
0.040982353996888779 
0.040982154640954734 
0.040981955303494105 
0.040981755984507005 
0.040981556683993524 
0.040981357401953744 
0.040981158138387805 
0.040980958893295748 
0.04098075966667767 
0.040980560458533662 
0.040980361268863813 
0.040980162097668263 
0.040979962944947046 
0.040979763810700266 
0.040979564694928014 
0.040979365597630421 
0.040979166518807529 
0.040978967458459442 
0.040978768416586236 
0.040978569393188016 
0.040978370388264906 
0.040978171401816962 
0.040977972433844274 
0.040977773484346926 
0.04097757455332502 
0.040977375640778677 
0.04097717674670795 
0.040976977871112936 
0.040976779013993721 
0.040976580175350406 
0.040976381355183104 
0.040976182553491884 
0.040975983770276829 
0.040975785005538029 
0.040975586259275616 
0.040975387531489639 
0.040975188822180195 
0.040974990131347373 
0.040974791458991258 
0.040974592805111995 
0.040974394169709619 
0.04097419555278424 
0.040973996954335928 
0.040973798374364781 
0.040973599812870944 
0.040973401269854451 
0.040973202745315393 
0.040973004239253874 
0.040972805751669984 
0.040972607282563842 
0.040972408831935508 
0.040972210399785068 
0.040972011986112618 
0.040971813590918248 
0.040971615214202083 
0.040971416855964192 
0.040971218516204638 
0.040971020194923539 
0.040970821892121013 
0.040970623607797116 
0.04097042534195193 
0.040970227094585553 
0.040970028865698081 
0.040969830655289634 
0.040969632463360273 
0.040969434289910088 
0.040969236134939156 
0.040969037998447588 
0.040968839880435502 
0.040968641780902953 
0.040968443699850032 
0.040968245637276836 
0.040968047593183447 
0.040967849567569999 
0.040967651560436552 
0.040967453571783177 
0.040967255601609985 
0.040967057649917059 
0.04096685971670453 
0.040966661801972448 
0.04096646390572091 
0.040966266027949998 
0.040966068168659858 
0.040965870327850519 
0.040965672505522091 
0.040965474701674658 
0.040965276916308309 
0.040965079149423184 
