0.66475594658029402 
0.03264714560865023 
0.03264714560865023 
0.017948923726650023 
0.0047906677700392253 
0.0047906677700392253 
0.0047906677700392253 
0.0047906677700392253 
0.0047906677700392253 
0.0047906677700392253 
0.0018063342600679322 
0.0018063342600679322 
0.0018063342600679322 
0.0018063342600679322 
0.001346245254050249 
0.001346245254050249 
0.001346245254050249 
0.001346245254050249 
0.001346245254050249 
0.001346245254050249 
0.001346245254050249 
0.0012814511289089836 
0.0011478536465133748 
0.0011478536465133748 
0.00080128954637559424 
0.00080128954637559424 
0.00080128954637559424 
0.00080128954637559424 
0.00076688624204479527 
0.00076688624204479527 
0.00076688624204479527 
0.00076688624204479527 
0.00076688624204479527 
0.00038774485246273471 
0.00038774485246273471 
0.00030898589500716334 
0.00022695708617970212 
0.00022695708617970212 
0.00022695708617970212 
0.00022695708617970212 
0.00022695708617970212 
6.7561434312524149e-05 
6.7561434312524149e-05 
6.7561434312524149e-05 
6.7561434312524149e-05 
6.7561434312524149e-05 
6.7561434312524149e-05 
6.7561434312524149e-05 
6.7561434312524149e-05 
6.7561434312524149e-05 
6.7561434312524149e-05 
6.7561434312524149e-05 
6.7561434312524149e-05 
6.7561434312524149e-05 
5.153049652029118e-05 
5.153049652029118e-05 
5.153049652029118e-05 
5.153049652029118e-05 
5.153049652029118e-05 
5.153049652029118e-05 
4.8180434698563701e-05 
1.5285937229325697e-05 
1.5285937229325697e-05 
1.5285937229325697e-05 
1.5285937229325697e-05 
1.5285937229325697e-05 
2.2072899900082987e-06 
2.2072899900082987e-06 
2.2072899900082987e-06 
2.2072899900082987e-06 
2.2072899900082987e-06 
2.2072899900082987e-06 
2.2072899900082987e-06 
2.2072899900082987e-06 
2.2072899900082987e-06 
2.2072899900082987e-06 
2.2072899900082987e-06 
2.2072899900082987e-06 
2.2072899900082987e-06 
2.2072899900082987e-06 
2.2072899900082987e-06 
2.2072899900082987e-06 
2.2072899900082987e-06 
2.2072899900082987e-06 
2.2072899900082987e-06 
2.2072899900082987e-06 
2.2072899900082987e-06 
2.2072899900082987e-06 
2.2072899900082987e-06 
2.2072899900082987e-06 
2.2072899900082987e-06 
2.2072899900082987e-06 
2.2072899900082987e-06 
2.2072899900082987e-06 
2.2072899900082987e-06 
2.2072899900082987e-06 
2.2072899900082987e-06 
2.2072899900082987e-06 
2.2072899900082987e-06 
2.2072899900082987e-06 
2.2072899900082987e-06 
2.2072899900082987e-06 
2.2072899900082987e-06 
2.2072899900082987e-06 
2.2072899900082987e-06 
2.2072899900082987e-06 
2.2072899900082987e-06 
2.2072899900082987e-06 
2.2072899900082987e-06 
2.2072899900082987e-06 
1.2048777343620642e-06 
1.2048777343620642e-06 
1.2048777343620642e-06 
1.2048777343620642e-06 
1.2048777343620642e-06 
1.2048777343620642e-06 
1.1559563264373907e-06 
1.1559563264373907e-06 
6.1741501611312088e-07 
6.1741501611312088e-07 
6.1741501611312088e-07 
6.1741501611312088e-07 
6.1741501611312088e-07 
6.1741501611312088e-07 
6.1741501611312088e-07 
6.1741501611312088e-07 
6.1741501611312088e-07 
6.1741501611312088e-07 
6.1741501611312088e-07 
6.1741501611312088e-07 
6.1741501611312088e-07 
6.1741501611312088e-07 
2.3056402898014028e-07 
2.3056402898014028e-07 
2.3056402898014028e-07 
2.3056402898014028e-07 
2.3056402898014028e-07 
2.3056402898014028e-07 
2.3056402898014028e-07 
2.3056402898014028e-07 
1.8369323884215305e-07 
1.8369323884215305e-07 
1.8369323884215305e-07 
3.0263158645738031e-08 
3.0263158645738031e-08 
3.0263158645738031e-08 
3.0263158645738031e-08 
1.1847827718902693e-08 
1.1847827718902693e-08 
1.1847827718902693e-08 
1.1847827718902693e-08 
1.1847827718902693e-08 
1.0882912793164223e-08 
1.0882912793164223e-08 
1.0882912793164223e-08 
1.0882912793164223e-08 
1.0882912793164223e-08 
1.0882912793164223e-08 
7.4748288669823637e-09 
7.4748288669823637e-09 
7.4748288669823637e-09 
1.97801441892409e-10 
1.97801441892409e-10 
1.97801441892409e-10 
1.97801441892409e-10 
1.97801441892409e-10 
1.97801441892409e-10 
1.97801441892409e-10 
1.97801441892409e-10 
1.97801441892409e-10 
1.97801441892409e-10 
1.97801441892409e-10 
1.97801441892409e-10 
1.97801441892409e-10 
1.97801441892409e-10 
1.97801441892409e-10 
1.97801441892409e-10 
1.97801441892409e-10 
1.97801441892409e-10 
1.97801441892409e-10 
1.97801441892409e-10 
1.97801441892409e-10 
1.97801441892409e-10 
1.97801441892409e-10 
1.97801441892409e-10 
1.97801441892409e-10 
1.97801441892409e-10 
1.97801441892409e-10 
1.97801441892409e-10 
1.97801441892409e-10 
1.97801441892409e-10 
1.97801441892409e-10 
1.97801441892409e-10 
1.97801441892409e-10 
1.97801441892409e-10 
1.97801441892409e-10 
1.97801441892409e-10 
1.97801441892409e-10 
1.97801441892409e-10 
1.97801441892409e-10 
1.2401180082832752e-10 
1.2401180082832752e-10 
1.2401180082832752e-10 
1.2401180082832752e-10 
1.2401180082832752e-10 
1.2401180082832752e-10 
1.2401180082832752e-10 
5.7444826673247462e-11 
5.7444826673247462e-11 
5.7444826673247462e-11 
5.7444826673247462e-11 
5.7444826673247462e-11 
5.7444826673247462e-11 
5.7444826673247462e-11 
5.558720150844465e-11 
5.558720150844465e-11 
5.558720150844465e-11 
5.558720150844465e-11 
5.558720150844465e-11 
5.558720150844465e-11 
5.558720150844465e-11 
5.558720150844465e-11 
5.558720150844465e-11 
5.558720150844465e-11 
5.558720150844465e-11 
4.787281682183675e-11 
4.787281682183675e-11 
1.5739409775505919e-11 
8.8847817991677402e-12 
8.8847817991677402e-12 
8.8847817991677402e-12 
8.8847817991677402e-12 
8.8847817991677402e-12 
8.8847817991677402e-12 
7.4729111787519287e-12 
7.4729111787519287e-12 
7.4729111787519287e-12 
2.8623770020885786e-12 
2.8623770020885786e-12 
2.8623770020885786e-12 
2.8623770020885786e-12 
2.8623770020885786e-12 
2.8623770020885786e-12 
2.8623770020885786e-12 
5.5988547131846644e-13 
6.5170091545496689e-14 
6.5170091545496689e-14 
6.5170091545496689e-14 
6.5170091545496689e-14 
6.5170091545496689e-14 
6.5170091545496689e-14 
6.5170091545496689e-14 
6.5170091545496689e-14 
6.5170091545496689e-14 
6.5170091545496689e-14 
6.5170091545496689e-14 
6.5170091545496689e-14 
6.5170091545496689e-14 
6.5170091545496689e-14 
6.5170091545496689e-14 
6.5170091545496689e-14 
6.5170091545496689e-14 
6.5170091545496689e-14 
6.5170091545496689e-14 
6.5170091545496689e-14 
6.5170091545496689e-14 
6.5170091545496689e-14 
6.5170091545496689e-14 
6.5170091545496689e-14 
6.5170091545496689e-14 
6.5170091545496689e-14 
6.5170091545496689e-14 
6.5170091545496689e-14 
6.5170091545496689e-14 
6.5170091545496689e-14 
6.5170091545496689e-14 
6.5170091545496689e-14 
6.5170091545496689e-14 
6.5170091545496689e-14 
6.5170091545496689e-14 
6.5170091545496689e-14 
6.5170091545496689e-14 
6.5170091545496689e-14 
6.5170091545496689e-14 
6.5170091545496689e-14 
6.5170091545496689e-14 
6.5170091545496689e-14 
6.5170091545496689e-14 
6.5170091545496689e-14 
6.5170091545496689e-14 
6.5170091545496689e-14 
6.5170091545496689e-14 
6.5170091545496689e-14 
6.5170091545496689e-14 
6.5170091545496689e-14 
6.5170091545496689e-14 
6.5170091545496689e-14 
6.5170091545496689e-14 
6.5170091545496689e-14 
6.5170091545496689e-14 
6.5170091545496689e-14 
6.5170091545496689e-14 
6.5170091545496689e-14 
6.5170091545496689e-14 
6.5170091545496689e-14 
6.5170091545496689e-14 
6.5170091545496689e-14 
6.5170091545496689e-14 
6.5170091545496689e-14 
6.5170091545496689e-14 
6.5170091545496689e-14 
6.5170091545496689e-14 
6.5170091545496689e-14 
6.5170091545496689e-14 
6.5170091545496689e-14 
6.5170091545496689e-14 
6.5170091545496689e-14 
6.5170091545496689e-14 
6.5170091545496689e-14 
6.5170091545496689e-14 
6.5170091545496689e-14 
6.5170091545496689e-14 
6.5170091545496689e-14 
6.5170091545496689e-14 
6.5170091545496689e-14 
6.5170091545496689e-14 
6.5170091545496689e-14 
6.5170091545496689e-14 
6.5170091545496689e-14 
6.5170091545496689e-14 
6.5170091545496689e-14 
6.5170091545496689e-14 
6.5170091545496689e-14 
6.5170091545496689e-14 
6.5170091545496689e-14 
6.5170091545496689e-14 
6.5170091545496689e-14 
6.5170091545496689e-14 
6.5170091545496689e-14 
6.5170091545496689e-14 
6.5170091545496689e-14 
6.5170091545496689e-14 
6.5170091545496689e-14 
6.5170091545496689e-14 
6.5170091545496689e-14 
6.5170091545496689e-14 
6.5170091545496689e-14 
6.5170091545496689e-14 
6.5170091545496689e-14 
6.5170091545496689e-14 
6.5170091545496689e-14 
6.5170091545496689e-14 
6.5170091545496689e-14 
6.5170091545496689e-14 
6.5170091545496689e-14 
6.5170091545496689e-14 
6.5170091545496689e-14 
6.5170091545496689e-14 
6.5170091545496689e-14 
6.5170091545496689e-14 
6.5170091545496689e-14 
6.5170091545496689e-14 
6.5170091545496689e-14 
6.5170091545496689e-14 
6.5170091545496689e-14 
6.5170091545496689e-14 
6.5170091545496689e-14 
6.5170091545496689e-14 
6.5170091545496689e-14 
6.5170091545496689e-14 
6.5170091545496689e-14 
6.5170091545496689e-14 
6.5170091545496689e-14 
6.5170091545496689e-14 
6.5170091545496689e-14 
6.5170091545496689e-14 
6.5170091545496689e-14 
6.5170091545496689e-14 
6.5170091545496689e-14 
6.5170091545496689e-14 
6.5170091545496689e-14 
6.5170091545496689e-14 
6.5170091545496689e-14 
6.5170091545496689e-14 
6.5170091545496689e-14 
6.5170091545496689e-14 
6.5170091545496689e-14 
6.5170091545496689e-14 
6.5170091545496689e-14 
6.5170091545496689e-14 
6.5170091545496689e-14 
6.5170091545496689e-14 
6.5170091545496689e-14 
6.5170091545496689e-14 
6.5170091545496689e-14 
6.5170091545496689e-14 
6.5170091545496689e-14 
6.5170091545496689e-14 
6.5170091545496689e-14 
6.5170091545496689e-14 
6.5170091545496689e-14 
6.5170091545496689e-14 
6.5170091545496689e-14 
6.5170091545496689e-14 
6.5170091545496689e-14 
6.5170091545496689e-14 
6.5170091545496689e-14 
6.5170091545496689e-14 
6.5170091545496689e-14 
6.5170091545496689e-14 
6.5170091545496689e-14 
6.5170091545496689e-14 
6.5170091545496689e-14 
6.5170091545496689e-14 
6.5170091545496689e-14 
6.5170091545496689e-14 
6.5170091545496689e-14 
6.5170091545496689e-14 
6.5170091545496689e-14 
6.5170091545496689e-14 
6.5170091545496689e-14 
6.5170091545496689e-14 
6.5170091545496689e-14 
6.5170091545496689e-14 
6.5170091545496689e-14 
6.5170091545496689e-14 
6.5170091545496689e-14 
6.5170091545496689e-14 
6.5170091545496689e-14 
6.5170091545496689e-14 
6.5170091545496689e-14 
6.5170091545496689e-14 
6.5170091545496689e-14 
6.5170091545496689e-14 
6.5170091545496689e-14 
6.5170091545496689e-14 
6.5170091545496689e-14 
6.5170091545496689e-14 
6.5170091545496689e-14 
6.5170091545496689e-14 
6.5170091545496689e-14 
6.5170091545496689e-14 
6.5170091545496689e-14 
6.5170091545496689e-14 
6.5170091545496689e-14 
6.5170091545496689e-14 
6.5170091545496689e-14 
6.5170091545496689e-14 
6.5170091545496689e-14 
6.5170091545496689e-14 
6.5170091545496689e-14 
6.5170091545496689e-14 
6.5170091545496689e-14 
6.5170091545496689e-14 
6.5170091545496689e-14 
6.5170091545496689e-14 
6.5170091545496689e-14 
6.5170091545496689e-14 
6.5170091545496689e-14 
6.5170091545496689e-14 
6.5170091545496689e-14 
6.5170091545496689e-14 
6.5170091545496689e-14 
6.5170091545496689e-14 
6.5170091545496689e-14 
6.5170091545496689e-14 
6.5170091545496689e-14 
6.5170091545496689e-14 
6.5170091545496689e-14 
6.5170091545496689e-14 
6.5170091545496689e-14 
6.5170091545496689e-14 
6.5170091545496689e-14 
6.5170091545496689e-14 
6.5170091545496689e-14 
6.5170091545496689e-14 
6.5170091545496689e-14 
6.5170091545496689e-14 
6.5170091545496689e-14 
6.5170091545496689e-14 
6.5170091545496689e-14 
6.5170091545496689e-14 
6.5170091545496689e-14 
6.5170091545496689e-14 
6.5170091545496689e-14 
6.5170091545496689e-14 
6.5170091545496689e-14 
6.5170091545496689e-14 
6.5170091545496689e-14 
6.5170091545496689e-14 
6.5170091545496689e-14 
6.5170091545496689e-14 
6.5170091545496689e-14 
6.5170091545496689e-14 
6.5170091545496689e-14 
6.5170091545496689e-14 
6.5170091545496689e-14 
6.5170091545496689e-14 
6.5170091545496689e-14 
6.5170091545496689e-14 
6.5170091545496689e-14 
6.5170091545496689e-14 
6.5170091545496689e-14 
6.5170091545496689e-14 
6.5170091545496689e-14 
6.5170091545496689e-14 
6.5170091545496689e-14 
6.5170091545496689e-14 
6.5170091545496689e-14 
6.5170091545496689e-14 
6.5170091545496689e-14 
6.5170091545496689e-14 
6.5170091545496689e-14 
6.5170091545496689e-14 
6.5170091545496689e-14 
6.5170091545496689e-14 
6.5170091545496689e-14 
6.5170091545496689e-14 
6.5170091545496689e-14 
6.5170091545496689e-14 
6.5170091545496689e-14 
6.5170091545496689e-14 
6.5170091545496689e-14 
6.5170091545496689e-14 
6.5170091545496689e-14 
6.5170091545496689e-14 
6.5170091545496689e-14 
6.5170091545496689e-14 
6.5170091545496689e-14 
6.5170091545496689e-14 
6.5170091545496689e-14 
6.5170091545496689e-14 
6.5170091545496689e-14 
6.5170091545496689e-14 
6.5170091545496689e-14 
6.5170091545496689e-14 
6.5170091545496689e-14 
6.5170091545496689e-14 
6.5170091545496689e-14 
6.5170091545496689e-14 
6.5170091545496689e-14 
6.5170091545496689e-14 
6.5170091545496689e-14 
6.5170091545496689e-14 
6.5170091545496689e-14 
6.5170091545496689e-14 
6.5170091545496689e-14 
6.5170091545496689e-14 
6.5170091545496689e-14 
6.5170091545496689e-14 
6.5170091545496689e-14 
6.5170091545496689e-14 
6.5170091545496689e-14 
6.5170091545496689e-14 
6.5170091545496689e-14 
6.5170091545496689e-14 
6.5170091545496689e-14 
6.5170091545496689e-14 
6.5170091545496689e-14 
6.5170091545496689e-14 
6.5170091545496689e-14 
6.5170091545496689e-14 
6.5170091545496689e-14 
6.5170091545496689e-14 
6.5170091545496689e-14 
6.5170091545496689e-14 
6.5170091545496689e-14 
6.5170091545496689e-14 
6.5170091545496689e-14 
6.5170091545496689e-14 
6.5170091545496689e-14 
6.5170091545496689e-14 
6.5170091545496689e-14 
6.5170091545496689e-14 
6.5170091545496689e-14 
6.5170091545496689e-14 
6.5170091545496689e-14 
6.5170091545496689e-14 
6.5170091545496689e-14 
6.5170091545496689e-14 
6.5170091545496689e-14 
6.5170091545496689e-14 
6.5170091545496689e-14 
6.5170091545496689e-14 
6.5170091545496689e-14 
6.5170091545496689e-14 
6.5170091545496689e-14 
6.5170091545496689e-14 
6.5170091545496689e-14 
6.5170091545496689e-14 
6.5170091545496689e-14 
6.5170091545496689e-14 
6.5170091545496689e-14 
6.5170091545496689e-14 
6.5170091545496689e-14 
6.5170091545496689e-14 
6.5170091545496689e-14 
6.5170091545496689e-14 
6.5170091545496689e-14 
6.5170091545496689e-14 
6.5170091545496689e-14 
6.5170091545496689e-14 
6.5170091545496689e-14 
6.5170091545496689e-14 
6.5170091545496689e-14 
6.5170091545496689e-14 
6.5170091545496689e-14 
6.5170091545496689e-14 
6.5170091545496689e-14 
6.5170091545496689e-14 
6.5170091545496689e-14 
6.5170091545496689e-14 
6.5170091545496689e-14 
6.5170091545496689e-14 
6.5170091545496689e-14 
6.5170091545496689e-14 
6.5170091545496689e-14 
6.5170091545496689e-14 
6.5170091545496689e-14 
6.5170091545496689e-14 
6.5170091545496689e-14 
6.5170091545496689e-14 
6.5170091545496689e-14 
6.5170091545496689e-14 
6.5170091545496689e-14 
6.5170091545496689e-14 
6.5170091545496689e-14 
6.5170091545496689e-14 
6.5170091545496689e-14 
6.5170091545496689e-14 
6.5170091545496689e-14 
6.5170091545496689e-14 
6.5170091545496689e-14 
6.5170091545496689e-14 
6.5170091545496689e-14 
6.5170091545496689e-14 
6.5170091545496689e-14 
6.5170091545496689e-14 
6.5170091545496689e-14 
6.5170091545496689e-14 
6.5170091545496689e-14 
6.5170091545496689e-14 
6.5170091545496689e-14 
6.5170091545496689e-14 
6.5170091545496689e-14 
6.5170091545496689e-14 
6.5170091545496689e-14 
6.5170091545496689e-14 
6.5170091545496689e-14 
6.5170091545496689e-14 
6.5170091545496689e-14 
6.5170091545496689e-14 
6.5170091545496689e-14 
6.5170091545496689e-14 
6.5170091545496689e-14 
6.5170091545496689e-14 
6.5170091545496689e-14 
6.5170091545496689e-14 
6.5170091545496689e-14 
6.5170091545496689e-14 
6.5170091545496689e-14 
6.5170091545496689e-14 
6.5170091545496689e-14 
6.5170091545496689e-14 
6.5170091545496689e-14 
6.5170091545496689e-14 
6.5170091545496689e-14 
6.5170091545496689e-14 
6.5170091545496689e-14 
6.5170091545496689e-14 
6.5170091545496689e-14 
6.5170091545496689e-14 
6.5170091545496689e-14 
6.5170091545496689e-14 
6.5170091545496689e-14 
6.5170091545496689e-14 
6.5170091545496689e-14 
6.5170091545496689e-14 
6.5170091545496689e-14 
6.5170091545496689e-14 
6.5170091545496689e-14 
6.5170091545496689e-14 
6.5170091545496689e-14 
6.5170091545496689e-14 
6.5170091545496689e-14 
6.5170091545496689e-14 
6.5170091545496689e-14 
6.5170091545496689e-14 
6.5170091545496689e-14 
6.5170091545496689e-14 
6.5170091545496689e-14 
6.5170091545496689e-14 
6.5170091545496689e-14 
6.5170091545496689e-14 
6.5170091545496689e-14 
6.5170091545496689e-14 
6.5170091545496689e-14 
6.5170091545496689e-14 
6.5170091545496689e-14 
6.5170091545496689e-14 
6.5170091545496689e-14 
6.5170091545496689e-14 
6.5170091545496689e-14 
6.5170091545496689e-14 
6.5170091545496689e-14 
6.5170091545496689e-14 
6.5170091545496689e-14 
6.5170091545496689e-14 
6.5170091545496689e-14 
6.5170091545496689e-14 
6.5170091545496689e-14 
6.5170091545496689e-14 
6.5170091545496689e-14 
6.5170091545496689e-14 
6.5170091545496689e-14 
6.5170091545496689e-14 
6.5170091545496689e-14 
6.5170091545496689e-14 
6.5170091545496689e-14 
6.5170091545496689e-14 
6.5170091545496689e-14 
6.5170091545496689e-14 
6.5170091545496689e-14 
6.5170091545496689e-14 
6.5170091545496689e-14 
6.5170091545496689e-14 
6.5170091545496689e-14 
6.5170091545496689e-14 
6.5170091545496689e-14 
6.5170091545496689e-14 
6.5170091545496689e-14 
6.5170091545496689e-14 
6.5170091545496689e-14 
6.5170091545496689e-14 
6.5170091545496689e-14 
6.5170091545496689e-14 
6.5170091545496689e-14 
6.5170091545496689e-14 
6.5170091545496689e-14 
6.5170091545496689e-14 
6.5170091545496689e-14 
6.5170091545496689e-14 
6.5170091545496689e-14 
6.5170091545496689e-14 
6.5170091545496689e-14 
6.5170091545496689e-14 
6.5170091545496689e-14 
6.5170091545496689e-14 
6.5170091545496689e-14 
6.5170091545496689e-14 
6.5170091545496689e-14 
6.5170091545496689e-14 
6.5170091545496689e-14 
6.5170091545496689e-14 
6.5170091545496689e-14 
6.5170091545496689e-14 
6.5170091545496689e-14 
6.5170091545496689e-14 
6.5170091545496689e-14 
6.5170091545496689e-14 
6.5170091545496689e-14 
6.5170091545496689e-14 
6.5170091545496689e-14 
6.5170091545496689e-14 
6.5170091545496689e-14 
6.5170091545496689e-14 
6.5170091545496689e-14 
6.5170091545496689e-14 
6.5170091545496689e-14 
6.5170091545496689e-14 
6.5170091545496689e-14 
6.5170091545496689e-14 
6.5170091545496689e-14 
6.5170091545496689e-14 
6.5170091545496689e-14 
6.5170091545496689e-14 
6.5170091545496689e-14 
6.5170091545496689e-14 
6.5170091545496689e-14 
6.5170091545496689e-14 
6.5170091545496689e-14 
6.5170091545496689e-14 
6.5170091545496689e-14 
6.5170091545496689e-14 
6.5170091545496689e-14 
6.5170091545496689e-14 
6.5170091545496689e-14 
6.5170091545496689e-14 
6.5170091545496689e-14 
6.5170091545496689e-14 
6.5170091545496689e-14 
6.5170091545496689e-14 
6.5170091545496689e-14 
6.5170091545496689e-14 
6.5170091545496689e-14 
6.5170091545496689e-14 
6.5170091545496689e-14 
6.5170091545496689e-14 
6.5170091545496689e-14 
6.5170091545496689e-14 
6.5170091545496689e-14 
6.5170091545496689e-14 
6.5170091545496689e-14 
6.5170091545496689e-14 
6.5170091545496689e-14 
6.5170091545496689e-14 
6.5170091545496689e-14 
6.5170091545496689e-14 
6.5170091545496689e-14 
6.5170091545496689e-14 
6.5170091545496689e-14 
6.5170091545496689e-14 
6.5170091545496689e-14 
6.5170091545496689e-14 
6.5170091545496689e-14 
6.5170091545496689e-14 
6.5170091545496689e-14 
6.5170091545496689e-14 
6.5170091545496689e-14 
6.5170091545496689e-14 
6.5170091545496689e-14 
6.5170091545496689e-14 
6.5170091545496689e-14 
6.5170091545496689e-14 
6.5170091545496689e-14 
6.5170091545496689e-14 
6.5170091545496689e-14 
6.5170091545496689e-14 
6.5170091545496689e-14 
6.5170091545496689e-14 
6.5170091545496689e-14 
6.5170091545496689e-14 
6.5170091545496689e-14 
6.5170091545496689e-14 
6.5170091545496689e-14 
6.5170091545496689e-14 
6.5170091545496689e-14 
6.5170091545496689e-14 
6.5170091545496689e-14 
6.5170091545496689e-14 
6.5170091545496689e-14 
6.5170091545496689e-14 
6.5170091545496689e-14 
6.5170091545496689e-14 
6.5170091545496689e-14 
6.5170091545496689e-14 
6.5170091545496689e-14 
6.5170091545496689e-14 
6.5170091545496689e-14 
6.5170091545496689e-14 
6.5170091545496689e-14 
6.5170091545496689e-14 
6.5170091545496689e-14 
6.5170091545496689e-14 
6.5170091545496689e-14 
6.5170091545496689e-14 
6.5170091545496689e-14 
6.5170091545496689e-14 
6.5170091545496689e-14 
6.5170091545496689e-14 
6.5170091545496689e-14 
6.5170091545496689e-14 
6.5170091545496689e-14 
6.5170091545496689e-14 
6.5170091545496689e-14 
6.5170091545496689e-14 
6.5170091545496689e-14 
6.5170091545496689e-14 
6.5170091545496689e-14 
6.5170091545496689e-14 
6.5170091545496689e-14 
6.5170091545496689e-14 
6.5170091545496689e-14 
6.5170091545496689e-14 
6.5170091545496689e-14 
6.5170091545496689e-14 
6.5170091545496689e-14 
6.5170091545496689e-14 
6.5170091545496689e-14 
6.5170091545496689e-14 
6.5170091545496689e-14 
6.5170091545496689e-14 
6.5170091545496689e-14 
6.5170091545496689e-14 
6.5170091545496689e-14 
6.5170091545496689e-14 
6.5170091545496689e-14 
6.5170091545496689e-14 
6.5170091545496689e-14 
6.5170091545496689e-14 
6.5170091545496689e-14 
6.5170091545496689e-14 
6.5170091545496689e-14 
6.5170091545496689e-14 
6.5170091545496689e-14 
6.5170091545496689e-14 
6.5170091545496689e-14 
6.5170091545496689e-14 
6.5170091545496689e-14 
6.5170091545496689e-14 
6.5170091545496689e-14 
6.5170091545496689e-14 
6.5170091545496689e-14 
6.5170091545496689e-14 
6.5170091545496689e-14 
6.5170091545496689e-14 
6.5170091545496689e-14 
6.5170091545496689e-14 
6.5170091545496689e-14 
6.5170091545496689e-14 
6.5170091545496689e-14 
6.5170091545496689e-14 
6.5170091545496689e-14 
6.5170091545496689e-14 
6.5170091545496689e-14 
6.5170091545496689e-14 
6.5170091545496689e-14 
6.5170091545496689e-14 
6.5170091545496689e-14 
6.5170091545496689e-14 
6.5170091545496689e-14 
6.5170091545496689e-14 
6.5170091545496689e-14 
6.5170091545496689e-14 
6.5170091545496689e-14 
6.5170091545496689e-14 
6.5170091545496689e-14 
6.5170091545496689e-14 
6.5170091545496689e-14 
6.5170091545496689e-14 
6.5170091545496689e-14 
6.5170091545496689e-14 
6.5170091545496689e-14 
6.5170091545496689e-14 
6.5170091545496689e-14 
6.5170091545496689e-14 
6.5170091545496689e-14 
6.5170091545496689e-14 
6.5170091545496689e-14 
6.5170091545496689e-14 
6.5170091545496689e-14 
6.5170091545496689e-14 
6.5170091545496689e-14 
6.5170091545496689e-14 
6.5170091545496689e-14 
6.5170091545496689e-14 
6.5170091545496689e-14 
6.5170091545496689e-14 
6.5170091545496689e-14 
6.5170091545496689e-14 
6.5170091545496689e-14 
6.5170091545496689e-14 
6.5170091545496689e-14 
6.5170091545496689e-14 
6.5170091545496689e-14 
6.5170091545496689e-14 
6.5170091545496689e-14 
6.5170091545496689e-14 
6.5170091545496689e-14 
6.5170091545496689e-14 
6.5170091545496689e-14 
6.5170091545496689e-14 
6.5170091545496689e-14 
6.5170091545496689e-14 
6.5170091545496689e-14 
6.5170091545496689e-14 
6.5170091545496689e-14 
6.5170091545496689e-14 
6.5170091545496689e-14 
6.5170091545496689e-14 
6.5170091545496689e-14 
6.5170091545496689e-14 
6.5170091545496689e-14 
6.5170091545496689e-14 
6.5170091545496689e-14 
6.5170091545496689e-14 
6.5170091545496689e-14 
6.5170091545496689e-14 
6.5170091545496689e-14 
6.5170091545496689e-14 
6.5170091545496689e-14 
6.5170091545496689e-14 
6.5170091545496689e-14 
6.5170091545496689e-14 
6.5170091545496689e-14 
6.5170091545496689e-14 
6.5170091545496689e-14 
6.5170091545496689e-14 
6.5170091545496689e-14 
6.5170091545496689e-14 
6.5170091545496689e-14 
6.5170091545496689e-14 
6.5170091545496689e-14 
6.5170091545496689e-14 
6.5170091545496689e-14 
6.5170091545496689e-14 
6.5170091545496689e-14 
6.5170091545496689e-14 
6.5170091545496689e-14 
6.5170091545496689e-14 
