0.19202573198792561 
0.1438120384863929 
0.11243195530195194 
0.092931754902276231 
0.061781735651109337 
0.043728361783716307 
0.030550263334688355 
0.02337506273679768 
0.01783960687264341 
0.0089990044579049133 
0.0058192944668565838 
0.0045103080838242438 
0.002273101155221724 
0.0016255343074107476 
0.001144014393264281 
0.00054439732202660185 
0.00048705643652469099 
0.00028880108799733684 
0.00012285784959420454 
0.00012162785643654583 
5.6966262394819722e-05 
4.9321090552889579e-05 
2.8552178297780451e-05 
1.4526948431736741e-05 
1.323467231229003e-05 
6.2277243495501011e-06 
4.4707977019387002e-06 
3.4706026944553159e-06 
1.4326280721732587e-06 
1.3661476743198619e-06 
6.9899276544660438e-07 
4.3728608667414903e-07 
3.1305875392018123e-07 
1.8975952953415032e-07 
1.3416673527721912e-07 
7.4985333387012076e-08 
4.606002013129995e-08 
3.5212151305863415e-08 
1.9357501712669034e-08 
1.2230807922009035e-08 
9.7077400562639582e-09 
3.7065408520220444e-09 
3.291895978030368e-09 
2.2283316303273182e-09 
1.479365185907966e-09 
7.1383221555976206e-10 
4.200397807352374e-10 
3.0019742247588965e-10 
2.0522217258900355e-10 
1.2183132280796372e-10 
2.5466628805759228e-11 
7.8150819149414019e-12 
7.8150819149414019e-12 
6.0551563763056038e-13 
6.0551563763056038e-13 
1.9850787680297799e-13 
1.9850787680297799e-13 
1.9850787680297799e-13 
1.9850787680297799e-13 
1.9850787680297799e-13 
1.9850787680297799e-13 
1.9850787680297799e-13 
1.9850787680297799e-13 
1.9850787680297799e-13 
1.9850787680297799e-13 
1.9850787680297799e-13 
1.9850787680297799e-13 
1.9850787680297799e-13 
1.9850787680297799e-13 
1.9850787680297799e-13 
1.9850787680297799e-13 
1.9850787680297799e-13 
1.9850787680297799e-13 
1.9850787680297799e-13 
1.9850787680297799e-13 
1.9850787680297799e-13 
1.9850787680297799e-13 
1.9850787680297799e-13 
1.9850787680297799e-13 
1.9850787680297799e-13 
1.9850787680297799e-13 
1.9850787680297799e-13 
1.9850787680297799e-13 
1.9850787680297799e-13 
1.9850787680297799e-13 
1.9850787680297799e-13 
1.9850787680297799e-13 
1.9850787680297799e-13 
1.9850787680297799e-13 
1.9850787680297799e-13 
1.9850787680297799e-13 
1.9850787680297799e-13 
1.9850787680297799e-13 
1.9850787680297799e-13 
1.9850787680297799e-13 
1.9850787680297799e-13 
1.9850787680297799e-13 
1.9850787680297799e-13 
1.9850787680297799e-13 
1.9850787680297799e-13 
1.9850787680297799e-13 
1.9850787680297799e-13 
1.9850787680297799e-13 
1.9850787680297799e-13 
1.9850787680297799e-13 
1.9850787680297799e-13 
1.9850787680297799e-13 
1.9850787680297799e-13 
1.9850787680297799e-13 
1.9850787680297799e-13 
1.9850787680297799e-13 
1.9850787680297799e-13 
1.9850787680297799e-13 
1.9850787680297799e-13 
1.9850787680297799e-13 
1.9850787680297799e-13 
1.9850787680297799e-13 
1.9850787680297799e-13 
1.9850787680297799e-13 
1.9850787680297799e-13 
1.9850787680297799e-13 
1.9850787680297799e-13 
1.9850787680297799e-13 
1.9850787680297799e-13 
1.9850787680297799e-13 
1.9850787680297799e-13 
1.9850787680297799e-13 
1.9850787680297799e-13 
1.9850787680297799e-13 
1.9850787680297799e-13 
1.9850787680297799e-13 
1.9850787680297799e-13 
1.9850787680297799e-13 
1.9850787680297799e-13 
1.9850787680297799e-13 
1.9850787680297799e-13 
1.9850787680297799e-13 
1.9850787680297799e-13 
1.9850787680297799e-13 
1.9850787680297799e-13 
1.9850787680297799e-13 
1.9850787680297799e-13 
1.9850787680297799e-13 
1.9850787680297799e-13 
1.9850787680297799e-13 
1.9850787680297799e-13 
1.9850787680297799e-13 
1.9850787680297799e-13 
1.9850787680297799e-13 
1.9850787680297799e-13 
1.9850787680297799e-13 
1.9850787680297799e-13 
1.9850787680297799e-13 
1.9850787680297799e-13 
1.9850787680297799e-13 
1.9850787680297799e-13 
1.9850787680297799e-13 
1.9850787680297799e-13 
1.9850787680297799e-13 
1.9850787680297799e-13 
1.9850787680297799e-13 
1.9850787680297799e-13 
1.9850787680297799e-13 
1.9850787680297799e-13 
1.9850787680297799e-13 
1.9850787680297799e-13 
1.9850787680297799e-13 
1.9850787680297799e-13 
1.9850787680297799e-13 
1.9850787680297799e-13 
1.9850787680297799e-13 
1.9850787680297799e-13 
1.9850787680297799e-13 
1.9850787680297799e-13 
1.9850787680297799e-13 
1.9850787680297799e-13 
1.9850787680297799e-13 
1.9850787680297799e-13 
1.9850787680297799e-13 
1.9850787680297799e-13 
1.9850787680297799e-13 
1.9850787680297799e-13 
1.9850787680297799e-13 
1.9850787680297799e-13 
1.9850787680297799e-13 
1.9850787680297799e-13 
1.9850787680297799e-13 
1.9850787680297799e-13 
1.9850787680297799e-13 
1.9850787680297799e-13 
1.9850787680297799e-13 
1.9850787680297799e-13 
1.9850787680297799e-13 
1.9850787680297799e-13 
1.9850787680297799e-13 
1.9850787680297799e-13 
1.9850787680297799e-13 
1.9850787680297799e-13 
1.9850787680297799e-13 
1.9850787680297799e-13 
1.9850787680297799e-13 
1.9850787680297799e-13 
1.9850787680297799e-13 
1.9850787680297799e-13 
1.9850787680297799e-13 
1.9850787680297799e-13 
1.9850787680297799e-13 
1.9850787680297799e-13 
1.9850787680297799e-13 
1.9850787680297799e-13 
1.9850787680297799e-13 
1.9850787680297799e-13 
1.9850787680297799e-13 
1.9850787680297799e-13 
1.9850787680297799e-13 
1.9850787680297799e-13 
1.9850787680297799e-13 
1.9850787680297799e-13 
1.9850787680297799e-13 
1.9850787680297799e-13 
1.9850787680297799e-13 
1.9850787680297799e-13 
1.9850787680297799e-13 
1.9850787680297799e-13 
1.9850787680297799e-13 
1.9850787680297799e-13 
1.9850787680297799e-13 
1.9850787680297799e-13 
1.9850787680297799e-13 
1.9850787680297799e-13 
1.9850787680297799e-13 
1.9850787680297799e-13 
1.9850787680297799e-13 
1.9850787680297799e-13 
1.9850787680297799e-13 
1.9850787680297799e-13 
1.9850787680297799e-13 
1.9850787680297799e-13 
1.9850787680297799e-13 
1.9850787680297799e-13 
1.9850787680297799e-13 
1.9850787680297799e-13 
1.9850787680297799e-13 
1.9850787680297799e-13 
1.9850787680297799e-13 
1.9850787680297799e-13 
1.9850787680297799e-13 
1.9850787680297799e-13 
1.9850787680297799e-13 
1.9850787680297799e-13 
1.9850787680297799e-13 
1.9850787680297799e-13 
1.9850787680297799e-13 
1.9850787680297799e-13 
1.9850787680297799e-13 
1.9850787680297799e-13 
1.9850787680297799e-13 
1.9850787680297799e-13 
1.9850787680297799e-13 
1.9850787680297799e-13 
1.9850787680297799e-13 
1.9850787680297799e-13 
1.9850787680297799e-13 
1.9850787680297799e-13 
1.9850787680297799e-13 
1.9850787680297799e-13 
1.9850787680297799e-13 
1.9850787680297799e-13 
1.9850787680297799e-13 
1.9850787680297799e-13 
1.9850787680297799e-13 
1.9850787680297799e-13 
1.9850787680297799e-13 
1.9850787680297799e-13 
1.9850787680297799e-13 
1.9850787680297799e-13 
1.9850787680297799e-13 
1.9850787680297799e-13 
1.9850787680297799e-13 
1.9850787680297799e-13 
1.9850787680297799e-13 
1.9850787680297799e-13 
1.9850787680297799e-13 
1.9850787680297799e-13 
1.9850787680297799e-13 
1.9850787680297799e-13 
1.9850787680297799e-13 
1.9850787680297799e-13 
1.9850787680297799e-13 
1.9850787680297799e-13 
1.9850787680297799e-13 
1.9850787680297799e-13 
1.9850787680297799e-13 
1.9850787680297799e-13 
1.9850787680297799e-13 
1.9850787680297799e-13 
1.9850787680297799e-13 
1.9850787680297799e-13 
1.9850787680297799e-13 
1.9850787680297799e-13 
1.9850787680297799e-13 
1.9850787680297799e-13 
1.9850787680297799e-13 
1.9850787680297799e-13 
1.9850787680297799e-13 
1.9850787680297799e-13 
1.9850787680297799e-13 
1.9850787680297799e-13 
1.9850787680297799e-13 
1.9850787680297799e-13 
1.9850787680297799e-13 
1.9850787680297799e-13 
1.9850787680297799e-13 
1.9850787680297799e-13 
1.9850787680297799e-13 
1.9850787680297799e-13 
1.9850787680297799e-13 
1.9850787680297799e-13 
1.9850787680297799e-13 
1.9850787680297799e-13 
1.9850787680297799e-13 
1.9850787680297799e-13 
1.9850787680297799e-13 
1.9850787680297799e-13 
1.9850787680297799e-13 
1.9850787680297799e-13 
1.9850787680297799e-13 
1.9850787680297799e-13 
1.9850787680297799e-13 
1.9850787680297799e-13 
1.9850787680297799e-13 
1.9850787680297799e-13 
1.9850787680297799e-13 
1.9850787680297799e-13 
1.9850787680297799e-13 
1.9850787680297799e-13 
1.9850787680297799e-13 
1.9850787680297799e-13 
1.9850787680297799e-13 
1.9850787680297799e-13 
1.9850787680297799e-13 
1.9850787680297799e-13 
1.9850787680297799e-13 
1.9850787680297799e-13 
1.9850787680297799e-13 
1.9850787680297799e-13 
1.9850787680297799e-13 
1.9850787680297799e-13 
1.9850787680297799e-13 
1.9850787680297799e-13 
1.9850787680297799e-13 
1.9850787680297799e-13 
1.9850787680297799e-13 
1.9850787680297799e-13 
1.9850787680297799e-13 
1.9850787680297799e-13 
1.9850787680297799e-13 
1.9850787680297799e-13 
1.9850787680297799e-13 
1.9850787680297799e-13 
1.9850787680297799e-13 
1.9850787680297799e-13 
1.9850787680297799e-13 
1.9850787680297799e-13 
1.9850787680297799e-13 
1.9850787680297799e-13 
1.9850787680297799e-13 
1.9850787680297799e-13 
1.9850787680297799e-13 
1.9850787680297799e-13 
1.9850787680297799e-13 
1.9850787680297799e-13 
1.9850787680297799e-13 
1.9850787680297799e-13 
1.9850787680297799e-13 
1.9850787680297799e-13 
1.9850787680297799e-13 
1.9850787680297799e-13 
1.9850787680297799e-13 
1.9850787680297799e-13 
1.9850787680297799e-13 
1.9850787680297799e-13 
1.9850787680297799e-13 
1.9850787680297799e-13 
1.9850787680297799e-13 
1.9850787680297799e-13 
1.9850787680297799e-13 
1.9850787680297799e-13 
1.9850787680297799e-13 
1.9850787680297799e-13 
1.9850787680297799e-13 
1.9850787680297799e-13 
1.9850787680297799e-13 
1.9850787680297799e-13 
1.9850787680297799e-13 
1.9850787680297799e-13 
1.9850787680297799e-13 
1.9850787680297799e-13 
1.9850787680297799e-13 
1.9850787680297799e-13 
1.9850787680297799e-13 
1.9850787680297799e-13 
1.9850787680297799e-13 
1.9850787680297799e-13 
1.9850787680297799e-13 
1.9850787680297799e-13 
1.9850787680297799e-13 
1.9850787680297799e-13 
1.9850787680297799e-13 
1.9850787680297799e-13 
1.9850787680297799e-13 
1.9850787680297799e-13 
1.9850787680297799e-13 
1.9850787680297799e-13 
1.9850787680297799e-13 
1.9850787680297799e-13 
1.9850787680297799e-13 
1.9850787680297799e-13 
1.9850787680297799e-13 
1.9850787680297799e-13 
1.9850787680297799e-13 
1.9850787680297799e-13 
1.9850787680297799e-13 
1.9850787680297799e-13 
1.9850787680297799e-13 
1.9850787680297799e-13 
1.9850787680297799e-13 
1.9850787680297799e-13 
1.9850787680297799e-13 
1.9850787680297799e-13 
1.9850787680297799e-13 
1.9850787680297799e-13 
1.9850787680297799e-13 
1.9850787680297799e-13 
1.9850787680297799e-13 
1.9850787680297799e-13 
1.9850787680297799e-13 
1.9850787680297799e-13 
1.9850787680297799e-13 
1.9850787680297799e-13 
1.9850787680297799e-13 
1.9850787680297799e-13 
1.9850787680297799e-13 
1.9850787680297799e-13 
1.9850787680297799e-13 
1.9850787680297799e-13 
1.9850787680297799e-13 
1.9850787680297799e-13 
1.9850787680297799e-13 
1.9850787680297799e-13 
1.9850787680297799e-13 
1.9850787680297799e-13 
1.9850787680297799e-13 
1.9850787680297799e-13 
1.9850787680297799e-13 
1.9850787680297799e-13 
1.9850787680297799e-13 
1.9850787680297799e-13 
1.9850787680297799e-13 
1.9850787680297799e-13 
1.9850787680297799e-13 
1.9850787680297799e-13 
1.9850787680297799e-13 
1.9850787680297799e-13 
1.9850787680297799e-13 
1.9850787680297799e-13 
1.9850787680297799e-13 
1.9850787680297799e-13 
1.9850787680297799e-13 
1.9850787680297799e-13 
1.9850787680297799e-13 
1.9850787680297799e-13 
1.9850787680297799e-13 
1.9850787680297799e-13 
1.9850787680297799e-13 
1.9850787680297799e-13 
1.9850787680297799e-13 
1.9850787680297799e-13 
1.9850787680297799e-13 
1.9850787680297799e-13 
1.9850787680297799e-13 
1.9850787680297799e-13 
1.9850787680297799e-13 
1.9850787680297799e-13 
1.9850787680297799e-13 
1.9850787680297799e-13 
1.9850787680297799e-13 
1.9850787680297799e-13 
1.9850787680297799e-13 
1.9850787680297799e-13 
1.9850787680297799e-13 
1.9850787680297799e-13 
1.9850787680297799e-13 
1.9850787680297799e-13 
1.9850787680297799e-13 
1.9850787680297799e-13 
1.9850787680297799e-13 
1.9850787680297799e-13 
1.9850787680297799e-13 
1.9850787680297799e-13 
1.9850787680297799e-13 
1.9850787680297799e-13 
1.9850787680297799e-13 
1.9850787680297799e-13 
1.9850787680297799e-13 
1.9850787680297799e-13 
1.9850787680297799e-13 
1.9850787680297799e-13 
1.9850787680297799e-13 
1.9850787680297799e-13 
1.9850787680297799e-13 
1.9850787680297799e-13 
1.9850787680297799e-13 
1.9850787680297799e-13 
1.9850787680297799e-13 
1.9850787680297799e-13 
1.9850787680297799e-13 
1.9850787680297799e-13 
1.9850787680297799e-13 
1.9850787680297799e-13 
1.9850787680297799e-13 
1.9850787680297799e-13 
1.9850787680297799e-13 
1.9850787680297799e-13 
1.9850787680297799e-13 
1.9850787680297799e-13 
1.9850787680297799e-13 
1.9850787680297799e-13 
1.9850787680297799e-13 
1.9850787680297799e-13 
1.9850787680297799e-13 
1.9850787680297799e-13 
1.9850787680297799e-13 
1.9850787680297799e-13 
1.9850787680297799e-13 
1.9850787680297799e-13 
1.9850787680297799e-13 
1.9850787680297799e-13 
1.9850787680297799e-13 
1.9850787680297799e-13 
1.9850787680297799e-13 
1.9850787680297799e-13 
1.9850787680297799e-13 
1.9850787680297799e-13 
1.9850787680297799e-13 
1.9850787680297799e-13 
1.9850787680297799e-13 
1.9850787680297799e-13 
1.9850787680297799e-13 
1.9850787680297799e-13 
1.9850787680297799e-13 
1.9850787680297799e-13 
1.9850787680297799e-13 
1.9850787680297799e-13 
1.9850787680297799e-13 
1.9850787680297799e-13 
1.9850787680297799e-13 
1.9850787680297799e-13 
1.9850787680297799e-13 
1.9850787680297799e-13 
1.9850787680297799e-13 
1.9850787680297799e-13 
1.9850787680297799e-13 
1.9850787680297799e-13 
1.9850787680297799e-13 
1.9850787680297799e-13 
1.9850787680297799e-13 
1.9850787680297799e-13 
1.9850787680297799e-13 
1.9850787680297799e-13 
1.9850787680297799e-13 
1.9850787680297799e-13 
1.9850787680297799e-13 
1.9850787680297799e-13 
1.9850787680297799e-13 
1.9850787680297799e-13 
1.9850787680297799e-13 
1.9850787680297799e-13 
1.9850787680297799e-13 
1.9850787680297799e-13 
1.9850787680297799e-13 
1.9850787680297799e-13 
1.9850787680297799e-13 
1.9850787680297799e-13 
1.9850787680297799e-13 
1.9850787680297799e-13 
1.9850787680297799e-13 
1.9850787680297799e-13 
1.9850787680297799e-13 
1.9850787680297799e-13 
1.9850787680297799e-13 
1.9850787680297799e-13 
1.9850787680297799e-13 
1.9850787680297799e-13 
1.9850787680297799e-13 
1.9850787680297799e-13 
1.9850787680297799e-13 
1.9850787680297799e-13 
1.9850787680297799e-13 
1.9850787680297799e-13 
1.9850787680297799e-13 
1.9850787680297799e-13 
1.9850787680297799e-13 
1.9850787680297799e-13 
1.9850787680297799e-13 
1.9850787680297799e-13 
1.9850787680297799e-13 
1.9850787680297799e-13 
1.9850787680297799e-13 
1.9850787680297799e-13 
1.9850787680297799e-13 
1.9850787680297799e-13 
1.9850787680297799e-13 
1.9850787680297799e-13 
1.9850787680297799e-13 
1.9850787680297799e-13 
1.9850787680297799e-13 
1.9850787680297799e-13 
1.9850787680297799e-13 
1.9850787680297799e-13 
1.9850787680297799e-13 
1.9850787680297799e-13 
1.9850787680297799e-13 
1.9850787680297799e-13 
1.9850787680297799e-13 
1.9850787680297799e-13 
1.9850787680297799e-13 
1.9850787680297799e-13 
1.9850787680297799e-13 
1.9850787680297799e-13 
1.9850787680297799e-13 
1.9850787680297799e-13 
1.9850787680297799e-13 
1.9850787680297799e-13 
1.9850787680297799e-13 
1.9850787680297799e-13 
1.9850787680297799e-13 
1.9850787680297799e-13 
1.9850787680297799e-13 
1.9850787680297799e-13 
1.9850787680297799e-13 
1.9850787680297799e-13 
1.9850787680297799e-13 
1.9850787680297799e-13 
1.9850787680297799e-13 
1.9850787680297799e-13 
1.9850787680297799e-13 
1.9850787680297799e-13 
1.9850787680297799e-13 
1.9850787680297799e-13 
1.9850787680297799e-13 
1.9850787680297799e-13 
1.9850787680297799e-13 
1.9850787680297799e-13 
1.9850787680297799e-13 
1.9850787680297799e-13 
1.9850787680297799e-13 
1.9850787680297799e-13 
1.9850787680297799e-13 
1.9850787680297799e-13 
1.9850787680297799e-13 
1.9850787680297799e-13 
1.9850787680297799e-13 
1.9850787680297799e-13 
1.9850787680297799e-13 
1.9850787680297799e-13 
1.9850787680297799e-13 
1.9850787680297799e-13 
1.9850787680297799e-13 
1.9850787680297799e-13 
1.9850787680297799e-13 
1.9850787680297799e-13 
1.9850787680297799e-13 
1.9850787680297799e-13 
1.9850787680297799e-13 
1.9850787680297799e-13 
1.9850787680297799e-13 
1.9850787680297799e-13 
1.9850787680297799e-13 
1.9850787680297799e-13 
1.9850787680297799e-13 
1.9850787680297799e-13 
1.9850787680297799e-13 
1.9850787680297799e-13 
1.9850787680297799e-13 
1.9850787680297799e-13 
1.9850787680297799e-13 
1.9850787680297799e-13 
1.9850787680297799e-13 
1.9850787680297799e-13 
1.9850787680297799e-13 
1.9850787680297799e-13 
1.9850787680297799e-13 
1.9850787680297799e-13 
1.9850787680297799e-13 
1.9850787680297799e-13 
1.9850787680297799e-13 
1.9850787680297799e-13 
1.9850787680297799e-13 
1.9850787680297799e-13 
1.9850787680297799e-13 
1.9850787680297799e-13 
1.9850787680297799e-13 
1.9850787680297799e-13 
1.9850787680297799e-13 
1.9850787680297799e-13 
1.9850787680297799e-13 
1.9850787680297799e-13 
1.9850787680297799e-13 
1.9850787680297799e-13 
1.9850787680297799e-13 
1.9850787680297799e-13 
1.9850787680297799e-13 
1.9850787680297799e-13 
1.9850787680297799e-13 
1.9850787680297799e-13 
1.9850787680297799e-13 
1.9850787680297799e-13 
1.9850787680297799e-13 
1.9850787680297799e-13 
1.9850787680297799e-13 
1.9850787680297799e-13 
1.9850787680297799e-13 
1.9850787680297799e-13 
1.9850787680297799e-13 
1.9850787680297799e-13 
1.9850787680297799e-13 
1.9850787680297799e-13 
1.9850787680297799e-13 
1.9850787680297799e-13 
1.9850787680297799e-13 
1.9850787680297799e-13 
1.9850787680297799e-13 
1.9850787680297799e-13 
1.9850787680297799e-13 
1.9850787680297799e-13 
1.9850787680297799e-13 
1.9850787680297799e-13 
1.9850787680297799e-13 
1.9850787680297799e-13 
1.9850787680297799e-13 
1.9850787680297799e-13 
1.9850787680297799e-13 
1.9850787680297799e-13 
1.9850787680297799e-13 
1.9850787680297799e-13 
1.9850787680297799e-13 
1.9850787680297799e-13 
1.9850787680297799e-13 
1.9850787680297799e-13 
1.9850787680297799e-13 
1.9850787680297799e-13 
1.9850787680297799e-13 
1.9850787680297799e-13 
1.9850787680297799e-13 
1.9850787680297799e-13 
1.9850787680297799e-13 
1.9850787680297799e-13 
1.9850787680297799e-13 
1.9850787680297799e-13 
1.9850787680297799e-13 
1.9850787680297799e-13 
1.9850787680297799e-13 
1.9850787680297799e-13 
1.9850787680297799e-13 
1.9850787680297799e-13 
1.9850787680297799e-13 
1.9850787680297799e-13 
1.9850787680297799e-13 
1.9850787680297799e-13 
1.9850787680297799e-13 
1.9850787680297799e-13 
1.9850787680297799e-13 
1.9850787680297799e-13 
1.9850787680297799e-13 
1.9850787680297799e-13 
1.9850787680297799e-13 
1.9850787680297799e-13 
1.9850787680297799e-13 
1.9850787680297799e-13 
1.9850787680297799e-13 
1.9850787680297799e-13 
1.9850787680297799e-13 
1.9850787680297799e-13 
1.9850787680297799e-13 
1.9850787680297799e-13 
1.9850787680297799e-13 
1.9850787680297799e-13 
1.9850787680297799e-13 
1.9850787680297799e-13 
1.9850787680297799e-13 
1.9850787680297799e-13 
1.9850787680297799e-13 
1.9850787680297799e-13 
1.9850787680297799e-13 
1.9850787680297799e-13 
1.9850787680297799e-13 
1.9850787680297799e-13 
1.9850787680297799e-13 
1.9850787680297799e-13 
1.9850787680297799e-13 
1.9850787680297799e-13 
1.9850787680297799e-13 
1.9850787680297799e-13 
1.9850787680297799e-13 
1.9850787680297799e-13 
1.9850787680297799e-13 
1.9850787680297799e-13 
1.9850787680297799e-13 
1.9850787680297799e-13 
1.9850787680297799e-13 
1.9850787680297799e-13 
1.9850787680297799e-13 
1.9850787680297799e-13 
1.9850787680297799e-13 
1.9850787680297799e-13 
1.9850787680297799e-13 
1.9850787680297799e-13 
1.9850787680297799e-13 
1.9850787680297799e-13 
1.9850787680297799e-13 
1.9850787680297799e-13 
1.9850787680297799e-13 
1.9850787680297799e-13 
1.9850787680297799e-13 
1.9850787680297799e-13 
1.9850787680297799e-13 
1.9850787680297799e-13 
1.9850787680297799e-13 
1.9850787680297799e-13 
1.9850787680297799e-13 
1.9850787680297799e-13 
1.9850787680297799e-13 
1.9850787680297799e-13 
1.9850787680297799e-13 
1.9850787680297799e-13 
1.9850787680297799e-13 
1.9850787680297799e-13 
1.9850787680297799e-13 
1.9850787680297799e-13 
1.9850787680297799e-13 
1.9850787680297799e-13 
1.9850787680297799e-13 
1.9850787680297799e-13 
1.9850787680297799e-13 
1.9850787680297799e-13 
1.9850787680297799e-13 
1.9850787680297799e-13 
1.9850787680297799e-13 
1.9850787680297799e-13 
1.9850787680297799e-13 
1.9850787680297799e-13 
1.9850787680297799e-13 
1.9850787680297799e-13 
1.9850787680297799e-13 
1.9850787680297799e-13 
1.9850787680297799e-13 
1.9850787680297799e-13 
1.9850787680297799e-13 
1.9850787680297799e-13 
1.9850787680297799e-13 
1.9850787680297799e-13 
1.9850787680297799e-13 
1.9850787680297799e-13 
1.9850787680297799e-13 
1.9850787680297799e-13 
1.9850787680297799e-13 
1.9850787680297799e-13 
1.9850787680297799e-13 
1.9850787680297799e-13 
1.9850787680297799e-13 
1.9850787680297799e-13 
1.9850787680297799e-13 
1.9850787680297799e-13 
1.9850787680297799e-13 
1.9850787680297799e-13 
1.9850787680297799e-13 
1.9850787680297799e-13 
1.9850787680297799e-13 
1.9850787680297799e-13 
1.9850787680297799e-13 
1.9850787680297799e-13 
1.9850787680297799e-13 
1.9850787680297799e-13 
1.9850787680297799e-13 
1.9850787680297799e-13 
1.9850787680297799e-13 
1.9850787680297799e-13 
1.9850787680297799e-13 
1.9850787680297799e-13 
1.9850787680297799e-13 
1.9850787680297799e-13 
1.9850787680297799e-13 
1.9850787680297799e-13 
1.9850787680297799e-13 
1.9850787680297799e-13 
1.9850787680297799e-13 
1.9850787680297799e-13 
1.9850787680297799e-13 
1.9850787680297799e-13 
1.9850787680297799e-13 
1.9850787680297799e-13 
1.9850787680297799e-13 
1.9850787680297799e-13 
1.9850787680297799e-13 
1.9850787680297799e-13 
1.9850787680297799e-13 
1.9850787680297799e-13 
1.9850787680297799e-13 
1.9850787680297799e-13 
1.9850787680297799e-13 
1.9850787680297799e-13 
1.9850787680297799e-13 
1.9850787680297799e-13 
1.9850787680297799e-13 
1.9850787680297799e-13 
1.9850787680297799e-13 
1.9850787680297799e-13 
1.9850787680297799e-13 
1.9850787680297799e-13 
1.9850787680297799e-13 
1.9850787680297799e-13 
1.9850787680297799e-13 
1.9850787680297799e-13 
1.9850787680297799e-13 
1.9850787680297799e-13 
1.9850787680297799e-13 
1.9850787680297799e-13 
1.9850787680297799e-13 
1.9850787680297799e-13 
1.9850787680297799e-13 
1.9850787680297799e-13 
1.9850787680297799e-13 
1.9850787680297799e-13 
1.9850787680297799e-13 
1.9850787680297799e-13 
1.9850787680297799e-13 
1.9850787680297799e-13 
1.9850787680297799e-13 
1.9850787680297799e-13 
1.9850787680297799e-13 
1.9850787680297799e-13 
1.9850787680297799e-13 
1.9850787680297799e-13 
1.9850787680297799e-13 
1.9850787680297799e-13 
1.9850787680297799e-13 
1.9850787680297799e-13 
1.9850787680297799e-13 
1.9850787680297799e-13 
1.9850787680297799e-13 
1.9850787680297799e-13 
1.9850787680297799e-13 
1.9850787680297799e-13 
1.9850787680297799e-13 
1.9850787680297799e-13 
1.9850787680297799e-13 
1.9850787680297799e-13 
1.9850787680297799e-13 
1.9850787680297799e-13 
1.9850787680297799e-13 
1.9850787680297799e-13 
1.9850787680297799e-13 
1.9850787680297799e-13 
1.9850787680297799e-13 
1.9850787680297799e-13 
1.9850787680297799e-13 
1.9850787680297799e-13 
1.9850787680297799e-13 
1.9850787680297799e-13 
1.9850787680297799e-13 
1.9850787680297799e-13 
1.9850787680297799e-13 
1.9850787680297799e-13 
1.9850787680297799e-13 
1.9850787680297799e-13 
1.9850787680297799e-13 
1.9850787680297799e-13 
1.9850787680297799e-13 
1.9850787680297799e-13 
1.9850787680297799e-13 
1.9850787680297799e-13 
1.9850787680297799e-13 
1.9850787680297799e-13 
1.9850787680297799e-13 
1.9850787680297799e-13 
1.9850787680297799e-13 
1.9850787680297799e-13 
1.9850787680297799e-13 
1.9850787680297799e-13 
1.9850787680297799e-13 
1.9850787680297799e-13 
1.9850787680297799e-13 
1.9850787680297799e-13 
1.9850787680297799e-13 
1.9850787680297799e-13 
1.9850787680297799e-13 
1.9850787680297799e-13 
1.9850787680297799e-13 
1.9850787680297799e-13 
