0.61035588887183811 
0.61035588887183811 
0.58421055756746965 
0.53230865094206337 
0.48476446985367438 
0.44138761498322376 
0.4019915273384409 
0.36639348825385887 
0.33441461939081507 
0.30587988273745303 
0.28061808060871968 
0.25846185564636648 
0.23924769081895111 
0.22281590942183416 
0.20901067507718224 
0.19767999173396622 
0.18867570366796194 
0.18185349548174923 
0.17707289210471319 
0.17419725879304399 
0.17309380112973582 
0.17309380112973582 
0.17309380112973582 
0.16941313242580749 
0.16941313242580749 
0.1684288162768901 
0.16555641406278143 
0.15986247568789375 
0.15668619812482312 
0.15183103328699496 
0.1481938032853504 
0.14575946687176017 
0.14451304605452059 
0.14443962609835334 
0.14343398348532344 
0.14045449304646418 
0.13700730497030564 
0.13447567619568493 
0.13282183668234421 
0.12947573667139234 
0.12607822118860515 
0.12288242768202465 
0.11990758673713919 
0.11717357871053427 
0.11465747312094811 
0.11222491511515788 
0.10985059659506893 
0.10758830863109459 
0.10544899772268977 
0.10344422640729581 
0.10158617326034027 
0.099887632895236902 
0.098362015963385993 
0.097023349154173738 
0.094693013010191923 
0.092738872606862963 
0.089301075300996777 
0.086143221151882346 
0.083247676089390737 
0.080597284171417413 
0.078175367583882299 
0.075965726640729689 
0.073437294797653471 
0.071991374696018587 
0.070159599105205972 
0.068444017803215032 
0.066831907719742997 
0.065311117922459666 
0.063480413037151712 
0.06130230174626395 
0.059136818984450418 
0.056984543136011812 
0.05484696908271694 
0.052726508203802785 
0.050626488375974908 
0.048551153973406959 
0.046505665867740943 
0.04449610142808718 
0.042529454521024322 
0.040613635510599197 
0.03875747125832707 
0.036970705123191422 
0.035263996961644027 
0.033648923127604986 
0.032137976472462707 
0.030744566345073814 
0.029483018591763378 
0.028368575556324646 
0.027417396080019141 
0.026646555501576782 
0.026074045657195757 
0.025718774880542406 
0.025600568002751761 
0.025600568002751761 
0.025551852083840271 
0.025551852083840271 
0.025271695848476668 
0.024822474939275817 
0.024381378127210813 
0.023948342935161303 
0.023523307083898919 
0.023106208492087811 
0.022609246026135243 
0.021958522495091767 
0.021357226693527773 
0.020806477471105856 
0.020307601840287022 
0.01986213497633 
0.019471820217291928 
0.01902531373188876 
0.01793270711134038 
0.016894895718258408 
0.015909493819940401 
0.014974212926562442 
0.014086861791179663 
0.013245346409725727 
0.012231880185146928 
0.010684869376294866 
0.0093222617951410833 
0.0081395093957229245 
0.0071321060993126744 
0.0062955877944172907 
0.0055540745442433995 
0.0047842163668000114 
0.0044694870584946218 
0.0043108223409389183 
0.0041652082677365275 
0.0041652082677365275 
0.0041652082677365275 
0.0041542462023171304 
0.004127900945034544 
0.0039835183411956717 
0.0038241779727152033 
0.0037073821255108209 
0.0034464676734727536 
0.0032031789097378186 
0.0030161154406414133 
0.0027928770008104503 
0.0024777441867290424 
0.0021935075066126753 
0.0019368671435650289 
0.0016453429736183552 
0.0013507505898646042 
0.0010860543826047011 
0.00085458950528093569 
0.00065993963264525152 
0.0004946017598245234 
0.00035441457827916961 
0.00022530582827944172 
0.00012723402448580159 
5.8189388659312424e-05 
1.6548417389684967e-05 
1.0738820952654952e-06 
1.0738820952654952e-06 
1.0738820952654952e-06 
1.0738820952654952e-06 
1.0738820952654952e-06 
7.0446803209796319e-08 
7.0446803209796319e-08 
7.0446803209796319e-08 
7.0446803209796319e-08 
7.0446803209796319e-08 
7.0446803209796319e-08 
7.0446803209796319e-08 
7.0446803209796319e-08 
7.0446803209796319e-08 
7.0446803209796319e-08 
7.0446803209796319e-08 
5.4571028304200528e-09 
5.4571028304200528e-09 
5.4571028304200528e-09 
5.4571028304200528e-09 
5.4571028304200528e-09 
5.4571028304200528e-09 
5.4571028304200528e-09 
5.4571028304200528e-09 
5.4571028304200528e-09 
5.4571028304200528e-09 
5.4571028304200528e-09 
5.4571028304200528e-09 
5.4571028304200528e-09 
5.4571028304200528e-09 
5.4571028304200528e-09 
5.4571028304200528e-09 
5.4571028304200528e-09 
5.4571028304200528e-09 
5.4571028304200528e-09 
5.4571028304200528e-09 
5.4571028304200528e-09 
5.4571028304200528e-09 
5.4571028304200528e-09 
5.4571028304200528e-09 
5.4571028304200528e-09 
5.4571028304200528e-09 
5.4571028304200528e-09 
5.4571028304200528e-09 
5.4571028304200528e-09 
5.4571028304200528e-09 
5.4571028304200528e-09 
5.4571028304200528e-09 
5.4571028304200528e-09 
5.4571028304200528e-09 
5.4571028304200528e-09 
5.4571028304200528e-09 
5.4571028304200528e-09 
5.4571028304200528e-09 
5.4571028304200528e-09 
5.4571028304200528e-09 
5.4571028304200528e-09 
5.4571028304200528e-09 
5.4571028304200528e-09 
5.4571028304200528e-09 
5.4571028304200528e-09 
5.4571028304200528e-09 
5.4571028304200528e-09 
5.4571028304200528e-09 
5.4571028304200528e-09 
5.4571028304200528e-09 
5.4571028304200528e-09 
5.4571028304200528e-09 
5.4571028304200528e-09 
5.4571028304200528e-09 
5.4571028304200528e-09 
5.4571028304200528e-09 
5.4571028304200528e-09 
5.4571028304200528e-09 
5.4571028304200528e-09 
5.4571028304200528e-09 
5.4571028304200528e-09 
5.4571028304200528e-09 
5.4571028304200528e-09 
5.4571028304200528e-09 
5.4571028304200528e-09 
5.4571028304200528e-09 
5.4571028304200528e-09 
5.4571028304200528e-09 
5.4571028304200528e-09 
5.4571028304200528e-09 
5.4571028304200528e-09 
5.4571028304200528e-09 
5.4571028304200528e-09 
5.4571028304200528e-09 
5.4571028304200528e-09 
5.4571028304200528e-09 
5.4571028304200528e-09 
5.4571028304200528e-09 
5.4571028304200528e-09 
5.4571028304200528e-09 
5.4571028304200528e-09 
5.4571028304200528e-09 
5.4571028304200528e-09 
5.4571028304200528e-09 
5.4571028304200528e-09 
5.4571028304200528e-09 
5.4571028304200528e-09 
5.4571028304200528e-09 
5.4571028304200528e-09 
5.4571028304200528e-09 
5.4571028304200528e-09 
5.4571028304200528e-09 
5.4571028304200528e-09 
5.4571028304200528e-09 
5.4571028304200528e-09 
5.4571028304200528e-09 
5.4571028304200528e-09 
5.4571028304200528e-09 
5.4571028304200528e-09 
5.4571028304200528e-09 
5.4571028304200528e-09 
5.4571028304200528e-09 
5.4571028304200528e-09 
5.4571028304200528e-09 
5.4571028304200528e-09 
5.4571028304200528e-09 
5.4571028304200528e-09 
5.4571028304200528e-09 
5.4571028304200528e-09 
5.4571028304200528e-09 
5.4571028304200528e-09 
5.4571028304200528e-09 
5.4571028304200528e-09 
5.4571028304200528e-09 
5.4571028304200528e-09 
5.4571028304200528e-09 
5.4571028304200528e-09 
5.4571028304200528e-09 
5.4571028304200528e-09 
5.4571028304200528e-09 
1.3853584021032643e-09 
1.3853584021032643e-09 
1.3853584021032643e-09 
2.4229010496335073e-10 
2.4229010496335073e-10 
2.4229010496335073e-10 
2.4229010496335073e-10 
2.4229010496335073e-10 
2.4229010496335073e-10 
2.4229010496335073e-10 
2.4229010496335073e-10 
2.4229010496335073e-10 
2.4229010496335073e-10 
2.4229010496335073e-10 
2.4229010496335073e-10 
2.4229010496335073e-10 
2.4229010496335073e-10 
2.4229010496335073e-10 
2.4229010496335073e-10 
2.4229010496335073e-10 
2.4229010496335073e-10 
2.4229010496335073e-10 
2.4229010496335073e-10 
2.4229010496335073e-10 
2.4229010496335073e-10 
2.4229010496335073e-10 
2.4229010496335073e-10 
2.4229010496335073e-10 
2.4229010496335073e-10 
2.4229010496335073e-10 
2.4229010496335073e-10 
2.4229010496335073e-10 
2.4229010496335073e-10 
2.4229010496335073e-10 
2.4229010496335073e-10 
2.4229010496335073e-10 
2.4229010496335073e-10 
2.4229010496335073e-10 
2.4229010496335073e-10 
2.4229010496335073e-10 
2.4229010496335073e-10 
2.4229010496335073e-10 
2.4229010496335073e-10 
2.4229010496335073e-10 
2.4229010496335073e-10 
2.4229010496335073e-10 
2.4229010496335073e-10 
2.4229010496335073e-10 
2.4229010496335073e-10 
2.4229010496335073e-10 
2.4229010496335073e-10 
2.4229010496335073e-10 
2.4229010496335073e-10 
2.4229010496335073e-10 
2.4229010496335073e-10 
2.4229010496335073e-10 
2.4229010496335073e-10 
2.4229010496335073e-10 
2.4229010496335073e-10 
2.4229010496335073e-10 
2.4229010496335073e-10 
2.4229010496335073e-10 
2.4229010496335073e-10 
2.4229010496335073e-10 
2.4229010496335073e-10 
2.4229010496335073e-10 
2.4229010496335073e-10 
2.4229010496335073e-10 
2.4229010496335073e-10 
2.4229010496335073e-10 
2.4229010496335073e-10 
2.4229010496335073e-10 
2.4229010496335073e-10 
2.4229010496335073e-10 
2.4229010496335073e-10 
2.4229010496335073e-10 
2.4229010496335073e-10 
2.4229010496335073e-10 
2.4229010496335073e-10 
2.4229010496335073e-10 
2.4229010496335073e-10 
2.4229010496335073e-10 
2.4229010496335073e-10 
2.4229010496335073e-10 
2.4229010496335073e-10 
2.4229010496335073e-10 
2.4229010496335073e-10 
2.4229010496335073e-10 
2.4229010496335073e-10 
2.4229010496335073e-10 
2.4229010496335073e-10 
2.4229010496335073e-10 
2.4229010496335073e-10 
2.4229010496335073e-10 
2.4229010496335073e-10 
2.4229010496335073e-10 
2.4229010496335073e-10 
2.4229010496335073e-10 
2.4229010496335073e-10 
2.4229010496335073e-10 
2.4229010496335073e-10 
2.4229010496335073e-10 
2.4229010496335073e-10 
2.4229010496335073e-10 
2.4229010496335073e-10 
2.4229010496335073e-10 
2.4229010496335073e-10 
2.4229010496335073e-10 
2.4229010496335073e-10 
2.4229010496335073e-10 
2.4229010496335073e-10 
2.4229010496335073e-10 
2.4229010496335073e-10 
2.4229010496335073e-10 
2.4229010496335073e-10 
2.4229010496335073e-10 
2.4229010496335073e-10 
2.4229010496335073e-10 
2.4229010496335073e-10 
2.4229010496335073e-10 
2.4229010496335073e-10 
2.4229010496335073e-10 
2.4229010496335073e-10 
2.4229010496335073e-10 
2.4229010496335073e-10 
2.4229010496335073e-10 
2.4229010496335073e-10 
2.4229010496335073e-10 
2.4229010496335073e-10 
2.4229010496335073e-10 
2.4229010496335073e-10 
2.4229010496335073e-10 
2.4229010496335073e-10 
2.4229010496335073e-10 
2.4229010496335073e-10 
2.4229010496335073e-10 
2.4229010496335073e-10 
2.4229010496335073e-10 
2.4229010496335073e-10 
2.4229010496335073e-10 
2.4229010496335073e-10 
2.4229010496335073e-10 
2.4229010496335073e-10 
2.4229010496335073e-10 
2.4229010496335073e-10 
2.4229010496335073e-10 
2.4229010496335073e-10 
2.4229010496335073e-10 
2.4229010496335073e-10 
2.4229010496335073e-10 
2.4229010496335073e-10 
2.4229010496335073e-10 
2.4229010496335073e-10 
2.4229010496335073e-10 
2.4229010496335073e-10 
2.4229010496335073e-10 
2.4229010496335073e-10 
2.4229010496335073e-10 
2.4229010496335073e-10 
2.4229010496335073e-10 
2.4229010496335073e-10 
2.4229010496335073e-10 
2.4229010496335073e-10 
2.4229010496335073e-10 
2.4229010496335073e-10 
2.4229010496335073e-10 
2.4229010496335073e-10 
2.4229010496335073e-10 
2.4229010496335073e-10 
2.4229010496335073e-10 
2.4229010496335073e-10 
2.4229010496335073e-10 
2.4229010496335073e-10 
2.4229010496335073e-10 
2.4229010496335073e-10 
2.4229010496335073e-10 
2.4229010496335073e-10 
2.4229010496335073e-10 
2.4229010496335073e-10 
2.4229010496335073e-10 
2.4229010496335073e-10 
2.4229010496335073e-10 
2.4229010496335073e-10 
2.4229010496335073e-10 
2.4229010496335073e-10 
2.4229010496335073e-10 
2.4229010496335073e-10 
2.4229010496335073e-10 
2.4229010496335073e-10 
2.4229010496335073e-10 
2.4229010496335073e-10 
2.4229010496335073e-10 
2.4229010496335073e-10 
2.4229010496335073e-10 
2.4229010496335073e-10 
2.4229010496335073e-10 
2.4229010496335073e-10 
2.4229010496335073e-10 
2.4229010496335073e-10 
2.4229010496335073e-10 
2.4229010496335073e-10 
2.4229010496335073e-10 
2.4229010496335073e-10 
2.4229010496335073e-10 
2.4229010496335073e-10 
2.4229010496335073e-10 
2.4229010496335073e-10 
2.4229010496335073e-10 
2.4229010496335073e-10 
2.4229010496335073e-10 
2.4229010496335073e-10 
2.4229010496335073e-10 
2.4229010496335073e-10 
2.4229010496335073e-10 
2.4229010496335073e-10 
2.4229010496335073e-10 
2.4229010496335073e-10 
2.4229010496335073e-10 
2.4229010496335073e-10 
2.4229010496335073e-10 
2.4229010496335073e-10 
2.4229010496335073e-10 
2.4229010496335073e-10 
2.4229010496335073e-10 
2.4229010496335073e-10 
2.4229010496335073e-10 
2.4229010496335073e-10 
2.4229010496335073e-10 
2.4229010496335073e-10 
2.4229010496335073e-10 
2.4229010496335073e-10 
2.4229010496335073e-10 
2.4229010496335073e-10 
2.4229010496335073e-10 
2.4229010496335073e-10 
2.4229010496335073e-10 
2.4229010496335073e-10 
2.4229010496335073e-10 
2.4229010496335073e-10 
2.4229010496335073e-10 
2.4229010496335073e-10 
2.4229010496335073e-10 
2.4229010496335073e-10 
2.4229010496335073e-10 
2.4229010496335073e-10 
2.4229010496335073e-10 
2.4229010496335073e-10 
2.4229010496335073e-10 
2.4229010496335073e-10 
2.4229010496335073e-10 
2.4229010496335073e-10 
2.4229010496335073e-10 
2.4229010496335073e-10 
2.4229010496335073e-10 
2.4229010496335073e-10 
2.4229010496335073e-10 
2.4229010496335073e-10 
2.4229010496335073e-10 
2.4229010496335073e-10 
2.4229010496335073e-10 
2.4229010496335073e-10 
2.4229010496335073e-10 
2.4229010496335073e-10 
2.4229010496335073e-10 
2.4229010496335073e-10 
2.4229010496335073e-10 
2.4229010496335073e-10 
2.4229010496335073e-10 
2.4229010496335073e-10 
2.4229010496335073e-10 
2.4229010496335073e-10 
2.4229010496335073e-10 
2.4229010496335073e-10 
2.4229010496335073e-10 
2.4229010496335073e-10 
2.4229010496335073e-10 
2.4229010496335073e-10 
2.4229010496335073e-10 
2.4229010496335073e-10 
2.4229010496335073e-10 
2.4229010496335073e-10 
2.4229010496335073e-10 
2.4229010496335073e-10 
2.4229010496335073e-10 
2.4229010496335073e-10 
2.4229010496335073e-10 
2.4229010496335073e-10 
2.4229010496335073e-10 
2.4229010496335073e-10 
2.4229010496335073e-10 
2.4229010496335073e-10 
2.4229010496335073e-10 
2.4229010496335073e-10 
2.4229010496335073e-10 
2.4229010496335073e-10 
2.4229010496335073e-10 
2.4229010496335073e-10 
2.4229010496335073e-10 
2.4229010496335073e-10 
2.4229010496335073e-10 
2.4229010496335073e-10 
2.4229010496335073e-10 
2.4229010496335073e-10 
2.4229010496335073e-10 
2.4229010496335073e-10 
2.4229010496335073e-10 
2.4229010496335073e-10 
2.4229010496335073e-10 
2.4229010496335073e-10 
2.4229010496335073e-10 
2.4229010496335073e-10 
2.4229010496335073e-10 
2.4229010496335073e-10 
2.4229010496335073e-10 
2.4229010496335073e-10 
2.4229010496335073e-10 
2.4229010496335073e-10 
2.4229010496335073e-10 
2.4229010496335073e-10 
2.4229010496335073e-10 
2.4229010496335073e-10 
2.4229010496335073e-10 
2.4229010496335073e-10 
2.4229010496335073e-10 
2.4229010496335073e-10 
2.4229010496335073e-10 
2.4229010496335073e-10 
2.4229010496335073e-10 
2.4229010496335073e-10 
2.4229010496335073e-10 
2.4229010496335073e-10 
2.4229010496335073e-10 
2.4229010496335073e-10 
2.4229010496335073e-10 
2.4229010496335073e-10 
2.4229010496335073e-10 
2.4229010496335073e-10 
2.4229010496335073e-10 
2.4229010496335073e-10 
2.4229010496335073e-10 
2.4229010496335073e-10 
2.4229010496335073e-10 
2.4229010496335073e-10 
2.4229010496335073e-10 
2.4229010496335073e-10 
2.4229010496335073e-10 
2.4229010496335073e-10 
2.4229010496335073e-10 
2.4229010496335073e-10 
2.4229010496335073e-10 
2.4229010496335073e-10 
2.4229010496335073e-10 
2.4229010496335073e-10 
2.4229010496335073e-10 
2.4229010496335073e-10 
2.4229010496335073e-10 
2.4229010496335073e-10 
2.4229010496335073e-10 
2.4229010496335073e-10 
2.4229010496335073e-10 
2.4229010496335073e-10 
2.4229010496335073e-10 
2.4229010496335073e-10 
2.4229010496335073e-10 
2.4229010496335073e-10 
2.4229010496335073e-10 
2.4229010496335073e-10 
2.4229010496335073e-10 
2.4229010496335073e-10 
2.4229010496335073e-10 
2.4229010496335073e-10 
2.4229010496335073e-10 
2.4229010496335073e-10 
2.4229010496335073e-10 
2.4229010496335073e-10 
2.4229010496335073e-10 
2.4229010496335073e-10 
2.4229010496335073e-10 
2.4229010496335073e-10 
2.4229010496335073e-10 
2.4229010496335073e-10 
2.4229010496335073e-10 
2.4229010496335073e-10 
2.4229010496335073e-10 
2.4229010496335073e-10 
2.4229010496335073e-10 
2.4229010496335073e-10 
2.4229010496335073e-10 
2.4229010496335073e-10 
2.4229010496335073e-10 
2.4229010496335073e-10 
2.4229010496335073e-10 
2.4229010496335073e-10 
2.4229010496335073e-10 
2.4229010496335073e-10 
2.4229010496335073e-10 
2.4229010496335073e-10 
2.4229010496335073e-10 
2.4229010496335073e-10 
2.4229010496335073e-10 
2.4229010496335073e-10 
2.4229010496335073e-10 
2.4229010496335073e-10 
2.4229010496335073e-10 
2.4229010496335073e-10 
2.4229010496335073e-10 
2.4229010496335073e-10 
2.4229010496335073e-10 
2.4229010496335073e-10 
2.4229010496335073e-10 
2.4229010496335073e-10 
2.4229010496335073e-10 
2.4229010496335073e-10 
2.4229010496335073e-10 
2.4229010496335073e-10 
2.4229010496335073e-10 
2.4229010496335073e-10 
2.4229010496335073e-10 
2.4229010496335073e-10 
2.4229010496335073e-10 
2.4229010496335073e-10 
2.4229010496335073e-10 
2.4229010496335073e-10 
2.4229010496335073e-10 
2.4229010496335073e-10 
2.4229010496335073e-10 
2.4229010496335073e-10 
2.4229010496335073e-10 
2.4229010496335073e-10 
2.4229010496335073e-10 
2.4229010496335073e-10 
2.4229010496335073e-10 
2.4229010496335073e-10 
2.4229010496335073e-10 
2.4229010496335073e-10 
2.4229010496335073e-10 
2.4229010496335073e-10 
2.4229010496335073e-10 
2.4229010496335073e-10 
2.4229010496335073e-10 
2.4229010496335073e-10 
2.4229010496335073e-10 
2.4229010496335073e-10 
2.4229010496335073e-10 
2.4229010496335073e-10 
2.4229010496335073e-10 
2.4229010496335073e-10 
2.4229010496335073e-10 
2.4229010496335073e-10 
2.4229010496335073e-10 
2.4229010496335073e-10 
2.4229010496335073e-10 
8.0511333127131717e-11 
8.0511333127131717e-11 
8.0511333127131717e-11 
8.0511333127131717e-11 
8.0511333127131717e-11 
8.0511333127131717e-11 
8.0511333127131717e-11 
8.0511333127131717e-11 
8.0511333127131717e-11 
8.0511333127131717e-11 
8.0511333127131717e-11 
8.0511333127131717e-11 
8.0511333127131717e-11 
8.0511333127131717e-11 
8.0511333127131717e-11 
8.0511333127131717e-11 
8.0511333127131717e-11 
8.0511333127131717e-11 
8.0511333127131717e-11 
8.0511333127131717e-11 
8.0511333127131717e-11 
8.0511333127131717e-11 
8.0511333127131717e-11 
8.0511333127131717e-11 
8.0511333127131717e-11 
8.0511333127131717e-11 
8.0511333127131717e-11 
8.0511333127131717e-11 
8.0511333127131717e-11 
8.0511333127131717e-11 
8.0511333127131717e-11 
8.0511333127131717e-11 
8.0511333127131717e-11 
8.0511333127131717e-11 
8.0511333127131717e-11 
8.0511333127131717e-11 
8.0511333127131717e-11 
8.0511333127131717e-11 
8.0511333127131717e-11 
8.0511333127131717e-11 
8.0511333127131717e-11 
8.0511333127131717e-11 
8.0511333127131717e-11 
8.0511333127131717e-11 
8.0511333127131717e-11 
8.0511333127131717e-11 
8.0511333127131717e-11 
8.0511333127131717e-11 
8.0511333127131717e-11 
8.0511333127131717e-11 
8.0511333127131717e-11 
8.0511333127131717e-11 
8.0511333127131717e-11 
8.0511333127131717e-11 
8.0511333127131717e-11 
8.0511333127131717e-11 
8.0511333127131717e-11 
8.0511333127131717e-11 
8.0511333127131717e-11 
8.0511333127131717e-11 
8.0511333127131717e-11 
8.0511333127131717e-11 
8.0511333127131717e-11 
8.0511333127131717e-11 
8.0511333127131717e-11 
8.0511333127131717e-11 
8.0511333127131717e-11 
8.0511333127131717e-11 
8.0511333127131717e-11 
8.0511333127131717e-11 
8.0511333127131717e-11 
8.0511333127131717e-11 
8.0511333127131717e-11 
8.0511333127131717e-11 
8.0511333127131717e-11 
8.0511333127131717e-11 
8.0511333127131717e-11 
8.0511333127131717e-11 
8.0511333127131717e-11 
8.0511333127131717e-11 
8.0511333127131717e-11 
8.0511333127131717e-11 
8.0511333127131717e-11 
8.0511333127131717e-11 
8.0511333127131717e-11 
8.0511333127131717e-11 
8.0511333127131717e-11 
8.0511333127131717e-11 
8.0511333127131717e-11 
8.0511333127131717e-11 
8.0511333127131717e-11 
8.0511333127131717e-11 
8.0511333127131717e-11 
8.0511333127131717e-11 
8.0511333127131717e-11 
8.0511333127131717e-11 
8.0511333127131717e-11 
8.0511333127131717e-11 
8.0511333127131717e-11 
8.0511333127131717e-11 
8.0511333127131717e-11 
8.0511333127131717e-11 
8.0511333127131717e-11 
8.0511333127131717e-11 
8.0511333127131717e-11 
8.0511333127131717e-11 
8.0511333127131717e-11 
8.0511333127131717e-11 
8.0511333127131717e-11 
8.0511333127131717e-11 
8.0511333127131717e-11 
8.0511333127131717e-11 
8.0511333127131717e-11 
8.0511333127131717e-11 
8.0511333127131717e-11 
8.0511333127131717e-11 
8.0511333127131717e-11 
8.0511333127131717e-11 
8.0511333127131717e-11 
8.0511333127131717e-11 
8.0511333127131717e-11 
8.0511333127131717e-11 
8.0511333127131717e-11 
8.0511333127131717e-11 
8.0511333127131717e-11 
8.0511333127131717e-11 
8.0511333127131717e-11 
8.0511333127131717e-11 
8.0511333127131717e-11 
8.0511333127131717e-11 
8.0511333127131717e-11 
8.0511333127131717e-11 
8.0511333127131717e-11 
8.0511333127131717e-11 
8.0511333127131717e-11 
8.0511333127131717e-11 
8.0511333127131717e-11 
8.0511333127131717e-11 
8.0511333127131717e-11 
8.0511333127131717e-11 
8.0511333127131717e-11 
8.0511333127131717e-11 
8.0511333127131717e-11 
8.0511333127131717e-11 
8.0511333127131717e-11 
8.0511333127131717e-11 
8.0511333127131717e-11 
8.0511333127131717e-11 
8.0511333127131717e-11 
8.0511333127131717e-11 
8.0511333127131717e-11 
8.0511333127131717e-11 
8.0511333127131717e-11 
8.0511333127131717e-11 
8.0511333127131717e-11 
8.0511333127131717e-11 
8.0511333127131717e-11 
8.0511333127131717e-11 
8.0511333127131717e-11 
8.0511333127131717e-11 
8.0511333127131717e-11 
8.0511333127131717e-11 
8.0511333127131717e-11 
8.0511333127131717e-11 
8.0511333127131717e-11 
8.0511333127131717e-11 
8.0511333127131717e-11 
8.0511333127131717e-11 
8.0511333127131717e-11 
8.0511333127131717e-11 
8.0511333127131717e-11 
8.0511333127131717e-11 
8.0511333127131717e-11 
8.0511333127131717e-11 
8.0511333127131717e-11 
8.0511333127131717e-11 
8.0511333127131717e-11 
8.0511333127131717e-11 
8.0511333127131717e-11 
8.0511333127131717e-11 
8.0511333127131717e-11 
8.0511333127131717e-11 
8.0511333127131717e-11 
8.0511333127131717e-11 
8.0511333127131717e-11 
8.0511333127131717e-11 
8.0511333127131717e-11 
8.0511333127131717e-11 
8.0511333127131717e-11 
8.0511333127131717e-11 
8.0511333127131717e-11 
8.0511333127131717e-11 
8.0511333127131717e-11 
8.0511333127131717e-11 
8.0511333127131717e-11 
8.0511333127131717e-11 
8.0511333127131717e-11 
8.0511333127131717e-11 
8.0511333127131717e-11 
8.0511333127131717e-11 
8.0511333127131717e-11 
8.0511333127131717e-11 
8.0511333127131717e-11 
8.0511333127131717e-11 
8.0511333127131717e-11 
8.0511333127131717e-11 
8.0511333127131717e-11 
8.0511333127131717e-11 
8.0511333127131717e-11 
8.0511333127131717e-11 
8.0511333127131717e-11 
8.0511333127131717e-11 
8.0511333127131717e-11 
8.0511333127131717e-11 
8.0511333127131717e-11 
8.0511333127131717e-11 
8.0511333127131717e-11 
8.0511333127131717e-11 
8.0511333127131717e-11 
8.0511333127131717e-11 
8.0511333127131717e-11 
8.0511333127131717e-11 
8.0511333127131717e-11 
8.0511333127131717e-11 
8.0511333127131717e-11 
8.0511333127131717e-11 
8.0511333127131717e-11 
8.0511333127131717e-11 
8.0511333127131717e-11 
8.0511333127131717e-11 
8.0511333127131717e-11 
8.0511333127131717e-11 
8.0511333127131717e-11 
8.0511333127131717e-11 
8.0511333127131717e-11 
8.0511333127131717e-11 
8.0511333127131717e-11 
8.0511333127131717e-11 
8.0511333127131717e-11 
8.0511333127131717e-11 
8.0511333127131717e-11 
8.0511333127131717e-11 
8.0511333127131717e-11 
8.0511333127131717e-11 
8.0511333127131717e-11 
8.0511333127131717e-11 
8.0511333127131717e-11 
8.0511333127131717e-11 
8.0511333127131717e-11 
8.0511333127131717e-11 
8.0511333127131717e-11 
8.0511333127131717e-11 
8.0511333127131717e-11 
8.0511333127131717e-11 
8.0511333127131717e-11 
8.0511333127131717e-11 
8.0511333127131717e-11 
8.0511333127131717e-11 
8.0511333127131717e-11 
8.0511333127131717e-11 
