5.7347614064881149 
5.6219373411310922 
5.5129052044399378 
5.4075617122320159 
5.3058050502611227 
5.2075348742175036 
5.1126523097278342 
5.0210599523552322 
4.9326618675992533 
4.847363590895891 
4.7650721276175787 
4.6856959530731919 
4.6091450125080371 
4.53533072110387 
4.4641659639788722 
4.3955650961876769 
4.3294439427213476 
4.2657197985073889 
4.2043114284097474 
4.1451390672288033 
4.0881244197013791 
4.0331906605007335 
3.9802624342365673 
3.9292658554550166 
3.880128508638661 
3.8327794482065114 
3.787149198514026 
3.743169753853095 
3.700774578452052 
3.6598986064756658 
3.6204782420251487 
3.5824513591381448 
3.5457573017887429 
3.51033688388747 
3.4761323892812888 
3.4430875717536038 
3.4111476550242568 
3.3802593327495276 
3.3503707685221369 
3.321431595871243 
3.2933929182624428 
3.2662073090977732 
3.2398288117157081 
3.2142129393911616 
3.189316675335486 
3.1650984726964722 
3.1415182545583509 
3.1185374139417901 
3.0961188138038986 
3.0742267870382212 
3.0528271364747446 
3.0318871348798919 
3.0113755249565259 
2.9912625193439482 
2.9715198006178989 
2.9521205212905581 
2.9330393038105429 
2.9142522405629103 
2.8957368938691559 
2.8774722959872139 
2.8594389491114569 
2.8416188253726977 
2.8239953668381856 
2.8065534855116119 
2.7892795633331038 
2.7721614521792288 
2.7551884738629924 
2.738351420133839 
2.7216425526776522 
2.705055603116755 
2.6885857730099079 
2.6722297338523102 
2.655985627075601 
2.6398530640478581 
2.6238331260735972 
2.6079283643937732 
2.5921428001857802 
2.5764819245634505 
2.5609526985770557 
2.545563553213305 
2.5303243893953491 
2.5152465779827744 
2.5003429597716083 
2.4856278454943155 
2.4711170158198001 
2.4568277213534055 
2.4427786826369129 
2.4289900901485431 
2.4154836043029553 
2.4022823554512476 
2.3894109438809568 
2.3768954398160584 
2.3647633834169675 
2.353043784780537 
2.3417671239400581 
2.330965350865263 
2.3206718854623203 
2.3109216175738392 
2.301750906978866 
2.293197583392887 
2.2853009464678276 
2.278101765792051 
2.2716422808903594 
2.2659662012239945 
2.2611187061906355 
2.2571464451244014 
2.2540975372958507 
2.2520215719119778 
2.25096960811622 
2.25096960811622 
2.25096960811622 
2.2508681999472628 
2.2508681999472628 
2.2506867754013116 
2.2448612083876633 
2.2403266089538652 
2.2373642720413507 
2.2359141028469938 
2.2359141028469938 
2.2359141028469938 
2.235764204877893 
2.235764204877893 
2.1488658664536837 
2.0312159558247833 
1.9221344784868859 
1.8212772886359185 
1.7283068804472799 
1.6428923880758368 
1.5647095856559257 
1.4934408873013529 
1.4287753471053941 
1.3704086591407945 
1.3180431574597677 
1.271387816093998 
1.2301582490546388 
1.1940767103323127 
1.1628720938971124 
1.1362799336985994 
1.1140424036658045 
1.0959083177072286 
1.0816331297108421 
1.0709789335440838 
1.0637144630538633 
1.0596150920665588 
1.0584628343880178 
1.0584628343880178 
1.0584628343880178 
1.0579688583107238 
1.0579688583107238 
1.0579688583107238 
1.0555156634657348 
1.0473532365358027 
1.044657272124188 
1.044657272124188 
1.0344958354174358 
1.0269752394680762 
1.0228645998035051 
1.0220882790292933 
1.0187727428271716 
1.0059014970797582 
0.99324755718139102 
0.9807920600386717 
0.96851937464545423 
0.95641710208284691 
0.94447607551921053 
0.93269036021016039 
0.92105725349856382 
0.90957728481454281 
0.89825421567547192 
0.88386212824049448 
0.86861287358141637 
0.8538040011580581 
0.83936021542350625 
0.82521465489299939 
0.81130889214392887 
0.79759293381583807 
0.78402522061042335 
0.77057262729153342 
0.75721046268516945 
0.74392246967948505 
0.73070082522478619 
0.7175461403335317 
0.70446746008033256 
0.69148226360195253 
0.67861646409730758 
0.66590440882746627 
0.6533888791156498 
0.64112109034723164 
0.62916069196973778 
0.61757576749284682 
0.60644283448838987 
0.5958468445903502 
0.58588118349486407 
0.57664767096021996 
0.56825656080685849 
0.56082654091737383 
0.55448473323651126 
0.54936669377116965 
0.5456164125903995 
0.54338631382540492 
0.542837255669541 
0.542837255669541 
0.54274022351865625 
0.54274022351865625 
0.54274022351865625 
0.54274022351865625 
0.54274022351865625 
0.54274022351865625 
0.54254500516091664 
0.54254500516091664 
0.54237304561553334 
0.54237304561553334 
0.54218468876125314 
0.5418690266586097 
0.54155372097730514 
0.54123877106657936 
0.54092417627676992 
0.54060993595931106 
0.53906978518630577 
0.53837952694661195 
0.53618381834293716 
0.53422971246638218 
0.53232311803477883 
0.52984977664222777 
0.52718110332242707 
0.52472080137688026 
0.51963676612427445 
0.51445086680094254 
0.50937423929549819 
0.50440534908914114 
0.4980824289396964 
0.49132840556962143 
0.48338067666293766 
0.47791312086384419 
0.47047909162920837 
0.46117282738517806 
0.45219083528617615 
0.44230605770710407 
0.43100829967683646 
0.42132649570590658 
0.41317907496814704 
0.40648597960085142 
0.39923867871159696 
0.39371645059479299 
0.38975496571961271 
0.38436363867909185 
0.37840872643316315 
0.37233052773253772 
0.36635884338687202 
0.36051093911470933 
0.35480499836799057 
0.34746739704774643 
0.33958922412471509 
0.33249913099561335 
0.32410272319194267 
0.31742893867554345 
0.31226166990348375 
0.30785480419057104 
0.30249858191397155 
0.29785534850548878 
0.29190707794940579 
0.28598419996604812 
0.27940687639964296 
0.27302846008919263 
0.26682939499659775 
0.26079233670079782 
0.25490215239777125 
0.24914592090053472 
0.24351293263914384 
0.23799468966069318 
0.23258490562931575 
0.2272795058261835 
0.22207662714950704 
0.21697661811453567 
0.21198203885355751 
0.20709766111589939 
0.20233046826792686 
0.19768965529304419 
0.19318662879169449 
0.18883500698135952 
0.18458324468824064 
0.18003832655129043 
0.17560332619423158 
0.17127457334445936 
0.16698235754496377 
0.16264123739905897 
0.15845827346073879 
0.15441616062409416 
0.15049887510145074 
0.146691674423369 
0.14298109743864415 
0.13935496431430619 
0.13580237653561994 
0.13231371690608498 
0.12888064954743564 
0.1254961198996411 
0.1221543547209052 
0.11885086208766672 
0.11533497099463016 
0.11187177526006535 
0.10856294356238334 
0.10543146928692555 
0.10249765511365759 
0.099741529126236433 
0.097160874562180047 
0.094781597821740393 
0.092626739109610196 
0.090152925623454561 
0.087682638599272764 
0.08532736679135082 
0.083095842573902137 
0.080096041616981306 
0.07689013626138827 
0.073892560247650979 
0.071086534858604472 
0.068445069209073353 
0.065993296263959403 
0.063708322744320853 
0.061585476248994762 
0.059609805132842537 
0.057766991652052471 
0.056008160815073156 
0.053974085764830572 
0.051964570284906565 
0.049980064308887011 
0.048021887962842319 
0.04570769557834959 
0.043747065771670909 
0.042067122493354252 
0.040243460660918107 
0.038658862411727626 
0.03733900415505282 
0.036200549293927992 
0.034681537315639867 
0.032986744540250926 
0.03137223723152386 
0.029831278301686796 
0.028357696580736648 
0.02694588681643895 
0.025590809674328065 
0.024188870440548502 
0.022961751116052243 
0.0217668911295812 
0.020644704340981944 
0.019619213729188928 
0.018680727504599169 
0.017820031792141141 
0.01649386338177003 
0.015327682302519147 
0.014426182454413215 
0.013463474106344572 
0.012588119360860833 
0.01177855571447254 
0.011338427460341787 
0.010507117078635355 
0.0096808435345210782 
0.0089023593442946955 
0.0081686198602886444 
0.0074770457831162002 
0.0068255231616717281 
0.0061171568650064175 
0.0054995275457912001 
0.005012622408944018 
0.0044668414294142464 
0.0039707444056977046 
0.0035196295299544716 
0.0031091840856902271 
0.0026966091698690121 
0.0023629642653642249 
0.0020157473131720296 
0.0016879538401412216 
0.0013975862895620997 
0.0011485919963142854 
0.00094538534046728661 
0.00071756442418658068 
0.00052961483132135472 
0.00039842232719254509 
0.00031840666543073328 
0.00015918181549293053 
8.6802783398072297e-05 
8.303624845427363e-05 
4.4636822389165458e-05 
1.1668852641540992e-05 
8.6582500283704941e-06 
8.6582500283704941e-06 
8.6582500283704941e-06 
4.8811049561567819e-06 
1.6258011199670525e-06 
1.6258011199670525e-06 
1.6258011199670525e-06 
1.6258011199670525e-06 
5.6496431146119908e-07 
5.6496431146119908e-07 
5.6496431146119908e-07 
5.6496431146119908e-07 
5.6496431146119908e-07 
5.6496431146119908e-07 
5.6496431146119908e-07 
5.6496431146119908e-07 
1.0440021876300323e-07 
1.0440021876300323e-07 
1.0440021876300323e-07 
8.643114112859953e-08 
8.643114112859953e-08 
8.643114112859953e-08 
8.643114112859953e-08 
8.643114112859953e-08 
8.643114112859953e-08 
8.643114112859953e-08 
8.643114112859953e-08 
8.643114112859953e-08 
8.643114112859953e-08 
8.643114112859953e-08 
8.643114112859953e-08 
8.643114112859953e-08 
8.643114112859953e-08 
8.643114112859953e-08 
8.643114112859953e-08 
8.643114112859953e-08 
8.643114112859953e-08 
8.643114112859953e-08 
8.643114112859953e-08 
8.643114112859953e-08 
8.643114112859953e-08 
8.643114112859953e-08 
8.643114112859953e-08 
8.643114112859953e-08 
8.643114112859953e-08 
8.643114112859953e-08 
8.643114112859953e-08 
8.643114112859953e-08 
8.643114112859953e-08 
8.643114112859953e-08 
8.643114112859953e-08 
8.643114112859953e-08 
8.643114112859953e-08 
8.643114112859953e-08 
8.643114112859953e-08 
8.643114112859953e-08 
8.643114112859953e-08 
8.643114112859953e-08 
8.643114112859953e-08 
8.643114112859953e-08 
8.643114112859953e-08 
8.643114112859953e-08 
8.643114112859953e-08 
8.643114112859953e-08 
8.643114112859953e-08 
8.643114112859953e-08 
8.643114112859953e-08 
8.643114112859953e-08 
8.643114112859953e-08 
8.643114112859953e-08 
8.643114112859953e-08 
8.643114112859953e-08 
8.643114112859953e-08 
8.643114112859953e-08 
8.643114112859953e-08 
8.643114112859953e-08 
8.643114112859953e-08 
8.643114112859953e-08 
8.4129282824975682e-08 
8.4129282824975682e-08 
8.4129282824975682e-08 
8.4129282824975682e-08 
8.4129282824975682e-08 
8.4129282824975682e-08 
8.4129282824975682e-08 
8.4129282824975682e-08 
8.4129282824975682e-08 
8.4129282824975682e-08 
8.4129282824975682e-08 
8.4129282824975682e-08 
8.4129282824975682e-08 
8.4129282824975682e-08 
8.4129282824975682e-08 
8.4129282824975682e-08 
8.4129282824975682e-08 
8.4129282824975682e-08 
8.4129282824975682e-08 
8.4129282824975682e-08 
8.4129282824975682e-08 
8.4129282824975682e-08 
8.4129282824975682e-08 
8.4129282824975682e-08 
8.4129282824975682e-08 
8.4129282824975682e-08 
8.4129282824975682e-08 
8.4129282824975682e-08 
8.4129282824975682e-08 
8.4129282824975682e-08 
8.4129282824975682e-08 
8.4129282824975682e-08 
8.4129282824975682e-08 
8.4129282824975682e-08 
8.4129282824975682e-08 
8.4129282824975682e-08 
8.4129282824975682e-08 
8.4129282824975682e-08 
8.4129282824975682e-08 
8.4129282824975682e-08 
7.70594633720856e-08 
7.70594633720856e-08 
7.70594633720856e-08 
7.70594633720856e-08 
7.70594633720856e-08 
7.70594633720856e-08 
7.70594633720856e-08 
7.70594633720856e-08 
7.70594633720856e-08 
7.70594633720856e-08 
7.70594633720856e-08 
7.70594633720856e-08 
7.70594633720856e-08 
7.70594633720856e-08 
7.70594633720856e-08 
7.70594633720856e-08 
7.70594633720856e-08 
7.70594633720856e-08 
7.70594633720856e-08 
7.70594633720856e-08 
7.70594633720856e-08 
7.70594633720856e-08 
7.70594633720856e-08 
7.70594633720856e-08 
7.70594633720856e-08 
7.70594633720856e-08 
7.70594633720856e-08 
7.70594633720856e-08 
7.70594633720856e-08 
7.70594633720856e-08 
7.70594633720856e-08 
7.70594633720856e-08 
7.70594633720856e-08 
7.70594633720856e-08 
7.70594633720856e-08 
7.70594633720856e-08 
7.70594633720856e-08 
7.70594633720856e-08 
7.70594633720856e-08 
7.70594633720856e-08 
7.70594633720856e-08 
7.70594633720856e-08 
7.70594633720856e-08 
7.70594633720856e-08 
7.70594633720856e-08 
7.70594633720856e-08 
7.70594633720856e-08 
7.70594633720856e-08 
7.70594633720856e-08 
7.70594633720856e-08 
7.70594633720856e-08 
7.70594633720856e-08 
7.70594633720856e-08 
7.70594633720856e-08 
7.70594633720856e-08 
7.70594633720856e-08 
7.70594633720856e-08 
7.70594633720856e-08 
7.70594633720856e-08 
7.70594633720856e-08 
7.70594633720856e-08 
7.70594633720856e-08 
7.70594633720856e-08 
7.70594633720856e-08 
7.70594633720856e-08 
7.70594633720856e-08 
7.70594633720856e-08 
7.70594633720856e-08 
7.70594633720856e-08 
7.70594633720856e-08 
7.70594633720856e-08 
7.70594633720856e-08 
7.70594633720856e-08 
7.70594633720856e-08 
7.70594633720856e-08 
7.70594633720856e-08 
7.70594633720856e-08 
7.70594633720856e-08 
7.70594633720856e-08 
7.70594633720856e-08 
7.70594633720856e-08 
7.70594633720856e-08 
7.70594633720856e-08 
7.70594633720856e-08 
7.70594633720856e-08 
7.70594633720856e-08 
7.70594633720856e-08 
7.70594633720856e-08 
7.70594633720856e-08 
7.70594633720856e-08 
7.70594633720856e-08 
7.70594633720856e-08 
7.70594633720856e-08 
7.70594633720856e-08 
7.70594633720856e-08 
7.70594633720856e-08 
7.70594633720856e-08 
7.70594633720856e-08 
7.70594633720856e-08 
7.70594633720856e-08 
7.70594633720856e-08 
7.70594633720856e-08 
7.70594633720856e-08 
7.70594633720856e-08 
7.70594633720856e-08 
7.70594633720856e-08 
7.70594633720856e-08 
7.70594633720856e-08 
7.70594633720856e-08 
7.70594633720856e-08 
7.70594633720856e-08 
7.70594633720856e-08 
7.70594633720856e-08 
7.70594633720856e-08 
7.70594633720856e-08 
7.70594633720856e-08 
7.70594633720856e-08 
7.70594633720856e-08 
7.70594633720856e-08 
7.70594633720856e-08 
7.70594633720856e-08 
7.70594633720856e-08 
7.70594633720856e-08 
7.70594633720856e-08 
7.70594633720856e-08 
7.70594633720856e-08 
7.70594633720856e-08 
7.70594633720856e-08 
7.70594633720856e-08 
7.70594633720856e-08 
7.70594633720856e-08 
7.70594633720856e-08 
7.70594633720856e-08 
7.70594633720856e-08 
7.70594633720856e-08 
7.70594633720856e-08 
7.70594633720856e-08 
7.70594633720856e-08 
7.70594633720856e-08 
7.70594633720856e-08 
7.70594633720856e-08 
7.70594633720856e-08 
7.70594633720856e-08 
7.70594633720856e-08 
7.70594633720856e-08 
7.70594633720856e-08 
7.70594633720856e-08 
7.70594633720856e-08 
7.70594633720856e-08 
7.70594633720856e-08 
7.70594633720856e-08 
7.70594633720856e-08 
7.70594633720856e-08 
7.70594633720856e-08 
7.70594633720856e-08 
7.70594633720856e-08 
7.70594633720856e-08 
7.70594633720856e-08 
7.70594633720856e-08 
7.70594633720856e-08 
7.70594633720856e-08 
7.70594633720856e-08 
7.70594633720856e-08 
7.70594633720856e-08 
7.70594633720856e-08 
7.70594633720856e-08 
7.70594633720856e-08 
7.70594633720856e-08 
7.70594633720856e-08 
7.70594633720856e-08 
7.70594633720856e-08 
7.70594633720856e-08 
7.70594633720856e-08 
7.70594633720856e-08 
7.5012044575762359e-08 
7.5012044575762359e-08 
7.5012044575762359e-08 
7.5012044575762359e-08 
7.5012044575762359e-08 
7.5012044575762359e-08 
7.5012044575762359e-08 
7.5012044575762359e-08 
7.5012044575762359e-08 
7.5012044575762359e-08 
7.5012044575762359e-08 
7.5012044575762359e-08 
7.5012044575762359e-08 
7.5012044575762359e-08 
7.5012044575762359e-08 
7.5012044575762359e-08 
7.5012044575762359e-08 
7.5012044575762359e-08 
7.5012044575762359e-08 
7.5012044575762359e-08 
7.5012044575762359e-08 
7.5012044575762359e-08 
7.5012044575762359e-08 
7.5012044575762359e-08 
7.5012044575762359e-08 
7.5012044575762359e-08 
7.5012044575762359e-08 
7.5012044575762359e-08 
7.5012044575762359e-08 
7.5012044575762359e-08 
7.5012044575762359e-08 
7.5012044575762359e-08 
7.5012044575762359e-08 
7.5012044575762359e-08 
7.5012044575762359e-08 
7.5012044575762359e-08 
7.5012044575762359e-08 
7.5012044575762359e-08 
7.5012044575762359e-08 
7.5012044575762359e-08 
7.5012044575762359e-08 
7.5012044575762359e-08 
7.5012044575762359e-08 
7.5012044575762359e-08 
7.5012044575762359e-08 
7.5012044575762359e-08 
7.5012044575762359e-08 
7.5012044575762359e-08 
7.5012044575762359e-08 
7.5012044575762359e-08 
7.5012044575762359e-08 
7.5012044575762359e-08 
7.5012044575762359e-08 
7.5012044575762359e-08 
7.5012044575762359e-08 
7.5012044575762359e-08 
7.5012044575762359e-08 
7.5012044575762359e-08 
7.5012044575762359e-08 
7.5012044575762359e-08 
7.5012044575762359e-08 
7.5012044575762359e-08 
7.5012044575762359e-08 
7.5012044575762359e-08 
7.5012044575762359e-08 
7.5012044575762359e-08 
7.5012044575762359e-08 
7.5012044575762359e-08 
7.5012044575762359e-08 
7.5012044575762359e-08 
7.5012044575762359e-08 
7.5012044575762359e-08 
7.5012044575762359e-08 
7.5012044575762359e-08 
7.5012044575762359e-08 
7.5012044575762359e-08 
7.5012044575762359e-08 
7.5012044575762359e-08 
7.5012044575762359e-08 
7.5012044575762359e-08 
7.5012044575762359e-08 
7.5012044575762359e-08 
7.5012044575762359e-08 
7.5012044575762359e-08 
7.5012044575762359e-08 
7.5012044575762359e-08 
7.5012044575762359e-08 
7.5012044575762359e-08 
7.5012044575762359e-08 
7.5012044575762359e-08 
7.5012044575762359e-08 
7.4891166864151839e-08 
7.4891166864151839e-08 
7.4891166864151839e-08 
7.4891166864151839e-08 
7.4891166864151839e-08 
7.4891166864151839e-08 
7.4891166864151839e-08 
7.4891166864151839e-08 
7.4891166864151839e-08 
7.4891166864151839e-08 
7.4891166864151839e-08 
7.4891166864151839e-08 
7.4891166864151839e-08 
7.4891166864151839e-08 
7.4891166864151839e-08 
7.4891166864151839e-08 
7.4891166864151839e-08 
7.4891166864151839e-08 
7.4891166864151839e-08 
7.4891166864151839e-08 
7.4891166864151839e-08 
7.4891166864151839e-08 
7.4891166864151839e-08 
7.4891166864151839e-08 
7.4891166864151839e-08 
7.4891166864151839e-08 
7.4891166864151839e-08 
7.4891166864151839e-08 
7.4891166864151839e-08 
7.4891166864151839e-08 
7.4891166864151839e-08 
7.4891166864151839e-08 
7.4891166864151839e-08 
7.4891166864151839e-08 
7.4891166864151839e-08 
7.4891166864151839e-08 
7.4891166864151839e-08 
7.4891166864151839e-08 
7.4891166864151839e-08 
7.4891166864151839e-08 
7.4891166864151839e-08 
7.4891166864151839e-08 
7.4891166864151839e-08 
7.4891166864151839e-08 
7.4891166864151839e-08 
7.4891166864151839e-08 
7.4891166864151839e-08 
7.4891166864151839e-08 
7.4891166864151839e-08 
7.4891166864151839e-08 
7.4891166864151839e-08 
7.4891166864151839e-08 
7.4891166864151839e-08 
7.4891166864151839e-08 
7.4891166864151839e-08 
7.4891166864151839e-08 
7.4891166864151839e-08 
7.4891166864151839e-08 
7.4891166864151839e-08 
7.4891166864151839e-08 
7.4891166864151839e-08 
7.4891166864151839e-08 
7.4891166864151839e-08 
7.4891166864151839e-08 
7.4891166864151839e-08 
7.4891166864151839e-08 
7.4891166864151839e-08 
7.4891166864151839e-08 
7.4891166864151839e-08 
7.4891166864151839e-08 
7.4891166864151839e-08 
7.4891166864151839e-08 
7.4891166864151839e-08 
7.4891166864151839e-08 
7.4891166864151839e-08 
7.4891166864151839e-08 
7.4891166864151839e-08 
7.4891166864151839e-08 
7.4891166864151839e-08 
7.4891166864151839e-08 
7.4891166864151839e-08 
7.4891166864151839e-08 
7.4891166864151839e-08 
7.4891166864151839e-08 
7.4891166864151839e-08 
7.4891166864151839e-08 
7.4891166864151839e-08 
7.4891166864151839e-08 
7.4891166864151839e-08 
7.4891166864151839e-08 
7.4891166864151839e-08 
7.381922646039431e-08 
7.381922646039431e-08 
7.381922646039431e-08 
7.381922646039431e-08 
7.381922646039431e-08 
7.381922646039431e-08 
7.381922646039431e-08 
7.381922646039431e-08 
7.381922646039431e-08 
7.381922646039431e-08 
7.381922646039431e-08 
7.381922646039431e-08 
7.381922646039431e-08 
7.381922646039431e-08 
7.381922646039431e-08 
7.381922646039431e-08 
7.381922646039431e-08 
7.381922646039431e-08 
7.381922646039431e-08 
7.381922646039431e-08 
7.381922646039431e-08 
7.381922646039431e-08 
7.381922646039431e-08 
7.381922646039431e-08 
7.381922646039431e-08 
7.381922646039431e-08 
7.381922646039431e-08 
7.381922646039431e-08 
7.381922646039431e-08 
7.381922646039431e-08 
7.381922646039431e-08 
7.381922646039431e-08 
7.381922646039431e-08 
7.381922646039431e-08 
7.381922646039431e-08 
7.381922646039431e-08 
7.381922646039431e-08 
7.381922646039431e-08 
7.381922646039431e-08 
7.381922646039431e-08 
7.381922646039431e-08 
7.381922646039431e-08 
7.381922646039431e-08 
7.381922646039431e-08 
7.381922646039431e-08 
7.381922646039431e-08 
7.381922646039431e-08 
7.381922646039431e-08 
7.381922646039431e-08 
7.381922646039431e-08 
7.381922646039431e-08 
7.381922646039431e-08 
7.381922646039431e-08 
7.381922646039431e-08 
7.381922646039431e-08 
7.381922646039431e-08 
7.381922646039431e-08 
7.381922646039431e-08 
7.381922646039431e-08 
7.381922646039431e-08 
7.381922646039431e-08 
7.381922646039431e-08 
7.381922646039431e-08 
7.381922646039431e-08 
7.381922646039431e-08 
7.381922646039431e-08 
7.381922646039431e-08 
7.381922646039431e-08 
7.381922646039431e-08 
7.381922646039431e-08 
7.381922646039431e-08 
7.381922646039431e-08 
7.381922646039431e-08 
7.381922646039431e-08 
7.381922646039431e-08 
7.381922646039431e-08 
7.381922646039431e-08 
7.381922646039431e-08 
7.381922646039431e-08 
7.381922646039431e-08 
7.381922646039431e-08 
7.381922646039431e-08 
7.381922646039431e-08 
7.381922646039431e-08 
7.381922646039431e-08 
7.381922646039431e-08 
7.381922646039431e-08 
7.381922646039431e-08 
7.381922646039431e-08 
7.381922646039431e-08 
7.381922646039431e-08 
7.381922646039431e-08 
7.381922646039431e-08 
7.381922646039431e-08 
7.381922646039431e-08 
7.381922646039431e-08 
7.381922646039431e-08 
7.381922646039431e-08 
7.381922646039431e-08 
7.381922646039431e-08 
7.381922646039431e-08 
7.381922646039431e-08 
7.381922646039431e-08 
7.381922646039431e-08 
7.381922646039431e-08 
7.381922646039431e-08 
7.381922646039431e-08 
7.381922646039431e-08 
7.381922646039431e-08 
7.381922646039431e-08 
7.381922646039431e-08 
7.381922646039431e-08 
7.381922646039431e-08 
7.381922646039431e-08 
7.381922646039431e-08 
7.381922646039431e-08 
7.381922646039431e-08 
7.381922646039431e-08 
7.381922646039431e-08 
7.381922646039431e-08 
7.381922646039431e-08 
7.381922646039431e-08 
7.381922646039431e-08 
7.381922646039431e-08 
7.381922646039431e-08 
7.381922646039431e-08 
7.381922646039431e-08 
7.381922646039431e-08 
7.381922646039431e-08 
7.381922646039431e-08 
7.381922646039431e-08 
7.381922646039431e-08 
7.381922646039431e-08 
7.381922646039431e-08 
7.381922646039431e-08 
7.381922646039431e-08 
7.381922646039431e-08 
7.381922646039431e-08 
7.381922646039431e-08 
7.381922646039431e-08 
7.381922646039431e-08 
7.381922646039431e-08 
7.381922646039431e-08 
