0.043845834062072958 
0.043845834062072958 
0.043845834062072958 
0.043845834062072958 
0.028921276579974189 
0.028815083541070204 
0.022345962730433582 
0.022303559298286774 
0.020250264240895953 
0.020080879744933382 
0.019071335071466317 
0.019064077529084809 
0.018655131015663382 
0.018652340212427898 
0.018494487746754277 
0.018493199836705509 
0.018423159534580569 
0.018335215476464699 
0.018325026626944928 
0.018281304007294209 
0.018280869018037823 
0.018261874682534776 
0.018253080289572642 
0.018242308385599565 
0.018239344698643058 
0.018234358411893289 
0.018233541259480169 
0.018231124566987035 
0.018231003687008227 
0.018229764432935652 
0.018229673417790027 
0.018229217450918805 
0.018229120349850785 
0.018228843210315999 
0.018228754523729494 
0.018227939338951168 
0.018227834136392902 
0.018227506203165017 
0.018227388820639467 
0.018227186186179974 
0.018227089149742807 
0.018226945406483407 
0.018226850906933094 
0.018226734320037241 
0.018226637940555374 
0.018226539597500351 
0.018226439936069875 
0.018226344003622608 
0.018226247605517172 
0.018226150921185052 
0.018226055236480018 
0.01822595958743696 
0.018225863966042432 
0.018225768372241286 
0.018225672806033297 
0.018225577267418563 
0.018225481756397217 
0.018225386272969345 
0.018225290817135056 
0.018225195388894458 
0.018225099988247683 
0.018225004615194849 
0.018224909269736054 
0.01822481395187139 
0.018224718661601004 
0.018224623398924989 
0.01822452816384347 
0.018224432956356534 
0.018224337776464317 
0.018224242624166904 
0.018224147499464442 
0.018224052402357031 
0.018223957332844761 
0.018223862290927761 
0.01822376727660615 
0.018223672289880029 
0.018223577330749512 
0.018223482399214702 
0.01822338749527571 
0.018223292618932678 
0.018223197770185696 
0.018223102949034876 
0.018223008155480308 
0.018222913389522161 
0.018222818651160492 
0.018222723940395442 
0.018222629257227098 
0.018222534601655582 
0.018222439973681039 
0.018222345373303538 
0.018222250800523202 
0.018222156255340145 
0.018222061737754491 
0.018221967247766341 
0.018221872785375799 
0.018221778350582984 
0.018221683943388006 
0.018221589563790989 
0.018221495211792033 
0.018221400887391239 
0.018221306590588737 
0.018221212321384635 
0.018221118079779053 
0.018221023865772075 
0.018220929679363843 
0.018220835520554438 
0.018220741389344004 
0.018220647285732649 
0.018220553209720453 
0.018220459161307555 
0.018220365140494053 
0.01822027114728008 
0.018220177181665732 
0.018220083243651122 
0.018219989333236347 
0.018219895450421558 
0.018219801595206843 
0.018219707767592311 
0.018219613967578058 
0.018219520195164228 
0.01821942645035092 
0.018219332733138256 
0.01821923904352632 
0.018219145381515239 
0.018219051747105149 
0.018218958140296129 
0.018218864561088295 
0.018218771009481761 
0.018218677485476644 
0.018218583989073067 
0.018218490520271125 
0.018218397079070928 
0.018218303665472592 
0.01821821027947625 
0.018218116921081974 
0.018218023590289907 
0.018217930287100143 
0.018217837011512788 
0.018217743763527996 
0.018217650543145829 
0.018217557350366419 
0.018217464185189887 
0.018217371047616338 
0.018217277937645871 
0.018217184855278613 
0.018217091800514677 
0.018216998773354139 
0.018216905773797185 
0.018216812801843861 
0.018216719857494287 
0.018216626940748597 
0.018216534051606902 
0.0182164411900693 
0.018216348356135906 
0.018216255549806833 
0.018216162771082196 
0.018216070019962102 
0.018215977296446677 
0.018215884600536005 
0.018215791932230226 
0.018215699291529438 
0.018215606678433752 
0.018215514092943277 
0.018215421535058125 
0.018215329004778416 
0.018215236502104267 
0.018215144027035782 
0.01821505157957307 
0.018214959159716236 
0.0182148667674654 
0.018214774402820676 
0.018214682065782181 
0.018214589756350021 
0.018214497474524291 
0.018214405220305142 
0.018214312993692649 
0.018214220794686931 
0.018214128623288119 
0.018214036479496293 
0.018213944363311595 
0.018213852274734127 
0.018213760213763992 
0.018213668180401307 
0.018213576174646199 
0.018213484196498764 
0.018213392245959113 
0.018213300323027357 
0.01821320842770361 
0.018213116559987981 
0.018213024719880604 
0.018212932907381563 
0.018212841122490969 
0.018212749365208968 
0.018212657635535631 
0.018212565933471089 
0.018212474259015458 
0.018212382612168829 
0.01821229099293134 
0.01821219940130309 
0.018212107837284188 
0.01821201630087475 
0.018211924792074896 
0.018211833310884728 
0.018211741857304356 
0.018211650431333895 
0.018211559032973439 
0.018211467662223143 
0.018211376319083091 
0.01821128500355338 
0.01821119371563415 
0.018211102455325503 
0.018211011222627558 
0.018210920017540402 
0.018210828840064159 
0.018210737690198941 
0.018210646567944896 
0.018210555473302085 
0.018210464406270631 
0.018210373366850652 
0.018210282355042261 
0.018210191370845577 
0.018210100414260692 
0.01821000948528774 
0.018209918583926822 
0.018209827710178046 
0.01820973686404154 
0.018209646045517402 
0.018209555254605731 
0.01820946449130665 
0.0182093737556203 
0.018209283047546751 
0.018209192367086131 
0.018209101714238545 
0.018209011089004142 
0.018208920491382986 
0.018208829921375201 
0.018208739378980904 
0.018208648864200205 
0.018208558377033231 
0.01820846791748006 
0.018208377485540838 
0.018208287081215659 
0.018208196704504638 
0.018208106355407899 
0.018208016033925543 
0.018207925740057657 
0.01820783547380438 
0.018207745235165846 
0.018207655024142122 
0.018207564840733343 
0.01820747468493961 
0.018207384556761068 
0.018207294456197787 
0.018207204383249895 
0.018207114337917496 
0.018207024320200698 
0.018206934330099643 
0.018206844367614425 
0.018206754432745154 
0.018206664525491922 
0.01820657464585489 
0.018206484793834136 
0.018206394969429763 
0.018206305172641903 
0.018206215403470651 
0.018206125661916137 
0.018206035947978476 
0.018205946261657755 
0.018205856602954092 
0.018205766971867623 
0.01820567736839844 
0.018205587792546652 
0.018205498244312376 
0.018205408723695721 
0.018205319230696817 
0.018205229765315745 
0.018205140327552639 
0.018205050917407605 
0.018204961534880736 
0.018204872179972194 
0.018204782852682035 
0.018204693553010409 
0.018204604280957395 
0.01820451503652314 
0.018204425819707735 
0.018204336630511304 
0.01820424746893394 
0.01820415833497576 
0.01820406922863689 
0.018203980149917434 
0.018203891098817503 
0.018203802075337189 
0.018203713079476651 
0.01820362411123597 
0.018203535170615258 
0.018203446257614612 
0.018203357372234177 
0.018203268514474045 
0.018203179684334346 
0.018203090881815161 
0.018203002106916614 
0.018202913359638834 
0.018202824639981931 
0.018202735947945994 
0.018202647283531138 
0.018202558646737487 
0.018202470037565161 
0.018202381456014258 
0.018202292902084888 
0.018202204375777152 
0.018202115877091203 
0.018202027406027124 
0.018201938962585026 
0.01820185054676501 
0.018201762158567208 
0.01820167379799173 
0.01820158546503868 
0.018201497159708185 
0.018201408882000326 
0.018201320631915246 
0.018201232409453063 
0.018201144214613846 
0.018201056047397732 
0.01820096790780483 
0.018200879795835269 
0.018200791711489139 
0.018200703654766542 
0.018200615625667622 
0.018200527624192483 
0.018200439650341231 
0.018200351704113955 
0.018200263785510803 
0.01820017589453185 
0.018200088031177262 
0.0182000001954471 
0.018199912387341487 
0.018199824606860541 
0.018199736854004375 
0.018199649128773122 
0.018199561431166859 
0.018199473761185709 
0.018199386118829781 
0.018199298504099206 
0.018199210916994061 
0.018199123357514495 
0.018199035825660594 
0.018198948321432463 
0.018198860844830259 
0.018198773395854066 
0.01819868597450397 
0.018198598580780108 
0.018198511214682613 
0.018198423876211563 
0.018198336565367092 
0.018198249282149286 
0.018198162026558263 
0.018198074798594165 
0.018197987598257071 
0.018197900425547107 
0.018197813280464378 
0.018197726163009013 
0.018197639073181098 
0.018197552010980764 
0.018197464976408118 
0.01819737796946325 
0.01819729099014632 
0.018197204038457409 
0.018197117114396612 
0.018197030217964063 
0.018196943349159899 
0.018196856507984183 
0.018196769694437044 
0.018196682908518599 
0.018196596150228957 
0.018196509419568241 
0.018196422716536553 
0.018196336041133999 
0.018196249393360696 
0.01819616277321677 
0.018196076180702316 
0.018195989615817448 
0.01819590307856226 
0.018195816568936894 
0.018195730086941454 
0.018195643632576055 
0.018195557205840786 
0.018195470806735774 
0.018195384435261145 
0.018195298091416991 
0.018195211775203432 
0.018195125486620577 
0.018195039225668532 
0.01819495299234743 
0.018194866786657368 
0.018194780608598457 
0.018194694458170804 
0.018194608335374514 
0.018194522240209739 
0.018194436172676558 
0.018194350132775074 
0.01819426412050542 
0.018194178135867708 
0.018194092178862049 
0.018194006249488533 
0.018193920347747285 
0.018193834473638423 
0.018193748627162075 
0.018193662808318318 
0.018193577017107276 
0.018193491253529065 
0.018193405517583802 
0.018193319809271594 
0.018193234128592549 
0.018193148475546764 
0.018193062850134376 
0.018192977252355507 
0.018192891682210229 
0.018192806139698689 
0.018192720624820968 
0.018192635137577223 
0.018192549677967518 
0.018192464245991982 
0.01819237884165073 
0.018192293464943884 
0.018192208115871543 
0.018192122794433815 
0.018192037500630823 
0.018191952234462665 
0.018191866995929475 
0.01819178178503135 
0.018191696601768382 
0.018191611446140718 
0.018191526318148455 
0.018191441217791701 
0.018191356145070586 
0.018191271099985189 
0.018191186082535657 
0.018191101092722078 
0.018191016130544573 
0.018190931196003263 
0.018190846289098232 
0.018190761409829604 
0.018190676558197508 
0.018190591734202049 
0.018190506937843322 
0.018190422169121451 
0.018190337428036531 
0.018190252714588715 
0.018190168028778091 
0.018190083370604765 
0.018189998740068835 
0.01818991413717046 
0.018189829561909704 
0.018189745014286711 
0.018189660494301561 
0.018189576001954384 
0.018189491537245302 
0.018189407100174436 
0.018189322690741853 
0.018189238308947694 
0.018189153954792082 
0.018189069628275104 
0.018188985329396886 
0.018188901058157517 
0.01818881681455714 
0.018188732598595866 
0.018188648410273782 
0.018188564249591022 
0.018188480116547671 
0.01818839601114389 
0.01818831193337974 
0.018188227883255366 
0.018188143860770847 
0.018188059865926316 
0.018187975898721891 
0.018187891959157695 
0.0181878080472338 
0.018187724162950333 
0.018187640306307425 
0.018187556477305175 
0.018187472675943672 
0.018187388902223066 
0.01818730515614345 
0.018187221437704931 
0.018187137746907646 
0.018187054083751673 
0.018186970448237149 
0.018186886840364177 
0.018186803260132878 
0.018186719707543337 
0.018186636182595688 
0.018186552685290031 
0.01818646921562651 
0.018186385773605197 
0.018186302359226216 
0.018186218972489662 
0.018186135613395681 
0.018186052281944382 
0.018185968978135861 
0.01818588570197022 
0.018185802453447596 
0.0181857192325681 
0.018185636039331817 
0.018185552873738887 
0.01818546973578939 
0.018185386625483461 
0.018185303542821232 
0.018185220487802779 
0.018185137460428217 
0.01818505446069767 
0.018184971488611257 
0.018184888544169078 
0.018184805627371244 
0.018184722738217866 
0.018184639876709041 
0.018184557042844929 
0.018184474236625607 
0.018184391458051178 
0.018184308707121778 
0.018184225983837517 
0.018184143288198486 
0.018184060620204803 
0.018183977979856603 
0.018183895367153962 
0.01818381278209702 
0.01818373022468588 
0.018183647694920646 
0.01818356519280144 
0.018183482718328384 
0.01818340027150157 
0.018183317852321117 
0.018183235460787133 
0.018183153096899728 
0.018183070760659018 
0.018182988452065132 
0.018182906171118143 
0.018182823917818204 
0.018182741692165404 
0.01818265949415987 
0.018182577323801689 
0.018182495181090979 
0.018182413066027858 
0.018182330978612472 
0.01818224891884488 
0.01818216688672521 
0.01818208488225358 
0.018182002905430112 
0.018181920956254882 
0.018181839034728045 
0.018181757140849689 
0.018181675274619915 
0.018181593436038875 
0.018181511625106651 
0.018181429841823343 
0.01818134808618908 
0.018181266358203989 
0.018181184657868155 
0.018181102985181705 
0.018181021340144741 
0.018180939722757382 
0.018180858133019766 
0.018180776570931961 
0.018180695036494089 
0.018180613529706249 
0.01818053205056859 
0.018180450599081219 
0.018180369175244227 
0.018180287779057717 
0.018180206410521833 
0.018180125069636666 
0.018180043756402347 
0.018179962470818954 
0.018179881212886623 
0.018179799982605469 
0.018179718779975595 
0.01817963760499711 
0.01817955645767013 
0.018179475337994765 
0.018179394245971141 
0.018179313181599349 
0.018179232144879511 
0.018179151135811741 
0.018179070154396123 
0.018178989200632819 
0.01817890827452192 
0.018178827376063508 
0.018178746505257738 
0.018178665662104694 
0.018178584846604496 
0.018178504058757275 
0.018178423298563104 
0.018178342566022111 
0.018178261861134429 
0.01817818118390015 
0.018178100534319386 
0.018178019912392249 
0.018177939318118869 
0.01817785875149934 
0.018177778212533774 
0.018177697701222281 
0.018177617217564959 
0.018177536761561967 
0.018177456333213372 
0.018177375932519314 
0.018177295559479875 
0.01817721521409521 
0.018177134896365393 
0.01817705460629054 
0.018176974343870774 
0.018176894109106195 
0.018176813901996942 
0.018176733722543106 
0.018176653570744793 
0.018176573446602128 
0.018176493350115216 
0.018176413281284179 
0.018176333240109106 
0.018176253226590135 
0.018176173240727348 
0.018176093282520903 
0.018176013351970867 
0.018175933449077385 
0.018175853573840533 
0.01817577372626044 
0.018175693906337234 
0.018175614114071009 
0.018175534349461897 
0.01817545461250996 
0.018175374903215389 
0.018175295221578212 
0.018175215567598598 
0.018175135941276638 
0.018175056342612444 
0.018174976771606125 
0.018174897228257811 
0.018174817712567584 
0.018174738224535591 
0.018174658764161918 
0.018174579331446696 
0.018174499926390007 
0.018174420548991981 
0.018174341199252732 
0.018174261877172377 
0.018174182582751018 
0.018174103315988767 
0.018174024076885741 
0.018173944865442059 
0.018173865681657818 
0.018173786525533135 
0.018173707397068105 
0.018173628296262873 
0.018173549223117539 
0.018173470177632198 
0.01817339115980697 
0.018173312169641985 
0.018173233207137339 
0.01817315427229314 
0.018173075365109523 
0.018172996485586564 
0.018172917633724389 
0.018172838809523129 
0.018172760012982875 
0.018172681244103747 
0.018172602502885833 
0.018172523789329285 
0.018172445103434205 
0.018172366445200681 
0.018172287814628853 
0.0181722092117188 
0.018172130636470683 
0.018172052088884567 
0.018171973568960595 
0.018171895076698846 
0.018171816612099455 
0.018171738175162534 
0.018171659765888193 
0.01817158138427654 
0.018171503030327683 
0.018171424704041757 
0.018171346405418853 
0.018171268134459084 
0.018171189891162544 
0.018171111675529383 
0.018171033487559704 
0.018170955327253591 
0.01817087719461119 
0.018170799089632577 
0.018170721012317897 
0.018170642962667266 
0.018170564940680759 
0.018170486946358509 
0.018170408979700618 
0.01817033104070722 
0.018170253129378415 
0.01817017524571431 
0.018170097389715017 
0.018170019561380667 
0.018169941760711347 
0.018169863987707164 
0.018169786242368258 
0.018169708524694708 
0.018169630834686673 
0.018169553172344213 
0.018169475537667484 
0.018169397930656552 
0.018169320351311569 
0.018169242799632647 
0.018169165275619861 
0.018169087779273348 
0.01816901031059321 
0.018168932869579577 
0.018168855456232549 
0.018168778070552213 
0.018168700712538729 
0.018168623382192189 
0.018168546079512706 
0.018168468804500369 
0.018168391557155321 
0.018168314337477641 
0.018168237145467472 
0.018168159981124931 
0.018168082844450095 
0.018168005735443089 
0.018167928654104031 
0.018167851600433046 
0.01816777457443023 
0.018167697576095692 
0.018167620605429549 
0.018167543662431923 
0.018167466747102914 
0.018167389859442634 
0.018167312999451176 
0.018167236167128689 
0.018167159362475264 
0.018167082585491028 
0.018167005836176062 
0.018166929114530501 
0.018166852420554477 
0.018166775754248063 
0.01816669911561138 
0.018166622504644545 
0.018166545921347671 
0.018166469365720882 
0.018166392837764275 
0.018166316337477961 
0.018166239864862054 
0.018166163419916663 
0.018166087002641919 
0.018166010613037915 
0.018165934251104753 
0.018165857916842571 
0.018165781610251459 
0.018165705331331539 
0.018165629080082943 
0.018165552856505736 
0.018165476660600071 
0.018165400492366042 
0.01816532435180376 
0.018165248238913342 
0.018165172153694897 
0.018165096096148546 
0.018165020066274396 
0.018164944064072555 
0.01816486808954311 
0.018164792142686233 
0.018164716223501999 
0.0181646403319905 
0.018164564468151873 
0.018164488631986241 
0.018164412823493698 
0.018164337042674356 
0.018164261289528329 
0.018164185564055749 
0.018164109866256675 
0.018164034196131277 
0.018163958553679645 
0.018163882938901883 
0.018163807351798112 
0.018163731792368448 
0.018163656260612997 
0.018163580756531853 
0.018163505280125156 
0.018163429831392991 
0.018163354410335494 
0.018163279016952784 
0.018163203651244939 
0.018163128313212085 
0.018163053002854371 
0.018162977720171853 
0.018162902465164665 
0.018162827237832916 
0.018162752038176706 
0.018162676866196187 
0.018162601721891446 
0.018162526605262595 
0.018162451516309745 
0.018162376455032998 
0.018162301421432495 
0.018162226415508312 
0.018162151437260587 
0.01816207648668941 
0.018162001563794918 
0.018161926668577227 
0.018161851801036411 
0.018161776961172601 
0.018161702148985926 
0.018161627364476476 
0.018161552607644373 
0.018161477878489731 
0.018161403177012647 
0.018161328503213239 
0.018161253857091639 
0.018161179238647941 
0.018161104647882238 
0.01816103008479469 
0.018160955549385363 
0.018160881041654406 
0.018160806561601892 
0.018160732109227952 
0.018160657684532708 
0.018160583287516279 
0.01816050891817874 
0.018160434576520227 
0.018160360262540854 
0.018160285976240729 
0.018160211717619938 
0.018160137486678635 
0.018160063283416919 
0.018159989107834881 
0.018159914959932667 
0.018159840839710357 
0.018159766747168089 
0.018159692682305942 
0.018159618645124061 
0.018159544635622561 
0.018159470653801517 
0.018159396699661063 
0.018159322773201314 
0.018159248874422385 
0.018159175003324372 
0.018159101159907397 
0.018159027344171547 
0.018158953556116991 
0.018158879795743803 
0.018158806063052101 
0.018158732358041971 
0.018158658680713577 
0.018158585031066987 
0.018158511409102324 
0.018158437814819722 
0.018158364248219254 
0.018158290709301063 
0.018158217198065253 
0.01815814371451193 
0.018158070258641208 
0.018157996830453216 
0.018157923429948042 
0.018157850057125807 
0.018157776711986626 
0.018157703394530583 
0.018157630104757842 
0.018157556842668468 
0.018157483608262609 
0.018157410401540338 
0.018157337222501822 
0.018157264071147115 
0.018157190947476354 
0.01815711785148965 
0.018157044783187113 
0.018156971742568886 
0.018156898729635031 
0.018156825744385683 
0.01815675278682093 
0.01815667985694093 
0.018156606954745774 
0.018156534080235563 
0.018156461233410401 
0.018156388414270433 
0.018156315622815746 
0.018156242859046472 
0.018156170122962691 
0.018156097414564535 
0.018156024733852111 
0.018155952080825561 
0.018155879455484955 
0.018155806857830414 
0.01815573428786206 
0.018155661745580007 
0.018155589230984343 
0.018155516744075215 
0.018155444284852714 
0.018155371853316938 
0.018155299449468046 
0.018155227073306121 
0.018155154724831247 
0.018155082404043569 
0.018155010110943219 
0.01815493784553026 
0.01815486560780483 
0.018154793397767037 
0.018154721215416985 
0.01815464906075483 
0.018154576933780624 
0.018154504834494486 
0.018154432762896563 
0.018154360718986958 
0.018154288702765774 
0.018154216714233101 
0.018154144753389091 
0.018154072820233819 
0.018154000914767442 
0.018153929036990028 
0.018153857186901719 
0.0181537853645026 
0.018153713569792802 
0.018153641802772433 
0.018153570063441603 
0.018153498351800423 
0.018153426667849006 
0.018153355011587474 
0.018153283383015927 
0.018153211782134478 
0.018153140208943222 
0.018153068663442316 
0.018152997145631844 
0.018152925655511902 
0.018152854193082633 
0.018152782758344116 
0.01815271135129649 
0.018152639971939877 
0.01815256862027435 
0.018152497296300044 
0.018152426000017072 
0.018152354731425544 
0.018152283490525566 
0.018152212277317257 
0.018152141091800723 
0.01815206993397607 
0.018151998803843435 
0.01815192770140291 
0.018151856626654594 
0.01815178557959863 
0.018151714560235108 
0.018151643568564146 
0.018151572604585872 
0.018151501668300363 
0.018151430759707765 
0.018151359878808171 
0.018151289025601699 
0.018151218200088456 
0.018151147402268555 
0.018151076632142122 
0.018151005889709255 
0.018150935174970049 
0.018150864487924651 
0.018150793828573167 
0.018150723196915679 
0.018150652592952336 
0.018150582016683212 
0.018150511468108442 
0.018150440947228161 
0.018150370454042435 
0.018150299988551395 
0.01815022955075515 
0.018150159140653831 
0.018150088758247529 
0.018150018403536364 
0.018149948076520442 
0.018149877777199862 
0.018149807505574777 
0.018149737261645274 
0.018149667045411447 
0.018149596856873441 
0.018149526696031346 
0.018149456562885299 
0.018149386457435374 
0.018149316379681701 
0.018149246329624391 
0.018149176307263589 
0.018149106312599354 
0.018149036345631819 
0.0181489664063611 
0.018148896494787313 
0.018148826610910544 
0.018148756754730939 
0.018148686926248599 
0.018148617125463607 
0.018148547352376133 
0.018148477606986228 
0.018148407889294057 
0.018148338199299681 
0.018148268537003267 
0.018148198902404881 
0.018148129295504647 
0.018148059716302678 
0.01814799016479909 
0.018147920640994002 
0.018147851144887518 
0.018147781676479749 
0.018147712235770806 
