0.0080901703590285749 
0.0080901703590285749 
0.0074098558043761012 
0.0074098558043761012 
0.0074098558043761012 
0.0074098558043761012 
0.0074098558043761012 
0.0074098558043761012 
0.0074098558043761012 
0.0074098558043761012 
0.0074098558043761012 
0.0074098558043761012 
0.0074098558043761012 
0.0065391870791144842 
0.0065391870791144842 
0.0065391870791144842 
0.0065391870791144842 
0.0056310428439248945 
0.0056013598854052597 
0.0050026854730783332 
0.0045292645399628712 
0.0041502796878240102 
0.0038425033326951168 
0.0035885085773199382 
0.00023769765694789041 
0.00023769765694789041 
0.00023769765694789041 
0.00023769765694789041 
0.00023769765694789041 
0.00023769765694789041 
0.00023769765694789041 
4.6628291878887855e-05 
4.6628291878887855e-05 
4.6628291878887855e-05 
4.6628291878887855e-05 
4.6628291878887855e-05 
4.6628291878887855e-05 
4.6628291878887855e-05 
4.6628291878887855e-05 
4.6628291878887855e-05 
4.6628291878887855e-05 
4.6628291878887855e-05 
4.6628291878887855e-05 
4.6628291878887855e-05 
4.6628291878887855e-05 
4.6628291878887855e-05 
4.6628291878887855e-05 
4.6628291878887855e-05 
4.6628291878887855e-05 
4.6628291878887855e-05 
4.6628291878887855e-05 
4.6628291878887855e-05 
4.6628291878887855e-05 
4.6628291878887855e-05 
4.6628291878887855e-05 
4.6628291878887855e-05 
9.3492061142665758e-06 
9.3492061142665758e-06 
9.3492061142665758e-06 
9.3492061142665758e-06 
9.3492061142665758e-06 
9.3492061142665758e-06 
9.3492061142665758e-06 
9.3492061142665758e-06 
9.3492061142665758e-06 
9.3492061142665758e-06 
9.3492061142665758e-06 
9.3492061142665758e-06 
9.3492061142665758e-06 
9.3492061142665758e-06 
9.3492061142665758e-06 
9.3492061142665758e-06 
9.3492061142665758e-06 
9.3492061142665758e-06 
9.3492061142665758e-06 
9.3492061142665758e-06 
9.3492061142665758e-06 
9.3492061142665758e-06 
9.3492061142665758e-06 
9.3492061142665758e-06 
9.3492061142665758e-06 
9.3492061142665758e-06 
9.3492061142665758e-06 
8.8734435358025761e-06 
8.8734435358025761e-06 
8.8734435358025761e-06 
8.8734435358025761e-06 
7.3731927562570554e-06 
7.3731927562570554e-06 
7.3731927562570554e-06 
7.3731927562570554e-06 
7.3731927562570554e-06 
7.3731927562570554e-06 
7.3731927562570554e-06 
7.3731927562570554e-06 
7.3731927562570554e-06 
7.3731927562570554e-06 
7.3731927562570554e-06 
7.3731927562570554e-06 
7.3731927562570554e-06 
7.3731927562570554e-06 
7.3731927562570554e-06 
7.3731927562570554e-06 
7.3731927562570554e-06 
7.3731927562570554e-06 
7.3264752614892742e-06 
7.3264752614892742e-06 
7.3264752614892742e-06 
7.3264752614892742e-06 
7.3264752614892742e-06 
7.3264752614892742e-06 
7.3264752614892742e-06 
7.2783622734987003e-06 
5.0262491982669723e-06 
5.0262491982669723e-06 
5.0262491982669723e-06 
5.0262491982669723e-06 
5.0262491982669723e-06 
5.0262491982669723e-06 
4.28519581251263e-06 
4.28519581251263e-06 
2.9923026179705733e-06 
2.9923026179705733e-06 
2.0632247348923964e-06 
1.0822605127328691e-06 
4.893523237364082e-07 
2.0099040618446799e-07 
1.4933070706610557e-07 
1.4933070706610557e-07 
1.2611500082718039e-07 
1.2611500082718039e-07 
1.0408489157189642e-07 
4.9018694396618551e-08 
4.9018694396618551e-08 
4.9018694396618551e-08 
6.6774591507510742e-09 
6.6774591507510742e-09 
6.6774591507510742e-09 
6.6774591507510742e-09 
5.8001876904646202e-09 
5.8001876904646202e-09 
5.8001876904646202e-09 
5.1840594524410789e-09 
4.1796853817586986e-09 
4.1796853817586986e-09 
3.7466119067916863e-09 
3.3492018061158832e-09 
3.3492018061158832e-09 
3.3492018061158832e-09 
3.3492018061158832e-09 
6.9140363301702026e-10 
6.9140363301702026e-10 
6.9140363301702026e-10 
6.9140363301702026e-10 
6.9140363301702026e-10 
6.9140363301702026e-10 
6.9140363301702026e-10 
6.9140363301702026e-10 
6.9140363301702026e-10 
6.9140363301702026e-10 
5.7212904625227509e-10 
1.4688521391234717e-10 
1.4688521391234717e-10 
1.4688521391234717e-10 
1.4688521391234717e-10 
9.9051465763558024e-12 
9.9051465763558024e-12 
9.9051465763558024e-12 
9.9051465763558024e-12 
9.9051465763558024e-12 
9.9051465763558024e-12 
9.9051465763558024e-12 
9.9051465763558024e-12 
9.9051465763558024e-12 
9.9051465763558024e-12 
9.9051465763558024e-12 
9.9051465763558024e-12 
9.9051465763558024e-12 
9.9051465763558024e-12 
9.9051465763558024e-12 
9.9051465763558024e-12 
9.9051465763558024e-12 
9.9051465763558024e-12 
9.9051465763558024e-12 
9.9051465763558024e-12 
9.9051465763558024e-12 
9.9051465763558024e-12 
9.9051465763558024e-12 
9.9051465763558024e-12 
9.9051465763558024e-12 
9.9051465763558024e-12 
9.9051465763558024e-12 
9.9051465763558024e-12 
9.9051465763558024e-12 
9.9051465763558024e-12 
9.9051465763558024e-12 
9.9051465763558024e-12 
9.9051465763558024e-12 
9.9051465763558024e-12 
9.9051465763558024e-12 
9.9051465763558024e-12 
9.9051465763558024e-12 
9.9051465763558024e-12 
9.9051465763558024e-12 
9.9051465763558024e-12 
9.9051465763558024e-12 
9.9051465763558024e-12 
9.9051465763558024e-12 
9.9051465763558024e-12 
9.9051465763558024e-12 
9.9051465763558024e-12 
9.9051465763558024e-12 
9.9051465763558024e-12 
9.9051465763558024e-12 
7.6607351704387819e-12 
7.6607351704387819e-12 
7.6607351704387819e-12 
7.6607351704387819e-12 
7.588690947538049e-12 
7.588690947538049e-12 
1.6717627635876039e-12 
1.6717627635876039e-12 
1.6717627635876039e-12 
1.6717627635876039e-12 
1.6717627635876039e-12 
1.6717627635876039e-12 
1.6717627635876039e-12 
1.6717627635876039e-12 
1.6717627635876039e-12 
1.6717627635876039e-12 
1.6717627635876039e-12 
1.6717627635876039e-12 
1.6717627635876039e-12 
1.6717627635876039e-12 
1.6717627635876039e-12 
1.6717627635876039e-12 
1.6717627635876039e-12 
1.6717627635876039e-12 
1.7457266352486785e-13 
1.7457266352486785e-13 
1.7457266352486785e-13 
1.7457266352486785e-13 
1.7457266352486785e-13 
1.7457266352486785e-13 
1.7457266352486785e-13 
1.7457266352486785e-13 
1.7457266352486785e-13 
1.7457266352486785e-13 
1.7457266352486785e-13 
1.7457266352486785e-13 
1.7457266352486785e-13 
1.7457266352486785e-13 
1.7457266352486785e-13 
1.7457266352486785e-13 
1.7457266352486785e-13 
1.7457266352486785e-13 
1.7457266352486785e-13 
1.7457266352486785e-13 
1.7457266352486785e-13 
1.7457266352486785e-13 
1.7457266352486785e-13 
1.7457266352486785e-13 
1.7457266352486785e-13 
1.7457266352486785e-13 
1.7457266352486785e-13 
1.7457266352486785e-13 
1.7457266352486785e-13 
1.7457266352486785e-13 
1.7457266352486785e-13 
1.7457266352486785e-13 
1.7457266352486785e-13 
1.7457266352486785e-13 
2.6900633459496486e-14 
2.6900633459496486e-14 
2.6900633459496486e-14 
2.6900633459496486e-14 
2.6900633459496486e-14 
2.6900633459496486e-14 
2.6900633459496486e-14 
2.6900633459496486e-14 
2.6900633459496486e-14 
2.6900633459496486e-14 
2.6900633459496486e-14 
2.6900633459496486e-14 
2.6900633459496486e-14 
2.6900633459496486e-14 
2.6900633459496486e-14 
2.6900633459496486e-14 
2.6900633459496486e-14 
2.6900633459496486e-14 
2.6900633459496486e-14 
2.6900633459496486e-14 
2.6900633459496486e-14 
2.6900633459496486e-14 
2.6900633459496486e-14 
2.6900633459496486e-14 
2.6900633459496486e-14 
2.6900633459496486e-14 
2.6900633459496486e-14 
2.6900633459496486e-14 
2.6900633459496486e-14 
2.6900633459496486e-14 
2.6900633459496486e-14 
2.6900633459496486e-14 
2.6900633459496486e-14 
2.6900633459496486e-14 
2.6900633459496486e-14 
2.6900633459496486e-14 
2.6900633459496486e-14 
2.6900633459496486e-14 
2.6900633459496486e-14 
2.6900633459496486e-14 
2.6900633459496486e-14 
2.6900633459496486e-14 
2.6900633459496486e-14 
2.6900633459496486e-14 
2.6900633459496486e-14 
2.6900633459496486e-14 
2.6900633459496486e-14 
2.6900633459496486e-14 
2.6900633459496486e-14 
2.6900633459496486e-14 
2.6900633459496486e-14 
2.6900633459496486e-14 
2.6900633459496486e-14 
2.6900633459496486e-14 
2.6900633459496486e-14 
2.6900633459496486e-14 
2.6900633459496486e-14 
2.6900633459496486e-14 
2.6900633459496486e-14 
2.6900633459496486e-14 
2.6900633459496486e-14 
2.6900633459496486e-14 
2.6900633459496486e-14 
2.6900633459496486e-14 
2.6900633459496486e-14 
2.6900633459496486e-14 
2.6900633459496486e-14 
2.6900633459496486e-14 
2.6900633459496486e-14 
2.6900633459496486e-14 
2.6900633459496486e-14 
2.6900633459496486e-14 
2.6900633459496486e-14 
2.6900633459496486e-14 
2.6900633459496486e-14 
2.6900633459496486e-14 
2.6900633459496486e-14 
2.6900633459496486e-14 
2.6900633459496486e-14 
2.6900633459496486e-14 
2.6900633459496486e-14 
2.6900633459496486e-14 
2.6900633459496486e-14 
2.6900633459496486e-14 
2.6900633459496486e-14 
2.6900633459496486e-14 
2.6900633459496486e-14 
2.6900633459496486e-14 
2.6900633459496486e-14 
2.6900633459496486e-14 
2.6900633459496486e-14 
2.6900633459496486e-14 
2.6900633459496486e-14 
2.6900633459496486e-14 
2.6900633459496486e-14 
2.6900633459496486e-14 
2.6900633459496486e-14 
2.6900633459496486e-14 
2.6900633459496486e-14 
2.6900633459496486e-14 
2.6900633459496486e-14 
2.6900633459496486e-14 
2.6900633459496486e-14 
2.6900633459496486e-14 
2.6900633459496486e-14 
2.6900633459496486e-14 
2.6900633459496486e-14 
2.6900633459496486e-14 
2.6900633459496486e-14 
2.6900633459496486e-14 
2.6900633459496486e-14 
2.6900633459496486e-14 
2.6900633459496486e-14 
2.6900633459496486e-14 
2.6900633459496486e-14 
2.6900633459496486e-14 
2.6900633459496486e-14 
2.6900633459496486e-14 
2.6900633459496486e-14 
2.6900633459496486e-14 
2.6900633459496486e-14 
2.6900633459496486e-14 
2.6900633459496486e-14 
2.6900633459496486e-14 
2.6900633459496486e-14 
2.6900633459496486e-14 
2.6900633459496486e-14 
2.6900633459496486e-14 
2.6900633459496486e-14 
2.6900633459496486e-14 
2.6900633459496486e-14 
2.6900633459496486e-14 
2.6900633459496486e-14 
2.6900633459496486e-14 
2.6900633459496486e-14 
2.6900633459496486e-14 
2.6900633459496486e-14 
2.6900633459496486e-14 
2.6900633459496486e-14 
2.6900633459496486e-14 
2.6900633459496486e-14 
2.6900633459496486e-14 
2.6900633459496486e-14 
2.6900633459496486e-14 
2.6900633459496486e-14 
2.6900633459496486e-14 
2.6900633459496486e-14 
2.6900633459496486e-14 
2.6900633459496486e-14 
2.6900633459496486e-14 
2.6900633459496486e-14 
2.6900633459496486e-14 
2.6900633459496486e-14 
2.6900633459496486e-14 
2.6900633459496486e-14 
2.6900633459496486e-14 
2.6900633459496486e-14 
2.6900633459496486e-14 
2.6900633459496486e-14 
2.6900633459496486e-14 
2.6900633459496486e-14 
2.6900633459496486e-14 
2.6900633459496486e-14 
2.6900633459496486e-14 
2.6900633459496486e-14 
2.6900633459496486e-14 
2.6900633459496486e-14 
2.6900633459496486e-14 
2.6900633459496486e-14 
2.6900633459496486e-14 
2.6900633459496486e-14 
2.6900633459496486e-14 
2.6900633459496486e-14 
2.6900633459496486e-14 
2.6900633459496486e-14 
2.6900633459496486e-14 
2.6900633459496486e-14 
2.6900633459496486e-14 
2.6900633459496486e-14 
2.6900633459496486e-14 
2.6900633459496486e-14 
2.6900633459496486e-14 
2.6900633459496486e-14 
2.6900633459496486e-14 
2.6900633459496486e-14 
2.6900633459496486e-14 
2.6900633459496486e-14 
2.6900633459496486e-14 
2.6900633459496486e-14 
2.6900633459496486e-14 
2.6900633459496486e-14 
2.6900633459496486e-14 
2.6900633459496486e-14 
2.6900633459496486e-14 
2.6900633459496486e-14 
2.6900633459496486e-14 
2.6900633459496486e-14 
2.6900633459496486e-14 
2.6900633459496486e-14 
2.6900633459496486e-14 
2.6900633459496486e-14 
2.6900633459496486e-14 
2.6900633459496486e-14 
2.6900633459496486e-14 
2.6900633459496486e-14 
2.6900633459496486e-14 
2.6900633459496486e-14 
2.6900633459496486e-14 
2.6900633459496486e-14 
2.6900633459496486e-14 
2.6900633459496486e-14 
2.6900633459496486e-14 
2.6900633459496486e-14 
2.6900633459496486e-14 
2.6900633459496486e-14 
2.6900633459496486e-14 
2.6900633459496486e-14 
2.6900633459496486e-14 
2.6900633459496486e-14 
2.6900633459496486e-14 
2.6900633459496486e-14 
2.6900633459496486e-14 
2.6900633459496486e-14 
2.6900633459496486e-14 
2.6900633459496486e-14 
2.6900633459496486e-14 
2.6900633459496486e-14 
2.6900633459496486e-14 
2.6900633459496486e-14 
2.6900633459496486e-14 
2.6900633459496486e-14 
2.6900633459496486e-14 
2.6900633459496486e-14 
2.6900633459496486e-14 
2.6900633459496486e-14 
2.6900633459496486e-14 
2.6900633459496486e-14 
2.6900633459496486e-14 
2.6900633459496486e-14 
2.6900633459496486e-14 
2.6900633459496486e-14 
2.6900633459496486e-14 
2.6900633459496486e-14 
2.6900633459496486e-14 
2.6900633459496486e-14 
2.6900633459496486e-14 
2.6900633459496486e-14 
2.6900633459496486e-14 
2.6900633459496486e-14 
2.6900633459496486e-14 
2.6900633459496486e-14 
2.6900633459496486e-14 
2.6900633459496486e-14 
2.6900633459496486e-14 
2.6900633459496486e-14 
2.6900633459496486e-14 
2.6900633459496486e-14 
2.6900633459496486e-14 
2.6900633459496486e-14 
2.6900633459496486e-14 
2.6900633459496486e-14 
2.6900633459496486e-14 
2.6900633459496486e-14 
2.6900633459496486e-14 
2.6900633459496486e-14 
2.6900633459496486e-14 
2.6900633459496486e-14 
2.6900633459496486e-14 
2.6900633459496486e-14 
2.6900633459496486e-14 
2.6900633459496486e-14 
2.6900633459496486e-14 
2.6900633459496486e-14 
2.6900633459496486e-14 
2.6900633459496486e-14 
2.6900633459496486e-14 
2.6900633459496486e-14 
2.6900633459496486e-14 
2.6900633459496486e-14 
2.6900633459496486e-14 
2.6900633459496486e-14 
2.6900633459496486e-14 
2.6900633459496486e-14 
2.6900633459496486e-14 
2.6900633459496486e-14 
2.6900633459496486e-14 
2.6900633459496486e-14 
2.6900633459496486e-14 
2.6900633459496486e-14 
2.6900633459496486e-14 
2.6900633459496486e-14 
2.6900633459496486e-14 
2.6900633459496486e-14 
2.6900633459496486e-14 
2.6900633459496486e-14 
2.6900633459496486e-14 
2.6900633459496486e-14 
2.6900633459496486e-14 
2.6900633459496486e-14 
2.6900633459496486e-14 
2.6900633459496486e-14 
2.6900633459496486e-14 
2.6900633459496486e-14 
2.6900633459496486e-14 
2.6900633459496486e-14 
2.6900633459496486e-14 
2.6900633459496486e-14 
2.6900633459496486e-14 
2.6900633459496486e-14 
2.6900633459496486e-14 
2.6900633459496486e-14 
2.6900633459496486e-14 
2.6900633459496486e-14 
2.6900633459496486e-14 
2.6900633459496486e-14 
2.6900633459496486e-14 
2.6900633459496486e-14 
2.6900633459496486e-14 
2.6900633459496486e-14 
2.6900633459496486e-14 
2.6900633459496486e-14 
2.6900633459496486e-14 
2.6900633459496486e-14 
2.6900633459496486e-14 
2.6900633459496486e-14 
2.6900633459496486e-14 
2.6900633459496486e-14 
2.6900633459496486e-14 
2.6900633459496486e-14 
2.6900633459496486e-14 
2.6900633459496486e-14 
2.6900633459496486e-14 
2.6900633459496486e-14 
2.6900633459496486e-14 
2.6900633459496486e-14 
2.6900633459496486e-14 
2.6900633459496486e-14 
2.6900633459496486e-14 
2.6900633459496486e-14 
2.6900633459496486e-14 
2.6900633459496486e-14 
2.6900633459496486e-14 
2.6900633459496486e-14 
2.6900633459496486e-14 
2.6900633459496486e-14 
2.6900633459496486e-14 
2.6900633459496486e-14 
2.6900633459496486e-14 
2.6900633459496486e-14 
2.6900633459496486e-14 
2.6900633459496486e-14 
2.6900633459496486e-14 
2.6900633459496486e-14 
2.6900633459496486e-14 
2.6900633459496486e-14 
2.6900633459496486e-14 
2.6900633459496486e-14 
2.6900633459496486e-14 
2.6900633459496486e-14 
2.6900633459496486e-14 
2.6900633459496486e-14 
2.6900633459496486e-14 
2.6900633459496486e-14 
2.6900633459496486e-14 
2.6900633459496486e-14 
2.6900633459496486e-14 
2.6900633459496486e-14 
2.6900633459496486e-14 
2.6900633459496486e-14 
2.6900633459496486e-14 
2.6900633459496486e-14 
2.6900633459496486e-14 
2.6900633459496486e-14 
2.6900633459496486e-14 
2.6900633459496486e-14 
2.6900633459496486e-14 
2.6900633459496486e-14 
2.6900633459496486e-14 
2.6900633459496486e-14 
2.6900633459496486e-14 
2.6900633459496486e-14 
2.6900633459496486e-14 
2.6900633459496486e-14 
2.6900633459496486e-14 
2.6900633459496486e-14 
2.6900633459496486e-14 
2.6900633459496486e-14 
2.6900633459496486e-14 
2.6900633459496486e-14 
2.6900633459496486e-14 
2.6900633459496486e-14 
2.6900633459496486e-14 
2.6900633459496486e-14 
2.6900633459496486e-14 
2.6900633459496486e-14 
2.6900633459496486e-14 
2.6900633459496486e-14 
2.6900633459496486e-14 
2.6900633459496486e-14 
2.6900633459496486e-14 
2.6900633459496486e-14 
2.6900633459496486e-14 
2.6900633459496486e-14 
2.6900633459496486e-14 
2.6900633459496486e-14 
2.6900633459496486e-14 
2.6900633459496486e-14 
2.6900633459496486e-14 
2.6900633459496486e-14 
2.6900633459496486e-14 
2.6900633459496486e-14 
2.6900633459496486e-14 
2.6900633459496486e-14 
2.6900633459496486e-14 
2.6900633459496486e-14 
2.6900633459496486e-14 
2.6900633459496486e-14 
2.6900633459496486e-14 
2.6900633459496486e-14 
2.6900633459496486e-14 
2.6900633459496486e-14 
2.6900633459496486e-14 
2.6900633459496486e-14 
2.6900633459496486e-14 
2.6900633459496486e-14 
2.6900633459496486e-14 
2.6900633459496486e-14 
2.6900633459496486e-14 
2.6900633459496486e-14 
2.6900633459496486e-14 
2.6900633459496486e-14 
2.6900633459496486e-14 
2.6900633459496486e-14 
2.6900633459496486e-14 
2.6900633459496486e-14 
2.6900633459496486e-14 
2.6900633459496486e-14 
2.6900633459496486e-14 
2.6900633459496486e-14 
2.6900633459496486e-14 
2.6900633459496486e-14 
2.6900633459496486e-14 
2.6900633459496486e-14 
2.6900633459496486e-14 
2.6900633459496486e-14 
2.6900633459496486e-14 
2.6900633459496486e-14 
2.6900633459496486e-14 
2.6900633459496486e-14 
2.6900633459496486e-14 
2.6900633459496486e-14 
2.6900633459496486e-14 
2.6900633459496486e-14 
2.6900633459496486e-14 
2.6900633459496486e-14 
2.6900633459496486e-14 
2.6900633459496486e-14 
2.6900633459496486e-14 
2.6900633459496486e-14 
2.6900633459496486e-14 
2.6900633459496486e-14 
2.6900633459496486e-14 
2.6900633459496486e-14 
2.6900633459496486e-14 
2.6900633459496486e-14 
2.6900633459496486e-14 
2.6900633459496486e-14 
2.6900633459496486e-14 
2.6900633459496486e-14 
2.6900633459496486e-14 
2.6900633459496486e-14 
2.6900633459496486e-14 
2.6900633459496486e-14 
2.6900633459496486e-14 
2.6900633459496486e-14 
2.6900633459496486e-14 
2.6900633459496486e-14 
2.6900633459496486e-14 
2.6900633459496486e-14 
2.6900633459496486e-14 
2.6900633459496486e-14 
2.6900633459496486e-14 
2.6900633459496486e-14 
2.6900633459496486e-14 
2.6900633459496486e-14 
2.6900633459496486e-14 
2.6900633459496486e-14 
2.6900633459496486e-14 
2.6900633459496486e-14 
2.6900633459496486e-14 
2.6900633459496486e-14 
2.6900633459496486e-14 
2.6900633459496486e-14 
2.6900633459496486e-14 
2.6900633459496486e-14 
2.6900633459496486e-14 
2.6900633459496486e-14 
2.6900633459496486e-14 
2.6900633459496486e-14 
2.6900633459496486e-14 
2.6900633459496486e-14 
2.6900633459496486e-14 
2.6900633459496486e-14 
2.6900633459496486e-14 
2.6900633459496486e-14 
2.6900633459496486e-14 
2.6900633459496486e-14 
2.6900633459496486e-14 
2.6900633459496486e-14 
2.6900633459496486e-14 
2.6900633459496486e-14 
2.6900633459496486e-14 
2.6900633459496486e-14 
2.6900633459496486e-14 
2.6900633459496486e-14 
2.6900633459496486e-14 
2.6900633459496486e-14 
2.6900633459496486e-14 
2.6900633459496486e-14 
2.6900633459496486e-14 
2.6900633459496486e-14 
2.6900633459496486e-14 
2.6900633459496486e-14 
2.6900633459496486e-14 
2.6900633459496486e-14 
2.6900633459496486e-14 
2.6900633459496486e-14 
2.6900633459496486e-14 
2.6900633459496486e-14 
2.6900633459496486e-14 
2.6900633459496486e-14 
2.6900633459496486e-14 
2.6900633459496486e-14 
2.6900633459496486e-14 
2.6900633459496486e-14 
2.6900633459496486e-14 
2.6900633459496486e-14 
2.6900633459496486e-14 
2.6900633459496486e-14 
2.6900633459496486e-14 
2.6900633459496486e-14 
2.6900633459496486e-14 
2.6900633459496486e-14 
2.6900633459496486e-14 
2.6900633459496486e-14 
2.6900633459496486e-14 
2.6900633459496486e-14 
2.6900633459496486e-14 
2.6900633459496486e-14 
2.6900633459496486e-14 
2.6900633459496486e-14 
2.6900633459496486e-14 
2.6900633459496486e-14 
2.6900633459496486e-14 
2.6900633459496486e-14 
2.6900633459496486e-14 
2.6900633459496486e-14 
2.6900633459496486e-14 
2.6900633459496486e-14 
2.6900633459496486e-14 
2.6900633459496486e-14 
2.6900633459496486e-14 
2.6900633459496486e-14 
2.6900633459496486e-14 
2.6900633459496486e-14 
2.6900633459496486e-14 
2.6900633459496486e-14 
2.6900633459496486e-14 
2.6900633459496486e-14 
2.6900633459496486e-14 
2.6900633459496486e-14 
2.6900633459496486e-14 
2.6900633459496486e-14 
2.6900633459496486e-14 
2.6900633459496486e-14 
2.6900633459496486e-14 
2.6900633459496486e-14 
2.6900633459496486e-14 
2.6900633459496486e-14 
2.6900633459496486e-14 
2.6900633459496486e-14 
2.6900633459496486e-14 
2.6900633459496486e-14 
2.6900633459496486e-14 
2.6900633459496486e-14 
2.6900633459496486e-14 
2.6900633459496486e-14 
2.6900633459496486e-14 
2.6900633459496486e-14 
2.6900633459496486e-14 
2.6900633459496486e-14 
2.6900633459496486e-14 
2.6900633459496486e-14 
2.6900633459496486e-14 
2.6900633459496486e-14 
2.6900633459496486e-14 
2.6900633459496486e-14 
2.6900633459496486e-14 
2.6900633459496486e-14 
2.6900633459496486e-14 
2.6900633459496486e-14 
2.6900633459496486e-14 
2.6900633459496486e-14 
2.6900633459496486e-14 
2.6900633459496486e-14 
2.6900633459496486e-14 
2.6900633459496486e-14 
2.6900633459496486e-14 
2.6900633459496486e-14 
2.6900633459496486e-14 
2.6900633459496486e-14 
2.6900633459496486e-14 
2.6900633459496486e-14 
2.6900633459496486e-14 
2.6900633459496486e-14 
2.6900633459496486e-14 
2.6900633459496486e-14 
2.6900633459496486e-14 
2.6900633459496486e-14 
2.6900633459496486e-14 
2.6900633459496486e-14 
2.6900633459496486e-14 
2.6900633459496486e-14 
2.6900633459496486e-14 
2.6900633459496486e-14 
2.6900633459496486e-14 
2.6900633459496486e-14 
2.6900633459496486e-14 
2.6900633459496486e-14 
2.6900633459496486e-14 
2.6900633459496486e-14 
2.6900633459496486e-14 
2.6900633459496486e-14 
2.6900633459496486e-14 
2.6900633459496486e-14 
2.6900633459496486e-14 
2.6900633459496486e-14 
2.6900633459496486e-14 
2.6900633459496486e-14 
2.6900633459496486e-14 
2.6900633459496486e-14 
2.6900633459496486e-14 
2.6900633459496486e-14 
2.6900633459496486e-14 
2.6900633459496486e-14 
2.6900633459496486e-14 
2.6900633459496486e-14 
2.6900633459496486e-14 
2.6900633459496486e-14 
2.6900633459496486e-14 
2.6900633459496486e-14 
2.6900633459496486e-14 
2.6900633459496486e-14 
2.6900633459496486e-14 
2.6900633459496486e-14 
2.6900633459496486e-14 
2.6900633459496486e-14 
2.6900633459496486e-14 
2.6900633459496486e-14 
2.6900633459496486e-14 
2.6900633459496486e-14 
2.6900633459496486e-14 
2.6900633459496486e-14 
2.6900633459496486e-14 
2.6900633459496486e-14 
2.6900633459496486e-14 
2.6900633459496486e-14 
2.6900633459496486e-14 
2.6900633459496486e-14 
2.6900633459496486e-14 
2.6900633459496486e-14 
2.6900633459496486e-14 
2.6900633459496486e-14 
2.6900633459496486e-14 
2.6900633459496486e-14 
2.6900633459496486e-14 
2.6900633459496486e-14 
2.6900633459496486e-14 
2.6900633459496486e-14 
2.6900633459496486e-14 
2.6900633459496486e-14 
2.6900633459496486e-14 
2.6900633459496486e-14 
2.6900633459496486e-14 
2.6900633459496486e-14 
2.6900633459496486e-14 
2.6900633459496486e-14 
2.6900633459496486e-14 
2.6900633459496486e-14 
2.6900633459496486e-14 
2.6900633459496486e-14 
2.6900633459496486e-14 
2.6900633459496486e-14 
2.6900633459496486e-14 
2.6900633459496486e-14 
2.6900633459496486e-14 
2.6900633459496486e-14 
2.6900633459496486e-14 
2.6900633459496486e-14 
2.6900633459496486e-14 
2.6900633459496486e-14 
2.6900633459496486e-14 
2.6900633459496486e-14 
2.6900633459496486e-14 
2.6900633459496486e-14 
2.6900633459496486e-14 
2.6900633459496486e-14 
2.6900633459496486e-14 
2.6900633459496486e-14 
2.6900633459496486e-14 
2.6900633459496486e-14 
2.6900633459496486e-14 
2.6900633459496486e-14 
2.6900633459496486e-14 
2.6900633459496486e-14 
2.6900633459496486e-14 
2.6900633459496486e-14 
2.6900633459496486e-14 
2.6900633459496486e-14 
2.6900633459496486e-14 
2.6900633459496486e-14 
2.6900633459496486e-14 
2.6900633459496486e-14 
2.6900633459496486e-14 
2.6900633459496486e-14 
2.6900633459496486e-14 
2.6900633459496486e-14 
2.6900633459496486e-14 
