0.0080901703590285749 
0.0080901703590285749 
0.0080901703590285749 
0.0080901703590285749 
0.0080901703590285749 
0.0080901703590285749 
0.0080901703590285749 
0.0080901703590285749 
0.0080901703590285749 
0.0077565460332219456 
0.0075490451737390838 
0.0074091855896771764 
0.0073262038605887529 
0.0072684139049587803 
0.007235672935079515 
0.0072114134246510477 
0.0071987964896253415 
0.0071883579752468696 
0.0071837019996126694 
0.0071790393264289706 
0.0071774646100558502 
0.0071752681520449065 
0.0071748381983201678 
0.0071737295070111989 
0.0071736706987275507 
0.0071731009594110783 
0.0071730598012225378 
0.0071728423083189967 
0.0071727952662742301 
0.0071726735104378605 
0.0071726323922627977 
0.007172552637951796 
0.0071725087540356692 
0.0071724611901878054 
0.0071724117825897301 
0.0071723685685754794 
0.0071723239220876055 
0.0071722798510714713 
0.0071722369959494074 
0.0071721941915250248 
0.0071721513098605564 
0.0071721083537459361 
0.0071720657387218936 
0.0071720231611321116 
0.007171980619104794 
0.0071719381126304086 
0.0071718956417090619 
0.0071718532063408643 
0.0071718108065259543 
0.0071717684422644657 
0.0071717261135565199 
0.0071716838204022313 
0.0071716415628017378 
0.0071715993407551757 
0.0071715571542626637 
0.0071715150033243172 
0.007171472887940275 
0.0071714308081106655 
0.0071713887638356214 
0.007171346755115251 
0.007171304781949695 
0.007171262844339079 
0.0071712209422835262 
0.0071711790757831668 
0.0071711372448381291 
0.0071710954494485415 
0.0071710536896145175 
0.0071710119653362152 
0.0071709702766137202 
0.0071709286234471932 
0.0071708870058367399 
0.007170845423782506 
0.0071708038772846094 
0.0071707623663431795 
0.0071707208909583308 
0.0071706794511302019 
0.0071706380468589282 
0.0071705966781446164 
0.0071705553449874053 
0.0071705140473874241 
0.0071704727853448063 
0.0071704315588596588 
0.0071703903679321227 
0.0071703492125623223 
0.0071703080927503944 
0.0071702670084964459 
0.0071702259598006154 
0.0071701849466630314 
0.0071701439690838205 
0.0071701030270631049 
0.0071700621206010158 
0.0071700212496976822 
0.0071699804143532178 
0.0071699396145677684 
0.0071698988503414562 
0.0071698581216744052 
0.0071698174285667335 
0.0071697767710185789 
0.0071697361490300751 
0.0071696955626013434 
0.0071696550117324983 
0.0071696144964236786 
0.0071695740166750187 
0.0071695335724866393 
0.0071694931638586548 
0.0071694527907912057 
0.007169412453284417 
0.0071693721513384125 
0.0071693318849533234 
0.0071692916541292772 
0.0071692514588664012 
0.007169211299164817 
0.0071691711750246573 
0.0071691310864460496 
0.0071690910334291204 
0.0071690510159739844 
0.0071690110340807888 
0.0071689710877496527 
0.0071689311769806922 
0.007168891301774046 
0.0071688514621298599 
0.007168811658048219 
0.0071687718895292844 
0.0071687321565731621 
0.0071686924591799961 
0.0071686527973499076 
0.0071686131710830105 
0.007168573580379446 
0.00716853402523934 
0.0071684945056628147 
0.007168455021650014 
0.0071684155732010413 
0.0071683761603160232 
0.0071683367829951184 
0.0071682974412384231 
0.007168258135046077 
0.0071682188644182068 
0.0071681796293549269 
0.0071681404298563969 
0.0071681012659226984 
0.0071680621375539971 
0.007168023044750396 
0.0071679839875120515 
0.0071679449658390484 
0.0071679059797315507 
0.0071678670291896616 
0.0071678281142135191 
0.0071677892348032575 
0.0071677503909589862 
0.0071677115826808543 
0.0071676728099689677 
0.0071676340728234582 
0.0071675953712444698 
0.0071675567052321082 
0.0071675180747865098 
0.0071674794799077915 
0.0071674409205961112 
0.0071674023968515627 
0.0071673639086742898 
0.0071673254560644028 
0.0071672870390220508 
0.0071672486575473527 
0.0071672103116404377 
0.0071671720013014297 
0.0071671337265304521 
0.0071670954873276384 
0.0071670572836931151 
0.007167019115626996 
0.0071669809831294232 
0.0071669428862005261 
0.0071669048248404294 
0.0071668667990492469 
0.0071668288088271165 
0.0071667908541741734 
0.007166752935090526 
0.0071667150515763254 
0.0071666772036316608 
0.0071666393912566979 
0.0071666016144515581 
0.007166563873216349 
0.0071665261675512102 
0.0071664884974562562 
0.0071664508629316458 
0.0071664132639774761 
0.0071663757005938841 
0.0071663381727809861 
0.0071663006805389347 
0.0071662632238678366 
0.0071662258027678141 
0.0071661884172390189 
0.0071661510672815535 
0.0071661137528955627 
0.0071660764740811688 
0.0071660392308384854 
0.007166002023167653 
0.0071659648510687983 
0.0071659277145420548 
0.0071658906135875309 
0.0071658535482053663 
0.0071658165183956868 
0.0071657795241586286 
0.0071657425654942973 
0.0071657056424028354 
0.0071656687548843677 
0.0071656319029390096 
0.0071655950865669197 
0.0071655583057681797 
0.0071655215605429578 
0.0071654848508913536 
0.0071654481768135261 
0.0071654115383095705 
0.0071653749353796144 
0.0071653383680237983 
0.0071653018362422679 
0.0071652653400351056 
0.0071652288794024771 
0.0071651924543444838 
0.0071651560648612654 
0.0071651197109529555 
0.0071650833926196634 
0.007165047109861539 
0.0071650108626786875 
0.0071649746510712396 
0.0071649384750393421 
0.0071649023345830981 
0.0071648662297026456 
0.0071648301603981007 
0.0071647941266696092 
0.0071647581285173038 
0.0071647221659412738 
0.0071646862389416841 
0.0071646503475186448 
0.0071646144916722877 
0.0071645786714027394 
0.0071645428867101162 
0.0071645071375945569 
0.0071644714240561951 
0.0071644357460951512 
0.0071644001037115398 
0.0071643644969055014 
0.0071643289256771688 
0.0071642933900266641 
0.0071642578899541003 
0.0071642224254596177 
0.0071641869965433438 
0.0071641516032053985 
0.007164116245445917 
0.0071640809232650249 
0.00716404563666285 
0.0071640103856395118 
0.0071639751701951596 
0.0071639399903298791 
0.0071639048460438379 
0.0071638697373371417 
0.0071638346642099266 
0.0071637996266623195 
0.0071637646246944459 
0.0071637296583064222 
0.0071636947274983914 
0.0071636598322704775 
0.0071636249726227943 
0.0071635901485554813 
0.0071635553600686713 
0.0071635206071624866 
0.0071634858898370398 
0.0071634512080924724 
0.007163416561928912 
0.0071633819513464902 
0.0071633473763453156 
0.0071633128369255287 
0.0071632783330872578 
0.00716324386483062 
0.0071632094321557654 
0.0071631750350627937 
0.0071631406735518325 
0.0071631063476230361 
0.0071630720572765086 
0.0071630378025123878 
0.0071630035833307841 
0.0071629693997318552 
0.0071629352517157035 
0.0071629011392824659 
0.0071628670624322563 
0.0071628330211652149 
0.0071627990154814695 
0.0071627650453811509 
0.0071627311108643831 
0.0071626972119312781 
0.0071626633485819772 
0.0071626295208165993 
0.0071625957286352935 
0.0071625619720381587 
0.0071625282510253381 
0.0071624945655969479 
0.0071624609157531398 
0.0071624273014940119 
0.0071623937228196908 
0.0071623601797303335 
0.0071623266722260414 
0.0071622932003069543 
0.007162259763973197 
0.0071622263632248832 
0.0071621929980621585 
0.0071621596684851461 
0.0071621263744939719 
0.0071620931160887502 
0.0071620598932696225 
0.0071620267060367197 
0.0071619935543901642 
0.0071619604383300704 
0.0071619273578565779 
0.0071618943129698196 
0.0071618613036699037 
0.0071618283299569709 
0.0071617953918311494 
0.007161762489292566 
0.0071617296223413377 
0.0071616967909776024 
0.0071616639952014859 
0.0071616312350131156 
0.0071615985104126114 
0.0071615658214001059 
0.00716153316797573 
0.0071615005501395948 
0.0071614679678918564 
0.0071614354212326181 
0.0071614029101620029 
0.0071613704346801654 
0.0071613379947872043 
0.0071613055904832671 
0.0071612732217684622 
0.0071612408886429424 
0.007161208591106809 
0.0071611763291602069 
0.0071611441028032454 
0.007161111912036079 
0.0071610797568588081 
0.0071610476372715578 
0.0071610155532744893 
0.0071609835048676972 
0.0071609514920513212 
0.0071609195148254765 
0.0071608875731903228 
0.007160855667145952 
0.007160823796692509 
0.007160791961830104 
0.0071607601625588938 
0.0071607283988789818 
0.0071606966707905041 
0.0071606649782935735 
0.0071606333213883331 
0.0071606017000749129 
0.0071605701143534362 
0.0071605385642240157 
0.0071605070496867929 
0.0071604755707418951 
0.0071604441273894542 
0.0071604127196295778 
0.0071603813474624082 
0.0071603500108880728 
0.0071603187099067026 
0.0071602874445184069 
0.0071602562147233244 
0.0071602250205215863 
0.0071601938619133016 
0.0071601627388986197 
0.007160131651477661 
0.007160100599650554 
0.0071600695834174105 
0.0071600386027783781 
0.0071600076577335763 
0.0071599767482831362 
0.007159945874427167 
0.0071599150361658179 
0.0071598842334992096 
0.0071598534664274556 
0.007159822734950712 
0.0071597920390690621 
0.007159761378782682 
0.0071597307540916784 
0.0071597001649961649 
0.007159669611496269 
0.0071596390935921512 
0.0071596086112839189 
0.007159578164571685 
0.0071595477534555779 
0.0071595173779357528 
0.007159487038012312 
0.0071594567336853935 
0.0071594264649551239 
0.0071593962318216159 
0.007159366034285017 
0.0071593358723454469 
0.0071593057460030357 
0.0071592756552578962 
0.007159245600110168 
0.0071592155805599829 
0.007159185596607465 
0.0071591556482527271 
0.0071591257354959095 
0.0071590958583371443 
0.0071590660167765406 
0.007159036210814239 
0.007159006440450367 
0.007158976705685053 
0.0071589470065184114 
0.0071589173429505819 
0.0071588877149816911 
0.0071588581226118666 
0.0071588285658412227 
0.0071587990446699001 
0.0071587695590980254 
0.0071587401091257096 
0.007158710694753114 
0.0071586813159803331 
0.0071586519728074945 
0.0071586226652347526 
0.0071585933932622062 
0.0071585641568900028 
0.0071585349561182482 
0.007158505790947102 
0.0071584766613766587 
0.0071584475674070667 
0.0071584185090384335 
0.0071583894862709005 
0.0071583604991045961 
0.0071583315475396469 
0.0071583026315761838 
0.0071582737512143153 
0.0071582449064541837 
0.0071582160972959016 
0.0071581873237396287 
0.0071581585857854596 
0.0071581298834335364 
0.0071581012166839712 
0.007158072585536906 
0.0071580439899924702 
0.0071580154300507903 
0.0071579869057119766 
0.0071579584169761869 
0.007157929963843521 
0.0071579015463141037 
0.0071578731643880929 
0.0071578448180655832 
0.0071578165073467185 
0.0071577882322316141 
0.0071577599927204099 
0.0071577317888132314 
0.0071577036205102062 
0.0071576754878114645 
0.0071576473907171171 
0.0071576193292273039 
0.007157591303342154 
0.0071575633130617784 
0.0071575353583863219 
0.0071575074393159096 
0.0071574795558506533 
0.0071574517079907108 
0.0071574238957361818 
0.0071573961190872061 
0.0071573683780438947 
0.0071573406726063897 
0.007157313002774824 
0.0071572853685493189 
0.0071572577699300028 
0.0071572302069169867 
0.0071572026795104146 
0.0071571751877103993 
0.0071571477315170978 
0.0071571203109306062 
0.0071570929259510505 
0.0071570655765785928 
0.0071570382628133259 
0.0071570109846553929 
0.0071569837421049205 
0.0071569565351620196 
0.0071569293638268534 
0.0071569022280995138 
0.0071568751279801291 
0.0071568480634688399 
0.0071568210345657936 
0.0071567940412710683 
0.0071567670835848357 
0.0071567401615071939 
0.0071567132750382841 
0.0071566864241782383 
0.007156659608927164 
0.0071566328292852182 
0.0071566060852524998 
0.0071565793768291371 
0.0071565527040152862 
0.0071565260668110427 
0.0071564994652165504 
0.0071564728992319178 
0.0071564463688572949 
0.007156419874092804 
0.0071563934149385718 
0.0071563669913947258 
0.0071563406034613804 
0.0071563142511386763 
0.0071562879344267407 
0.0071562616533256832 
0.0071562354078356519 
0.0071562091979567701 
0.0071561830236891661 
0.0071561568850329492 
0.0071561307819882642 
0.0071561047145552396 
0.0071560786827339854 
0.0071560526865246596 
0.0071560267259273428 
0.007156000800942211 
0.0071559749115693745 
0.0071559490578089434 
0.0071559232396610608 
0.0071558974571258385 
0.0071558717102034389 
0.0071558459988939538 
0.0071558203231975107 
0.0071557946831142675 
0.0071557690786443239 
0.0071557435097878187 
0.0071557179765448812 
0.0071556924789156207 
0.0071556670169001819 
0.0071556415904986933 
0.0071556161997112797 
0.0071555908445380539 
0.0071555655249791574 
0.0071555402410347201 
0.0071555149927048671 
0.0071554897799897101 
0.0071554646028893915 
0.0071554394614040378 
0.0071554143555337645 
0.007155389285278712 
0.0071553642506390061 
0.0071553392516147743 
0.007155314288206132 
0.0071552893604132188 
0.0071552644682361605 
0.0071552396116750872 
0.0071552147907301107 
0.0071551900054013717 
0.0071551652556889984 
0.0071551405415931002 
0.0071551158631138392 
0.00715509122025131 
0.0071550666130056392 
0.0071550420413769855 
0.0071550175053654444 
0.0071549930049711608 
0.0071549685401942446 
0.0071549441110348383 
0.0071549197174930693 
0.0071548953595690643 
0.0071548710372629533 
0.0071548467505748448 
0.0071548224995048827 
0.0071547982840531772 
0.0071547741042198923 
0.0071547499600051172 
0.0071547258514089978 
0.0071547017784316441 
0.0071546777410732157 
0.0071546537393338107 
0.0071546297732135687 
0.0071546058427126016 
0.0071545819478310534 
0.0071545580885690524 
0.0071545342649267244 
0.0071545104769041787 
0.007154486724501561 
0.007154463007718998 
0.007154439326556618 
0.0071544156810145311 
0.0071543920710928788 
0.0071543684967917912 
0.0071543449581113793 
0.0071543214550518009 
0.0071542979876131514 
0.0071542745557955567 
0.0071542511595991806 
0.0071542277990241151 
0.0071542044740705016 
0.0071541811847384536 
0.00715415793102813 
0.007154134712939627 
0.0071541115304730868 
0.0071540883836286196 
0.0071540652724063694 
0.0071540421968064663 
0.0071540191568290334 
0.0071539961524742001 
0.0071539731837420763 
0.007153950250632788 
0.0071539273531464991 
0.0071539044912833178 
0.0071538816650433545 
0.0071538588744267367 
0.0071538361194336264 
0.0071538134000641157 
0.0071537907163183485 
0.0071537680681964524 
0.0071537454556985375 
0.0071537228788247503 
0.0071537003375752159 
0.0071536778319500598 
0.007153655361949395 
0.0071536329275733654 
0.0071536105288220984 
0.0071535881656957191 
0.0071535658381943392 
0.0071535435463181011 
0.0071535212900671365 
0.007153499069441553 
0.0071534768844414929 
0.0071534547350670854 
0.0071534326213184589 
0.0071534105431957217 
0.0071533885006990179 
0.0071533664938284751 
0.0071533445225842231 
0.007153322586966368 
0.0071533006869750563 
0.0071532788226104137 
0.0071532569938725513 
0.0071532352007616156 
0.0071532134432777299 
0.0071531917214210233 
0.0071531700351916061 
0.007153148384589623 
0.0071531267696152007 
0.0071531051902684649 
0.0071530836465495276 
0.0071530621384585328 
0.0071530406659955914 
0.0071530192291608631 
0.0071529978279544415 
0.0071529764623764706 
0.0071529551324270796 
0.007152933838106377 
0.0071529125794145068 
0.0071528913563515964 
0.0071528701689177561 
0.007152849017113147 
0.0071528279009378639 
0.0071528068203920324 
0.0071527857754758138 
0.0071527647661893019 
0.0071527437925326415 
0.0071527228545059576 
0.0071527019521093619 
0.0071526810853429976 
0.0071526602542069939 
0.0071526394587014611 
0.0071526186988265569 
0.0071525979745823776 
0.0071525772859690516 
0.0071525566329867368 
0.0071525360156355286 
0.0071525154339155692 
0.0071524948878269896 
0.0071524743773698956 
0.0071524539025444337 
0.0071524334633507299 
0.0071524130597888959 
0.0071523926918590931 
0.0071523723595614134 
0.0071523520628960016 
0.0071523318018629671 
0.0071523115764624565 
0.0071522913866945955 
0.0071522712325595107 
0.0071522511140573114 
0.0071522310311881443 
0.0071522109839521368 
0.0071521909723494138 
0.0071521709963800872 
0.0071521510560443001 
0.0071521311513421818 
0.0071521112822738415 
0.0071520914488394207 
0.0071520716510390502 
0.0071520518888728551 
0.0071520321623409471 
0.0071520124714434703 
0.0071519928161805513 
0.0071519731965523177 
0.0071519536125588794 
0.0071519340642003807 
0.0071519145514769488 
0.0071518950743886932 
0.0071518756329357596 
0.0071518562271182745 
0.0071518368569363656 
0.007151817522390142 
0.0071517982234797486 
0.0071517789602053138 
0.0071517597325669634 
0.0071517405405648075 
0.007151721384198991 
0.0071517022634696231 
0.0071516831783768678 
0.0071516641289208153 
0.0071516451151016104 
0.0071516261369193798 
0.0071516071943742371 
0.0071515882874663237 
0.0071515694161957662 
0.0071515505805626765 
0.0071515317805672159 
0.0071515130162094773 
0.0071514942874895864 
0.0071514755944077062 
0.0071514569369639288 
0.0071514383151584007 
0.0071514197289912467 
0.0071514011784625763 
0.0071513826635725367 
0.0071513641843212539 
0.0071513457407088379 
0.0071513273327354493 
0.0071513089604011825 
0.0071512906237061634 
0.0071512723226505549 
0.0071512540572344491 
0.0071512358274579907 
0.0071512176333212883 
0.0071511994748245074 
0.0071511813519677366 
0.0071511632647511215 
0.0071511452131747741 
0.0071511271972388348 
0.0071511092169434364 
0.007151091272288702 
0.0071510733632747601 
0.0071510554899017207 
0.0071510376521697278 
0.0071510198500788916 
0.0071510020836293752 
0.0071509843528212687 
0.0071509666576547006 
0.0071509489981298338 
0.0071509313742467596 
0.0071509137860056226 
0.0071508962334065514 
0.0071508787164496542 
0.0071508612351350769 
0.0071508437894629451 
0.0071508263794333882 
0.0071508090050465137 
0.0071507916663024682 
0.0071507743632013782 
0.0071507570957433705 
0.0071507398639285551 
0.007150722667757077 
0.0071507055072290646 
0.0071506883823446252 
0.0071506712931039048 
0.0071506542395070307 
0.0071506372215541306 
0.0071506202392453127 
0.0071506032925807228 
0.0071505863815604876 
0.0071505695061847181 
0.0071505526664535765 
0.0071505358623671347 
0.0071505190939255758 
0.0071505023611290082 
0.007150485663977542 
0.0071504690024713213 
0.0071504523766104553 
0.0071504357863950889 
0.0071504192318253513 
0.0071504027129013692 
0.0071503862296232682 
0.0071503697819911595 
0.007150353370005187 
0.0071503369936654791 
0.0071503206529721433 
0.0071503043479253254 
0.0071502880785251528 
0.0071502718447717366 
0.007150255646665239 
0.0071502394842057494 
0.0071502233573933959 
0.0071502072662283428 
0.0071501912107106809 
0.0071501751908405551 
0.0071501592066180938 
0.0071501432580434046 
0.0071501273451166341 
0.007150111467837908 
0.0071500956262073546 
0.0071500798202250825 
0.0071500640498912381 
0.0071500483152059473 
0.0071500326161693202 
0.0071500169527815016 
0.00715000132504262 
0.0071499857329528019 
0.007149970176512155 
0.0071499546557208448 
0.0071499391705789426 
0.0071499237210866312 
0.0071499083072440019 
0.0071498929290511985 
0.0071498775865083495 
0.0071498622796155624 
0.0071498470083730037 
0.0071498317727807618 
0.0071498165728389644 
0.007149801408547758 
0.0071497862799072866 
0.0071497711869176238 
0.007149756129578951 
0.0071497411078913593 
0.0071497261218549943 
0.0071497111714699836 
0.0071496962567364339 
0.0071496813776544942 
0.0071496665342242888 
0.0071496517264459467 
0.0071496369543195774 
0.0071496222178453238 
0.0071496075170233153 
0.0071495928518536785 
0.0071495782223365226 
0.0071495636284719926 
0.0071495490702601977 
0.0071495345477013026 
0.007149520060795396 
0.007149505609542626 
0.0071494911939431176 
0.007149476813996981 
0.007149462469704361 
0.0071494481610653868 
0.0071494338880801634 
0.0071494196507488408 
0.0071494054490715622 
0.0071493912830483987 
0.0071493771526795358 
0.0071493630579650613 
0.0071493489989051234 
0.007149334975499827 
0.0071493209877493214 
0.0071493070356537323 
0.0071492931192131881 
0.0071492792384278145 
0.0071492653932977218 
0.0071492515838230538 
0.0071492378100039399 
0.0071492240718404867 
0.0071492103693328425 
0.0071491967024811323 
0.0071491830712854662 
0.007149169475746008 
0.0071491559158628473 
0.0071491423916361305 
0.0071491289030659669 
0.0071491154501525014 
0.0071491020328958614 
0.0071490886512961746 
0.0071490753053535493 
0.0071490619950681311 
0.0071490487204400486 
0.0071490354814694084 
0.0071490222781563761 
0.0071490091105010419 
0.0071489959785035325 
0.0071489828821640136 
0.0071489698214825736 
0.0071489567964593582 
0.0071489438070944976 
0.0071489308533880967 
0.0071489179353403038 
0.0071489050529512455 
0.0071488922062210303 
0.0071488793951498229 
0.0071488666197377128 
0.0071488538799848265 
0.0071488411758913314 
0.0071488285074573152 
0.0071488158746829244 
0.0071488032775682674 
0.0071487907161135091 
0.0071487781903187388 
0.0071487657001840848 
0.0071487532457097103 
0.0071487408268957062 
0.0071487284437422192 
0.0071487160962493751 
0.007148703784417283 
0.0071486915082460889 
0.0071486792677359192 
0.0071486670628869032 
0.0071486548936991476 
0.007148642760172799 
0.0071486306623079841 
0.007148618600104812 
0.0071486065735634294 
0.007148594582683963 
0.0071485826274665393 
0.0071485707079112677 
0.007148558824018293 
0.0071485469757877444 
0.0071485351632197477 
0.0071485233863144123 
0.0071485116450718828 
0.0071484999394922887 
0.0071484882695757373 
0.0071484766353223737 
0.0071484650367323261 
0.007148453473805722 
0.0071484419465426699 
0.0071484304549433138 
0.0071484189990077837 
0.0071484075787362072 
0.0071483961941286901 
0.0071483848451853798 
0.007148373531906403 
0.0071483622542918698 
0.0071483510123419242 
0.0071483398060566954 
0.0071483286354363093 
0.007148317500480875 
0.0071483064011905366 
0.007148295337565426 
0.0071482843096056462 
0.0071482733173113657 
0.0071482623606826728 
0.0071482514397196951 
0.0071482405544225792 
0.0071482297047914698 
0.0071482188908264382 
0.0071482081125276709 
0.0071481973698952527 
0.007148186662929332 
0.0071481759916300373 
0.0071481653559974942 
0.0071481547560318113 
0.0071481441917331358 
0.0071481336631015746 
0.0071481231701372933 
0.0071481127128403829 
0.0071481022912109676 
0.0071480919052492155 
0.0071480815549552134 
0.0071480712403291097 
0.0071480609613710317 
0.0071480507180810855 
0.0071480405104594382 
0.0071480303385061577 
0.0071480202022214329 
0.0071480101016053489 
0.0071480000366580523 
0.0071479900073796732 
0.0071479800137703373 
0.0071479700558301513 
0.0071479601335592627 
0.007147950246957799 
0.0071479403960258685 
0.007147930580763618 
0.007147920801171174 
0.0071479110572486631 
0.0071479013489961947 
0.0071478916764139144 
0.0071478820395019507 
0.0071478724382604093 
0.0071478628726894386 
0.007147853342789166 
0.0071478438485597191 
0.0071478343900012037 
0.0071478249671137681 
0.0071478155798975389 
0.0071478062283526437 
0.0071477969124791908 
0.007147787632277326 
0.0071477783877471768 
0.0071477691788888508 
0.0071477600057024962 
0.0071477508681882396 
0.007147741766346207 
0.0071477327001765066 
0.0071477236696792868 
0.0071477146748546733 
0.0071477057157027938 
0.0071476967922237556 
0.0071476879044177054 
0.0071476790522847725 
0.0071476702358250627 
0.0071476614550387233 
0.0071476527099258811 
0.0071476440004866436 
0.0071476353267211799 
0.007147626688629575 
0.0071476180862119765 
0.0071476095194684926 
0.00714760098839927 
