0.21493252386964715 
0.10685850435374339 
0.038661070573743607 
0.011460135324987596 
0.011460135324987596 
0.011460135324987596 
0.011460135324987596 
0.0061466743386036681 
0.0061466743386036681 
0.0061466743386036681 
0.002544545184991412 
0.0025118663850959787 
0.0025118663850959787 
0.0025118663850959787 
0.0025118663850959787 
0.0025118663850959787 
0.0025118663850959787 
0.0023878240221415401 
0.0011507078953300746 
0.0011507078953300746 
0.0011507078953300746 
0.0011507078953300746 
0.0011507078953300746 
0.00055385954283907564 
0.00055385954283907564 
0.00055385954283907564 
0.00017346891792252889 
0.00017346891792252889 
0.00017346891792252889 
0.00017346891792252889 
0.00017346891792252889 
0.00017346891792252889 
0.00017346891792252889 
2.1415384269994633e-05 
2.1415384269994633e-05 
2.1415384269994633e-05 
2.1415384269994633e-05 
2.1415384269994633e-05 
2.1415384269994633e-05 
2.1415384269994633e-05 
2.1415384269994633e-05 
2.1415384269994633e-05 
2.1415384269994633e-05 
2.1415384269994633e-05 
2.1415384269994633e-05 
2.1415384269994633e-05 
2.1415384269994633e-05 
2.1415384269994633e-05 
2.1415384269994633e-05 
2.1415384269994633e-05 
2.1415384269994633e-05 
2.1415384269994633e-05 
2.1415384269994633e-05 
2.1415384269994633e-05 
2.1415384269994633e-05 
2.1415384269994633e-05 
2.1415384269994633e-05 
2.1415384269994633e-05 
1.0848303095595116e-05 
1.0848303095595116e-05 
1.0848303095595116e-05 
1.0848303095595116e-05 
9.5154400850003592e-06 
9.5154400850003592e-06 
9.5154400850003592e-06 
9.5154400850003592e-06 
9.5154400850003592e-06 
9.5154400850003592e-06 
9.5154400850003592e-06 
9.5154400850003592e-06 
9.5154400850003592e-06 
9.5154400850003592e-06 
9.5154400850003592e-06 
9.5154400850003592e-06 
9.5154400850003592e-06 
9.5154400850003592e-06 
9.5154400850003592e-06 
9.5154400850003592e-06 
9.5154400850003592e-06 
9.5154400850003592e-06 
9.5154400850003592e-06 
9.5154400850003592e-06 
8.7102744823820811e-06 
8.7102744823820811e-06 
8.7102744823820811e-06 
8.7102744823820811e-06 
8.7102744823820811e-06 
4.5300504099171317e-06 
4.5300504099171317e-06 
4.5300504099171317e-06 
2.7150410875113613e-06 
2.7150410875113613e-06 
2.7150410875113613e-06 
2.7150410875113613e-06 
2.7150410875113613e-06 
2.7150410875113613e-06 
2.7150410875113613e-06 
2.7150410875113613e-06 
2.7150410875113613e-06 
2.7150410875113613e-06 
2.7150410875113613e-06 
2.7150410875113613e-06 
2.7150410875113613e-06 
2.7150410875113613e-06 
2.7150410875113613e-06 
2.7150410875113613e-06 
2.7150410875113613e-06 
2.7150410875113613e-06 
2.7150410875113613e-06 
2.7150410875113613e-06 
2.7150410875113613e-06 
2.7150410875113613e-06 
2.7150410875113613e-06 
2.7150410875113613e-06 
2.7150410875113613e-06 
2.7150410875113613e-06 
1.5544438518446331e-06 
1.5544438518446331e-06 
1.5544438518446331e-06 
1.5544438518446331e-06 
1.2113132615380318e-06 
1.2113132615380318e-06 
1.2113132615380318e-06 
6.8040314724466024e-07 
6.8040314724466024e-07 
6.8040314724466024e-07 
6.8040314724466024e-07 
6.8040314724466024e-07 
6.8040314724466024e-07 
6.8040314724466024e-07 
5.602741216710862e-07 
4.2434331954493772e-07 
4.2434331954493772e-07 
1.2504257503505299e-07 
1.2504257503505299e-07 
1.2504257503505299e-07 
1.2504257503505299e-07 
1.2504257503505299e-07 
7.2612667746011867e-08 
7.2612667746011867e-08 
1.6061224328769359e-08 
1.6061224328769359e-08 
1.6061224328769359e-08 
1.6061224328769359e-08 
1.6061224328769359e-08 
1.6061224328769359e-08 
1.6061224328769359e-08 
1.6061224328769359e-08 
1.6061224328769359e-08 
1.6061224328769359e-08 
1.6061224328769359e-08 
1.6061224328769359e-08 
1.4911968645784505e-08 
1.4911968645784505e-08 
1.4050266523853572e-08 
1.4050266523853572e-08 
1.4050266523853572e-08 
1.4050266523853572e-08 
1.4050266523853572e-08 
5.6876254971159324e-10 
5.6876254971159324e-10 
5.6876254971159324e-10 
5.6876254971159324e-10 
5.6876254971159324e-10 
5.6876254971159324e-10 
5.6876254971159324e-10 
5.6876254971159324e-10 
5.6876254971159324e-10 
5.6876254971159324e-10 
5.6876254971159324e-10 
5.6876254971159324e-10 
5.6876254971159324e-10 
5.6876254971159324e-10 
5.6876254971159324e-10 
5.6876254971159324e-10 
5.6876254971159324e-10 
5.6876254971159324e-10 
5.6876254971159324e-10 
5.6876254971159324e-10 
5.6876254971159324e-10 
5.6876254971159324e-10 
5.6876254971159324e-10 
5.6876254971159324e-10 
5.6876254971159324e-10 
4.5709796800692326e-10 
4.5709796800692326e-10 
4.5709796800692326e-10 
4.5709796800692326e-10 
4.5709796800692326e-10 
4.5709796800692326e-10 
4.5709796800692326e-10 
2.2621334702314621e-10 
2.2621334702314621e-10 
2.2621334702314621e-10 
2.2621334702314621e-10 
6.4011636387754917e-11 
6.4011636387754917e-11 
6.4011636387754917e-11 
1.4435772167782129e-11 
1.4435772167782129e-11 
1.4435772167782129e-11 
1.4435772167782129e-11 
1.4435772167782129e-11 
1.4435772167782129e-11 
1.4435772167782129e-11 
1.4435772167782129e-11 
1.4435772167782129e-11 
1.4435772167782129e-11 
1.4435772167782129e-11 
1.4435772167782129e-11 
1.4435772167782129e-11 
1.4435772167782129e-11 
1.4435772167782129e-11 
1.4435772167782129e-11 
5.0233015204460358e-12 
5.0233015204460358e-12 
5.0233015204460358e-12 
5.0233015204460358e-12 
5.0233015204460358e-12 
5.0233015204460358e-12 
5.0233015204460358e-12 
2.7330354040243746e-12 
2.7330354040243746e-12 
2.7330354040243746e-12 
2.7330354040243746e-12 
2.7330354040243746e-12 
2.7330354040243746e-12 
1.8630137023658952e-12 
1.8630137023658952e-12 
1.8630137023658952e-12 
1.8630137023658952e-12 
1.8630137023658952e-12 
1.8630137023658952e-12 
1.8630137023658952e-12 
1.8630137023658952e-12 
1.8630137023658952e-12 
1.8630137023658952e-12 
1.8630137023658952e-12 
1.8630137023658952e-12 
1.8630137023658952e-12 
1.8630137023658952e-12 
1.8630137023658952e-12 
1.8630137023658952e-12 
1.8630137023658952e-12 
1.8630137023658952e-12 
1.8630137023658952e-12 
1.8630137023658952e-12 
1.8630137023658952e-12 
1.8630137023658952e-12 
1.8630137023658952e-12 
1.8630137023658952e-12 
1.5140963287281229e-12 
1.5140963287281229e-12 
1.5140963287281229e-12 
1.5140963287281229e-12 
1.5140963287281229e-12 
1.5140963287281229e-12 
1.5140963287281229e-12 
1.4730081921685262e-12 
1.4730081921685262e-12 
1.4730081921685262e-12 
1.4730081921685262e-12 
1.4730081921685262e-12 
7.6047401611546306e-13 
7.6047401611546306e-13 
7.6047401611546306e-13 
7.6047401611546306e-13 
7.6047401611546306e-13 
7.6047401611546306e-13 
7.6047401611546306e-13 
7.6047401611546306e-13 
7.6047401611546306e-13 
7.6047401611546306e-13 
5.2840871627515733e-14 
5.2840871627515733e-14 
5.2840871627515733e-14 
5.2840871627515733e-14 
5.2840871627515733e-14 
5.2840871627515733e-14 
5.2840871627515733e-14 
5.2840871627515733e-14 
5.2840871627515733e-14 
5.2840871627515733e-14 
5.2840871627515733e-14 
5.2840871627515733e-14 
5.2840871627515733e-14 
5.2840871627515733e-14 
5.2840871627515733e-14 
5.2840871627515733e-14 
5.2840871627515733e-14 
5.2840871627515733e-14 
5.2840871627515733e-14 
5.2840871627515733e-14 
5.2840871627515733e-14 
5.2840871627515733e-14 
5.2840871627515733e-14 
5.2840871627515733e-14 
5.2840871627515733e-14 
5.2840871627515733e-14 
5.2840871627515733e-14 
5.2840871627515733e-14 
5.2840871627515733e-14 
5.2840871627515733e-14 
5.2840871627515733e-14 
5.2840871627515733e-14 
5.2840871627515733e-14 
5.2840871627515733e-14 
5.2840871627515733e-14 
5.2840871627515733e-14 
5.2840871627515733e-14 
5.2840871627515733e-14 
5.2840871627515733e-14 
5.2840871627515733e-14 
5.2840871627515733e-14 
5.2840871627515733e-14 
5.2840871627515733e-14 
5.2840871627515733e-14 
5.2840871627515733e-14 
5.2840871627515733e-14 
5.2840871627515733e-14 
5.2840871627515733e-14 
5.2840871627515733e-14 
5.2840871627515733e-14 
5.2840871627515733e-14 
5.2840871627515733e-14 
5.2840871627515733e-14 
5.2840871627515733e-14 
5.2840871627515733e-14 
5.2840871627515733e-14 
5.2840871627515733e-14 
5.2840871627515733e-14 
5.2840871627515733e-14 
5.2840871627515733e-14 
5.2840871627515733e-14 
5.2840871627515733e-14 
5.2840871627515733e-14 
5.2840871627515733e-14 
5.2840871627515733e-14 
5.2840871627515733e-14 
5.2840871627515733e-14 
5.2840871627515733e-14 
5.2840871627515733e-14 
5.2840871627515733e-14 
5.2840871627515733e-14 
5.2840871627515733e-14 
5.2840871627515733e-14 
5.2840871627515733e-14 
5.2840871627515733e-14 
5.2840871627515733e-14 
5.2840871627515733e-14 
5.2840871627515733e-14 
5.2840871627515733e-14 
5.2840871627515733e-14 
5.2840871627515733e-14 
5.2840871627515733e-14 
5.2840871627515733e-14 
5.2840871627515733e-14 
5.2840871627515733e-14 
5.2840871627515733e-14 
5.2840871627515733e-14 
5.2840871627515733e-14 
5.2840871627515733e-14 
5.2840871627515733e-14 
5.2840871627515733e-14 
5.2840871627515733e-14 
5.2840871627515733e-14 
5.2840871627515733e-14 
5.2840871627515733e-14 
5.2840871627515733e-14 
5.2840871627515733e-14 
5.2840871627515733e-14 
5.2840871627515733e-14 
5.2840871627515733e-14 
5.2840871627515733e-14 
5.2840871627515733e-14 
5.2840871627515733e-14 
5.2840871627515733e-14 
5.2840871627515733e-14 
5.2840871627515733e-14 
5.2840871627515733e-14 
5.2840871627515733e-14 
5.2840871627515733e-14 
5.2840871627515733e-14 
5.2840871627515733e-14 
5.2840871627515733e-14 
5.2840871627515733e-14 
5.2840871627515733e-14 
5.2840871627515733e-14 
5.2840871627515733e-14 
5.2840871627515733e-14 
5.2840871627515733e-14 
5.2840871627515733e-14 
5.2840871627515733e-14 
5.2840871627515733e-14 
5.2840871627515733e-14 
5.2840871627515733e-14 
5.2840871627515733e-14 
5.2840871627515733e-14 
5.2840871627515733e-14 
5.2840871627515733e-14 
5.2840871627515733e-14 
5.2840871627515733e-14 
5.2840871627515733e-14 
5.2840871627515733e-14 
5.2840871627515733e-14 
5.2840871627515733e-14 
5.2840871627515733e-14 
5.2840871627515733e-14 
5.2840871627515733e-14 
5.2840871627515733e-14 
5.2840871627515733e-14 
5.2840871627515733e-14 
5.2840871627515733e-14 
5.2840871627515733e-14 
5.2840871627515733e-14 
5.2840871627515733e-14 
5.2840871627515733e-14 
5.2840871627515733e-14 
5.2840871627515733e-14 
5.2840871627515733e-14 
5.2840871627515733e-14 
5.2840871627515733e-14 
5.2840871627515733e-14 
5.2840871627515733e-14 
5.2840871627515733e-14 
5.2840871627515733e-14 
5.2840871627515733e-14 
5.2840871627515733e-14 
5.2840871627515733e-14 
5.2840871627515733e-14 
5.2840871627515733e-14 
5.2840871627515733e-14 
5.2840871627515733e-14 
5.2840871627515733e-14 
5.2840871627515733e-14 
5.2840871627515733e-14 
5.2840871627515733e-14 
5.2840871627515733e-14 
5.2840871627515733e-14 
5.2840871627515733e-14 
5.2840871627515733e-14 
5.2840871627515733e-14 
5.2840871627515733e-14 
5.2840871627515733e-14 
5.2840871627515733e-14 
5.2840871627515733e-14 
5.2840871627515733e-14 
5.2840871627515733e-14 
5.2840871627515733e-14 
5.2840871627515733e-14 
5.2840871627515733e-14 
5.2840871627515733e-14 
5.2840871627515733e-14 
5.2840871627515733e-14 
5.2840871627515733e-14 
5.2840871627515733e-14 
5.2840871627515733e-14 
5.2840871627515733e-14 
5.2840871627515733e-14 
5.2840871627515733e-14 
5.2840871627515733e-14 
5.2840871627515733e-14 
5.2840871627515733e-14 
5.2840871627515733e-14 
5.2840871627515733e-14 
5.2840871627515733e-14 
5.2840871627515733e-14 
5.2840871627515733e-14 
5.2840871627515733e-14 
5.2840871627515733e-14 
5.2840871627515733e-14 
5.2840871627515733e-14 
5.2840871627515733e-14 
5.2840871627515733e-14 
5.2840871627515733e-14 
5.2840871627515733e-14 
5.2840871627515733e-14 
5.2840871627515733e-14 
5.2840871627515733e-14 
5.2840871627515733e-14 
5.2840871627515733e-14 
5.2840871627515733e-14 
5.2840871627515733e-14 
5.2840871627515733e-14 
5.2840871627515733e-14 
5.2840871627515733e-14 
5.2840871627515733e-14 
5.2840871627515733e-14 
5.2840871627515733e-14 
5.2840871627515733e-14 
5.2840871627515733e-14 
5.2840871627515733e-14 
5.2840871627515733e-14 
5.2840871627515733e-14 
5.2840871627515733e-14 
5.2840871627515733e-14 
5.2840871627515733e-14 
5.2840871627515733e-14 
5.2840871627515733e-14 
5.2840871627515733e-14 
5.2840871627515733e-14 
5.2840871627515733e-14 
5.2840871627515733e-14 
5.2840871627515733e-14 
5.2840871627515733e-14 
5.2840871627515733e-14 
5.2840871627515733e-14 
5.2840871627515733e-14 
5.2840871627515733e-14 
5.2840871627515733e-14 
5.2840871627515733e-14 
5.2840871627515733e-14 
5.2840871627515733e-14 
5.2840871627515733e-14 
5.2840871627515733e-14 
5.2840871627515733e-14 
5.2840871627515733e-14 
5.2840871627515733e-14 
5.2840871627515733e-14 
5.2840871627515733e-14 
5.2840871627515733e-14 
5.2840871627515733e-14 
5.2840871627515733e-14 
5.2840871627515733e-14 
5.2840871627515733e-14 
5.2840871627515733e-14 
5.2840871627515733e-14 
5.2840871627515733e-14 
5.2840871627515733e-14 
5.2840871627515733e-14 
5.2840871627515733e-14 
5.2840871627515733e-14 
5.2840871627515733e-14 
5.2840871627515733e-14 
5.2840871627515733e-14 
5.2840871627515733e-14 
5.2840871627515733e-14 
5.2840871627515733e-14 
5.2840871627515733e-14 
5.2840871627515733e-14 
5.2840871627515733e-14 
5.2840871627515733e-14 
5.2840871627515733e-14 
5.2840871627515733e-14 
5.2840871627515733e-14 
5.2840871627515733e-14 
5.2840871627515733e-14 
5.2840871627515733e-14 
5.2840871627515733e-14 
5.2840871627515733e-14 
5.2840871627515733e-14 
5.2840871627515733e-14 
5.2840871627515733e-14 
5.2840871627515733e-14 
5.2840871627515733e-14 
5.2840871627515733e-14 
5.2840871627515733e-14 
5.2840871627515733e-14 
5.2840871627515733e-14 
5.2840871627515733e-14 
5.2840871627515733e-14 
5.2840871627515733e-14 
5.2840871627515733e-14 
5.2840871627515733e-14 
5.2840871627515733e-14 
5.2840871627515733e-14 
5.2840871627515733e-14 
5.2840871627515733e-14 
5.2840871627515733e-14 
5.2840871627515733e-14 
5.2840871627515733e-14 
5.2840871627515733e-14 
5.2840871627515733e-14 
5.2840871627515733e-14 
5.2840871627515733e-14 
5.2840871627515733e-14 
5.2840871627515733e-14 
5.2840871627515733e-14 
5.2840871627515733e-14 
5.2840871627515733e-14 
5.2840871627515733e-14 
5.2840871627515733e-14 
5.2840871627515733e-14 
5.2840871627515733e-14 
5.2840871627515733e-14 
5.2840871627515733e-14 
5.2840871627515733e-14 
5.2840871627515733e-14 
5.2840871627515733e-14 
5.2840871627515733e-14 
5.2840871627515733e-14 
5.2840871627515733e-14 
5.2840871627515733e-14 
5.2840871627515733e-14 
5.2840871627515733e-14 
5.2840871627515733e-14 
5.2840871627515733e-14 
5.2840871627515733e-14 
5.2840871627515733e-14 
5.2840871627515733e-14 
5.2840871627515733e-14 
5.2840871627515733e-14 
5.2840871627515733e-14 
5.2840871627515733e-14 
5.2840871627515733e-14 
5.2840871627515733e-14 
5.2840871627515733e-14 
5.2840871627515733e-14 
5.2840871627515733e-14 
5.2840871627515733e-14 
5.2840871627515733e-14 
5.2840871627515733e-14 
5.2840871627515733e-14 
5.2840871627515733e-14 
5.2840871627515733e-14 
5.2840871627515733e-14 
5.2840871627515733e-14 
5.2840871627515733e-14 
5.2840871627515733e-14 
5.2840871627515733e-14 
5.2840871627515733e-14 
5.2840871627515733e-14 
5.2840871627515733e-14 
5.2840871627515733e-14 
5.2840871627515733e-14 
5.2840871627515733e-14 
5.2840871627515733e-14 
5.2840871627515733e-14 
5.2840871627515733e-14 
5.2840871627515733e-14 
5.2840871627515733e-14 
5.2840871627515733e-14 
5.2840871627515733e-14 
5.2840871627515733e-14 
5.2840871627515733e-14 
5.2840871627515733e-14 
5.2840871627515733e-14 
5.2840871627515733e-14 
5.2840871627515733e-14 
5.2840871627515733e-14 
5.2840871627515733e-14 
5.2840871627515733e-14 
5.2840871627515733e-14 
5.2840871627515733e-14 
5.2840871627515733e-14 
5.2840871627515733e-14 
5.2840871627515733e-14 
5.2840871627515733e-14 
5.2840871627515733e-14 
5.2840871627515733e-14 
5.2840871627515733e-14 
5.2840871627515733e-14 
5.2840871627515733e-14 
5.2840871627515733e-14 
5.2840871627515733e-14 
5.2840871627515733e-14 
5.2840871627515733e-14 
5.2840871627515733e-14 
5.2840871627515733e-14 
5.2840871627515733e-14 
5.2840871627515733e-14 
5.2840871627515733e-14 
5.2840871627515733e-14 
5.2840871627515733e-14 
5.2840871627515733e-14 
5.2840871627515733e-14 
5.2840871627515733e-14 
5.2840871627515733e-14 
5.2840871627515733e-14 
5.2840871627515733e-14 
5.2840871627515733e-14 
5.2840871627515733e-14 
5.2840871627515733e-14 
5.2840871627515733e-14 
5.2840871627515733e-14 
5.2840871627515733e-14 
5.2840871627515733e-14 
5.2840871627515733e-14 
5.2840871627515733e-14 
5.2840871627515733e-14 
5.2840871627515733e-14 
5.2840871627515733e-14 
5.2840871627515733e-14 
5.2840871627515733e-14 
5.2840871627515733e-14 
5.2840871627515733e-14 
5.2840871627515733e-14 
5.2840871627515733e-14 
5.2840871627515733e-14 
5.2840871627515733e-14 
5.2840871627515733e-14 
5.2840871627515733e-14 
5.2840871627515733e-14 
5.2840871627515733e-14 
5.2840871627515733e-14 
5.2840871627515733e-14 
5.2840871627515733e-14 
5.2840871627515733e-14 
5.2840871627515733e-14 
5.2840871627515733e-14 
5.2840871627515733e-14 
5.2840871627515733e-14 
5.2840871627515733e-14 
5.2840871627515733e-14 
5.2840871627515733e-14 
5.2840871627515733e-14 
5.2840871627515733e-14 
5.2840871627515733e-14 
5.2840871627515733e-14 
5.2840871627515733e-14 
5.2840871627515733e-14 
5.2840871627515733e-14 
5.2840871627515733e-14 
5.2840871627515733e-14 
5.2840871627515733e-14 
5.2840871627515733e-14 
5.2840871627515733e-14 
5.2840871627515733e-14 
5.2840871627515733e-14 
5.2840871627515733e-14 
5.2840871627515733e-14 
5.2840871627515733e-14 
5.2840871627515733e-14 
5.2840871627515733e-14 
5.2840871627515733e-14 
5.2840871627515733e-14 
5.2840871627515733e-14 
5.2840871627515733e-14 
5.2840871627515733e-14 
5.2840871627515733e-14 
5.2840871627515733e-14 
5.2840871627515733e-14 
5.2840871627515733e-14 
5.2840871627515733e-14 
5.2840871627515733e-14 
5.2840871627515733e-14 
5.2840871627515733e-14 
5.2840871627515733e-14 
5.2840871627515733e-14 
5.2840871627515733e-14 
5.2840871627515733e-14 
5.2840871627515733e-14 
5.2840871627515733e-14 
5.2840871627515733e-14 
5.2840871627515733e-14 
5.2840871627515733e-14 
5.2840871627515733e-14 
5.2840871627515733e-14 
5.2840871627515733e-14 
5.2840871627515733e-14 
5.2840871627515733e-14 
5.2840871627515733e-14 
5.2840871627515733e-14 
5.2840871627515733e-14 
5.2840871627515733e-14 
5.2840871627515733e-14 
5.2840871627515733e-14 
5.2840871627515733e-14 
5.2840871627515733e-14 
5.2840871627515733e-14 
5.2840871627515733e-14 
5.2840871627515733e-14 
5.2840871627515733e-14 
5.2840871627515733e-14 
5.2840871627515733e-14 
5.2840871627515733e-14 
5.2840871627515733e-14 
5.2840871627515733e-14 
5.2840871627515733e-14 
5.2840871627515733e-14 
5.2840871627515733e-14 
5.2840871627515733e-14 
5.2840871627515733e-14 
5.2840871627515733e-14 
5.2840871627515733e-14 
5.2840871627515733e-14 
5.2840871627515733e-14 
5.2840871627515733e-14 
5.2840871627515733e-14 
5.2840871627515733e-14 
5.2840871627515733e-14 
5.2840871627515733e-14 
5.2840871627515733e-14 
5.2840871627515733e-14 
5.2840871627515733e-14 
5.2840871627515733e-14 
5.2840871627515733e-14 
5.2840871627515733e-14 
5.2840871627515733e-14 
5.2840871627515733e-14 
5.2840871627515733e-14 
5.2840871627515733e-14 
5.2840871627515733e-14 
5.2840871627515733e-14 
5.2840871627515733e-14 
5.2840871627515733e-14 
5.2840871627515733e-14 
5.2840871627515733e-14 
5.2840871627515733e-14 
5.2840871627515733e-14 
5.2840871627515733e-14 
5.2840871627515733e-14 
5.2840871627515733e-14 
5.2840871627515733e-14 
5.2840871627515733e-14 
5.2840871627515733e-14 
5.2840871627515733e-14 
5.2840871627515733e-14 
5.2840871627515733e-14 
5.2840871627515733e-14 
5.2840871627515733e-14 
5.2840871627515733e-14 
5.2840871627515733e-14 
5.2840871627515733e-14 
5.2840871627515733e-14 
5.2840871627515733e-14 
5.2840871627515733e-14 
5.2840871627515733e-14 
5.2840871627515733e-14 
5.2840871627515733e-14 
5.2840871627515733e-14 
5.2840871627515733e-14 
5.2840871627515733e-14 
5.2840871627515733e-14 
5.2840871627515733e-14 
5.2840871627515733e-14 
5.2840871627515733e-14 
5.2840871627515733e-14 
5.2840871627515733e-14 
5.2840871627515733e-14 
5.2840871627515733e-14 
5.2840871627515733e-14 
5.2840871627515733e-14 
5.2840871627515733e-14 
5.2840871627515733e-14 
5.2840871627515733e-14 
5.2840871627515733e-14 
5.2840871627515733e-14 
5.2840871627515733e-14 
5.2840871627515733e-14 
5.2840871627515733e-14 
5.2840871627515733e-14 
5.2840871627515733e-14 
5.2840871627515733e-14 
5.2840871627515733e-14 
5.2840871627515733e-14 
5.2840871627515733e-14 
5.2840871627515733e-14 
5.2840871627515733e-14 
5.2840871627515733e-14 
5.2840871627515733e-14 
5.2840871627515733e-14 
5.2840871627515733e-14 
5.2840871627515733e-14 
5.2840871627515733e-14 
5.2840871627515733e-14 
5.2840871627515733e-14 
5.2840871627515733e-14 
5.2840871627515733e-14 
5.2840871627515733e-14 
5.2840871627515733e-14 
5.2840871627515733e-14 
5.2840871627515733e-14 
5.2840871627515733e-14 
5.2840871627515733e-14 
5.2840871627515733e-14 
5.2840871627515733e-14 
5.2840871627515733e-14 
5.2840871627515733e-14 
5.2840871627515733e-14 
5.2840871627515733e-14 
5.2840871627515733e-14 
5.2840871627515733e-14 
5.2840871627515733e-14 
5.2840871627515733e-14 
5.2840871627515733e-14 
5.2840871627515733e-14 
5.2840871627515733e-14 
5.2840871627515733e-14 
5.2840871627515733e-14 
5.2840871627515733e-14 
5.2840871627515733e-14 
5.2840871627515733e-14 
5.2840871627515733e-14 
5.2840871627515733e-14 
5.2840871627515733e-14 
5.2840871627515733e-14 
5.2840871627515733e-14 
5.2840871627515733e-14 
5.2840871627515733e-14 
5.2840871627515733e-14 
5.2840871627515733e-14 
5.2840871627515733e-14 
5.2840871627515733e-14 
5.2840871627515733e-14 
5.2840871627515733e-14 
5.2840871627515733e-14 
5.2840871627515733e-14 
5.2840871627515733e-14 
5.2840871627515733e-14 
5.2840871627515733e-14 
5.2840871627515733e-14 
5.2840871627515733e-14 
5.2840871627515733e-14 
5.2840871627515733e-14 
5.2840871627515733e-14 
5.2840871627515733e-14 
5.2840871627515733e-14 
5.2840871627515733e-14 
5.2840871627515733e-14 
5.2840871627515733e-14 
5.2840871627515733e-14 
5.2840871627515733e-14 
5.2840871627515733e-14 
5.2840871627515733e-14 
5.2840871627515733e-14 
5.2840871627515733e-14 
5.2840871627515733e-14 
5.2840871627515733e-14 
5.2840871627515733e-14 
5.2840871627515733e-14 
5.2840871627515733e-14 
5.2840871627515733e-14 
5.2840871627515733e-14 
5.2840871627515733e-14 
5.2840871627515733e-14 
5.2840871627515733e-14 
5.2840871627515733e-14 
5.2840871627515733e-14 
5.2840871627515733e-14 
5.2840871627515733e-14 
5.2840871627515733e-14 
5.2840871627515733e-14 
5.2840871627515733e-14 
5.2840871627515733e-14 
5.2840871627515733e-14 
5.2840871627515733e-14 
5.2840871627515733e-14 
5.2840871627515733e-14 
5.2840871627515733e-14 
5.2840871627515733e-14 
5.2840871627515733e-14 
5.2840871627515733e-14 
5.2840871627515733e-14 
5.2840871627515733e-14 
5.2840871627515733e-14 
5.2840871627515733e-14 
5.2840871627515733e-14 
5.2840871627515733e-14 
5.2840871627515733e-14 
5.2840871627515733e-14 
5.2840871627515733e-14 
5.2840871627515733e-14 
5.2840871627515733e-14 
5.2840871627515733e-14 
5.2840871627515733e-14 
5.2840871627515733e-14 
5.2840871627515733e-14 
5.2840871627515733e-14 
5.2840871627515733e-14 
5.2840871627515733e-14 
5.2840871627515733e-14 
5.2840871627515733e-14 
5.2840871627515733e-14 
5.2840871627515733e-14 
5.2840871627515733e-14 
5.2840871627515733e-14 
5.2840871627515733e-14 
5.2840871627515733e-14 
5.2840871627515733e-14 
5.2840871627515733e-14 
5.2840871627515733e-14 
5.2840871627515733e-14 
5.2840871627515733e-14 
5.2840871627515733e-14 
5.2840871627515733e-14 
5.2840871627515733e-14 
5.2840871627515733e-14 
5.2840871627515733e-14 
5.2840871627515733e-14 
5.2840871627515733e-14 
5.2840871627515733e-14 
5.2840871627515733e-14 
5.2840871627515733e-14 
5.2840871627515733e-14 
5.2840871627515733e-14 
5.2840871627515733e-14 
5.2840871627515733e-14 
5.2840871627515733e-14 
5.2840871627515733e-14 
5.2840871627515733e-14 
5.2840871627515733e-14 
5.2840871627515733e-14 
5.2840871627515733e-14 
5.2840871627515733e-14 
5.2840871627515733e-14 
5.2840871627515733e-14 
5.2840871627515733e-14 
5.2840871627515733e-14 
5.2840871627515733e-14 
