0.48993282907395075 
0.41954158638059391 
0.020057013406316073 
0.020057013406316073 
0.020057013406316073 
0.020057013406316073 
0.020057013406316073 
0.020057013406316073 
0.020057013406316073 
0.020057013406316073 
0.020057013406316073 
0.020057013406316073 
0.020057013406316073 
0.020057013406316073 
0.020057013406316073 
0.020057013406316073 
0.020057013406316073 
0.020057013406316073 
0.020057013406316073 
0.020057013406316073 
0.020057013406316073 
0.020057013406316073 
0.020057013406316073 
0.020057013406316073 
0.020057013406316073 
0.020057013406316073 
0.020057013406316073 
0.020057013406316073 
0.020057013406316073 
0.020012692055648412 
0.019971928411179778 
0.019955175356963638 
0.019937220340796619 
0.019931466135363823 
0.019923306162194114 
0.019921585602337914 
0.019917728108473413 
0.019917385724701541 
0.019915473212404909 
0.019915401640119981 
0.019914594163301696 
0.019914516937199957 
0.019914178971570145 
0.019914105999637704 
0.0199139097637589 
0.019913844087698203 
0.019913726680142685 
0.01991365813200922 
0.019913577185634738 
0.019913505318807055 
0.019913434472174838 
0.019913363714300074 
0.019913296325226659 
0.019913227930717821 
0.019913160126395223 
0.019913092988294051 
0.019913025886494393 
0.01991295879680505 
0.019912891570648163 
0.019912824606074062 
0.019912757669327454 
0.019912690759370456 
0.019912623876198594 
0.019912557019811924 
0.019912490190210595 
0.019912423387394663 
0.019912356611364267 
0.019912289862119535 
0.019912223139660529 
0.019912156443987417 
0.019912089775100256 
0.019912023132999196 
0.019911956517684331 
0.019911889929155772 
0.019911823367413626 
0.019911756832458001 
0.019911690324289012 
0.019911623842906758 
0.01991155738831139 
0.019911490960502962 
0.019911424559481621 
0.019911358185247446 
0.019911291837800583 
0.01991122551714113 
0.019911159223269165 
0.019911092956184841 
0.019911026715888253 
0.019910960502379511 
0.019910894315658748 
0.019910828155726017 
0.01991076202258146 
0.019910695916225209 
0.019910629836657329 
0.019910563783877979 
0.019910497757887238 
0.019910431758685194 
0.019910365786272012 
0.019910299840647773 
0.019910233921812584 
0.019910168029766556 
0.019910102164509801 
0.019910036326042456 
0.019909970514364578 
0.019909904729476329 
0.019909838971377762 
0.01990977324006905 
0.01990970753555027 
0.019909641857821531 
0.019909576206882919 
0.019909510582734585 
0.01990944498537664 
0.019909379414809192 
0.019909313871032314 
0.019909248354046137 
0.019909182863850801 
0.019909117400446364 
0.019909051963832979 
0.019908986554010712 
0.01990892117097972 
0.019908855814740098 
0.019908790485291945 
0.019908725182635374 
0.019908659906770494 
0.019908594657697412 
0.019908529435416253 
0.019908464239927131 
0.019908399071230123 
0.019908333929325353 
0.019908268814212964 
0.019908203725893039 
0.019908138664365679 
0.019908073629631002 
0.019908008621689094 
0.019907943640540118 
0.019907878686184176 
0.019907813758621329 
0.019907748857851713 
0.019907683983875449 
0.019907619136692652 
0.019907554316303398 
0.019907489522707836 
0.019907424755906056 
0.019907360015898146 
0.019907295302684265 
0.019907230616264492 
0.019907165956638939 
0.019907101323807751 
0.019907036717770978 
0.019906972138528753 
0.019906907586081192 
0.019906843060428423 
0.019906778561570519 
0.019906714089507626 
0.019906649644239837 
0.01990658522576725 
0.019906520834089992 
0.019906456469208168 
0.019906392131121886 
0.019906327819831256 
0.019906263535336387 
0.019906199277637409 
0.019906135046734406 
0.019906070842627487 
0.019906006665316792 
0.019905942514802381 
0.019905878391084424 
0.01990581429416298 
0.019905750224038191 
0.019905686180710154 
0.019905622164178984 
0.019905558174444806 
0.019905494211507689 
0.019905430275367765 
0.019905366366025135 
0.019905302483479947 
0.019905238627732282 
0.019905174798782222 
0.019905110996629925 
0.01990504722127549 
0.019904983472719007 
0.019904919750960603 
0.019904856056000376 
0.019904792387838436 
0.01990472874647491 
0.019904665131909915 
0.019904601544143516 
0.019904537983175871 
0.019904474449007049 
0.019904410941637203 
0.019904347461066417 
0.019904284007294801 
0.01990422058032244 
0.019904157180149526 
0.019904093806776088 
0.019904030460202258 
0.019903967140428153 
0.01990390384745391 
0.019903840581279576 
0.019903777341905324 
0.019903714129331201 
0.01990365094355738 
0.01990358778458394 
0.019903524652410992 
0.019903461547038644 
0.019903398468466983 
0.019903335416696168 
0.019903272391726314 
0.019903209393557473 
0.019903146422189783 
0.01990308347762338 
0.01990302055985833 
0.019902957668894782 
0.019902894804732826 
0.019902831967372567 
0.019902769156814097 
0.019902706373057581 
0.01990264361610309 
0.019902580885950743 
0.019902518182600672 
0.019902455506052942 
0.019902392856307679 
0.019902330233365025 
0.019902267637225034 
0.019902205067887868 
0.019902142525353623 
0.019902080009622396 
0.019902017520694273 
0.019901955058569416 
0.01990189262324794 
0.019901830214729903 
0.019901767833015432 
0.019901705478104645 
0.019901643149997671 
0.019901580848694582 
0.019901518574195524 
0.019901456326500564 
0.019901394105609857 
0.01990133191152349 
0.019901269744241584 
0.019901207603764237 
0.01990114549009156 
0.019901083403223663 
0.019901021343160661 
0.019900959309902665 
0.019900897303449797 
0.01990083532380213 
0.019900773370959815 
0.019900711444922926 
0.019900649545691609 
0.019900587673265954 
0.019900525827646069 
0.01990046400883207 
0.019900402216824063 
0.019900340451622155 
0.019900278713226457 
0.019900217001637081 
0.019900155316854167 
0.019900093658877772 
0.019900032027708046 
0.019899970423345084 
0.019899908845788974 
0.019899847295039869 
0.019899785771097852 
0.01989972427396304 
0.019899662803635539 
0.019899601360115461 
0.01989953994340294 
0.019899478553498037 
0.019899417190400882 
0.019899355854111619 
0.019899294544630325 
0.01989923326195709 
0.019899172006092071 
0.019899110777035347 
0.019899049574787046 
0.019898988399347263 
0.019898927250716111 
0.019898866128893702 
0.01989880503388014 
0.01989874396567555 
0.019898682924280053 
0.019898621909693711 
0.019898560921916685 
0.019898499960949043 
0.019898439026790934 
0.019898378119442447 
0.019898317238903691 
0.019898256385174777 
0.019898195558255817 
0.019898134758146918 
0.019898073984848195 
0.019898013238359775 
0.019897952518681726 
0.019897891825814206 
0.019897831159757268 
0.019897770520511077 
0.019897709908075694 
0.019897649322451281 
0.019897588763637921 
0.019897528231635719 
0.019897467726444792 
0.019897407248065272 
0.019897346796497222 
0.019897286371740774 
0.019897225973796062 
0.019897165602663143 
0.01989710525834219 
0.019897044940833247 
0.019896984650136486 
0.019896924386251985 
0.01989686414917986 
0.019896803938920217 
0.019896743755473165 
0.019896683598838814 
0.019896623469017275 
0.019896563366008688 
0.019896503289813107 
0.019896443240430692 
0.019896383217861503 
0.019896323222105702 
0.01989626325316338 
0.019896203311034612 
0.019896143395719563 
0.019896083507218311 
0.019896023645530978 
0.019895963810657689 
0.019895904002598514 
0.019895844221353574 
0.019895784466922986 
0.019895724739306894 
0.019895665038505372 
0.019895605364518506 
0.019895545717346457 
0.019895486096989316 
0.019895426503447184 
0.019895366936720178 
0.019895307396808403 
0.01989524788371197 
0.019895188397430992 
0.019895128937965575 
0.019895069505315856 
0.019895010099481896 
0.019894950720463857 
0.019894891368261822 
0.019894832042875871 
0.019894772744306167 
0.019894713472552793 
0.019894654227615872 
0.019894595009495503 
0.01989453581819179 
0.019894476653704852 
0.01989441751603483 
0.019894358405181771 
0.01989429932114584 
0.019894240263927099 
0.019894181233525703 
0.019894122229941743 
0.019894063253175328 
0.019894004303226565 
0.019893945380095538 
0.019893886483782409 
0.019893827614287291 
0.01989376877161024 
0.019893709955751397 
0.019893651166710859 
0.019893592404488777 
0.01989353366908523 
0.019893474960500299 
0.019893416278734147 
0.019893357623786852 
0.019893298995658542 
0.01989324039434931 
0.019893181819859274 
0.019893123272188538 
0.01989306475133722 
0.019893006257305425 
0.019892947790093287 
0.019892889349700869 
0.019892830936128328 
0.019892772549375732 
0.019892714189443231 
0.019892655856330915 
0.019892597550038887 
0.019892539270567271 
0.019892481017916169 
0.019892422792085689 
0.019892364593075942 
0.019892306420887036 
0.019892248275519116 
0.019892190156972234 
0.019892132065246551 
0.019892074000342121 
0.019892015962259119 
0.019891957950997619 
0.019891899966557731 
0.019891842008939571 
0.019891784078143238 
0.019891726174168858 
0.019891668297016531 
0.019891610446686393 
0.019891552623178502 
0.019891494826492991 
0.019891437056630011 
0.019891379313589627 
0.019891321597371937 
0.019891263907977092 
0.019891206245405187 
0.019891148609656326 
0.01989109100073062 
0.01989103341862818 
0.019890975863349109 
0.019890918334893527 
0.019890860833261567 
0.019890803358453286 
0.019890745910468841 
0.019890688489308302 
0.019890631094971817 
0.01989057372745948 
0.019890516386771397 
0.019890459072907651 
0.019890401785868414 
0.019890344525653785 
0.019890287292263824 
0.019890230085698665 
0.019890172905958427 
0.019890115753043239 
0.019890058626953158 
0.019890001527688349 
0.019889944455248894 
0.019889887409634883 
0.01988983039084647 
0.019889773398883745 
0.019889716433746808 
0.01988965949543578 
0.019889602583950772 
0.019889545699291911 
0.019889488841459264 
0.019889432010452957 
0.019889375206273138 
0.019889318428919858 
0.019889261678393277 
0.019889204954693481 
0.019889148257820555 
0.019889091587774663 
0.019889034944555888 
0.019888978328164338 
0.019888921738600119 
0.019888865175863382 
0.019888808639954167 
0.019888752130872649 
0.019888695648618879 
0.019888639193192992 
0.019888582764595132 
0.019888526362825378 
0.019888469987883836 
0.019888413639770595 
0.019888357318485848 
0.019888301024029623 
0.019888244756402048 
0.019888188515603238 
0.019888132301633308 
0.019888076114492392 
0.019888019954180547 
0.019887963820697931 
0.019887907714044605 
0.019887851634220736 
0.019887795581226404 
0.019887739555061717 
0.019887683555726784 
0.019887627583221695 
0.019887571637546637 
0.019887515718701634 
0.019887459826686833 
0.019887403961502334 
0.019887348123148282 
0.01988729231162473 
0.019887236526931844 
0.019887180769069701 
0.01988712503803839 
0.019887069333838076 
0.019887013656468836 
0.019886958005930787 
0.019886902382224032 
0.019886846785348682 
0.019886791215304882 
0.019886735672092683 
0.019886680155712218 
0.019886624666163626 
0.019886569203446967 
0.019886513767562404 
0.019886458358510016 
0.019886402976289918 
0.019886347620902186 
0.019886292292347021 
0.019886236990624449 
0.019886181715734599 
0.019886126467677592 
0.019886071246453529 
0.019886016052062552 
0.019885960884504721 
0.019885905743780189 
0.019885850629889019 
0.019885795542831375 
0.019885740482607338 
0.019885685449217021 
0.019885630442660531 
0.019885575462937982 
0.019885520510049482 
0.019885465583995138 
0.01988541068477509 
0.019885355812389392 
0.019885300966838187 
0.019885246148121604 
0.019885191356239732 
0.019885136591192648 
0.019885081852980522 
0.019885027141603437 
0.019884972457061501 
0.019884917799354817 
0.019884863168483508 
0.01988480856444768 
0.019884753987247438 
0.019884699436882924 
0.019884644913354187 
0.019884590416661369 
0.019884535946804616 
0.019884481503783996 
0.019884427087599629 
0.019884372698251589 
0.019884318335740052 
0.019884264000065092 
0.019884209691226822 
0.019884155409225376 
0.019884101154060814 
0.019884046925733274 
0.019883992724242863 
0.019883938549589718 
0.019883884401773893 
0.019883830280795562 
0.019883776186654795 
0.019883722119351712 
0.019883668078886418 
0.019883614065258993 
0.019883560078469639 
0.019883506118518371 
0.019883452185405336 
0.019883398279130642 
0.019883344399694428 
0.019883290547096748 
0.019883236721337762 
0.01988318292241753 
0.019883129150336215 
0.019883075405093903 
0.019883021686690702 
0.019882967995126722 
0.019882914330402068 
0.019882860692516855 
0.019882807081471197 
0.019882753497265197 
0.019882699939898971 
0.019882646409372651 
0.019882592905686298 
0.019882539428840076 
0.019882485978834057 
0.019882432555668336 
0.019882379159343072 
0.019882325789858352 
0.019882272447214286 
0.019882219131410975 
0.019882165842448538 
0.019882112580327113 
0.019882059345046749 
0.019882006136607591 
0.019881952955009767 
0.019881899800253337 
0.019881846672338468 
0.019881793571265242 
0.019881740497033742 
0.019881687449644126 
0.01988163442909649 
0.019881581435390934 
0.01988152846852757 
0.019881475528506533 
0.019881422615327878 
0.019881369728991752 
0.019881316869498282 
0.019881264036847528 
0.019881211231039655 
0.019881158452074745 
0.01988110569995288 
0.019881052974674226 
0.019881000276238864 
0.019880947604646901 
0.019880894959898456 
0.019880842341993634 
0.019880789750932572 
0.019880737186715323 
0.019880684649342024 
0.019880632138812825 
0.019880579655127767 
0.019880527198287017 
0.019880474768290662 
0.019880422365138817 
0.019880369988831578 
0.019880317639369066 
0.019880265316751359 
0.01988021302097865 
0.019880160752050971 
0.019880108509968453 
0.019880056294731208 
0.019880004106339375 
0.019879951944793011 
0.019879899810092274 
0.019879847702237257 
0.019879795621228061 
0.019879743567064768 
0.019879691539747554 
0.019879639539276493 
0.019879587565651693 
0.019879535618873293 
0.019879483698941356 
0.019879431805856013 
0.0198793799396174 
0.019879328100225576 
0.0198792762876807 
0.019879224501982838 
0.019879172743132147 
0.019879121011128705 
0.019879069305972632 
0.019879017627664038 
0.019878965976203027 
0.019878914351589713 
0.019878862753824198 
0.019878811182906627 
0.019878759638837059 
0.01987870812161565 
0.019878656631242463 
0.019878605167717656 
0.019878553731041287 
0.019878502321213524 
0.019878450938234444 
0.019878399582104161 
0.019878348252822784 
0.019878296950390423 
0.019878245674807192 
0.01987819442607322 
0.019878143204188566 
0.019878092009153369 
0.019878040840967771 
0.01987798969963182 
0.01987793858514568 
0.019877887497509437 
0.019877836436723202 
0.019877785402787087 
0.019877734395701192 
0.019877683415465638 
0.019877632462080529 
0.019877581535545981 
0.019877530635862097 
0.019877479763029018 
0.019877428917046799 
0.019877378097915607 
0.019877327305635493 
0.019877276540206622 
0.019877225801629081 
0.01987717508990295 
0.019877124405028392 
0.019877073747005522 
0.019877023115834391 
0.019876972511515139 
0.019876921934047869 
0.019876871383432703 
0.019876820859669773 
0.01987677036275913 
0.019876719892700945 
0.019876669449495274 
0.019876619033142275 
0.019876568643642036 
0.019876518280994661 
0.019876467945200267 
0.019876417636258966 
0.019876367354170862 
0.019876317098936062 
0.019876266870554687 
0.019876216669026864 
0.019876166494352657 
0.019876116346532226 
0.01987606622556562 
0.019876016131453015 
0.019875966064194492 
0.019875916023790158 
0.01987586601024012 
0.01987581602354449 
0.019875766063703386 
0.019875716130716911 
0.019875666224585174 
0.019875616345308312 
0.019875566492886385 
0.019875516667319525 
0.019875466868607878 
0.019875417096751519 
0.019875367351750529 
0.019875317633605078 
0.019875267942315252 
0.019875218277881156 
0.019875168640302896 
0.019875119029580588 
0.019875069445714343 
0.019875019888704295 
0.019874970358550501 
0.019874920855253091 
0.019874871378812217 
0.019874821929227952 
0.019874772506500382 
0.019874723110629669 
0.0198746737416159 
0.019874624399459181 
0.019874575084159622 
0.019874525795717336 
0.019874476534132431 
0.019874427299405015 
0.019874378091535205 
0.019874328910523133 
0.019874279756368855 
0.01987423062907254 
0.019874181528634235 
0.019874132455054115 
0.019874083408332254 
0.019874034388468763 
0.019873985395463756 
0.019873936429317344 
0.019873887490029631 
0.019873838577600732 
0.019873789692030751 
0.019873740833319838 
0.019873692001468039 
0.01987364319647552 
0.019873594418342334 
0.01987354566706865 
0.019873496942654553 
0.019873448245100119 
0.019873399574405516 
0.019873350930570823 
0.019873302313596155 
0.019873253723481654 
0.019873205160227364 
0.019873156623833429 
0.019873108114299955 
0.019873059631627086 
0.019873011175814873 
0.019872962746863478 
0.019872914344772993 
0.019872865969543491 
0.01987281762117514 
0.019872769299668028 
0.019872721005022256 
0.019872672737237942 
0.019872624496315189 
0.019872576282254143 
0.019872528095054853 
0.019872479934717455 
0.019872431801242089 
0.019872383694628817 
0.019872335614877796 
0.019872287561989107 
0.019872239535962836 
0.019872191536799151 
0.019872143564498131 
0.019872095619059886 
0.019872047700484521 
0.019871999808772158 
0.019871951943922932 
0.019871904105936887 
0.019871856294814198 
0.019871808510554916 
0.019871760753159214 
0.019871713022627135 
0.019871665318958853 
0.019871617642154445 
0.019871569992214025 
0.019871522369137706 
0.019871474772925588 
0.019871427203577787 
0.019871379661094413 
0.019871332145475609 
0.019871284656721423 
0.019871237194831987 
0.019871189759807454 
0.019871142351647865 
0.019871094970353397 
0.019871047615924124 
0.019871000288360158 
0.01987095298766161 
0.019870905713828584 
0.019870858466861204 
0.01987081124675957 
0.019870764053523792 
0.019870716887153982 
0.019870669747650286 
0.019870622635012741 
0.019870575549241525 
0.01987052849033669 
0.019870481458298402 
0.019870434453126744 
0.019870387474821827 
0.019870340523383753 
0.019870293598812639 
0.019870246701108599 
0.019870199830271731 
0.019870152986302157 
0.01987010616920001 
0.019870059378965344 
0.019870012615598297 
0.019869965879099009 
0.019869919169467561 
0.019869872486704031 
0.019869825830808596 
0.019869779201781325 
0.019869732599622339 
0.019869686024331739 
0.01986963947590964 
0.019869592954356148 
0.01986954645967141 
0.019869499991855475 
0.019869453550908477 
0.019869407136830559 
0.019869360749621808 
0.019869314389282293 
0.019869268055812187 
0.019869221749211574 
0.019869175469480561 
0.019869129216619263 
0.019869082990627781 
0.019869036791506235 
0.019868990619254727 
0.019868944473873371 
0.019868898355362308 
0.019868852263721586 
0.019868806198951348 
0.019868760161051727 
0.019868714150022813 
0.01986866816586471 
0.019868622208577498 
0.019868576278161347 
0.019868530374616344 
0.019868484497942589 
0.0198684386481402 
0.019868392825209309 
0.019868347029149972 
0.019868301259962334 
0.019868255517646524 
0.019868209802202594 
0.019868164113630724 
0.019868118451930983 
0.019868072817103486 
0.019868027209148317 
0.019867981628065634 
0.019867936073855532 
0.019867890546518108 
0.01986784504605351 
0.019867799572461788 
0.019867754125743077 
0.019867708705897522 
0.019867663312925169 
0.019867617946826194 
0.019867572607600643 
0.019867527295248686 
0.019867482009770402 
0.019867436751165875 
0.019867391519435274 
0.019867346314578677 
0.019867301136596197 
0.019867255985487966 
0.019867210861254044 
0.019867165763894568 
0.019867120693409648 
0.019867075649799421 
0.019867030633063974 
0.01986698564320338 
0.019866940680217812 
0.019866895744107351 
0.019866850834872107 
0.019866805952512188 
0.019866761097027674 
0.019866716268418738 
0.019866671466685491 
0.019866626691827975 
0.019866581943846343 
0.019866537222740722 
0.019866492528511172 
0.019866447861157856 
0.019866403220680857 
0.019866358607080255 
0.019866314020356223 
0.019866269460508838 
0.019866224927538211 
0.019866180421444449 
0.019866135942227667 
0.019866091489887976 
0.019866047064425511 
0.019866002665840321 
0.019865958294132551 
0.019865913949302341 
0.019865869631349738 
0.019865825340274913 
0.019865781076077949 
0.019865736838758953 
0.019865692628318006 
0.019865648444755274 
0.019865604288070847 
0.019865560158264829 
0.019865516055337352 
0.019865471979288483 
0.019865427930118352 
0.019865383907827099 
0.019865339912414778 
0.019865295943881558 
0.019865252002227485 
0.019865208087452731 
0.019865164199557379 
0.019865120338541535 
0.019865076504405315 
0.019865032697148826 
0.019864988916772176 
0.019864945163275475 
0.019864901436658838 
0.019864857736922398 
0.019864814064066212 
0.019864770418090451 
0.019864726798995157 
0.019864683206780503 
0.019864639641446573 
0.019864596102993477 
0.019864552591421315 
0.019864509106730183 
0.01986446564892027 
0.019864422217991597 
0.01986437881394431 
0.01986433543677851 
0.019864292086494349 
0.019864248763091868 
0.019864205466571239 
0.019864162196932513 
0.01986411895417586 
0.019864075738301359 
0.019864032549309091 
0.019863989387199226 
0.019863946251971847 
0.019863903143627057 
0.019863860062164975 
0.01986381700758574 
0.01986377397988939 
0.01986373097907608 
0.01986368800514594 
0.019863645058099028 
0.019863602137935508 
0.019863559244655434 
0.01986351637825897 
0.019863473538746207 
0.019863430726117244 
0.019863387940372196 
0.019863345181511175 
0.019863302449534288 
0.019863259744441648 
0.019863217066233393 
0.019863174414909573 
0.019863131790470327 
0.019863089192915795 
0.019863046622246031 
0.019863004078461206 
0.019862961561561393 
0.019862919071546709 
0.019862876608417263 
0.019862834172173157 
0.019862791762814511 
0.019862749380341427 
0.019862707024754025 
0.019862664696052412 
0.019862622394236723 
0.01986258011930701 
0.019862537871263443 
0.019862495650106074 
0.019862453455835077 
0.019862411288450524 
0.019862369147952495 
0.019862327034341171 
0.019862284947616621 
0.01986224288777896 
0.019862200854828326 
0.019862158848764775 
0.019862116869588435 
0.019862074917299424 
0.019862032991897888 
0.019861991093383866 
0.019861949221757536 
0.019861907377018973 
0.019861865559168256 
0.019861823768205562 
0.019861782004130968 
0.019861740266944584 
