1.005416770702581 
0.89374058803683742 
0.03568805101750383 
0.03568805101750383 
0.03568805101750383 
0.03568805101750383 
0.03568805101750383 
0.018135062303764493 
0.0012705511142612202 
0.0012705511142612202 
0.0012705511142612202 
0.0012705511142612202 
0.0012705511142612202 
0.0012705511142612202 
0.0012705511142612202 
0.0012705511142612202 
0.0012705511142612202 
0.0012705511142612202 
0.0012705511142612202 
0.0012705511142612202 
0.0012705511142612202 
0.0012705511142612202 
0.0012705511142612202 
0.0012705511142612202 
0.0012705511142612202 
0.0012705511142612202 
0.00092139886596331877 
0.00092139886596331877 
0.00092139886596331877 
0.00092139886596331877 
0.00092139886596331877 
0.00092139886596331877 
0.00092139886596331877 
0.00092139886596331877 
0.00035689989916964926 
0.00035689989916964926 
0.00035689989916964926 
0.00035689989916964926 
0.00035689989916964926 
0.00035689989916964926 
0.00035689989916964926 
0.00035689989916964926 
0.00035689989916964926 
0.00035689989916964926 
0.00035689989916964926 
0.00035689989916964926 
0.00035689989916964926 
0.00035689989916964926 
0.00035689989916964926 
0.00035689989916964926 
0.00035689989916964926 
0.0001655342368859225 
0.0001655342368859225 
0.0001655342368859225 
0.0001655342368859225 
0.0001655342368859225 
0.0001655342368859225 
0.0001655342368859225 
0.0001655342368859225 
6.1166456964634186e-05 
6.1166456964634186e-05 
6.1166456964634186e-05 
6.1166456964634186e-05 
6.1166456964634186e-05 
6.1166456964634186e-05 
6.1166456964634186e-05 
6.1166456964634186e-05 
6.1166456964634186e-05 
6.1166456964634186e-05 
6.1166456964634186e-05 
3.5832785358236308e-05 
3.5832785358236308e-05 
3.5832785358236308e-05 
3.5832785358236308e-05 
3.5832785358236308e-05 
3.5832785358236308e-05 
3.5832785358236308e-05 
2.5600543199777448e-05 
2.5600543199777448e-05 
2.5600543199777448e-05 
2.5600543199777448e-05 
2.5600543199777448e-05 
2.5600543199777448e-05 
2.5600543199777448e-05 
1.6383507389639007e-06 
1.6383507389639007e-06 
1.6383507389639007e-06 
1.6383507389639007e-06 
1.6383507389639007e-06 
1.6383507389639007e-06 
1.6383507389639007e-06 
1.6383507389639007e-06 
1.6383507389639007e-06 
1.6383507389639007e-06 
1.6383507389639007e-06 
1.6383507389639007e-06 
1.6383507389639007e-06 
1.6383507389639007e-06 
1.6383507389639007e-06 
1.6383507389639007e-06 
1.6383507389639007e-06 
1.6383507389639007e-06 
1.6383507389639007e-06 
1.6383507389639007e-06 
1.6383507389639007e-06 
1.6383507389639007e-06 
1.6383507389639007e-06 
1.6383507389639007e-06 
1.6383507389639007e-06 
1.6383507389639007e-06 
1.6383507389639007e-06 
1.6383507389639007e-06 
1.6383507389639007e-06 
1.6383507389639007e-06 
1.6383507389639007e-06 
1.6383507389639007e-06 
9.1616822062157155e-07 
9.1616822062157155e-07 
9.1616822062157155e-07 
9.1616822062157155e-07 
9.1616822062157155e-07 
9.1616822062157155e-07 
9.1616822062157155e-07 
9.1616822062157155e-07 
9.1616822062157155e-07 
9.1616822062157155e-07 
9.1616822062157155e-07 
9.1616822062157155e-07 
9.1616822062157155e-07 
9.1616822062157155e-07 
9.1616822062157155e-07 
9.1616822062157155e-07 
9.1616822062157155e-07 
9.1616822062157155e-07 
9.1616822062157155e-07 
9.1616822062157155e-07 
9.1616822062157155e-07 
9.1616822062157155e-07 
9.1616822062157155e-07 
9.1616822062157155e-07 
9.1616822062157155e-07 
9.1616822062157155e-07 
9.1616822062157155e-07 
9.1616822062157155e-07 
9.1616822062157155e-07 
9.1616822062157155e-07 
9.1616822062157155e-07 
9.1616822062157155e-07 
9.1616822062157155e-07 
9.1616822062157155e-07 
9.1616822062157155e-07 
9.1616822062157155e-07 
9.1616822062157155e-07 
9.1616822062157155e-07 
9.1616822062157155e-07 
7.180071164292201e-07 
3.1841569136936698e-07 
1.8262448642225593e-07 
8.0824294368397887e-08 
8.0824294368397887e-08 
8.0824294368397887e-08 
8.0824294368397887e-08 
5.6745296794780131e-08 
2.1528200222498128e-08 
2.1528200222498128e-08 
2.1528200222498128e-08 
1.4087993993605608e-08 
1.4087993993605608e-08 
1.4087993993605608e-08 
1.4087993993605608e-08 
1.5151824239723055e-10 
1.5151824239723055e-10 
1.5151824239723055e-10 
1.5151824239723055e-10 
1.5151824239723055e-10 
1.5151824239723055e-10 
1.5151824239723055e-10 
1.5151824239723055e-10 
1.5151824239723055e-10 
1.5151824239723055e-10 
1.5151824239723055e-10 
1.5151824239723055e-10 
1.5151824239723055e-10 
1.5151824239723055e-10 
1.5151824239723055e-10 
1.5151824239723055e-10 
1.5151824239723055e-10 
1.5151824239723055e-10 
1.5151824239723055e-10 
1.5151824239723055e-10 
1.5151824239723055e-10 
1.5151824239723055e-10 
1.5151824239723055e-10 
1.5151824239723055e-10 
1.5151824239723055e-10 
1.5151824239723055e-10 
1.5151824239723055e-10 
1.5151824239723055e-10 
1.5151824239723055e-10 
1.5151824239723055e-10 
1.5151824239723055e-10 
1.5151824239723055e-10 
1.2578937891305486e-11 
1.2578937891305486e-11 
1.2578937891305486e-11 
1.2578937891305486e-11 
1.2578937891305486e-11 
1.2578937891305486e-11 
1.2578937891305486e-11 
1.2578937891305486e-11 
1.2578937891305486e-11 
1.2578937891305486e-11 
1.2578937891305486e-11 
1.2578937891305486e-11 
1.2578937891305486e-11 
1.2578937891305486e-11 
1.2578937891305486e-11 
1.2578937891305486e-11 
1.2578937891305486e-11 
1.2578937891305486e-11 
1.2578937891305486e-11 
8.3573148401683284e-12 
8.3573148401683284e-12 
8.3573148401683284e-12 
8.3573148401683284e-12 
8.3573148401683284e-12 
8.3573148401683284e-12 
8.3573148401683284e-12 
5.2721160770374809e-12 
5.2721160770374809e-12 
5.2721160770374809e-12 
5.2721160770374809e-12 
5.2721160770374809e-12 
5.2721160770374809e-12 
5.2721160770374809e-12 
5.2721160770374809e-12 
5.2721160770374809e-12 
5.2721160770374809e-12 
7.4229511426437966e-13 
7.4229511426437966e-13 
7.4229511426437966e-13 
7.4229511426437966e-13 
7.4229511426437966e-13 
7.4229511426437966e-13 
7.4229511426437966e-13 
7.4229511426437966e-13 
7.4229511426437966e-13 
7.4229511426437966e-13 
7.4229511426437966e-13 
7.4229511426437966e-13 
7.4229511426437966e-13 
7.4229511426437966e-13 
7.4229511426437966e-13 
7.4229511426437966e-13 
7.4229511426437966e-13 
7.4229511426437966e-13 
7.4229511426437966e-13 
7.4229511426437966e-13 
7.4229511426437966e-13 
7.4229511426437966e-13 
7.4229511426437966e-13 
7.4229511426437966e-13 
7.4229511426437966e-13 
7.4229511426437966e-13 
7.4229511426437966e-13 
7.4229511426437966e-13 
7.4229511426437966e-13 
7.4229511426437966e-13 
7.4229511426437966e-13 
7.4229511426437966e-13 
7.4229511426437966e-13 
7.4229511426437966e-13 
7.4229511426437966e-13 
7.4229511426437966e-13 
7.4229511426437966e-13 
7.4229511426437966e-13 
7.4229511426437966e-13 
7.4229511426437966e-13 
7.4229511426437966e-13 
7.4229511426437966e-13 
7.4229511426437966e-13 
7.4229511426437966e-13 
7.4229511426437966e-13 
7.4229511426437966e-13 
7.4229511426437966e-13 
7.4229511426437966e-13 
7.4229511426437966e-13 
7.4229511426437966e-13 
7.4229511426437966e-13 
7.4229511426437966e-13 
7.4229511426437966e-13 
7.4229511426437966e-13 
7.4229511426437966e-13 
7.4229511426437966e-13 
7.4229511426437966e-13 
7.4229511426437966e-13 
7.4229511426437966e-13 
7.4229511426437966e-13 
7.4229511426437966e-13 
7.4229511426437966e-13 
7.4229511426437966e-13 
7.4229511426437966e-13 
7.4229511426437966e-13 
7.4229511426437966e-13 
7.4229511426437966e-13 
7.4229511426437966e-13 
7.4229511426437966e-13 
7.4229511426437966e-13 
7.4229511426437966e-13 
7.4229511426437966e-13 
7.4229511426437966e-13 
7.4229511426437966e-13 
7.4229511426437966e-13 
7.4229511426437966e-13 
7.4229511426437966e-13 
7.4229511426437966e-13 
7.4229511426437966e-13 
7.4229511426437966e-13 
7.4229511426437966e-13 
7.4229511426437966e-13 
7.4229511426437966e-13 
7.4229511426437966e-13 
7.4229511426437966e-13 
7.4229511426437966e-13 
7.4229511426437966e-13 
7.4229511426437966e-13 
7.4229511426437966e-13 
7.4229511426437966e-13 
7.4229511426437966e-13 
7.4229511426437966e-13 
7.4229511426437966e-13 
7.4229511426437966e-13 
7.4229511426437966e-13 
7.4229511426437966e-13 
7.4229511426437966e-13 
7.4229511426437966e-13 
7.4229511426437966e-13 
7.4229511426437966e-13 
7.4229511426437966e-13 
7.4229511426437966e-13 
7.4229511426437966e-13 
7.4229511426437966e-13 
7.4229511426437966e-13 
7.4229511426437966e-13 
7.4229511426437966e-13 
7.4229511426437966e-13 
7.4229511426437966e-13 
7.4229511426437966e-13 
7.4229511426437966e-13 
7.4229511426437966e-13 
7.4229511426437966e-13 
7.4229511426437966e-13 
7.4229511426437966e-13 
7.4229511426437966e-13 
7.4229511426437966e-13 
7.4229511426437966e-13 
7.4229511426437966e-13 
7.4229511426437966e-13 
7.4229511426437966e-13 
7.4229511426437966e-13 
7.4229511426437966e-13 
7.4229511426437966e-13 
7.4229511426437966e-13 
7.4229511426437966e-13 
7.4229511426437966e-13 
7.4229511426437966e-13 
7.4229511426437966e-13 
7.4229511426437966e-13 
7.4229511426437966e-13 
7.4229511426437966e-13 
7.4229511426437966e-13 
7.4229511426437966e-13 
7.4229511426437966e-13 
7.4229511426437966e-13 
7.4229511426437966e-13 
7.4229511426437966e-13 
7.4229511426437966e-13 
7.4229511426437966e-13 
7.4229511426437966e-13 
7.4229511426437966e-13 
7.4229511426437966e-13 
7.4229511426437966e-13 
7.4229511426437966e-13 
7.4229511426437966e-13 
7.4229511426437966e-13 
7.4229511426437966e-13 
7.4229511426437966e-13 
7.4229511426437966e-13 
7.4229511426437966e-13 
7.4229511426437966e-13 
7.4229511426437966e-13 
7.4229511426437966e-13 
7.4229511426437966e-13 
7.4229511426437966e-13 
7.4229511426437966e-13 
7.4229511426437966e-13 
7.4229511426437966e-13 
7.4229511426437966e-13 
7.4229511426437966e-13 
7.4229511426437966e-13 
7.4229511426437966e-13 
7.4229511426437966e-13 
7.4229511426437966e-13 
7.4229511426437966e-13 
7.4229511426437966e-13 
7.4229511426437966e-13 
7.4229511426437966e-13 
7.4229511426437966e-13 
7.4229511426437966e-13 
7.4229511426437966e-13 
7.4229511426437966e-13 
7.4229511426437966e-13 
7.4229511426437966e-13 
7.4229511426437966e-13 
7.4229511426437966e-13 
7.4229511426437966e-13 
7.4229511426437966e-13 
7.4229511426437966e-13 
7.4229511426437966e-13 
7.4229511426437966e-13 
7.4229511426437966e-13 
7.4229511426437966e-13 
7.4229511426437966e-13 
7.4229511426437966e-13 
7.4229511426437966e-13 
7.4229511426437966e-13 
7.4229511426437966e-13 
7.4229511426437966e-13 
7.4229511426437966e-13 
7.4229511426437966e-13 
7.4229511426437966e-13 
7.4229511426437966e-13 
7.4229511426437966e-13 
7.4229511426437966e-13 
7.4229511426437966e-13 
7.4229511426437966e-13 
7.4229511426437966e-13 
7.4229511426437966e-13 
7.4229511426437966e-13 
7.4229511426437966e-13 
7.4229511426437966e-13 
7.4229511426437966e-13 
7.4229511426437966e-13 
7.4229511426437966e-13 
7.4229511426437966e-13 
7.4229511426437966e-13 
7.4229511426437966e-13 
7.4229511426437966e-13 
7.4229511426437966e-13 
7.4229511426437966e-13 
7.4229511426437966e-13 
7.4229511426437966e-13 
7.4229511426437966e-13 
7.4229511426437966e-13 
7.4229511426437966e-13 
7.4229511426437966e-13 
7.4229511426437966e-13 
7.4229511426437966e-13 
7.4229511426437966e-13 
7.4229511426437966e-13 
7.4229511426437966e-13 
7.4229511426437966e-13 
7.4229511426437966e-13 
7.4229511426437966e-13 
7.4229511426437966e-13 
7.4229511426437966e-13 
7.4229511426437966e-13 
7.4229511426437966e-13 
7.4229511426437966e-13 
7.4229511426437966e-13 
7.4229511426437966e-13 
7.4229511426437966e-13 
7.4229511426437966e-13 
7.4229511426437966e-13 
7.4229511426437966e-13 
7.4229511426437966e-13 
7.4229511426437966e-13 
7.4229511426437966e-13 
7.4229511426437966e-13 
7.4229511426437966e-13 
7.4229511426437966e-13 
7.4229511426437966e-13 
7.4229511426437966e-13 
7.4229511426437966e-13 
7.4229511426437966e-13 
7.4229511426437966e-13 
7.4229511426437966e-13 
7.4229511426437966e-13 
7.4229511426437966e-13 
7.4229511426437966e-13 
7.4229511426437966e-13 
7.4229511426437966e-13 
7.4229511426437966e-13 
7.4229511426437966e-13 
7.4229511426437966e-13 
7.4229511426437966e-13 
7.4229511426437966e-13 
7.4229511426437966e-13 
7.4229511426437966e-13 
7.4229511426437966e-13 
7.4229511426437966e-13 
7.4229511426437966e-13 
7.4229511426437966e-13 
7.4229511426437966e-13 
7.4229511426437966e-13 
7.4229511426437966e-13 
7.4229511426437966e-13 
7.4229511426437966e-13 
7.4229511426437966e-13 
7.4229511426437966e-13 
7.4229511426437966e-13 
7.4229511426437966e-13 
7.4229511426437966e-13 
7.4229511426437966e-13 
7.4229511426437966e-13 
7.4229511426437966e-13 
7.4229511426437966e-13 
7.4229511426437966e-13 
7.4229511426437966e-13 
7.4229511426437966e-13 
7.4229511426437966e-13 
7.4229511426437966e-13 
7.4229511426437966e-13 
7.4229511426437966e-13 
7.4229511426437966e-13 
7.4229511426437966e-13 
7.4229511426437966e-13 
7.4229511426437966e-13 
7.4229511426437966e-13 
7.4229511426437966e-13 
7.4229511426437966e-13 
7.4229511426437966e-13 
7.4229511426437966e-13 
7.4229511426437966e-13 
7.4229511426437966e-13 
7.4229511426437966e-13 
7.4229511426437966e-13 
7.4229511426437966e-13 
7.4229511426437966e-13 
7.4229511426437966e-13 
7.4229511426437966e-13 
7.4229511426437966e-13 
7.4229511426437966e-13 
7.4229511426437966e-13 
7.4229511426437966e-13 
7.4229511426437966e-13 
7.4229511426437966e-13 
7.4229511426437966e-13 
7.4229511426437966e-13 
7.4229511426437966e-13 
7.4229511426437966e-13 
7.4229511426437966e-13 
7.4229511426437966e-13 
7.4229511426437966e-13 
7.4229511426437966e-13 
7.4229511426437966e-13 
7.4229511426437966e-13 
7.4229511426437966e-13 
7.4229511426437966e-13 
7.4229511426437966e-13 
7.4229511426437966e-13 
7.4229511426437966e-13 
7.4229511426437966e-13 
7.4229511426437966e-13 
7.4229511426437966e-13 
7.4229511426437966e-13 
7.4229511426437966e-13 
7.4229511426437966e-13 
7.4229511426437966e-13 
7.4229511426437966e-13 
7.4229511426437966e-13 
7.4229511426437966e-13 
7.4229511426437966e-13 
7.4229511426437966e-13 
7.4229511426437966e-13 
7.4229511426437966e-13 
7.4229511426437966e-13 
7.4229511426437966e-13 
7.4229511426437966e-13 
7.4229511426437966e-13 
7.4229511426437966e-13 
7.4229511426437966e-13 
7.4229511426437966e-13 
7.4229511426437966e-13 
7.4229511426437966e-13 
7.4229511426437966e-13 
7.4229511426437966e-13 
7.4229511426437966e-13 
7.4229511426437966e-13 
7.4229511426437966e-13 
7.4229511426437966e-13 
7.4229511426437966e-13 
7.4229511426437966e-13 
7.4229511426437966e-13 
7.4229511426437966e-13 
7.4229511426437966e-13 
7.4229511426437966e-13 
7.4229511426437966e-13 
7.4229511426437966e-13 
7.4229511426437966e-13 
7.4229511426437966e-13 
7.4229511426437966e-13 
7.4229511426437966e-13 
7.4229511426437966e-13 
7.4229511426437966e-13 
7.4229511426437966e-13 
7.4229511426437966e-13 
7.4229511426437966e-13 
7.4229511426437966e-13 
7.4229511426437966e-13 
7.4229511426437966e-13 
7.4229511426437966e-13 
7.4229511426437966e-13 
7.4229511426437966e-13 
7.4229511426437966e-13 
7.4229511426437966e-13 
7.4229511426437966e-13 
7.4229511426437966e-13 
7.4229511426437966e-13 
7.4229511426437966e-13 
7.4229511426437966e-13 
7.4229511426437966e-13 
7.4229511426437966e-13 
7.4229511426437966e-13 
7.4229511426437966e-13 
7.4229511426437966e-13 
7.4229511426437966e-13 
7.4229511426437966e-13 
7.4229511426437966e-13 
7.4229511426437966e-13 
7.4229511426437966e-13 
7.4229511426437966e-13 
7.4229511426437966e-13 
7.4229511426437966e-13 
7.4229511426437966e-13 
7.4229511426437966e-13 
7.4229511426437966e-13 
7.4229511426437966e-13 
7.4229511426437966e-13 
7.4229511426437966e-13 
7.4229511426437966e-13 
7.4229511426437966e-13 
7.4229511426437966e-13 
7.4229511426437966e-13 
7.4229511426437966e-13 
7.4229511426437966e-13 
7.4229511426437966e-13 
7.4229511426437966e-13 
7.4229511426437966e-13 
7.4229511426437966e-13 
7.4229511426437966e-13 
7.4229511426437966e-13 
7.4229511426437966e-13 
7.4229511426437966e-13 
7.4229511426437966e-13 
7.4229511426437966e-13 
7.4229511426437966e-13 
7.4229511426437966e-13 
7.4229511426437966e-13 
7.4229511426437966e-13 
7.4229511426437966e-13 
7.4229511426437966e-13 
7.4229511426437966e-13 
7.4229511426437966e-13 
7.4229511426437966e-13 
7.4229511426437966e-13 
7.4229511426437966e-13 
7.4229511426437966e-13 
7.4229511426437966e-13 
7.4229511426437966e-13 
7.4229511426437966e-13 
7.4229511426437966e-13 
7.4229511426437966e-13 
7.4229511426437966e-13 
7.4229511426437966e-13 
7.4229511426437966e-13 
7.4229511426437966e-13 
7.4229511426437966e-13 
7.4229511426437966e-13 
7.4229511426437966e-13 
7.4229511426437966e-13 
7.4229511426437966e-13 
7.4229511426437966e-13 
7.4229511426437966e-13 
7.4229511426437966e-13 
7.4229511426437966e-13 
7.4229511426437966e-13 
7.4229511426437966e-13 
7.4229511426437966e-13 
7.4229511426437966e-13 
7.4229511426437966e-13 
7.4229511426437966e-13 
7.4229511426437966e-13 
7.4229511426437966e-13 
7.4229511426437966e-13 
7.4229511426437966e-13 
7.4229511426437966e-13 
7.4229511426437966e-13 
7.4229511426437966e-13 
7.4229511426437966e-13 
7.4229511426437966e-13 
7.4229511426437966e-13 
7.4229511426437966e-13 
7.4229511426437966e-13 
7.4229511426437966e-13 
7.4229511426437966e-13 
7.4229511426437966e-13 
7.4229511426437966e-13 
7.4229511426437966e-13 
7.4229511426437966e-13 
7.4229511426437966e-13 
7.4229511426437966e-13 
7.4229511426437966e-13 
7.4229511426437966e-13 
7.4229511426437966e-13 
7.4229511426437966e-13 
7.4229511426437966e-13 
7.4229511426437966e-13 
7.4229511426437966e-13 
7.4229511426437966e-13 
7.4229511426437966e-13 
7.4229511426437966e-13 
7.4229511426437966e-13 
7.4229511426437966e-13 
7.4229511426437966e-13 
7.4229511426437966e-13 
7.4229511426437966e-13 
7.4229511426437966e-13 
7.4229511426437966e-13 
7.4229511426437966e-13 
7.4229511426437966e-13 
7.4229511426437966e-13 
7.4229511426437966e-13 
7.4229511426437966e-13 
7.4229511426437966e-13 
7.4229511426437966e-13 
7.4229511426437966e-13 
7.4229511426437966e-13 
7.4229511426437966e-13 
7.4229511426437966e-13 
7.4229511426437966e-13 
7.4229511426437966e-13 
7.4229511426437966e-13 
7.4229511426437966e-13 
7.4229511426437966e-13 
7.4229511426437966e-13 
7.4229511426437966e-13 
7.4229511426437966e-13 
7.4229511426437966e-13 
7.4229511426437966e-13 
7.4229511426437966e-13 
7.4229511426437966e-13 
7.4229511426437966e-13 
7.4229511426437966e-13 
7.4229511426437966e-13 
7.4229511426437966e-13 
7.4229511426437966e-13 
7.4229511426437966e-13 
7.4229511426437966e-13 
7.4229511426437966e-13 
7.4229511426437966e-13 
7.4229511426437966e-13 
7.4229511426437966e-13 
7.4229511426437966e-13 
7.4229511426437966e-13 
7.4229511426437966e-13 
7.4229511426437966e-13 
7.4229511426437966e-13 
7.4229511426437966e-13 
7.4229511426437966e-13 
7.4229511426437966e-13 
7.4229511426437966e-13 
7.4229511426437966e-13 
7.4229511426437966e-13 
7.4229511426437966e-13 
7.4229511426437966e-13 
7.4229511426437966e-13 
7.4229511426437966e-13 
7.4229511426437966e-13 
7.4229511426437966e-13 
7.4229511426437966e-13 
7.4229511426437966e-13 
7.4229511426437966e-13 
7.4229511426437966e-13 
7.4229511426437966e-13 
7.4229511426437966e-13 
7.4229511426437966e-13 
7.4229511426437966e-13 
7.4229511426437966e-13 
7.4229511426437966e-13 
7.4229511426437966e-13 
7.4229511426437966e-13 
7.4229511426437966e-13 
7.4229511426437966e-13 
7.4229511426437966e-13 
7.4229511426437966e-13 
7.4229511426437966e-13 
7.4229511426437966e-13 
7.4229511426437966e-13 
7.4229511426437966e-13 
7.4229511426437966e-13 
7.4229511426437966e-13 
7.4229511426437966e-13 
7.4229511426437966e-13 
7.4229511426437966e-13 
7.4229511426437966e-13 
7.4229511426437966e-13 
7.4229511426437966e-13 
7.4229511426437966e-13 
7.4229511426437966e-13 
7.4229511426437966e-13 
7.4229511426437966e-13 
7.4229511426437966e-13 
7.4229511426437966e-13 
7.4229511426437966e-13 
7.4229511426437966e-13 
7.4229511426437966e-13 
7.4229511426437966e-13 
7.4229511426437966e-13 
7.4229511426437966e-13 
7.4229511426437966e-13 
7.4229511426437966e-13 
7.4229511426437966e-13 
7.4229511426437966e-13 
7.4229511426437966e-13 
7.4229511426437966e-13 
7.4229511426437966e-13 
7.4229511426437966e-13 
7.4229511426437966e-13 
7.4229511426437966e-13 
7.4229511426437966e-13 
7.4229511426437966e-13 
7.4229511426437966e-13 
7.4229511426437966e-13 
7.4229511426437966e-13 
7.4229511426437966e-13 
7.4229511426437966e-13 
7.4229511426437966e-13 
7.4229511426437966e-13 
7.4229511426437966e-13 
7.4229511426437966e-13 
7.4229511426437966e-13 
7.4229511426437966e-13 
7.4229511426437966e-13 
7.4229511426437966e-13 
7.4229511426437966e-13 
7.4229511426437966e-13 
7.4229511426437966e-13 
7.4229511426437966e-13 
7.4229511426437966e-13 
7.4229511426437966e-13 
7.4229511426437966e-13 
7.4229511426437966e-13 
7.4229511426437966e-13 
7.4229511426437966e-13 
7.4229511426437966e-13 
7.4229511426437966e-13 
7.4229511426437966e-13 
7.4229511426437966e-13 
7.4229511426437966e-13 
7.4229511426437966e-13 
7.4229511426437966e-13 
7.4229511426437966e-13 
7.4229511426437966e-13 
7.4229511426437966e-13 
7.4229511426437966e-13 
7.4229511426437966e-13 
7.4229511426437966e-13 
7.4229511426437966e-13 
7.4229511426437966e-13 
7.4229511426437966e-13 
7.4229511426437966e-13 
7.4229511426437966e-13 
7.4229511426437966e-13 
7.4229511426437966e-13 
7.4229511426437966e-13 
7.4229511426437966e-13 
7.4229511426437966e-13 
7.4229511426437966e-13 
7.4229511426437966e-13 
7.4229511426437966e-13 
7.4229511426437966e-13 
7.4229511426437966e-13 
7.4229511426437966e-13 
7.4229511426437966e-13 
7.4229511426437966e-13 
7.4229511426437966e-13 
7.4229511426437966e-13 
7.4229511426437966e-13 
7.4229511426437966e-13 
7.4229511426437966e-13 
7.4229511426437966e-13 
7.4229511426437966e-13 
7.4229511426437966e-13 
7.4229511426437966e-13 
7.4229511426437966e-13 
7.4229511426437966e-13 
7.4229511426437966e-13 
7.4229511426437966e-13 
7.4229511426437966e-13 
7.4229511426437966e-13 
7.4229511426437966e-13 
7.4229511426437966e-13 
7.4229511426437966e-13 
7.4229511426437966e-13 
7.4229511426437966e-13 
7.4229511426437966e-13 
7.4229511426437966e-13 
7.4229511426437966e-13 
7.4229511426437966e-13 
7.4229511426437966e-13 
7.4229511426437966e-13 
7.4229511426437966e-13 
7.4229511426437966e-13 
7.4229511426437966e-13 
7.4229511426437966e-13 
7.4229511426437966e-13 
7.4229511426437966e-13 
7.4229511426437966e-13 
7.4229511426437966e-13 
7.4229511426437966e-13 
7.4229511426437966e-13 
7.4229511426437966e-13 
7.4229511426437966e-13 
7.4229511426437966e-13 
7.4229511426437966e-13 
7.4229511426437966e-13 
7.4229511426437966e-13 
7.4229511426437966e-13 
7.4229511426437966e-13 
7.4229511426437966e-13 
7.4229511426437966e-13 
7.4229511426437966e-13 
7.4229511426437966e-13 
7.4229511426437966e-13 
7.4229511426437966e-13 
7.4229511426437966e-13 
7.4229511426437966e-13 
7.4229511426437966e-13 
7.4229511426437966e-13 
7.4229511426437966e-13 
7.4229511426437966e-13 
7.4229511426437966e-13 
7.4229511426437966e-13 
7.4229511426437966e-13 
7.4229511426437966e-13 
7.4229511426437966e-13 
7.4229511426437966e-13 
7.4229511426437966e-13 
7.4229511426437966e-13 
7.4229511426437966e-13 
7.4229511426437966e-13 
7.4229511426437966e-13 
7.4229511426437966e-13 
7.4229511426437966e-13 
7.4229511426437966e-13 
7.4229511426437966e-13 
7.4229511426437966e-13 
7.4229511426437966e-13 
7.4229511426437966e-13 
7.4229511426437966e-13 
7.4229511426437966e-13 
7.4229511426437966e-13 
7.4229511426437966e-13 
7.4229511426437966e-13 
7.4229511426437966e-13 
7.4229511426437966e-13 
7.4229511426437966e-13 
7.4229511426437966e-13 
7.4229511426437966e-13 
7.4229511426437966e-13 
7.4229511426437966e-13 
7.4229511426437966e-13 
7.4229511426437966e-13 
7.4229511426437966e-13 
7.4229511426437966e-13 
7.4229511426437966e-13 
7.4229511426437966e-13 
7.4229511426437966e-13 
7.4229511426437966e-13 
7.4229511426437966e-13 
7.4229511426437966e-13 
7.4229511426437966e-13 
7.4229511426437966e-13 
7.4229511426437966e-13 
7.4229511426437966e-13 
7.4229511426437966e-13 
7.4229511426437966e-13 
7.4229511426437966e-13 
7.4229511426437966e-13 
7.4229511426437966e-13 
7.4229511426437966e-13 
7.4229511426437966e-13 
7.4229511426437966e-13 
7.4229511426437966e-13 
7.4229511426437966e-13 
7.4229511426437966e-13 
7.4229511426437966e-13 
7.4229511426437966e-13 
7.4229511426437966e-13 
