0.75026946621064317 
0.75026703113870807 
0.41369796235858802 
0.24936689182840999 
0.20361228443931656 
0.10563661901511479 
0.090078837587202254 
0.041133295192258501 
0.030518841651996143 
0.023239358318928649 
0.0098251530270816456 
0.0097254582117531907 
0.0037806595579875646 
0.0037407873955105364 
0.0016720394493090485 
0.0016553234263931849 
0.00059670386768106987 
0.00059025784244115531 
0.00030105062954621786 
0.0002589578770291201 
0.00011631914369625296 
8.6390822973680947e-05 
6.6304467887690066e-05 
2.7606495784260332e-05 
2.7336672876576706e-05 
1.0825911160083912e-05 
1.0703779524279255e-05 
4.6563259971099669e-06 
4.6138083360514059e-06 
1.7221993942051483e-06 
1.6999850672716477e-06 
8.2446327398510988e-07 
7.4580713227412332e-07 
3.1210003248460794e-07 
2.7136082225709401e-07 
1.9448557431189784e-07 
7.518629097091889e-08 
7.518629097091889e-08 
3.2927782389613469e-08 
2.8442640909176475e-08 
1.855324982535933e-08 
8.5991975762311768e-09 
8.2973361514859789e-09 
3.1802781519374435e-09 
3.1802781519374435e-09 
1.3320009539796729e-09 
1.02399377865936e-09 
5.9195937041067737e-10 
4.4310322078189301e-10 
2.8004254470914702e-10 
8.9558582772042428e-11 
3.9372949345306552e-11 
1.0943579376032631e-11 
3.592348640779619e-12 
3.592348640779619e-12 
3.592348640779619e-12 
3.592348640779619e-12 
3.592348640779619e-12 
3.592348640779619e-12 
3.592348640779619e-12 
3.592348640779619e-12 
3.592348640779619e-12 
3.592348640779619e-12 
3.592348640779619e-12 
3.592348640779619e-12 
3.592348640779619e-12 
3.592348640779619e-12 
3.592348640779619e-12 
3.592348640779619e-12 
3.592348640779619e-12 
3.592348640779619e-12 
3.592348640779619e-12 
3.592348640779619e-12 
3.592348640779619e-12 
3.592348640779619e-12 
3.592348640779619e-12 
3.592348640779619e-12 
3.592348640779619e-12 
3.592348640779619e-12 
3.592348640779619e-12 
3.592348640779619e-12 
3.592348640779619e-12 
3.592348640779619e-12 
3.592348640779619e-12 
3.592348640779619e-12 
3.592348640779619e-12 
3.592348640779619e-12 
3.592348640779619e-12 
3.592348640779619e-12 
3.592348640779619e-12 
3.592348640779619e-12 
3.592348640779619e-12 
3.592348640779619e-12 
3.592348640779619e-12 
3.592348640779619e-12 
3.592348640779619e-12 
3.592348640779619e-12 
3.592348640779619e-12 
3.592348640779619e-12 
3.592348640779619e-12 
3.592348640779619e-12 
3.592348640779619e-12 
3.592348640779619e-12 
3.592348640779619e-12 
3.592348640779619e-12 
3.592348640779619e-12 
3.592348640779619e-12 
3.592348640779619e-12 
3.592348640779619e-12 
3.592348640779619e-12 
3.592348640779619e-12 
3.592348640779619e-12 
3.592348640779619e-12 
3.592348640779619e-12 
3.592348640779619e-12 
3.592348640779619e-12 
3.592348640779619e-12 
3.592348640779619e-12 
3.592348640779619e-12 
3.592348640779619e-12 
3.592348640779619e-12 
3.592348640779619e-12 
3.592348640779619e-12 
3.592348640779619e-12 
3.592348640779619e-12 
3.592348640779619e-12 
3.592348640779619e-12 
3.592348640779619e-12 
3.592348640779619e-12 
3.592348640779619e-12 
3.592348640779619e-12 
3.592348640779619e-12 
3.592348640779619e-12 
3.592348640779619e-12 
3.592348640779619e-12 
3.592348640779619e-12 
3.592348640779619e-12 
3.592348640779619e-12 
3.592348640779619e-12 
3.592348640779619e-12 
3.592348640779619e-12 
3.592348640779619e-12 
3.592348640779619e-12 
3.592348640779619e-12 
3.592348640779619e-12 
3.592348640779619e-12 
3.592348640779619e-12 
3.592348640779619e-12 
3.592348640779619e-12 
3.592348640779619e-12 
3.592348640779619e-12 
3.592348640779619e-12 
3.592348640779619e-12 
3.592348640779619e-12 
3.592348640779619e-12 
3.592348640779619e-12 
3.592348640779619e-12 
3.592348640779619e-12 
3.592348640779619e-12 
3.592348640779619e-12 
3.592348640779619e-12 
3.592348640779619e-12 
3.592348640779619e-12 
3.592348640779619e-12 
3.592348640779619e-12 
3.592348640779619e-12 
3.592348640779619e-12 
3.592348640779619e-12 
3.592348640779619e-12 
3.592348640779619e-12 
3.592348640779619e-12 
3.592348640779619e-12 
3.592348640779619e-12 
3.592348640779619e-12 
3.592348640779619e-12 
3.592348640779619e-12 
3.592348640779619e-12 
3.592348640779619e-12 
3.592348640779619e-12 
3.592348640779619e-12 
3.592348640779619e-12 
3.592348640779619e-12 
3.592348640779619e-12 
3.592348640779619e-12 
3.592348640779619e-12 
3.592348640779619e-12 
3.592348640779619e-12 
3.592348640779619e-12 
3.592348640779619e-12 
3.592348640779619e-12 
3.592348640779619e-12 
3.592348640779619e-12 
3.592348640779619e-12 
3.592348640779619e-12 
3.592348640779619e-12 
3.592348640779619e-12 
3.592348640779619e-12 
3.592348640779619e-12 
3.592348640779619e-12 
3.592348640779619e-12 
3.592348640779619e-12 
3.592348640779619e-12 
3.592348640779619e-12 
3.592348640779619e-12 
3.592348640779619e-12 
3.592348640779619e-12 
3.592348640779619e-12 
3.592348640779619e-12 
3.592348640779619e-12 
3.592348640779619e-12 
3.592348640779619e-12 
3.592348640779619e-12 
3.592348640779619e-12 
3.592348640779619e-12 
3.592348640779619e-12 
3.592348640779619e-12 
3.592348640779619e-12 
3.592348640779619e-12 
3.592348640779619e-12 
3.592348640779619e-12 
3.592348640779619e-12 
3.592348640779619e-12 
3.592348640779619e-12 
3.592348640779619e-12 
3.592348640779619e-12 
3.592348640779619e-12 
3.592348640779619e-12 
3.592348640779619e-12 
3.592348640779619e-12 
3.592348640779619e-12 
3.592348640779619e-12 
3.592348640779619e-12 
3.592348640779619e-12 
3.592348640779619e-12 
3.592348640779619e-12 
3.592348640779619e-12 
3.592348640779619e-12 
3.592348640779619e-12 
3.592348640779619e-12 
3.592348640779619e-12 
3.592348640779619e-12 
3.592348640779619e-12 
3.592348640779619e-12 
3.592348640779619e-12 
3.592348640779619e-12 
3.592348640779619e-12 
3.592348640779619e-12 
3.592348640779619e-12 
3.592348640779619e-12 
3.592348640779619e-12 
3.592348640779619e-12 
3.592348640779619e-12 
3.592348640779619e-12 
3.592348640779619e-12 
3.592348640779619e-12 
3.592348640779619e-12 
3.592348640779619e-12 
3.592348640779619e-12 
3.592348640779619e-12 
3.592348640779619e-12 
3.592348640779619e-12 
3.592348640779619e-12 
3.592348640779619e-12 
3.592348640779619e-12 
3.592348640779619e-12 
3.592348640779619e-12 
3.592348640779619e-12 
3.592348640779619e-12 
3.592348640779619e-12 
3.592348640779619e-12 
3.592348640779619e-12 
3.592348640779619e-12 
3.592348640779619e-12 
3.592348640779619e-12 
3.592348640779619e-12 
3.592348640779619e-12 
3.592348640779619e-12 
3.592348640779619e-12 
3.592348640779619e-12 
3.592348640779619e-12 
3.592348640779619e-12 
3.592348640779619e-12 
3.592348640779619e-12 
3.592348640779619e-12 
3.592348640779619e-12 
3.592348640779619e-12 
3.592348640779619e-12 
3.592348640779619e-12 
3.592348640779619e-12 
3.592348640779619e-12 
3.592348640779619e-12 
3.592348640779619e-12 
3.592348640779619e-12 
3.592348640779619e-12 
3.592348640779619e-12 
3.592348640779619e-12 
3.592348640779619e-12 
3.592348640779619e-12 
3.592348640779619e-12 
3.592348640779619e-12 
3.592348640779619e-12 
3.592348640779619e-12 
3.592348640779619e-12 
3.592348640779619e-12 
3.592348640779619e-12 
3.592348640779619e-12 
3.592348640779619e-12 
3.592348640779619e-12 
3.592348640779619e-12 
3.592348640779619e-12 
3.592348640779619e-12 
3.592348640779619e-12 
3.592348640779619e-12 
3.592348640779619e-12 
3.592348640779619e-12 
3.592348640779619e-12 
3.592348640779619e-12 
3.592348640779619e-12 
3.592348640779619e-12 
3.592348640779619e-12 
3.592348640779619e-12 
3.592348640779619e-12 
3.592348640779619e-12 
3.592348640779619e-12 
3.592348640779619e-12 
3.592348640779619e-12 
3.592348640779619e-12 
3.592348640779619e-12 
3.592348640779619e-12 
3.592348640779619e-12 
3.592348640779619e-12 
3.592348640779619e-12 
3.592348640779619e-12 
3.592348640779619e-12 
3.592348640779619e-12 
3.592348640779619e-12 
3.592348640779619e-12 
3.592348640779619e-12 
3.592348640779619e-12 
3.592348640779619e-12 
3.592348640779619e-12 
3.592348640779619e-12 
3.592348640779619e-12 
3.592348640779619e-12 
3.592348640779619e-12 
3.592348640779619e-12 
3.592348640779619e-12 
3.592348640779619e-12 
3.592348640779619e-12 
3.592348640779619e-12 
3.592348640779619e-12 
3.592348640779619e-12 
3.592348640779619e-12 
3.592348640779619e-12 
3.592348640779619e-12 
3.592348640779619e-12 
3.592348640779619e-12 
3.592348640779619e-12 
3.592348640779619e-12 
3.592348640779619e-12 
3.592348640779619e-12 
3.592348640779619e-12 
3.592348640779619e-12 
3.592348640779619e-12 
3.592348640779619e-12 
3.592348640779619e-12 
3.592348640779619e-12 
3.592348640779619e-12 
3.592348640779619e-12 
3.592348640779619e-12 
3.592348640779619e-12 
3.592348640779619e-12 
3.592348640779619e-12 
3.592348640779619e-12 
3.592348640779619e-12 
3.592348640779619e-12 
3.592348640779619e-12 
3.592348640779619e-12 
3.592348640779619e-12 
3.592348640779619e-12 
3.592348640779619e-12 
3.592348640779619e-12 
3.592348640779619e-12 
3.592348640779619e-12 
3.592348640779619e-12 
3.592348640779619e-12 
3.592348640779619e-12 
3.592348640779619e-12 
3.592348640779619e-12 
3.592348640779619e-12 
3.592348640779619e-12 
3.592348640779619e-12 
3.592348640779619e-12 
3.592348640779619e-12 
3.592348640779619e-12 
3.592348640779619e-12 
3.592348640779619e-12 
3.592348640779619e-12 
3.592348640779619e-12 
3.592348640779619e-12 
3.592348640779619e-12 
3.592348640779619e-12 
3.592348640779619e-12 
3.592348640779619e-12 
3.592348640779619e-12 
3.592348640779619e-12 
3.592348640779619e-12 
3.592348640779619e-12 
3.592348640779619e-12 
3.592348640779619e-12 
3.592348640779619e-12 
3.592348640779619e-12 
3.592348640779619e-12 
3.592348640779619e-12 
3.592348640779619e-12 
3.592348640779619e-12 
3.592348640779619e-12 
3.592348640779619e-12 
3.592348640779619e-12 
3.592348640779619e-12 
3.592348640779619e-12 
3.592348640779619e-12 
3.592348640779619e-12 
3.592348640779619e-12 
3.592348640779619e-12 
3.592348640779619e-12 
3.592348640779619e-12 
3.592348640779619e-12 
3.592348640779619e-12 
3.592348640779619e-12 
3.592348640779619e-12 
3.592348640779619e-12 
3.592348640779619e-12 
3.592348640779619e-12 
3.592348640779619e-12 
3.592348640779619e-12 
3.592348640779619e-12 
3.592348640779619e-12 
3.592348640779619e-12 
3.592348640779619e-12 
3.592348640779619e-12 
3.592348640779619e-12 
3.592348640779619e-12 
3.592348640779619e-12 
3.592348640779619e-12 
3.592348640779619e-12 
3.592348640779619e-12 
3.592348640779619e-12 
3.592348640779619e-12 
3.592348640779619e-12 
3.592348640779619e-12 
3.592348640779619e-12 
3.592348640779619e-12 
3.592348640779619e-12 
3.592348640779619e-12 
3.592348640779619e-12 
3.592348640779619e-12 
3.592348640779619e-12 
3.592348640779619e-12 
3.592348640779619e-12 
3.592348640779619e-12 
3.592348640779619e-12 
3.592348640779619e-12 
3.592348640779619e-12 
3.592348640779619e-12 
3.592348640779619e-12 
3.592348640779619e-12 
3.592348640779619e-12 
3.592348640779619e-12 
3.592348640779619e-12 
3.592348640779619e-12 
3.592348640779619e-12 
3.592348640779619e-12 
3.592348640779619e-12 
3.592348640779619e-12 
3.592348640779619e-12 
3.592348640779619e-12 
3.592348640779619e-12 
3.592348640779619e-12 
3.592348640779619e-12 
3.592348640779619e-12 
3.592348640779619e-12 
3.592348640779619e-12 
3.592348640779619e-12 
3.592348640779619e-12 
3.592348640779619e-12 
3.592348640779619e-12 
3.592348640779619e-12 
3.592348640779619e-12 
3.592348640779619e-12 
3.592348640779619e-12 
3.592348640779619e-12 
3.592348640779619e-12 
3.592348640779619e-12 
3.592348640779619e-12 
3.592348640779619e-12 
3.592348640779619e-12 
3.592348640779619e-12 
3.592348640779619e-12 
3.592348640779619e-12 
3.592348640779619e-12 
3.592348640779619e-12 
3.592348640779619e-12 
3.592348640779619e-12 
3.592348640779619e-12 
3.592348640779619e-12 
3.592348640779619e-12 
3.592348640779619e-12 
3.592348640779619e-12 
3.592348640779619e-12 
3.592348640779619e-12 
3.592348640779619e-12 
3.592348640779619e-12 
3.592348640779619e-12 
3.592348640779619e-12 
3.592348640779619e-12 
3.592348640779619e-12 
3.592348640779619e-12 
3.592348640779619e-12 
3.592348640779619e-12 
3.592348640779619e-12 
3.592348640779619e-12 
3.592348640779619e-12 
3.592348640779619e-12 
3.592348640779619e-12 
3.592348640779619e-12 
3.592348640779619e-12 
3.592348640779619e-12 
3.592348640779619e-12 
3.592348640779619e-12 
3.592348640779619e-12 
3.592348640779619e-12 
3.592348640779619e-12 
3.592348640779619e-12 
3.592348640779619e-12 
3.592348640779619e-12 
3.592348640779619e-12 
3.592348640779619e-12 
3.592348640779619e-12 
3.592348640779619e-12 
3.592348640779619e-12 
3.592348640779619e-12 
3.592348640779619e-12 
3.592348640779619e-12 
3.592348640779619e-12 
3.592348640779619e-12 
3.592348640779619e-12 
3.592348640779619e-12 
3.592348640779619e-12 
3.592348640779619e-12 
3.592348640779619e-12 
3.592348640779619e-12 
3.592348640779619e-12 
3.592348640779619e-12 
3.592348640779619e-12 
3.592348640779619e-12 
3.592348640779619e-12 
3.592348640779619e-12 
3.592348640779619e-12 
3.592348640779619e-12 
3.592348640779619e-12 
3.592348640779619e-12 
3.592348640779619e-12 
3.592348640779619e-12 
3.592348640779619e-12 
3.592348640779619e-12 
3.592348640779619e-12 
3.592348640779619e-12 
3.592348640779619e-12 
3.592348640779619e-12 
3.592348640779619e-12 
3.592348640779619e-12 
3.592348640779619e-12 
3.592348640779619e-12 
3.592348640779619e-12 
3.592348640779619e-12 
3.592348640779619e-12 
3.592348640779619e-12 
3.592348640779619e-12 
3.592348640779619e-12 
3.592348640779619e-12 
3.592348640779619e-12 
3.592348640779619e-12 
3.592348640779619e-12 
3.592348640779619e-12 
3.592348640779619e-12 
3.592348640779619e-12 
3.592348640779619e-12 
3.592348640779619e-12 
3.592348640779619e-12 
3.592348640779619e-12 
3.592348640779619e-12 
3.592348640779619e-12 
3.592348640779619e-12 
3.592348640779619e-12 
3.592348640779619e-12 
3.592348640779619e-12 
3.592348640779619e-12 
3.592348640779619e-12 
3.592348640779619e-12 
3.592348640779619e-12 
3.592348640779619e-12 
3.592348640779619e-12 
3.592348640779619e-12 
3.592348640779619e-12 
3.592348640779619e-12 
3.592348640779619e-12 
3.592348640779619e-12 
3.592348640779619e-12 
3.592348640779619e-12 
3.592348640779619e-12 
3.592348640779619e-12 
3.592348640779619e-12 
3.592348640779619e-12 
3.592348640779619e-12 
3.592348640779619e-12 
3.592348640779619e-12 
3.592348640779619e-12 
3.592348640779619e-12 
3.592348640779619e-12 
3.592348640779619e-12 
3.592348640779619e-12 
3.592348640779619e-12 
3.592348640779619e-12 
3.592348640779619e-12 
3.592348640779619e-12 
3.592348640779619e-12 
3.592348640779619e-12 
3.592348640779619e-12 
3.592348640779619e-12 
3.592348640779619e-12 
3.592348640779619e-12 
3.592348640779619e-12 
3.592348640779619e-12 
3.592348640779619e-12 
3.592348640779619e-12 
3.592348640779619e-12 
3.592348640779619e-12 
3.592348640779619e-12 
3.592348640779619e-12 
3.592348640779619e-12 
3.592348640779619e-12 
3.592348640779619e-12 
3.592348640779619e-12 
3.592348640779619e-12 
3.592348640779619e-12 
3.592348640779619e-12 
3.592348640779619e-12 
3.592348640779619e-12 
3.592348640779619e-12 
3.592348640779619e-12 
3.592348640779619e-12 
3.592348640779619e-12 
3.592348640779619e-12 
3.592348640779619e-12 
3.592348640779619e-12 
3.592348640779619e-12 
3.592348640779619e-12 
3.592348640779619e-12 
3.592348640779619e-12 
3.592348640779619e-12 
3.592348640779619e-12 
3.592348640779619e-12 
3.592348640779619e-12 
3.592348640779619e-12 
3.592348640779619e-12 
3.592348640779619e-12 
3.592348640779619e-12 
3.592348640779619e-12 
3.592348640779619e-12 
3.592348640779619e-12 
3.592348640779619e-12 
3.592348640779619e-12 
3.592348640779619e-12 
3.592348640779619e-12 
3.592348640779619e-12 
3.592348640779619e-12 
3.592348640779619e-12 
3.592348640779619e-12 
3.592348640779619e-12 
3.592348640779619e-12 
3.592348640779619e-12 
3.592348640779619e-12 
3.592348640779619e-12 
3.592348640779619e-12 
3.592348640779619e-12 
3.592348640779619e-12 
3.592348640779619e-12 
3.592348640779619e-12 
3.592348640779619e-12 
3.592348640779619e-12 
3.592348640779619e-12 
3.592348640779619e-12 
3.592348640779619e-12 
3.592348640779619e-12 
3.592348640779619e-12 
3.592348640779619e-12 
3.592348640779619e-12 
3.592348640779619e-12 
3.592348640779619e-12 
3.592348640779619e-12 
3.592348640779619e-12 
3.592348640779619e-12 
3.592348640779619e-12 
3.592348640779619e-12 
3.592348640779619e-12 
3.592348640779619e-12 
3.592348640779619e-12 
3.592348640779619e-12 
3.592348640779619e-12 
3.592348640779619e-12 
3.592348640779619e-12 
3.592348640779619e-12 
3.592348640779619e-12 
3.592348640779619e-12 
3.592348640779619e-12 
3.592348640779619e-12 
3.592348640779619e-12 
3.592348640779619e-12 
3.592348640779619e-12 
3.592348640779619e-12 
3.592348640779619e-12 
3.592348640779619e-12 
3.592348640779619e-12 
3.592348640779619e-12 
3.592348640779619e-12 
3.592348640779619e-12 
3.592348640779619e-12 
3.592348640779619e-12 
3.592348640779619e-12 
3.592348640779619e-12 
3.592348640779619e-12 
3.592348640779619e-12 
3.592348640779619e-12 
3.592348640779619e-12 
3.592348640779619e-12 
3.592348640779619e-12 
3.592348640779619e-12 
3.592348640779619e-12 
3.592348640779619e-12 
3.592348640779619e-12 
3.592348640779619e-12 
3.592348640779619e-12 
3.592348640779619e-12 
3.592348640779619e-12 
3.592348640779619e-12 
3.592348640779619e-12 
3.592348640779619e-12 
3.592348640779619e-12 
3.592348640779619e-12 
3.592348640779619e-12 
3.592348640779619e-12 
3.592348640779619e-12 
3.592348640779619e-12 
3.592348640779619e-12 
3.592348640779619e-12 
3.592348640779619e-12 
3.592348640779619e-12 
3.592348640779619e-12 
3.592348640779619e-12 
3.592348640779619e-12 
3.592348640779619e-12 
3.592348640779619e-12 
3.592348640779619e-12 
3.592348640779619e-12 
3.592348640779619e-12 
3.592348640779619e-12 
3.592348640779619e-12 
3.592348640779619e-12 
3.592348640779619e-12 
3.592348640779619e-12 
3.592348640779619e-12 
3.592348640779619e-12 
3.592348640779619e-12 
3.592348640779619e-12 
3.592348640779619e-12 
3.592348640779619e-12 
3.592348640779619e-12 
3.592348640779619e-12 
3.592348640779619e-12 
3.592348640779619e-12 
3.592348640779619e-12 
3.592348640779619e-12 
3.592348640779619e-12 
3.592348640779619e-12 
3.592348640779619e-12 
3.592348640779619e-12 
3.592348640779619e-12 
3.592348640779619e-12 
3.592348640779619e-12 
3.592348640779619e-12 
3.592348640779619e-12 
3.592348640779619e-12 
3.592348640779619e-12 
3.592348640779619e-12 
3.592348640779619e-12 
3.592348640779619e-12 
3.592348640779619e-12 
3.592348640779619e-12 
3.592348640779619e-12 
3.592348640779619e-12 
3.592348640779619e-12 
3.592348640779619e-12 
3.592348640779619e-12 
3.592348640779619e-12 
3.592348640779619e-12 
3.592348640779619e-12 
3.592348640779619e-12 
3.592348640779619e-12 
3.592348640779619e-12 
3.592348640779619e-12 
3.592348640779619e-12 
3.592348640779619e-12 
3.592348640779619e-12 
3.592348640779619e-12 
3.592348640779619e-12 
3.592348640779619e-12 
3.592348640779619e-12 
3.592348640779619e-12 
3.592348640779619e-12 
3.592348640779619e-12 
3.592348640779619e-12 
3.592348640779619e-12 
3.592348640779619e-12 
3.592348640779619e-12 
3.592348640779619e-12 
3.592348640779619e-12 
3.592348640779619e-12 
3.592348640779619e-12 
3.592348640779619e-12 
3.592348640779619e-12 
3.592348640779619e-12 
3.592348640779619e-12 
3.592348640779619e-12 
3.592348640779619e-12 
3.592348640779619e-12 
3.592348640779619e-12 
3.592348640779619e-12 
3.592348640779619e-12 
3.592348640779619e-12 
3.592348640779619e-12 
3.592348640779619e-12 
3.592348640779619e-12 
3.592348640779619e-12 
3.592348640779619e-12 
3.592348640779619e-12 
3.592348640779619e-12 
3.592348640779619e-12 
3.592348640779619e-12 
3.592348640779619e-12 
3.592348640779619e-12 
3.592348640779619e-12 
3.592348640779619e-12 
3.592348640779619e-12 
3.592348640779619e-12 
3.592348640779619e-12 
3.592348640779619e-12 
3.592348640779619e-12 
3.592348640779619e-12 
3.592348640779619e-12 
3.592348640779619e-12 
3.592348640779619e-12 
3.592348640779619e-12 
3.592348640779619e-12 
3.592348640779619e-12 
3.592348640779619e-12 
3.592348640779619e-12 
3.592348640779619e-12 
3.592348640779619e-12 
3.592348640779619e-12 
3.592348640779619e-12 
3.592348640779619e-12 
3.592348640779619e-12 
3.592348640779619e-12 
3.592348640779619e-12 
3.592348640779619e-12 
3.592348640779619e-12 
3.592348640779619e-12 
3.592348640779619e-12 
3.592348640779619e-12 
3.592348640779619e-12 
3.592348640779619e-12 
3.592348640779619e-12 
3.592348640779619e-12 
3.592348640779619e-12 
3.592348640779619e-12 
3.592348640779619e-12 
3.592348640779619e-12 
3.592348640779619e-12 
3.592348640779619e-12 
3.592348640779619e-12 
3.592348640779619e-12 
3.592348640779619e-12 
3.592348640779619e-12 
3.592348640779619e-12 
3.592348640779619e-12 
3.592348640779619e-12 
3.592348640779619e-12 
3.592348640779619e-12 
3.592348640779619e-12 
3.592348640779619e-12 
3.592348640779619e-12 
3.592348640779619e-12 
3.592348640779619e-12 
3.592348640779619e-12 
3.592348640779619e-12 
3.592348640779619e-12 
3.592348640779619e-12 
3.592348640779619e-12 
3.592348640779619e-12 
3.592348640779619e-12 
3.592348640779619e-12 
3.592348640779619e-12 
3.592348640779619e-12 
3.592348640779619e-12 
3.592348640779619e-12 
3.592348640779619e-12 
3.592348640779619e-12 
3.592348640779619e-12 
3.592348640779619e-12 
3.592348640779619e-12 
3.592348640779619e-12 
3.592348640779619e-12 
3.592348640779619e-12 
3.592348640779619e-12 
3.592348640779619e-12 
3.592348640779619e-12 
3.592348640779619e-12 
3.592348640779619e-12 
3.592348640779619e-12 
3.592348640779619e-12 
3.592348640779619e-12 
3.592348640779619e-12 
3.592348640779619e-12 
3.592348640779619e-12 
3.592348640779619e-12 
3.592348640779619e-12 
3.592348640779619e-12 
3.592348640779619e-12 
3.592348640779619e-12 
3.592348640779619e-12 
3.592348640779619e-12 
3.592348640779619e-12 
3.592348640779619e-12 
3.592348640779619e-12 
3.592348640779619e-12 
3.592348640779619e-12 
3.592348640779619e-12 
3.592348640779619e-12 
3.592348640779619e-12 
3.592348640779619e-12 
3.592348640779619e-12 
3.592348640779619e-12 
3.592348640779619e-12 
3.592348640779619e-12 
3.592348640779619e-12 
3.592348640779619e-12 
3.592348640779619e-12 
3.592348640779619e-12 
3.592348640779619e-12 
3.592348640779619e-12 
3.592348640779619e-12 
3.592348640779619e-12 
3.592348640779619e-12 
3.592348640779619e-12 
3.592348640779619e-12 
3.592348640779619e-12 
3.592348640779619e-12 
3.592348640779619e-12 
3.592348640779619e-12 
3.592348640779619e-12 
3.592348640779619e-12 
3.592348640779619e-12 
3.592348640779619e-12 
3.592348640779619e-12 
3.592348640779619e-12 
3.592348640779619e-12 
3.592348640779619e-12 
3.592348640779619e-12 
3.592348640779619e-12 
3.592348640779619e-12 
3.592348640779619e-12 
3.592348640779619e-12 
3.592348640779619e-12 
3.592348640779619e-12 
3.592348640779619e-12 
3.592348640779619e-12 
3.592348640779619e-12 
3.592348640779619e-12 
3.592348640779619e-12 
3.592348640779619e-12 
3.592348640779619e-12 
3.592348640779619e-12 
3.592348640779619e-12 
3.592348640779619e-12 
3.592348640779619e-12 
3.592348640779619e-12 
3.592348640779619e-12 
3.592348640779619e-12 
3.592348640779619e-12 
