0.16904201889351689 
0.16903970106091731 
0.16903738309562694 
0.1482554562291169 
0.093063307889138427 
0.090483235404320905 
0.06301411811034438 
0.062835014810993822 
0.053459434518066173 
0.053383367098896961 
0.048584503578945885 
0.048555067214193122 
0.047237053975387341 
0.047051469396085059 
0.04639972961025008 
0.046394609987796466 
0.046084390332917176 
0.04608212116590249 
0.045988108834979745 
0.045980128171695937 
0.045932834309405139 
0.045908355589083481 
0.045707046951110088 
0.045705433163353903 
0.045629253141263232 
0.045628552178779418 
0.045594194391980473 
0.045593772162598148 
0.045582019035996853 
0.045569423743494923 
0.045565357680918107 
0.045559356502497206 
0.045558188330975281 
0.045555169879384592 
0.04555495628583419 
0.045553341445253914 
0.045553155745854605 
0.045552554613466273 
0.045552342699583949 
0.045551938988297645 
0.045551753225197951 
0.045551501604636675 
0.045551310646906422 
0.045551098085082266 
0.045550913022772213 
0.045550718467157109 
0.045550534710681989 
0.045550348163782853 
0.045550164562446309 
0.045549981475813781 
0.045549797902062025 
0.045549615545703061 
0.045549433216364552 
0.045549250832834128 
0.045549068370955771 
0.045548886140250086 
0.045548703928130915 
0.045548521733250857 
0.045548339555602287 
0.045548157395185251 
0.045547975251999807 
0.045547793126046072 
0.045547611017324172 
0.045547428925834139 
0.045547246851576059 
0.045547064794550042 
0.045546882754756143 
0.045546700732194537 
0.045546518726865215 
0.045546336738768317 
0.045546154767903899 
0.04554597281427205 
0.045545790877872909 
0.045545608958706532 
0.045545427056772982 
0.045545245172072354 
0.045545063304604755 
0.045544881454370287 
0.045544699621369013 
0.045544517805601023 
0.045544336007066401 
0.045544154225765229 
0.04554397246169764 
0.045543790714863683 
0.045543608985263447 
0.045543427272897008 
0.045543245577764492 
0.045543063899865975 
0.04554288223920152 
0.045542700595771229 
0.045542518969575167 
0.045542337360613486 
0.045542155768886233 
0.045541974194393472 
0.045541792637135328 
0.045541611097111842 
0.045541429574323188 
0.045541248068769379 
0.045541066580450533 
0.045540885109366706 
0.04554070365551801 
0.045540522218904547 
0.045540340799526409 
0.045540159397383637 
0.045539978012476348 
0.045539796644804613 
0.04553961529436857 
0.045539433961168267 
0.045539252645203789 
0.045539071346475217 
0.04553889006498265 
0.045538708800726219 
0.045538527553705951 
0.045538346323921952 
0.045538165111374304 
0.045537983916063132 
0.045537802737988492 
0.045537621577150481 
0.045537440433549153 
0.045537259307184615 
0.045537078198056996 
0.04553689710616636 
0.045536716031512763 
0.045536534974096307 
0.045536353933917084 
0.045536172910975226 
0.045535991905270766 
0.045535810916803796 
0.045535629945574405 
0.045535448991582683 
0.045535268054828777 
0.045535087135312693 
0.045534906233034543 
0.04553472534799443 
0.045534544480192417 
0.045534363629628628 
0.04553418279630312 
0.045534001980216003 
0.045533821181367333 
0.0455336403997572 
0.045533459635385763 
0.045533278888253044 
0.045533098158359125 
0.045532917445704098 
0.045532736750288114 
0.045532556072111194 
0.045532375411173436 
0.045532194767474929 
0.045532014141015757 
0.045531833531796052 
0.045531652939815856 
0.045531472365075251 
0.045531291807574356 
0.045531111267313226 
0.045530930744292 
0.04553075023851072 
0.045530569749969496 
0.045530389278668384 
0.045530208824607496 
0.045530028387786942 
0.045529847968206791 
0.045529667565867106 
0.045529487180767991 
0.045529306812909537 
0.045529126462291861 
0.045528946128915011 
0.045528765812779079 
0.045528585513884154 
0.045528405232230319 
0.045528224967817714 
0.045528044720646373 
0.045527864490716385 
0.045527684278027836 
0.045527504082580876 
0.04552732390437552 
0.04552714374341188 
0.045526963599690037 
0.045526783473210077 
0.045526603363972115 
0.04552642327197623 
0.045526243197222482 
0.045526063139710971 
0.045525883099441784 
0.045525703076415042 
0.045525523070630805 
0.045525343082089151 
0.045525163110790169 
0.045524983156733957 
0.045524803219920626 
0.045524623300350231 
0.045524443398022856 
0.045524263512938611 
0.045524083645097566 
0.045523903794499831 
0.045523723961145478 
0.045523544145034588 
0.045523364346167265 
0.045523184564543566 
0.045523004800163636 
0.04552282505302753 
0.045522645323135325 
0.04552246561048711 
0.045522285915083005 
0.045522106236923071 
0.045521926576007399 
0.045521746932336057 
0.045521567305909151 
0.045521387696726805 
0.045521208104789067 
0.045521028530096014 
0.045520848972647743 
0.045520669432444351 
0.045520489909485949 
0.045520310403772586 
0.045520130915304366 
0.045519951444081365 
0.045519771990103666 
0.045519592553371409 
0.045519413133884634 
0.045519233731643426 
0.045519054346647887 
0.045518874978898095 
0.045518695628394168 
0.04551851629513616 
0.04551833697912417 
0.045518157680358287 
0.045517978398838588 
0.045517799134565197 
0.045517619887538163 
0.045517440657757584 
0.045517261445223535 
0.045517082249936162 
0.045516903071895501 
0.045516723911101648 
0.045516544767554679 
0.045516365641254677 
0.04551618653220179 
0.045516007440396057 
0.045515828365837556 
0.045515649308526376 
0.045515470268462629 
0.045515291245646412 
0.045515112240077801 
0.045514933251756852 
0.045514754280683689 
0.045514575326858361 
0.045514396390281028 
0.045514217470951725 
0.045514038568870548 
0.045513859684037559 
0.045513680816452878 
0.045513501966116615 
0.045513323133028805 
0.045513144317189586 
0.045512965518598993 
0.045512786737257123 
0.045512607973164129 
0.045512429226320039 
0.04551225049672495 
0.045512071784378945 
0.0455118930892821 
0.045511714411434576 
0.045511535750836392 
0.045511357107487639 
0.045511178481388401 
0.045510999872538829 
0.045510821280938953 
0.045510642706588868 
0.045510464149488644 
0.045510285609638386 
0.045510107087038225 
0.045509928581688203 
0.045509750093588409 
0.045509571622738922 
0.045509393169139836 
0.045509214732791292 
0.045509036313693324 
0.045508857911846008 
0.045508679527249449 
0.045508501159903729 
0.045508322809808988 
0.045508144476965245 
0.045507966161372627 
0.045507787863031196 
0.045507609581941041 
0.045507431318102295 
0.045507253071515014 
0.045507074842179265 
0.045506896630095148 
0.045506718435262751 
0.0455065402576822 
0.04550636209735355 
0.045506183954276885 
0.045506005828452281 
0.045505827719879884 
0.045505649628559727 
0.045505471554491896 
0.045505293497676506 
0.045505115458113601 
0.045504937435803354 
0.045504759430745792 
0.045504581442940992 
0.045504403472389064 
0.045504225519090086 
0.045504047583044167 
0.045503869664251392 
0.045503691762711823 
0.045503513878425543 
0.04550333601139267 
0.045503158161613294 
0.045502980329087492 
0.045502802513815346 
0.045502624715796934 
0.045502446935032345 
0.045502269171521711 
0.045502091425265088 
0.045501913696262559 
0.045501735984514194 
0.045501558290020103 
0.045501380612780397 
0.045501202952795153 
0.045501025310064426 
0.045500847684588314 
0.045500670076366954 
0.045500492485400376 
0.04550031491168869 
0.045500137355231965 
0.045499959816030312 
0.045499782294083836 
0.045499604789392592 
0.04549942730195667 
0.045499249831776147 
0.045499072378851133 
0.045498894943181732 
0.045498717524768001 
0.045498540123610043 
0.04549836273970792 
0.045498185373061738 
0.04549800802367162 
0.045497830691537608 
0.045497653376659793 
0.045497476079038278 
0.045497298798673119 
0.045497121535564476 
0.045496944289712384 
0.045496767061116924 
0.045496589849778182 
0.045496412655696268 
0.045496235478871279 
0.045496058319303298 
0.045495881176992388 
0.045495704051938632 
0.045495526944142183 
0.045495349853603075 
0.045495172780321377 
0.045494995724297209 
0.045494818685530652 
0.045494641664021812 
0.045494464659770757 
0.045494287672777578 
0.045494110703042344 
0.045493933750565152 
0.045493756815346134 
0.045493579897385346 
0.04549340299668285 
0.045493226113238749 
0.045493049247053136 
0.04549287239812614 
0.045492695566457783 
0.04549251875204819 
0.045492341954897424 
0.045492165175005581 
0.045491988412372793 
0.045491811666999088 
0.045491634938884584 
0.04549145822802933 
0.045491281534433471 
0.045491104858097077 
0.045490928199020231 
0.045490751557202995 
0.045490574932645474 
0.045490398325347806 
0.045490221735310019 
0.045490045162532203 
0.045489868607014462 
0.045489692068756866 
0.045489515547759547 
0.045489339044022546 
0.045489162557545981 
0.045488986088329915 
0.045488809636374417 
0.04548863320167966 
0.045488456784245658 
0.045488280384072516 
0.045488104001160316 
0.045487927635509157 
0.045487751287119141 
0.045487574955990331 
0.045487398642122819 
0.045487222345516679 
0.045487046066172016 
0.045486869804088961 
0.045486693559267523 
0.045486517331707846 
0.045486341121409972 
0.045486164928374012 
0.045485988752600098 
0.045485812594088244 
0.045485636452838596 
0.045485460328851188 
0.045485284222126117 
0.045485108132663536 
0.045484932060463473 
0.045484756005526025 
0.045484579967851282 
0.045484403947439342 
0.045484227944290301 
0.045484051958404215 
0.045483875989781167 
0.045483700038421282 
0.045483524104324637 
0.045483348187491321 
0.045483172287921411 
0.045482996405614977 
0.045482820540572129 
0.045482644692792978 
0.045482468862277595 
0.045482293049026047 
0.045482117253038426 
0.045481941474314828 
0.045481765712855365 
0.045481589968660092 
0.0454814142417291 
0.045481238532062492 
0.045481062839660337 
0.045480887164522747 
0.045480711506649799 
0.045480535866041567 
0.045480360242698151 
0.045480184636619632 
0.045480009047806115 
0.04547983347625769 
0.045479657921974427 
0.045479482384956395 
0.045479306865203753 
0.045479131362716516 
0.045478955877494787 
0.045478780409538684 
0.04547860495884825 
0.045478429525423622 
0.045478254109264857 
0.045478078710372058 
0.045477903328745281 
0.045477727964384637 
0.04547755261729023 
0.045477377287462144 
0.04547720197490044 
0.045477026679605216 
0.045476851401576548 
0.045476676140814576 
0.045476500897319347 
0.045476325671090952 
0.045476150462129453 
0.045475975270434968 
0.045475800096007622 
0.045475624938847457 
0.045475449798954543 
0.045475274676328989 
0.04547509957097088 
0.045474924482880347 
0.045474749412057439 
0.045474574358502218 
0.045474399322214802 
0.045474224303195317 
0.045474049301443796 
0.045473874316960324 
0.045473699349745003 
0.045473524399797925 
0.045473349467119201 
0.045473174551708878 
0.045472999653567062 
0.045472824772693834 
0.045472649909089266 
0.045472475062753516 
0.045472300233686605 
0.04547212542188861 
0.045471950627359675 
0.045471775850099837 
0.04547160109010924 
0.045471426347387926 
0.045471251621936007 
0.045471076913753537 
0.045470902222840608 
0.045470727549197364 
0.045470552892823861 
0.045470378253720169 
0.045470203631886377 
0.045470029027322577 
0.045469854440028885 
0.045469679870005365 
0.045469505317252107 
0.045469330781769193 
0.045469156263556749 
0.04546898176261481 
0.045468807278943486 
0.045468632812542861 
0.045468458363413004 
0.045468283931554061 
0.045468109516966081 
0.045467935119649146 
0.045467760739603333 
0.04546758637682876 
0.045467412031325524 
0.045467237703093674 
0.045467063392133328 
0.045466889098444555 
0.045466714822027438 
0.045466540562882088 
0.045466366321008603 
0.045466192096407024 
0.045466017889077469 
0.045465843699019994 
0.045465669526234771 
0.045465495370721809 
0.045465321232481218 
0.045465147111513074 
0.045464973007817468 
0.045464798921394531 
0.045464624852244305 
0.04546445080036688 
0.045464276765762354 
0.04546410274843083 
0.045463928748372386 
0.045463754765587103 
0.045463580800075044 
0.045463406851836322 
0.045463232920871059 
0.045463059007179306 
0.045462885110761138 
0.045462711231616652 
0.045462537369745946 
0.045462363525149117 
0.045462189697826248 
0.045462015887777409 
0.045461842095002696 
0.045461668319502171 
0.045461494561275996 
0.045461320820324218 
0.045461147096646878 
0.04546097339024413 
0.045460799701116023 
0.04546062602926268 
0.045460452374684171 
0.045460278737380559 
0.045460105117351976 
0.045459931514598449 
0.045459757929120145 
0.045459584360917113 
0.045459410809989428 
0.045459237276337182 
0.04545906375996047 
0.045458890260859391 
0.045458716779034028 
0.045458543314484443 
0.04545836986721076 
0.045458196437213078 
0.04545802302449143 
0.045457849629045935 
0.045457676250876669 
0.045457502889983716 
0.045457329546367206 
0.045457156220027196 
0.04545698291096377 
0.045456809619177002 
0.045456636344666998 
0.045456463087433875 
0.045456289847477689 
0.045456116624798523 
0.045455943419396475 
0.045455770231271592 
0.045455597060424055 
0.045455423906853899 
0.045455250770561187 
0.045455077651546029 
0.045454904549808495 
0.045454731465348737 
0.045454558398166783 
0.045454385348262738 
0.045454212315636663 
0.045454039300288664 
0.045453866302218891 
0.045453693321427339 
0.045453520357914147 
0.045453347411679369 
0.045453174482723166 
0.04545300157104553 
0.045452828676646607 
0.045452655799526454 
0.045452482939685172 
0.045452310097122875 
0.045452137271839638 
0.045451964463835509 
0.045451791673110607 
0.045451618899665015 
0.045451446143498858 
0.045451273404612164 
0.045451100683005043 
0.045450927978677592 
0.045450755291629868 
0.045450582621862037 
0.045450409969374113 
0.045450237334166185 
0.045450064716238373 
0.045449892115590737 
0.045449719532223418 
0.045449546966136456 
0.045449374417329928 
0.045449201885803946 
0.045449029371558598 
0.04544885687459399 
0.045448684394910191 
0.04544851193250727 
0.045448339487385324 
0.045448167059544485 
0.045447994648984781 
0.045447822255706316 
0.045447649879709194 
0.045447477520993484 
0.045447305179559298 
0.045447132855406726 
0.045446960548535822 
0.045446788258946678 
0.045446615986639384 
0.045446443731614085 
0.045446271493870809 
0.045446099273409646 
0.045445927070230707 
0.045445754884334041 
0.045445582715719801 
0.045445410564388028 
0.045445238430338812 
0.045445066313572237 
0.045444894214088406 
0.045444722131887424 
0.045444550066969354 
0.045444378019334278 
0.0454442059889823 
0.04544403397591347 
0.045443861980127946 
0.045443690001625792 
0.045443518040407041 
0.04544334609647184 
0.045443174169820265 
0.04544300226045242 
0.045442830368368332 
0.045442658493568142 
0.045442486636051896 
0.045442314795819748 
0.045442142972871732 
0.04544197116720796 
0.045441799378828487 
0.045441627607733424 
0.045441455853922889 
0.045441284117396917 
0.045441112398155639 
0.045440940696199084 
0.045440769011527396 
0.045440597344140674 
0.045440425694038958 
0.045440254061222353 
0.045440082445690942 
0.045439910847444809 
0.045439739266484085 
0.045439567702808811 
0.0454393961564191 
0.045439224627314999 
0.045439053115496633 
0.045438881620964114 
0.04543871014371749 
0.045438538683756864 
0.045438367241082293 
0.045438195815693923 
0.045438024407591794 
0.045437853016776018 
0.045437681643246651 
0.045437510287003803 
0.045437338948047599 
0.045437167626378068 
0.045436996321995313 
0.045436825034899431 
0.045436653765090512 
0.045436482512568641 
0.045436311277333913 
0.045436140059386398 
0.045435968858726195 
0.04543579767535337 
0.045435626509268058 
0.045435455360470327 
0.045435284228960246 
0.045435113114737906 
0.045434942017803397 
0.045434770938156836 
0.04543459987579828 
0.045434428830727833 
0.045434257802945549 
0.045434086792451554 
0.045433915799245952 
0.045433744823328778 
0.045433573864700157 
0.04543340292336015 
0.045433231999308876 
0.045433061092546419 
0.04543289020307284 
0.045432719330888237 
0.045432548475992693 
0.045432377638386319 
0.045432206818069198 
0.045432036015041408 
0.04543186522930303 
0.045431694460854141 
0.045431523709694874 
0.045431352975825283 
0.045431182259245466 
0.045431011559955499 
0.045430840877955472 
0.045430670213245518 
0.045430499565825663 
0.045430328935696013 
0.045430158322856656 
0.045429987727307698 
0.045429817149049215 
0.045429646588081303 
0.045429476044404032 
0.0454293055180175 
0.045429135008921775 
0.04542896451711699 
0.045428794042603207 
0.045428623585380516 
0.04542845314544898 
0.045428282722808702 
0.045428112317459822 
0.045427941929402353 
0.045427771558636434 
0.045427601205162108 
0.045427430868979518 
0.045427260550088708 
0.045427090248489788 
0.04542691996418282 
0.045426749697167895 
0.045426579447445159 
0.045426409215014632 
0.045426238999876419 
0.045426068802030622 
0.045425898621477299 
0.045425728458216609 
0.045425558312248572 
0.045425388183573293 
0.04542521807219084 
0.045425047978101318 
0.045424877901304853 
0.045424707841801498 
0.045424537799591332 
0.04542436777467445 
0.045424197767050922 
0.045424027776720902 
0.045423857803684423 
0.045423687847941575 
0.045423517909492443 
0.045423347988337109 
0.045423178084475727 
0.045423008197908316 
0.045422838328634987 
0.045422668476655798 
0.045422498641970906 
0.045422328824580339 
0.04542215902448421 
0.045421989241682566 
0.045421819476175559 
0.045421649727963254 
0.045421479997045718 
0.045421310283423041 
0.045421140587095336 
0.045420970908062651 
0.045420801246325138 
0.045420631601882824 
0.045420461974735836 
0.045420292364884221 
0.045420122772328077 
0.045419953197067556 
0.045419783639102672 
0.045419614098433529 
0.045419444575060232 
0.045419275068982828 
0.045419105580201499 
0.045418936108716237 
0.045418766654527147 
0.045418597217634353 
0.045418427798037904 
0.045418258395737938 
0.045418089010734505 
0.045417919643027688 
0.045417750292617576 
0.045417580959504295 
0.045417411643687906 
0.045417242345168501 
0.045417073063946142 
0.045416903800020933 
0.045416734553392984 
0.04541656532406238 
0.045416396112029168 
0.045416226917293474 
0.045416057739855346 
0.045415888579714951 
0.045415719436872309 
0.045415550311327525 
0.045415381203080675 
0.045415212112131849 
0.045415043038481179 
0.045414873982128706 
0.045414704943074542 
0.045414535921318729 
0.045414366916861397 
0.045414197929702659 
0.045414028959842548 
0.04541386000728119 
0.04541369107201864 
0.045413522154054989 
0.045413353253390382 
0.045413184370024839 
0.04541301550395848 
0.045412846655191373 
0.045412677823723636 
0.04541250900955536 
0.045412340212686593 
0.045412171433117439 
0.045412002670847967 
0.045411833925878324 
0.045411665198208558 
0.045411496487838758 
0.045411327794768995 
0.045411159118999393 
0.045410990460530022 
0.045410821819360965 
0.045410653195492333 
0.045410484588924174 
0.045410315999656593 
0.045410147427689722 
0.045409978873023588 
0.045409810335658295 
0.04540964181559394 
0.045409473312830587 
0.045409304827368394 
0.045409136359207382 
0.045408967908347649 
0.045408799474789277 
0.045408631058532385 
0.045408462659577056 
0.04540829427792336 
0.045408125913571372 
0.045407957566521204 
0.045407789236772973 
0.045407620924326722 
0.045407452629182526 
0.045407284351340498 
0.045407116090800718 
0.045406947847563314 
0.045406779621628333 
0.045406611412995852 
0.045406443221665982 
0.045406275047638792 
0.045406106890914406 
0.045405938751492902 
0.045405770629374335 
0.045405602524558795 
0.045405434437046407 
0.045405266366837248 
0.0454050983139314 
0.045404930278328946 
0.04540476226002995 
0.045404594259034536 
0.045404426275342809 
0.04540425830895483 
0.045404090359870669 
0.045403922428090424 
0.045403754513614197 
0.045403586616442101 
0.045403418736574171 
0.045403250874010516 
0.045403083028751227 
0.045402915200796409 
0.045402747390146117 
0.045402579596800455 
0.045402411820759499 
0.045402244062023332 
0.045402076320592115 
0.04540190859646584 
0.045401740889644639 
0.045401573200128581 
0.045401405527917771 
0.045401237873012305 
0.045401070235412261 
0.045400902615117714 
0.04540073501212874 
0.045400567426445465 
0.045400399858067979 
0.045400232306996358 
0.045400064773230664 
0.045399897256771002 
0.045399729757617434 
0.045399562275770133 
0.045399394811229107 
0.045399227363994474 
0.045399059934066309 
0.045398892521444689 
0.045398725126129739 
0.045398557748121536 
0.045398390387420155 
0.045398223044025666 
0.045398055717938181 
0.045397888409157809 
0.045397721117684614 
0.045397553843518665 
0.04539738658666008 
0.045397219347108948 
0.045397052124865354 
0.045396884919929353 
0.045396717732301063 
0.04539655056198056 
0.045396383408967948 
0.045396216273263325 
0.045396049154866738 
0.045395882053778293 
0.045395714969998065 
0.045395547903526186 
0.045395380854362719 
0.045395213822507739 
0.045395046807961338 
0.045394879810723598 
0.045394712830794645 
0.045394545868174548 
0.045394378922863354 
0.045394211994861197 
0.045394045084168139 
0.045393878190784311 
0.045393711314709755 
0.045393544455944575 
0.045393377614488854 
0.045393210790342683 
0.045393043983506166 
0.045392877193979372 
0.045392710421762392 
0.045392543666855321 
0.045392376929258245 
0.045392210208971252 
0.04539204350599442 
0.045391876820327838 
0.04539171015197159 
0.0453915435009258 
0.045391376867190518 
0.045391210250765854 
0.045391043651651856 
0.045390877069848644 
0.045390710505356334 
0.045390543958174961 
0.045390377428304644 
0.045390210915745452 
0.045390044420497461 
0.04538987794256083 
0.045389711481935574 
0.045389545038621797 
0.045389378612619602 
0.045389212203929052 
0.045389045812550266 
0.045388879438483326 
0.045388713081728316 
0.045388546742285298 
0.045388380420154369 
0.045388214115335668 
0.045388047827829243 
0.045387881557635186 
0.045387715304753558 
0.045387549069184505 
0.045387382850928054 
0.045387216649984345 
0.045387050466353419 
0.045386884300035381 
0.045386718151030341 
0.045386552019338382 
0.04538638590495956 
0.045386219807893986 
0.045386053728141723 
0.045385887665702909 
0.045385721620577621 
0.0453855555927659 
0.045385389582267871 
0.045385223589083597 
0.045385057613213209 
0.04538489165465677 
0.045384725713414356 
0.045384559789486079 
