0.28230850191925161 
0.23054641459836761 
0.21521071294090827 
0.14076748050179339 
0.0039137398595816691 
0.0039137398595816691 
0.0039137398595816691 
0.0039137398595816691 
0.0039137398595816691 
0.0039137398595816691 
0.0039137398595816691 
0.0032306077254754648 
0.0032306077254754648 
0.0032306077254754648 
0.0032306077254754648 
0.0032306077254754648 
0.0032306077254754648 
0.0032306077254754648 
0.00080319584006430787 
0.00080319584006430787 
0.00080319584006430787 
0.00080319584006430787 
0.00080319584006430787 
0.00080319584006430787 
0.00080319584006430787 
0.00080319584006430787 
0.00080319584006430787 
0.00080319584006430787 
0.00080319584006430787 
0.00051802024992251671 
0.00051802024992251671 
0.00051802024992251671 
0.00024108137623225795 
0.00024108137623225795 
0.00024108137623225795 
0.00024108137623225795 
0.00024108137623225795 
0.00024108137623225795 
0.00024108137623225795 
0.00024108137623225795 
0.00024108137623225795 
0.00024108137623225795 
0.00024108137623225795 
0.00024108137623225795 
0.00024108137623225795 
0.00024108137623225795 
0.00024108137623225795 
0.00024108137623225795 
0.00024108137623225795 
0.00024108137623225795 
0.00024108137623225795 
0.00024108137623225795 
0.00024108137623225795 
0.00024108137623225795 
0.00024108137623225795 
0.00024108137623225795 
0.00024108137623225795 
0.00024108137623225795 
0.00024108137623225795 
0.00024108137623225795 
0.00024108137623225795 
0.00024108137623225795 
0.00024108137623225795 
0.00024108137623225795 
0.00024108137623225795 
0.00024108137623225795 
0.00024108137623225795 
0.00024108137623225795 
0.00024108137623225795 
0.00024108137623225795 
0.00024108137623225795 
0.00024108137623225795 
0.00024108137623225795 
0.00024108137623225795 
0.00024108137623225795 
0.00024108137623225795 
0.00024108137623225795 
0.00024108137623225795 
0.00024108137623225795 
0.00024108137623225795 
0.00024108137623225795 
0.00024108137623225795 
0.00024108137623225795 
0.00024108137623225795 
0.00024108137623225795 
0.00024108137623225795 
0.00024108137623225795 
0.00024108137623225795 
0.00024108137623225795 
0.00024108137623225795 
0.00024108137623225795 
0.00024108137623225795 
0.00024108137623225795 
0.00024108137623225795 
0.00024108137623225795 
0.00024108137623225795 
0.00024108137623225795 
0.00024108137623225795 
0.00023812983871990045 
0.00023812983871990045 
0.00023812983871990045 
0.00023812983871990045 
0.00023812983871990045 
0.00023812983871990045 
0.00023812983871990045 
0.00023812983871990045 
0.00023812983871990045 
0.00023737681075983565 
0.00023472571502463819 
0.00023472571502463819 
0.00023472571502463819 
0.00023472571502463819 
0.00023211943925417907 
0.00023159642404186392 
0.00020173386498796738 
0.0001847350704007496 
0.0001847350704007496 
0.0001847350704007496 
0.00015009918277845622 
8.9325969854281618e-05 
5.9993328263172951e-05 
5.3635794930079103e-05 
5.3635794930079103e-05 
2.3785953848101385e-05 
2.7905176206791423e-06 
2.7905176206791423e-06 
2.7905176206791423e-06 
1.3961044675608429e-07 
1.3961044675608429e-07 
1.3961044675608429e-07 
1.3961044675608429e-07 
1.0590382201780526e-07 
1.0590382201780526e-07 
1.0590382201780526e-07 
1.8453283376772419e-08 
1.8453283376772419e-08 
1.8453283376772419e-08 
1.8453283376772419e-08 
1.8453283376772419e-08 
1.8453283376772419e-08 
1.8453283376772419e-08 
1.8453283376772419e-08 
1.3700382981848744e-08 
1.3700382981848744e-08 
1.3700382981848744e-08 
1.3700382981848744e-08 
1.3700382981848744e-08 
1.3700382981848744e-08 
1.3700382981848744e-08 
2.5742778798180922e-09 
2.5742778798180922e-09 
2.5742778798180922e-09 
2.5742778798180922e-09 
2.5742778798180922e-09 
2.5742778798180922e-09 
2.5742778798180922e-09 
2.0758587434155028e-10 
2.0758587434155028e-10 
2.0758587434155028e-10 
2.0758587434155028e-10 
2.0758587434155028e-10 
2.0758587434155028e-10 
2.0758587434155028e-10 
2.0758587434155028e-10 
2.0758587434155028e-10 
2.0758587434155028e-10 
2.0758587434155028e-10 
2.0758587434155028e-10 
2.0758587434155028e-10 
2.0758587434155028e-10 
2.0758587434155028e-10 
2.0758587434155028e-10 
2.0758587434155028e-10 
2.0758587434155028e-10 
2.0758587434155028e-10 
2.0758587434155028e-10 
2.0758587434155028e-10 
2.0758587434155028e-10 
2.0758587434155028e-10 
2.0758587434155028e-10 
2.0758587434155028e-10 
2.0758587434155028e-10 
2.0758587434155028e-10 
2.0758587434155028e-10 
2.0758587434155028e-10 
2.0758587434155028e-10 
2.0758587434155028e-10 
2.0758587434155028e-10 
2.05649748332223e-10 
2.05649748332223e-10 
2.05649748332223e-10 
2.05649748332223e-10 
2.05649748332223e-10 
2.05649748332223e-10 
2.05649748332223e-10 
2.05649748332223e-10 
2.05649748332223e-10 
2.05649748332223e-10 
2.05649748332223e-10 
2.05649748332223e-10 
2.05649748332223e-10 
2.05649748332223e-10 
2.05649748332223e-10 
2.05649748332223e-10 
2.05649748332223e-10 
1.8840121429717591e-10 
1.5101401905371771e-10 
1.5101401905371771e-10 
1.3018580009312955e-10 
5.7157786490966339e-11 
5.7157786490966339e-11 
5.7157786490966339e-11 
5.7157786490966339e-11 
5.7157786490966339e-11 
1.1617252121913208e-11 
1.1617252121913208e-11 
1.1617252121913208e-11 
1.1617252121913208e-11 
6.7800420446693757e-12 
6.7800420446693757e-12 
6.7800420446693757e-12 
4.2968540356363574e-12 
3.5431391305097322e-12 
3.5431391305097322e-12 
3.5431391305097322e-12 
3.5431391305097322e-12 
5.1330890638843515e-13 
5.1330890638843515e-13 
5.1330890638843515e-13 
5.1330890638843515e-13 
5.1330890638843515e-13 
5.1330890638843515e-13 
5.1330890638843515e-13 
5.1330890638843515e-13 
5.1330890638843515e-13 
5.1330890638843515e-13 
5.1330890638843515e-13 
5.1330890638843515e-13 
5.1330890638843515e-13 
5.1330890638843515e-13 
5.1330890638843515e-13 
5.1330890638843515e-13 
3.5275439487375924e-13 
3.5275439487375924e-13 
3.5275439487375924e-13 
3.5275439487375924e-13 
3.5275439487375924e-13 
3.5275439487375924e-13 
3.5275439487375924e-13 
3.5275439487375924e-13 
3.5275439487375924e-13 
5.8346785725319248e-14 
5.8346785725319248e-14 
5.8346785725319248e-14 
5.8346785725319248e-14 
5.8346785725319248e-14 
5.8346785725319248e-14 
5.8346785725319248e-14 
5.8346785725319248e-14 
5.8346785725319248e-14 
5.8346785725319248e-14 
5.8346785725319248e-14 
5.8346785725319248e-14 
5.8346785725319248e-14 
5.8346785725319248e-14 
5.8346785725319248e-14 
5.8346785725319248e-14 
5.8346785725319248e-14 
5.8346785725319248e-14 
5.8346785725319248e-14 
5.8346785725319248e-14 
5.8346785725319248e-14 
5.8346785725319248e-14 
5.8346785725319248e-14 
5.8346785725319248e-14 
5.8346785725319248e-14 
5.8346785725319248e-14 
5.8346785725319248e-14 
5.8346785725319248e-14 
5.8346785725319248e-14 
5.8346785725319248e-14 
5.8346785725319248e-14 
5.8346785725319248e-14 
5.8346785725319248e-14 
5.8346785725319248e-14 
5.8346785725319248e-14 
5.8346785725319248e-14 
5.8346785725319248e-14 
5.8346785725319248e-14 
5.8346785725319248e-14 
5.8346785725319248e-14 
5.8346785725319248e-14 
5.8346785725319248e-14 
5.8346785725319248e-14 
5.8346785725319248e-14 
5.8346785725319248e-14 
5.8346785725319248e-14 
5.8346785725319248e-14 
5.8346785725319248e-14 
5.8346785725319248e-14 
5.8346785725319248e-14 
5.8346785725319248e-14 
5.8346785725319248e-14 
5.8346785725319248e-14 
5.8346785725319248e-14 
5.8346785725319248e-14 
5.8346785725319248e-14 
5.8346785725319248e-14 
5.8346785725319248e-14 
5.8346785725319248e-14 
5.8346785725319248e-14 
5.8346785725319248e-14 
5.8346785725319248e-14 
5.8346785725319248e-14 
5.8346785725319248e-14 
5.8346785725319248e-14 
5.8346785725319248e-14 
5.8346785725319248e-14 
5.8346785725319248e-14 
5.8346785725319248e-14 
5.8346785725319248e-14 
5.8346785725319248e-14 
5.8346785725319248e-14 
5.8346785725319248e-14 
5.8346785725319248e-14 
5.8346785725319248e-14 
5.8346785725319248e-14 
5.8346785725319248e-14 
5.8346785725319248e-14 
5.8346785725319248e-14 
5.8346785725319248e-14 
5.8346785725319248e-14 
5.8346785725319248e-14 
5.8346785725319248e-14 
5.8346785725319248e-14 
5.8346785725319248e-14 
5.8346785725319248e-14 
5.8346785725319248e-14 
5.8346785725319248e-14 
5.8346785725319248e-14 
5.8346785725319248e-14 
5.8346785725319248e-14 
5.8346785725319248e-14 
5.8346785725319248e-14 
5.8346785725319248e-14 
5.8346785725319248e-14 
5.8346785725319248e-14 
5.8346785725319248e-14 
5.8346785725319248e-14 
5.8346785725319248e-14 
5.8346785725319248e-14 
5.8346785725319248e-14 
5.8346785725319248e-14 
5.8346785725319248e-14 
5.8346785725319248e-14 
5.8346785725319248e-14 
5.8346785725319248e-14 
5.8346785725319248e-14 
5.8346785725319248e-14 
5.8346785725319248e-14 
5.8346785725319248e-14 
5.8346785725319248e-14 
5.8346785725319248e-14 
5.8346785725319248e-14 
5.8346785725319248e-14 
5.8346785725319248e-14 
5.8346785725319248e-14 
5.8346785725319248e-14 
5.8346785725319248e-14 
5.8346785725319248e-14 
5.8346785725319248e-14 
5.8346785725319248e-14 
5.8346785725319248e-14 
5.8346785725319248e-14 
5.8346785725319248e-14 
5.8346785725319248e-14 
5.8346785725319248e-14 
5.8346785725319248e-14 
5.8346785725319248e-14 
5.8346785725319248e-14 
5.8346785725319248e-14 
5.8346785725319248e-14 
5.8346785725319248e-14 
5.8346785725319248e-14 
5.8346785725319248e-14 
5.8346785725319248e-14 
5.8346785725319248e-14 
5.8346785725319248e-14 
5.8346785725319248e-14 
5.8346785725319248e-14 
5.8346785725319248e-14 
5.8346785725319248e-14 
5.8346785725319248e-14 
5.8346785725319248e-14 
5.8346785725319248e-14 
5.8346785725319248e-14 
5.8346785725319248e-14 
5.8346785725319248e-14 
5.8346785725319248e-14 
5.8346785725319248e-14 
5.8346785725319248e-14 
5.8346785725319248e-14 
5.8346785725319248e-14 
5.8346785725319248e-14 
5.8346785725319248e-14 
5.8346785725319248e-14 
5.8346785725319248e-14 
5.8346785725319248e-14 
5.8346785725319248e-14 
5.8346785725319248e-14 
5.8346785725319248e-14 
5.8346785725319248e-14 
5.8346785725319248e-14 
5.8346785725319248e-14 
5.8346785725319248e-14 
5.8346785725319248e-14 
5.8346785725319248e-14 
5.8346785725319248e-14 
5.8346785725319248e-14 
5.8346785725319248e-14 
5.8346785725319248e-14 
5.8346785725319248e-14 
5.8346785725319248e-14 
5.8346785725319248e-14 
5.8346785725319248e-14 
5.8346785725319248e-14 
5.8346785725319248e-14 
5.8346785725319248e-14 
5.8346785725319248e-14 
5.8346785725319248e-14 
5.8346785725319248e-14 
5.8346785725319248e-14 
5.8346785725319248e-14 
5.8346785725319248e-14 
5.8346785725319248e-14 
5.8346785725319248e-14 
5.8346785725319248e-14 
5.8346785725319248e-14 
5.8346785725319248e-14 
5.8346785725319248e-14 
5.8346785725319248e-14 
5.8346785725319248e-14 
5.8346785725319248e-14 
5.8346785725319248e-14 
5.8346785725319248e-14 
5.8346785725319248e-14 
5.8346785725319248e-14 
5.8346785725319248e-14 
5.8346785725319248e-14 
5.8346785725319248e-14 
5.8346785725319248e-14 
5.8346785725319248e-14 
5.8346785725319248e-14 
5.8346785725319248e-14 
5.8346785725319248e-14 
5.8346785725319248e-14 
5.8346785725319248e-14 
5.8346785725319248e-14 
5.8346785725319248e-14 
5.8346785725319248e-14 
5.8346785725319248e-14 
5.8346785725319248e-14 
5.8346785725319248e-14 
5.8346785725319248e-14 
5.8346785725319248e-14 
5.8346785725319248e-14 
5.8346785725319248e-14 
5.8346785725319248e-14 
5.8346785725319248e-14 
5.8346785725319248e-14 
5.8346785725319248e-14 
5.8346785725319248e-14 
5.8346785725319248e-14 
5.8346785725319248e-14 
5.8346785725319248e-14 
5.8346785725319248e-14 
5.8346785725319248e-14 
5.8346785725319248e-14 
5.8346785725319248e-14 
5.8346785725319248e-14 
5.8346785725319248e-14 
5.8346785725319248e-14 
5.8346785725319248e-14 
5.8346785725319248e-14 
5.8346785725319248e-14 
5.8346785725319248e-14 
5.8346785725319248e-14 
5.8346785725319248e-14 
5.8346785725319248e-14 
5.8346785725319248e-14 
5.8346785725319248e-14 
5.8346785725319248e-14 
5.8346785725319248e-14 
5.8346785725319248e-14 
5.8346785725319248e-14 
5.8346785725319248e-14 
5.8346785725319248e-14 
5.8346785725319248e-14 
5.8346785725319248e-14 
5.8346785725319248e-14 
5.8346785725319248e-14 
5.8346785725319248e-14 
5.8346785725319248e-14 
5.8346785725319248e-14 
5.8346785725319248e-14 
5.8346785725319248e-14 
5.8346785725319248e-14 
5.8346785725319248e-14 
5.8346785725319248e-14 
5.8346785725319248e-14 
5.8346785725319248e-14 
5.8346785725319248e-14 
5.8346785725319248e-14 
5.8346785725319248e-14 
5.8346785725319248e-14 
5.8346785725319248e-14 
5.8346785725319248e-14 
5.8346785725319248e-14 
5.8346785725319248e-14 
5.8346785725319248e-14 
5.8346785725319248e-14 
5.8346785725319248e-14 
5.8346785725319248e-14 
5.8346785725319248e-14 
5.8346785725319248e-14 
5.8346785725319248e-14 
5.8346785725319248e-14 
5.8346785725319248e-14 
5.8346785725319248e-14 
5.8346785725319248e-14 
5.8346785725319248e-14 
5.8346785725319248e-14 
5.8346785725319248e-14 
5.8346785725319248e-14 
5.8346785725319248e-14 
5.8346785725319248e-14 
5.8346785725319248e-14 
5.8346785725319248e-14 
5.8346785725319248e-14 
5.8346785725319248e-14 
5.8346785725319248e-14 
5.8346785725319248e-14 
5.8346785725319248e-14 
5.8346785725319248e-14 
5.8346785725319248e-14 
5.8346785725319248e-14 
5.8346785725319248e-14 
5.8346785725319248e-14 
5.8346785725319248e-14 
5.8346785725319248e-14 
5.8346785725319248e-14 
5.8346785725319248e-14 
5.8346785725319248e-14 
5.8346785725319248e-14 
5.8346785725319248e-14 
5.8346785725319248e-14 
5.8346785725319248e-14 
5.8346785725319248e-14 
5.8346785725319248e-14 
5.8346785725319248e-14 
5.8346785725319248e-14 
5.8346785725319248e-14 
5.8346785725319248e-14 
5.8346785725319248e-14 
5.8346785725319248e-14 
5.8346785725319248e-14 
5.8346785725319248e-14 
5.8346785725319248e-14 
5.8346785725319248e-14 
5.8346785725319248e-14 
5.8346785725319248e-14 
5.8346785725319248e-14 
5.8346785725319248e-14 
5.8346785725319248e-14 
5.8346785725319248e-14 
5.8346785725319248e-14 
5.8346785725319248e-14 
5.8346785725319248e-14 
5.8346785725319248e-14 
5.8346785725319248e-14 
5.8346785725319248e-14 
5.8346785725319248e-14 
5.8346785725319248e-14 
5.8346785725319248e-14 
5.8346785725319248e-14 
5.8346785725319248e-14 
5.8346785725319248e-14 
5.8346785725319248e-14 
5.8346785725319248e-14 
5.8346785725319248e-14 
5.8346785725319248e-14 
5.8346785725319248e-14 
5.8346785725319248e-14 
5.8346785725319248e-14 
5.8346785725319248e-14 
5.8346785725319248e-14 
5.8346785725319248e-14 
5.8346785725319248e-14 
5.8346785725319248e-14 
5.8346785725319248e-14 
5.8346785725319248e-14 
5.8346785725319248e-14 
5.8346785725319248e-14 
5.8346785725319248e-14 
5.8346785725319248e-14 
5.8346785725319248e-14 
5.8346785725319248e-14 
5.8346785725319248e-14 
5.8346785725319248e-14 
5.8346785725319248e-14 
5.8346785725319248e-14 
5.8346785725319248e-14 
5.8346785725319248e-14 
5.8346785725319248e-14 
5.8346785725319248e-14 
5.8346785725319248e-14 
5.8346785725319248e-14 
5.8346785725319248e-14 
5.8346785725319248e-14 
5.8346785725319248e-14 
5.8346785725319248e-14 
5.8346785725319248e-14 
5.8346785725319248e-14 
5.8346785725319248e-14 
5.8346785725319248e-14 
5.8346785725319248e-14 
5.8346785725319248e-14 
5.8346785725319248e-14 
5.8346785725319248e-14 
5.8346785725319248e-14 
5.8346785725319248e-14 
5.8346785725319248e-14 
5.8346785725319248e-14 
5.8346785725319248e-14 
5.8346785725319248e-14 
5.8346785725319248e-14 
5.8346785725319248e-14 
5.8346785725319248e-14 
5.8346785725319248e-14 
5.8346785725319248e-14 
5.8346785725319248e-14 
5.8346785725319248e-14 
5.8346785725319248e-14 
5.8346785725319248e-14 
5.8346785725319248e-14 
5.8346785725319248e-14 
5.8346785725319248e-14 
5.8346785725319248e-14 
5.8346785725319248e-14 
5.8346785725319248e-14 
5.8346785725319248e-14 
5.8346785725319248e-14 
5.8346785725319248e-14 
5.8346785725319248e-14 
5.8346785725319248e-14 
5.8346785725319248e-14 
5.8346785725319248e-14 
5.8346785725319248e-14 
5.8346785725319248e-14 
5.8346785725319248e-14 
5.8346785725319248e-14 
5.8346785725319248e-14 
5.8346785725319248e-14 
5.8346785725319248e-14 
5.8346785725319248e-14 
5.8346785725319248e-14 
5.8346785725319248e-14 
5.8346785725319248e-14 
5.8346785725319248e-14 
5.8346785725319248e-14 
5.8346785725319248e-14 
5.8346785725319248e-14 
5.8346785725319248e-14 
5.8346785725319248e-14 
5.8346785725319248e-14 
5.8346785725319248e-14 
5.8346785725319248e-14 
5.8346785725319248e-14 
5.8346785725319248e-14 
5.8346785725319248e-14 
5.8346785725319248e-14 
5.8346785725319248e-14 
5.8346785725319248e-14 
5.8346785725319248e-14 
5.8346785725319248e-14 
5.8346785725319248e-14 
5.8346785725319248e-14 
5.8346785725319248e-14 
5.8346785725319248e-14 
5.8346785725319248e-14 
5.8346785725319248e-14 
5.8346785725319248e-14 
5.8346785725319248e-14 
5.8346785725319248e-14 
5.8346785725319248e-14 
5.8346785725319248e-14 
5.8346785725319248e-14 
5.8346785725319248e-14 
5.8346785725319248e-14 
5.8346785725319248e-14 
5.8346785725319248e-14 
5.8346785725319248e-14 
5.8346785725319248e-14 
5.8346785725319248e-14 
5.8346785725319248e-14 
5.8346785725319248e-14 
5.8346785725319248e-14 
5.8346785725319248e-14 
5.8346785725319248e-14 
5.8346785725319248e-14 
5.8346785725319248e-14 
5.8346785725319248e-14 
5.8346785725319248e-14 
5.8346785725319248e-14 
5.8346785725319248e-14 
5.8346785725319248e-14 
5.8346785725319248e-14 
5.8346785725319248e-14 
5.8346785725319248e-14 
5.8346785725319248e-14 
5.8346785725319248e-14 
5.8346785725319248e-14 
5.8346785725319248e-14 
5.8346785725319248e-14 
5.8346785725319248e-14 
5.8346785725319248e-14 
5.8346785725319248e-14 
5.8346785725319248e-14 
5.8346785725319248e-14 
5.8346785725319248e-14 
5.8346785725319248e-14 
5.8346785725319248e-14 
5.8346785725319248e-14 
5.8346785725319248e-14 
5.8346785725319248e-14 
5.8346785725319248e-14 
5.8346785725319248e-14 
5.8346785725319248e-14 
5.8346785725319248e-14 
5.8346785725319248e-14 
5.8346785725319248e-14 
5.8346785725319248e-14 
5.8346785725319248e-14 
5.8346785725319248e-14 
5.8346785725319248e-14 
5.8346785725319248e-14 
5.8346785725319248e-14 
5.8346785725319248e-14 
5.8346785725319248e-14 
5.8346785725319248e-14 
5.8346785725319248e-14 
5.8346785725319248e-14 
5.8346785725319248e-14 
5.8346785725319248e-14 
5.8346785725319248e-14 
5.8346785725319248e-14 
5.8346785725319248e-14 
5.8346785725319248e-14 
5.8346785725319248e-14 
5.8346785725319248e-14 
5.8346785725319248e-14 
5.8346785725319248e-14 
5.8346785725319248e-14 
5.8346785725319248e-14 
5.8346785725319248e-14 
5.8346785725319248e-14 
5.8346785725319248e-14 
5.8346785725319248e-14 
5.8346785725319248e-14 
5.8346785725319248e-14 
5.8346785725319248e-14 
5.8346785725319248e-14 
5.8346785725319248e-14 
5.8346785725319248e-14 
5.8346785725319248e-14 
5.8346785725319248e-14 
5.8346785725319248e-14 
5.8346785725319248e-14 
5.8346785725319248e-14 
5.8346785725319248e-14 
5.8346785725319248e-14 
5.8346785725319248e-14 
5.8346785725319248e-14 
5.8346785725319248e-14 
5.8346785725319248e-14 
5.8346785725319248e-14 
5.8346785725319248e-14 
5.8346785725319248e-14 
5.8346785725319248e-14 
5.8346785725319248e-14 
5.8346785725319248e-14 
5.8346785725319248e-14 
5.8346785725319248e-14 
5.8346785725319248e-14 
5.8346785725319248e-14 
5.8346785725319248e-14 
5.8346785725319248e-14 
5.8346785725319248e-14 
5.8346785725319248e-14 
5.8346785725319248e-14 
5.8346785725319248e-14 
5.8346785725319248e-14 
5.8346785725319248e-14 
5.8346785725319248e-14 
5.8346785725319248e-14 
5.8346785725319248e-14 
5.8346785725319248e-14 
5.8346785725319248e-14 
5.8346785725319248e-14 
5.8346785725319248e-14 
5.8346785725319248e-14 
5.8346785725319248e-14 
5.8346785725319248e-14 
5.8346785725319248e-14 
5.8346785725319248e-14 
5.8346785725319248e-14 
5.8346785725319248e-14 
5.8346785725319248e-14 
5.8346785725319248e-14 
5.8346785725319248e-14 
5.8346785725319248e-14 
5.8346785725319248e-14 
5.8346785725319248e-14 
5.8346785725319248e-14 
5.8346785725319248e-14 
5.8346785725319248e-14 
5.8346785725319248e-14 
5.8346785725319248e-14 
5.8346785725319248e-14 
5.8346785725319248e-14 
5.8346785725319248e-14 
5.8346785725319248e-14 
5.8346785725319248e-14 
5.8346785725319248e-14 
5.8346785725319248e-14 
5.8346785725319248e-14 
5.8346785725319248e-14 
5.8346785725319248e-14 
5.8346785725319248e-14 
5.8346785725319248e-14 
5.8346785725319248e-14 
5.8346785725319248e-14 
5.8346785725319248e-14 
5.8346785725319248e-14 
5.8346785725319248e-14 
5.8346785725319248e-14 
5.8346785725319248e-14 
5.8346785725319248e-14 
5.8346785725319248e-14 
5.8346785725319248e-14 
5.8346785725319248e-14 
5.8346785725319248e-14 
5.8346785725319248e-14 
5.8346785725319248e-14 
5.8346785725319248e-14 
5.8346785725319248e-14 
5.8346785725319248e-14 
5.8346785725319248e-14 
5.8346785725319248e-14 
5.8346785725319248e-14 
5.8346785725319248e-14 
5.8346785725319248e-14 
5.8346785725319248e-14 
5.8346785725319248e-14 
5.8346785725319248e-14 
5.8346785725319248e-14 
5.8346785725319248e-14 
5.8346785725319248e-14 
5.8346785725319248e-14 
5.8346785725319248e-14 
5.8346785725319248e-14 
5.8346785725319248e-14 
5.8346785725319248e-14 
5.8346785725319248e-14 
5.8346785725319248e-14 
5.8346785725319248e-14 
5.8346785725319248e-14 
5.8346785725319248e-14 
5.8346785725319248e-14 
5.8346785725319248e-14 
5.8346785725319248e-14 
5.8346785725319248e-14 
5.8346785725319248e-14 
5.8346785725319248e-14 
5.8346785725319248e-14 
5.8346785725319248e-14 
5.8346785725319248e-14 
5.8346785725319248e-14 
5.8346785725319248e-14 
5.8346785725319248e-14 
5.8346785725319248e-14 
5.8346785725319248e-14 
5.8346785725319248e-14 
5.8346785725319248e-14 
5.8346785725319248e-14 
5.8346785725319248e-14 
5.8346785725319248e-14 
5.8346785725319248e-14 
5.8346785725319248e-14 
5.8346785725319248e-14 
5.8346785725319248e-14 
5.8346785725319248e-14 
5.8346785725319248e-14 
5.8346785725319248e-14 
5.8346785725319248e-14 
5.8346785725319248e-14 
5.8346785725319248e-14 
5.8346785725319248e-14 
5.8346785725319248e-14 
5.8346785725319248e-14 
5.8346785725319248e-14 
5.8346785725319248e-14 
5.8346785725319248e-14 
5.8346785725319248e-14 
5.8346785725319248e-14 
5.8346785725319248e-14 
5.8346785725319248e-14 
5.8346785725319248e-14 
5.8346785725319248e-14 
5.8346785725319248e-14 
5.8346785725319248e-14 
5.8346785725319248e-14 
5.8346785725319248e-14 
5.8346785725319248e-14 
5.8346785725319248e-14 
5.8346785725319248e-14 
5.8346785725319248e-14 
5.8346785725319248e-14 
5.8346785725319248e-14 
5.8346785725319248e-14 
5.8346785725319248e-14 
5.8346785725319248e-14 
5.8346785725319248e-14 
5.8346785725319248e-14 
5.8346785725319248e-14 
5.8346785725319248e-14 
5.8346785725319248e-14 
5.8346785725319248e-14 
5.8346785725319248e-14 
5.8346785725319248e-14 
5.8346785725319248e-14 
5.8346785725319248e-14 
5.8346785725319248e-14 
5.8346785725319248e-14 
5.8346785725319248e-14 
5.8346785725319248e-14 
5.8346785725319248e-14 
5.8346785725319248e-14 
5.8346785725319248e-14 
5.8346785725319248e-14 
5.8346785725319248e-14 
5.8346785725319248e-14 
5.8346785725319248e-14 
5.8346785725319248e-14 
5.8346785725319248e-14 
5.8346785725319248e-14 
5.8346785725319248e-14 
5.8346785725319248e-14 
5.8346785725319248e-14 
5.8346785725319248e-14 
5.8346785725319248e-14 
5.8346785725319248e-14 
5.8346785725319248e-14 
5.8346785725319248e-14 
5.8346785725319248e-14 
5.8346785725319248e-14 
5.8346785725319248e-14 
5.8346785725319248e-14 
5.8346785725319248e-14 
5.8346785725319248e-14 
5.8346785725319248e-14 
5.8346785725319248e-14 
5.8346785725319248e-14 
5.8346785725319248e-14 
5.8346785725319248e-14 
5.8346785725319248e-14 
5.8346785725319248e-14 
5.8346785725319248e-14 
5.8346785725319248e-14 
5.8346785725319248e-14 
5.8346785725319248e-14 
5.8346785725319248e-14 
5.8346785725319248e-14 
5.8346785725319248e-14 
5.8346785725319248e-14 
5.8346785725319248e-14 
5.8346785725319248e-14 
5.8346785725319248e-14 
5.8346785725319248e-14 
5.8346785725319248e-14 
5.8346785725319248e-14 
5.8346785725319248e-14 
5.8346785725319248e-14 
5.8346785725319248e-14 
5.8346785725319248e-14 
5.8346785725319248e-14 
5.8346785725319248e-14 
5.8346785725319248e-14 
5.8346785725319248e-14 
5.8346785725319248e-14 
