0.22086878431337453 
0.10022571588590035 
0.099252104985254941 
0.037145817112311463 
0.0367696326218101 
0.019449239954443698 
0.017121427206020612 
0.0084958978968073806 
0.0068517722620414778 
0.0032886690369549054 
0.0026485568627295786 
0.0018753491872175454 
0.000758197381794945 
0.0006840751612438023 
0.00037294151545164134 
0.00027656677747256442 
0.00014631408635734644 
0.00011804452947650201 
5.6439075000302985e-05 
4.6042246828470468e-05 
3.2235968624449995e-05 
1.3115621736448091e-05 
1.169047661153666e-05 
6.3855481587937746e-06 
4.7779879995824004e-06 
2.4979481038078788e-06 
2.0417887652834921e-06 
9.5954679446563773e-07 
8.0660906043306113e-07 
5.4914653535576008e-07 
2.2966591917139567e-07 
2.0440849268776873e-07 
1.0772687908389145e-07 
8.4406648670487527e-08 
4.2152798362948829e-08 
3.3580497715846036e-08 
2.4008383947560219e-08 
1.0839136921347858e-08 
7.703556903493336e-09 
6.2484550866770405e-09 
2.3232279433571534e-09 
2.1398364191682617e-09 
1.5187674451411226e-09 
6.7516370272358017e-10 
4.48345693904173e-10 
3.2048785847393901e-10 
2.1645663039748797e-10 
1.2890832845613431e-10 
6.4175775804642399e-11 
2.3847368524343437e-11 
4.1200376443839559e-12 
4.1200376443839559e-12 
4.1200376443839559e-12 
4.1200376443839559e-12 
4.1200376443839559e-12 
4.1200376443839559e-12 
4.1200376443839559e-12 
4.1200376443839559e-12 
4.1200376443839559e-12 
4.1200376443839559e-12 
4.1200376443839559e-12 
4.1200376443839559e-12 
4.1200376443839559e-12 
4.1200376443839559e-12 
4.1200376443839559e-12 
4.1200376443839559e-12 
4.1200376443839559e-12 
4.1200376443839559e-12 
4.1200376443839559e-12 
4.1200376443839559e-12 
4.1200376443839559e-12 
4.1200376443839559e-12 
4.1200376443839559e-12 
4.1200376443839559e-12 
4.1200376443839559e-12 
4.1200376443839559e-12 
4.1200376443839559e-12 
4.1200376443839559e-12 
4.1200376443839559e-12 
4.1200376443839559e-12 
4.1200376443839559e-12 
4.1200376443839559e-12 
4.1200376443839559e-12 
4.1200376443839559e-12 
4.1200376443839559e-12 
4.1200376443839559e-12 
4.1200376443839559e-12 
4.1200376443839559e-12 
4.1200376443839559e-12 
4.1200376443839559e-12 
4.1200376443839559e-12 
4.1200376443839559e-12 
4.1200376443839559e-12 
4.1200376443839559e-12 
4.1200376443839559e-12 
4.1200376443839559e-12 
4.1200376443839559e-12 
4.1200376443839559e-12 
4.1200376443839559e-12 
4.1200376443839559e-12 
4.1200376443839559e-12 
4.1200376443839559e-12 
4.1200376443839559e-12 
4.1200376443839559e-12 
4.1200376443839559e-12 
4.1200376443839559e-12 
4.1200376443839559e-12 
4.1200376443839559e-12 
4.1200376443839559e-12 
4.1200376443839559e-12 
4.1200376443839559e-12 
4.1200376443839559e-12 
4.1200376443839559e-12 
4.1200376443839559e-12 
4.1200376443839559e-12 
4.1200376443839559e-12 
4.1200376443839559e-12 
4.1200376443839559e-12 
4.1200376443839559e-12 
4.1200376443839559e-12 
4.1200376443839559e-12 
4.1200376443839559e-12 
4.1200376443839559e-12 
4.1200376443839559e-12 
4.1200376443839559e-12 
4.1200376443839559e-12 
4.1200376443839559e-12 
4.1200376443839559e-12 
4.1200376443839559e-12 
4.1200376443839559e-12 
4.1200376443839559e-12 
4.1200376443839559e-12 
4.1200376443839559e-12 
4.1200376443839559e-12 
4.1200376443839559e-12 
4.1200376443839559e-12 
4.1200376443839559e-12 
4.1200376443839559e-12 
4.1200376443839559e-12 
4.1200376443839559e-12 
4.1200376443839559e-12 
4.1200376443839559e-12 
4.1200376443839559e-12 
4.1200376443839559e-12 
4.1200376443839559e-12 
4.1200376443839559e-12 
4.1200376443839559e-12 
4.1200376443839559e-12 
4.1200376443839559e-12 
4.1200376443839559e-12 
4.1200376443839559e-12 
4.1200376443839559e-12 
4.1200376443839559e-12 
4.1200376443839559e-12 
4.1200376443839559e-12 
4.1200376443839559e-12 
4.1200376443839559e-12 
4.1200376443839559e-12 
4.1200376443839559e-12 
4.1200376443839559e-12 
4.1200376443839559e-12 
4.1200376443839559e-12 
4.1200376443839559e-12 
4.1200376443839559e-12 
4.1200376443839559e-12 
4.1200376443839559e-12 
4.1200376443839559e-12 
4.1200376443839559e-12 
4.1200376443839559e-12 
4.1200376443839559e-12 
4.1200376443839559e-12 
4.1200376443839559e-12 
4.1200376443839559e-12 
4.1200376443839559e-12 
4.1200376443839559e-12 
4.1200376443839559e-12 
4.1200376443839559e-12 
4.1200376443839559e-12 
4.1200376443839559e-12 
4.1200376443839559e-12 
4.1200376443839559e-12 
4.1200376443839559e-12 
4.1200376443839559e-12 
4.1200376443839559e-12 
4.1200376443839559e-12 
4.1200376443839559e-12 
4.1200376443839559e-12 
4.1200376443839559e-12 
4.1200376443839559e-12 
4.1200376443839559e-12 
4.1200376443839559e-12 
4.1200376443839559e-12 
4.1200376443839559e-12 
4.1200376443839559e-12 
4.1200376443839559e-12 
4.1200376443839559e-12 
4.1200376443839559e-12 
4.1200376443839559e-12 
4.1200376443839559e-12 
4.1200376443839559e-12 
4.1200376443839559e-12 
4.1200376443839559e-12 
4.1200376443839559e-12 
4.1200376443839559e-12 
4.1200376443839559e-12 
4.1200376443839559e-12 
4.1200376443839559e-12 
4.1200376443839559e-12 
4.1200376443839559e-12 
4.1200376443839559e-12 
4.1200376443839559e-12 
4.1200376443839559e-12 
4.1200376443839559e-12 
4.1200376443839559e-12 
4.1200376443839559e-12 
4.1200376443839559e-12 
4.1200376443839559e-12 
4.1200376443839559e-12 
4.1200376443839559e-12 
4.1200376443839559e-12 
4.1200376443839559e-12 
4.1200376443839559e-12 
4.1200376443839559e-12 
4.1200376443839559e-12 
4.1200376443839559e-12 
4.1200376443839559e-12 
4.1200376443839559e-12 
4.1200376443839559e-12 
4.1200376443839559e-12 
4.1200376443839559e-12 
4.1200376443839559e-12 
4.1200376443839559e-12 
4.1200376443839559e-12 
4.1200376443839559e-12 
4.1200376443839559e-12 
4.1200376443839559e-12 
4.1200376443839559e-12 
4.1200376443839559e-12 
4.1200376443839559e-12 
4.1200376443839559e-12 
4.1200376443839559e-12 
4.1200376443839559e-12 
4.1200376443839559e-12 
4.1200376443839559e-12 
4.1200376443839559e-12 
4.1200376443839559e-12 
4.1200376443839559e-12 
4.1200376443839559e-12 
4.1200376443839559e-12 
4.1200376443839559e-12 
4.1200376443839559e-12 
4.1200376443839559e-12 
4.1200376443839559e-12 
4.1200376443839559e-12 
4.1200376443839559e-12 
4.1200376443839559e-12 
4.1200376443839559e-12 
4.1200376443839559e-12 
4.1200376443839559e-12 
4.1200376443839559e-12 
4.1200376443839559e-12 
4.1200376443839559e-12 
4.1200376443839559e-12 
4.1200376443839559e-12 
4.1200376443839559e-12 
4.1200376443839559e-12 
4.1200376443839559e-12 
4.1200376443839559e-12 
4.1200376443839559e-12 
4.1200376443839559e-12 
4.1200376443839559e-12 
4.1200376443839559e-12 
4.1200376443839559e-12 
4.1200376443839559e-12 
4.1200376443839559e-12 
4.1200376443839559e-12 
4.1200376443839559e-12 
4.1200376443839559e-12 
4.1200376443839559e-12 
4.1200376443839559e-12 
4.1200376443839559e-12 
4.1200376443839559e-12 
4.1200376443839559e-12 
4.1200376443839559e-12 
4.1200376443839559e-12 
4.1200376443839559e-12 
4.1200376443839559e-12 
4.1200376443839559e-12 
4.1200376443839559e-12 
4.1200376443839559e-12 
4.1200376443839559e-12 
4.1200376443839559e-12 
4.1200376443839559e-12 
4.1200376443839559e-12 
4.1200376443839559e-12 
4.1200376443839559e-12 
4.1200376443839559e-12 
4.1200376443839559e-12 
4.1200376443839559e-12 
4.1200376443839559e-12 
4.1200376443839559e-12 
4.1200376443839559e-12 
4.1200376443839559e-12 
4.1200376443839559e-12 
4.1200376443839559e-12 
4.1200376443839559e-12 
4.1200376443839559e-12 
4.1200376443839559e-12 
4.1200376443839559e-12 
4.1200376443839559e-12 
4.1200376443839559e-12 
4.1200376443839559e-12 
4.1200376443839559e-12 
4.1200376443839559e-12 
4.1200376443839559e-12 
4.1200376443839559e-12 
4.1200376443839559e-12 
4.1200376443839559e-12 
4.1200376443839559e-12 
4.1200376443839559e-12 
4.1200376443839559e-12 
4.1200376443839559e-12 
4.1200376443839559e-12 
4.1200376443839559e-12 
4.1200376443839559e-12 
4.1200376443839559e-12 
4.1200376443839559e-12 
4.1200376443839559e-12 
4.1200376443839559e-12 
4.1200376443839559e-12 
4.1200376443839559e-12 
4.1200376443839559e-12 
4.1200376443839559e-12 
4.1200376443839559e-12 
4.1200376443839559e-12 
4.1200376443839559e-12 
4.1200376443839559e-12 
4.1200376443839559e-12 
4.1200376443839559e-12 
4.1200376443839559e-12 
4.1200376443839559e-12 
4.1200376443839559e-12 
4.1200376443839559e-12 
4.1200376443839559e-12 
4.1200376443839559e-12 
4.1200376443839559e-12 
4.1200376443839559e-12 
4.1200376443839559e-12 
4.1200376443839559e-12 
4.1200376443839559e-12 
4.1200376443839559e-12 
4.1200376443839559e-12 
4.1200376443839559e-12 
4.1200376443839559e-12 
4.1200376443839559e-12 
4.1200376443839559e-12 
4.1200376443839559e-12 
4.1200376443839559e-12 
4.1200376443839559e-12 
4.1200376443839559e-12 
4.1200376443839559e-12 
4.1200376443839559e-12 
4.1200376443839559e-12 
4.1200376443839559e-12 
4.1200376443839559e-12 
4.1200376443839559e-12 
4.1200376443839559e-12 
4.1200376443839559e-12 
4.1200376443839559e-12 
4.1200376443839559e-12 
4.1200376443839559e-12 
4.1200376443839559e-12 
4.1200376443839559e-12 
4.1200376443839559e-12 
4.1200376443839559e-12 
4.1200376443839559e-12 
4.1200376443839559e-12 
4.1200376443839559e-12 
4.1200376443839559e-12 
4.1200376443839559e-12 
4.1200376443839559e-12 
4.1200376443839559e-12 
4.1200376443839559e-12 
4.1200376443839559e-12 
4.1200376443839559e-12 
4.1200376443839559e-12 
4.1200376443839559e-12 
4.1200376443839559e-12 
4.1200376443839559e-12 
4.1200376443839559e-12 
4.1200376443839559e-12 
4.1200376443839559e-12 
4.1200376443839559e-12 
4.1200376443839559e-12 
4.1200376443839559e-12 
4.1200376443839559e-12 
4.1200376443839559e-12 
4.1200376443839559e-12 
4.1200376443839559e-12 
4.1200376443839559e-12 
4.1200376443839559e-12 
4.1200376443839559e-12 
4.1200376443839559e-12 
4.1200376443839559e-12 
4.1200376443839559e-12 
4.1200376443839559e-12 
4.1200376443839559e-12 
4.1200376443839559e-12 
4.1200376443839559e-12 
4.1200376443839559e-12 
4.1200376443839559e-12 
4.1200376443839559e-12 
4.1200376443839559e-12 
4.1200376443839559e-12 
4.1200376443839559e-12 
4.1200376443839559e-12 
4.1200376443839559e-12 
4.1200376443839559e-12 
4.1200376443839559e-12 
4.1200376443839559e-12 
4.1200376443839559e-12 
4.1200376443839559e-12 
4.1200376443839559e-12 
4.1200376443839559e-12 
4.1200376443839559e-12 
4.1200376443839559e-12 
4.1200376443839559e-12 
4.1200376443839559e-12 
4.1200376443839559e-12 
4.1200376443839559e-12 
4.1200376443839559e-12 
4.1200376443839559e-12 
4.1200376443839559e-12 
4.1200376443839559e-12 
4.1200376443839559e-12 
4.1200376443839559e-12 
4.1200376443839559e-12 
4.1200376443839559e-12 
4.1200376443839559e-12 
4.1200376443839559e-12 
4.1200376443839559e-12 
4.1200376443839559e-12 
4.1200376443839559e-12 
4.1200376443839559e-12 
4.1200376443839559e-12 
4.1200376443839559e-12 
4.1200376443839559e-12 
4.1200376443839559e-12 
4.1200376443839559e-12 
4.1200376443839559e-12 
4.1200376443839559e-12 
4.1200376443839559e-12 
4.1200376443839559e-12 
4.1200376443839559e-12 
4.1200376443839559e-12 
4.1200376443839559e-12 
4.1200376443839559e-12 
4.1200376443839559e-12 
4.1200376443839559e-12 
4.1200376443839559e-12 
4.1200376443839559e-12 
4.1200376443839559e-12 
4.1200376443839559e-12 
4.1200376443839559e-12 
4.1200376443839559e-12 
4.1200376443839559e-12 
4.1200376443839559e-12 
4.1200376443839559e-12 
4.1200376443839559e-12 
4.1200376443839559e-12 
4.1200376443839559e-12 
4.1200376443839559e-12 
4.1200376443839559e-12 
4.1200376443839559e-12 
4.1200376443839559e-12 
4.1200376443839559e-12 
4.1200376443839559e-12 
4.1200376443839559e-12 
4.1200376443839559e-12 
4.1200376443839559e-12 
4.1200376443839559e-12 
4.1200376443839559e-12 
4.1200376443839559e-12 
4.1200376443839559e-12 
4.1200376443839559e-12 
4.1200376443839559e-12 
4.1200376443839559e-12 
4.1200376443839559e-12 
4.1200376443839559e-12 
4.1200376443839559e-12 
4.1200376443839559e-12 
4.1200376443839559e-12 
4.1200376443839559e-12 
4.1200376443839559e-12 
4.1200376443839559e-12 
4.1200376443839559e-12 
4.1200376443839559e-12 
4.1200376443839559e-12 
4.1200376443839559e-12 
4.1200376443839559e-12 
4.1200376443839559e-12 
4.1200376443839559e-12 
4.1200376443839559e-12 
4.1200376443839559e-12 
4.1200376443839559e-12 
4.1200376443839559e-12 
4.1200376443839559e-12 
4.1200376443839559e-12 
4.1200376443839559e-12 
4.1200376443839559e-12 
4.1200376443839559e-12 
4.1200376443839559e-12 
4.1200376443839559e-12 
4.1200376443839559e-12 
4.1200376443839559e-12 
4.1200376443839559e-12 
4.1200376443839559e-12 
4.1200376443839559e-12 
4.1200376443839559e-12 
4.1200376443839559e-12 
4.1200376443839559e-12 
4.1200376443839559e-12 
4.1200376443839559e-12 
4.1200376443839559e-12 
4.1200376443839559e-12 
4.1200376443839559e-12 
4.1200376443839559e-12 
4.1200376443839559e-12 
4.1200376443839559e-12 
4.1200376443839559e-12 
4.1200376443839559e-12 
4.1200376443839559e-12 
4.1200376443839559e-12 
4.1200376443839559e-12 
4.1200376443839559e-12 
4.1200376443839559e-12 
4.1200376443839559e-12 
4.1200376443839559e-12 
4.1200376443839559e-12 
4.1200376443839559e-12 
4.1200376443839559e-12 
4.1200376443839559e-12 
4.1200376443839559e-12 
4.1200376443839559e-12 
4.1200376443839559e-12 
4.1200376443839559e-12 
4.1200376443839559e-12 
4.1200376443839559e-12 
4.1200376443839559e-12 
4.1200376443839559e-12 
4.1200376443839559e-12 
4.1200376443839559e-12 
4.1200376443839559e-12 
4.1200376443839559e-12 
4.1200376443839559e-12 
4.1200376443839559e-12 
4.1200376443839559e-12 
4.1200376443839559e-12 
4.1200376443839559e-12 
4.1200376443839559e-12 
4.1200376443839559e-12 
4.1200376443839559e-12 
4.1200376443839559e-12 
4.1200376443839559e-12 
4.1200376443839559e-12 
4.1200376443839559e-12 
4.1200376443839559e-12 
4.1200376443839559e-12 
4.1200376443839559e-12 
4.1200376443839559e-12 
4.1200376443839559e-12 
4.1200376443839559e-12 
4.1200376443839559e-12 
4.1200376443839559e-12 
4.1200376443839559e-12 
4.1200376443839559e-12 
4.1200376443839559e-12 
4.1200376443839559e-12 
4.1200376443839559e-12 
4.1200376443839559e-12 
4.1200376443839559e-12 
4.1200376443839559e-12 
4.1200376443839559e-12 
4.1200376443839559e-12 
4.1200376443839559e-12 
4.1200376443839559e-12 
4.1200376443839559e-12 
4.1200376443839559e-12 
4.1200376443839559e-12 
4.1200376443839559e-12 
4.1200376443839559e-12 
4.1200376443839559e-12 
4.1200376443839559e-12 
4.1200376443839559e-12 
4.1200376443839559e-12 
4.1200376443839559e-12 
4.1200376443839559e-12 
4.1200376443839559e-12 
4.1200376443839559e-12 
4.1200376443839559e-12 
4.1200376443839559e-12 
4.1200376443839559e-12 
4.1200376443839559e-12 
4.1200376443839559e-12 
4.1200376443839559e-12 
4.1200376443839559e-12 
4.1200376443839559e-12 
4.1200376443839559e-12 
4.1200376443839559e-12 
4.1200376443839559e-12 
4.1200376443839559e-12 
4.1200376443839559e-12 
4.1200376443839559e-12 
4.1200376443839559e-12 
4.1200376443839559e-12 
4.1200376443839559e-12 
4.1200376443839559e-12 
4.1200376443839559e-12 
4.1200376443839559e-12 
4.1200376443839559e-12 
4.1200376443839559e-12 
4.1200376443839559e-12 
4.1200376443839559e-12 
4.1200376443839559e-12 
4.1200376443839559e-12 
4.1200376443839559e-12 
4.1200376443839559e-12 
4.1200376443839559e-12 
4.1200376443839559e-12 
4.1200376443839559e-12 
4.1200376443839559e-12 
4.1200376443839559e-12 
4.1200376443839559e-12 
4.1200376443839559e-12 
4.1200376443839559e-12 
4.1200376443839559e-12 
4.1200376443839559e-12 
4.1200376443839559e-12 
4.1200376443839559e-12 
4.1200376443839559e-12 
4.1200376443839559e-12 
4.1200376443839559e-12 
4.1200376443839559e-12 
4.1200376443839559e-12 
4.1200376443839559e-12 
4.1200376443839559e-12 
4.1200376443839559e-12 
4.1200376443839559e-12 
4.1200376443839559e-12 
4.1200376443839559e-12 
4.1200376443839559e-12 
4.1200376443839559e-12 
4.1200376443839559e-12 
4.1200376443839559e-12 
4.1200376443839559e-12 
4.1200376443839559e-12 
4.1200376443839559e-12 
4.1200376443839559e-12 
4.1200376443839559e-12 
4.1200376443839559e-12 
4.1200376443839559e-12 
4.1200376443839559e-12 
4.1200376443839559e-12 
4.1200376443839559e-12 
4.1200376443839559e-12 
4.1200376443839559e-12 
4.1200376443839559e-12 
4.1200376443839559e-12 
4.1200376443839559e-12 
4.1200376443839559e-12 
4.1200376443839559e-12 
4.1200376443839559e-12 
4.1200376443839559e-12 
4.1200376443839559e-12 
4.1200376443839559e-12 
4.1200376443839559e-12 
4.1200376443839559e-12 
4.1200376443839559e-12 
4.1200376443839559e-12 
4.1200376443839559e-12 
4.1200376443839559e-12 
4.1200376443839559e-12 
4.1200376443839559e-12 
4.1200376443839559e-12 
4.1200376443839559e-12 
4.1200376443839559e-12 
4.1200376443839559e-12 
4.1200376443839559e-12 
4.1200376443839559e-12 
4.1200376443839559e-12 
4.1200376443839559e-12 
4.1200376443839559e-12 
4.1200376443839559e-12 
4.1200376443839559e-12 
4.1200376443839559e-12 
4.1200376443839559e-12 
4.1200376443839559e-12 
4.1200376443839559e-12 
4.1200376443839559e-12 
4.1200376443839559e-12 
4.1200376443839559e-12 
4.1200376443839559e-12 
4.1200376443839559e-12 
4.1200376443839559e-12 
4.1200376443839559e-12 
4.1200376443839559e-12 
4.1200376443839559e-12 
4.1200376443839559e-12 
4.1200376443839559e-12 
4.1200376443839559e-12 
4.1200376443839559e-12 
4.1200376443839559e-12 
4.1200376443839559e-12 
4.1200376443839559e-12 
4.1200376443839559e-12 
4.1200376443839559e-12 
4.1200376443839559e-12 
4.1200376443839559e-12 
4.1200376443839559e-12 
4.1200376443839559e-12 
4.1200376443839559e-12 
4.1200376443839559e-12 
4.1200376443839559e-12 
4.1200376443839559e-12 
4.1200376443839559e-12 
4.1200376443839559e-12 
4.1200376443839559e-12 
4.1200376443839559e-12 
4.1200376443839559e-12 
4.1200376443839559e-12 
4.1200376443839559e-12 
4.1200376443839559e-12 
4.1200376443839559e-12 
4.1200376443839559e-12 
4.1200376443839559e-12 
4.1200376443839559e-12 
4.1200376443839559e-12 
4.1200376443839559e-12 
4.1200376443839559e-12 
4.1200376443839559e-12 
4.1200376443839559e-12 
4.1200376443839559e-12 
4.1200376443839559e-12 
4.1200376443839559e-12 
4.1200376443839559e-12 
4.1200376443839559e-12 
4.1200376443839559e-12 
4.1200376443839559e-12 
4.1200376443839559e-12 
4.1200376443839559e-12 
4.1200376443839559e-12 
4.1200376443839559e-12 
4.1200376443839559e-12 
4.1200376443839559e-12 
4.1200376443839559e-12 
4.1200376443839559e-12 
4.1200376443839559e-12 
4.1200376443839559e-12 
4.1200376443839559e-12 
4.1200376443839559e-12 
4.1200376443839559e-12 
4.1200376443839559e-12 
4.1200376443839559e-12 
4.1200376443839559e-12 
4.1200376443839559e-12 
4.1200376443839559e-12 
4.1200376443839559e-12 
4.1200376443839559e-12 
4.1200376443839559e-12 
4.1200376443839559e-12 
4.1200376443839559e-12 
4.1200376443839559e-12 
4.1200376443839559e-12 
4.1200376443839559e-12 
4.1200376443839559e-12 
4.1200376443839559e-12 
4.1200376443839559e-12 
4.1200376443839559e-12 
4.1200376443839559e-12 
4.1200376443839559e-12 
4.1200376443839559e-12 
4.1200376443839559e-12 
4.1200376443839559e-12 
4.1200376443839559e-12 
4.1200376443839559e-12 
4.1200376443839559e-12 
4.1200376443839559e-12 
4.1200376443839559e-12 
4.1200376443839559e-12 
4.1200376443839559e-12 
4.1200376443839559e-12 
4.1200376443839559e-12 
4.1200376443839559e-12 
4.1200376443839559e-12 
4.1200376443839559e-12 
4.1200376443839559e-12 
4.1200376443839559e-12 
4.1200376443839559e-12 
4.1200376443839559e-12 
4.1200376443839559e-12 
4.1200376443839559e-12 
4.1200376443839559e-12 
4.1200376443839559e-12 
4.1200376443839559e-12 
4.1200376443839559e-12 
4.1200376443839559e-12 
4.1200376443839559e-12 
4.1200376443839559e-12 
4.1200376443839559e-12 
4.1200376443839559e-12 
4.1200376443839559e-12 
4.1200376443839559e-12 
4.1200376443839559e-12 
4.1200376443839559e-12 
4.1200376443839559e-12 
4.1200376443839559e-12 
4.1200376443839559e-12 
4.1200376443839559e-12 
4.1200376443839559e-12 
4.1200376443839559e-12 
4.1200376443839559e-12 
4.1200376443839559e-12 
4.1200376443839559e-12 
4.1200376443839559e-12 
4.1200376443839559e-12 
4.1200376443839559e-12 
4.1200376443839559e-12 
4.1200376443839559e-12 
4.1200376443839559e-12 
4.1200376443839559e-12 
4.1200376443839559e-12 
4.1200376443839559e-12 
4.1200376443839559e-12 
4.1200376443839559e-12 
4.1200376443839559e-12 
4.1200376443839559e-12 
4.1200376443839559e-12 
4.1200376443839559e-12 
4.1200376443839559e-12 
4.1200376443839559e-12 
4.1200376443839559e-12 
4.1200376443839559e-12 
4.1200376443839559e-12 
4.1200376443839559e-12 
4.1200376443839559e-12 
4.1200376443839559e-12 
4.1200376443839559e-12 
4.1200376443839559e-12 
4.1200376443839559e-12 
4.1200376443839559e-12 
4.1200376443839559e-12 
4.1200376443839559e-12 
4.1200376443839559e-12 
4.1200376443839559e-12 
4.1200376443839559e-12 
4.1200376443839559e-12 
4.1200376443839559e-12 
4.1200376443839559e-12 
4.1200376443839559e-12 
4.1200376443839559e-12 
4.1200376443839559e-12 
4.1200376443839559e-12 
4.1200376443839559e-12 
4.1200376443839559e-12 
4.1200376443839559e-12 
4.1200376443839559e-12 
4.1200376443839559e-12 
4.1200376443839559e-12 
4.1200376443839559e-12 
4.1200376443839559e-12 
4.1200376443839559e-12 
4.1200376443839559e-12 
4.1200376443839559e-12 
4.1200376443839559e-12 
4.1200376443839559e-12 
4.1200376443839559e-12 
4.1200376443839559e-12 
4.1200376443839559e-12 
4.1200376443839559e-12 
4.1200376443839559e-12 
4.1200376443839559e-12 
4.1200376443839559e-12 
4.1200376443839559e-12 
4.1200376443839559e-12 
4.1200376443839559e-12 
4.1200376443839559e-12 
4.1200376443839559e-12 
4.1200376443839559e-12 
4.1200376443839559e-12 
4.1200376443839559e-12 
4.1200376443839559e-12 
4.1200376443839559e-12 
4.1200376443839559e-12 
4.1200376443839559e-12 
4.1200376443839559e-12 
4.1200376443839559e-12 
4.1200376443839559e-12 
4.1200376443839559e-12 
4.1200376443839559e-12 
4.1200376443839559e-12 
4.1200376443839559e-12 
4.1200376443839559e-12 
4.1200376443839559e-12 
4.1200376443839559e-12 
4.1200376443839559e-12 
4.1200376443839559e-12 
4.1200376443839559e-12 
4.1200376443839559e-12 
4.1200376443839559e-12 
4.1200376443839559e-12 
4.1200376443839559e-12 
4.1200376443839559e-12 
4.1200376443839559e-12 
4.1200376443839559e-12 
4.1200376443839559e-12 
4.1200376443839559e-12 
4.1200376443839559e-12 
4.1200376443839559e-12 
4.1200376443839559e-12 
4.1200376443839559e-12 
4.1200376443839559e-12 
4.1200376443839559e-12 
4.1200376443839559e-12 
4.1200376443839559e-12 
4.1200376443839559e-12 
4.1200376443839559e-12 
4.1200376443839559e-12 
4.1200376443839559e-12 
4.1200376443839559e-12 
4.1200376443839559e-12 
4.1200376443839559e-12 
4.1200376443839559e-12 
4.1200376443839559e-12 
4.1200376443839559e-12 
4.1200376443839559e-12 
4.1200376443839559e-12 
4.1200376443839559e-12 
4.1200376443839559e-12 
4.1200376443839559e-12 
4.1200376443839559e-12 
4.1200376443839559e-12 
4.1200376443839559e-12 
4.1200376443839559e-12 
4.1200376443839559e-12 
4.1200376443839559e-12 
4.1200376443839559e-12 
4.1200376443839559e-12 
4.1200376443839559e-12 
4.1200376443839559e-12 
4.1200376443839559e-12 
4.1200376443839559e-12 
4.1200376443839559e-12 
4.1200376443839559e-12 
4.1200376443839559e-12 
4.1200376443839559e-12 
4.1200376443839559e-12 
4.1200376443839559e-12 
4.1200376443839559e-12 
4.1200376443839559e-12 
4.1200376443839559e-12 
4.1200376443839559e-12 
4.1200376443839559e-12 
4.1200376443839559e-12 
4.1200376443839559e-12 
4.1200376443839559e-12 
4.1200376443839559e-12 
4.1200376443839559e-12 
4.1200376443839559e-12 
4.1200376443839559e-12 
4.1200376443839559e-12 
4.1200376443839559e-12 
4.1200376443839559e-12 
4.1200376443839559e-12 
4.1200376443839559e-12 
4.1200376443839559e-12 
4.1200376443839559e-12 
4.1200376443839559e-12 
4.1200376443839559e-12 
4.1200376443839559e-12 
4.1200376443839559e-12 
4.1200376443839559e-12 
4.1200376443839559e-12 
4.1200376443839559e-12 
4.1200376443839559e-12 
4.1200376443839559e-12 
4.1200376443839559e-12 
4.1200376443839559e-12 
4.1200376443839559e-12 
4.1200376443839559e-12 
4.1200376443839559e-12 
4.1200376443839559e-12 
4.1200376443839559e-12 
4.1200376443839559e-12 
4.1200376443839559e-12 
4.1200376443839559e-12 
4.1200376443839559e-12 
4.1200376443839559e-12 
4.1200376443839559e-12 
4.1200376443839559e-12 
4.1200376443839559e-12 
