0.27364219599919226 
0.25672922831562728 
0.22307377055780775 
0.19155347112998433 
0.16224111246457351 
0.1352044867304526 
0.11050622862079218 
0.088203660857477884 
0.06834865279329827 
0.050987492460771056 
0.036160772383289186 
0.023903289430328489 
0.014243958963797154 
0.0072057434873495918 
0.0028055959747147474 
0.001054418016856018 
0.001054418016856018 
0.0010309350160873088 
0.0010309350160873088 
0.0010309350160873088 
0.0010309350160873088 
0.0010309350160873088 
0.0010309350160873088 
0.00048274285140681439 
0.00048274285140681439 
0.00045753002362258766 
3.7823562704208946e-05 
3.7823562704208946e-05 
3.7823562704208946e-05 
3.7823562704208946e-05 
3.7823562704208946e-05 
3.7823562704208946e-05 
3.7823562704208946e-05 
3.7823562704208946e-05 
3.7823562704208946e-05 
1.8028692573723859e-05 
1.8028692573723859e-05 
2.696402720436808e-06 
2.696402720436808e-06 
2.696402720436808e-06 
2.696402720436808e-06 
2.696402720436808e-06 
2.696402720436808e-06 
2.696402720436808e-06 
2.696402720436808e-06 
2.696402720436808e-06 
2.696402720436808e-06 
2.696402720436808e-06 
2.696402720436808e-06 
2.696402720436808e-06 
2.696402720436808e-06 
2.696402720436808e-06 
2.696402720436808e-06 
2.696402720436808e-06 
2.696402720436808e-06 
2.696402720436808e-06 
2.696402720436808e-06 
2.696402720436808e-06 
2.696402720436808e-06 
2.696402720436808e-06 
2.696402720436808e-06 
2.696402720436808e-06 
2.696402720436808e-06 
5.9759407189385882e-07 
5.9759407189385882e-07 
5.9759407189385882e-07 
5.9759407189385882e-07 
5.9759407189385882e-07 
5.9759407189385882e-07 
5.9759407189385882e-07 
5.9759407189385882e-07 
5.9759407189385882e-07 
5.9759407189385882e-07 
5.9759407189385882e-07 
5.9759407189385882e-07 
5.9759407189385882e-07 
5.9759407189385882e-07 
5.9759407189385882e-07 
5.9759407189385882e-07 
5.9759407189385882e-07 
5.9759407189385882e-07 
5.9759407189385882e-07 
5.9759407189385882e-07 
5.9759407189385882e-07 
5.9759407189385882e-07 
5.9759407189385882e-07 
5.9759407189385882e-07 
5.9759407189385882e-07 
1.3658943365246756e-07 
1.3658943365246756e-07 
1.3658943365246756e-07 
1.3658943365246756e-07 
1.3658943365246756e-07 
1.3658943365246756e-07 
1.3658943365246756e-07 
1.3658943365246756e-07 
1.3658943365246756e-07 
1.3658943365246756e-07 
1.3658943365246756e-07 
1.3658943365246756e-07 
1.1951200751258995e-07 
1.1951200751258995e-07 
1.1951200751258995e-07 
1.1951200751258995e-07 
6.6486052885394997e-08 
6.6486052885394997e-08 
6.6486052885394997e-08 
6.6486052885394997e-08 
6.6486052885394997e-08 
6.6486052885394997e-08 
6.6486052885394997e-08 
6.6486052885394997e-08 
6.6486052885394997e-08 
6.6486052885394997e-08 
6.6486052885394997e-08 
6.6486052885394997e-08 
6.6486052885394997e-08 
6.6486052885394997e-08 
6.6486052885394997e-08 
6.6486052885394997e-08 
6.6486052885394997e-08 
6.6486052885394997e-08 
6.6486052885394997e-08 
6.6486052885394997e-08 
6.6486052885394997e-08 
6.6486052885394997e-08 
6.6486052885394997e-08 
6.6486052885394997e-08 
6.6486052885394997e-08 
6.6486052885394997e-08 
6.6486052885394997e-08 
6.6486052885394997e-08 
6.6486052885394997e-08 
6.6486052885394997e-08 
6.6486052885394997e-08 
6.6486052885394997e-08 
6.6486052885394997e-08 
6.6486052885394997e-08 
6.6486052885394997e-08 
6.6486052885394997e-08 
6.6486052885394997e-08 
6.6486052885394997e-08 
1.8571847615334036e-08 
1.8571847615334036e-08 
1.8571847615334036e-08 
1.8571847615334036e-08 
1.8571847615334036e-08 
1.8571847615334036e-08 
1.8571847615334036e-08 
1.8571847615334036e-08 
1.8571847615334036e-08 
1.8571847615334036e-08 
1.8571847615334036e-08 
1.8571847615334036e-08 
1.8571847615334036e-08 
1.8571847615334036e-08 
1.8571847615334036e-08 
1.8571847615334036e-08 
1.8571847615334036e-08 
1.8571847615334036e-08 
1.8571847615334036e-08 
1.8571847615334036e-08 
1.8571847615334036e-08 
1.8571847615334036e-08 
1.8571847615334036e-08 
1.8571847615334036e-08 
1.8571847615334036e-08 
1.8571847615334036e-08 
1.8571847615334036e-08 
1.8571847615334036e-08 
1.8571847615334036e-08 
1.8571847615334036e-08 
1.8571847615334036e-08 
1.8571847615334036e-08 
1.8571847615334036e-08 
1.8571847615334036e-08 
1.8571847615334036e-08 
1.8571847615334036e-08 
1.8571847615334036e-08 
1.8571847615334036e-08 
1.8571847615334036e-08 
1.8571847615334036e-08 
1.8571847615334036e-08 
1.8571847615334036e-08 
1.8571847615334036e-08 
1.0672416950185948e-08 
1.0672416950185948e-08 
1.0672416950185948e-08 
1.0672416950185948e-08 
1.0672416950185948e-08 
1.0672416950185948e-08 
1.0672416950185948e-08 
1.0672416950185948e-08 
1.0672416950185948e-08 
1.0672416950185948e-08 
1.0672416950185948e-08 
1.0672416950185948e-08 
1.0672416950185948e-08 
1.0672416950185948e-08 
1.0672416950185948e-08 
1.0672416950185948e-08 
1.0672416950185948e-08 
1.0672416950185948e-08 
1.0672416950185948e-08 
1.0672416950185948e-08 
1.0672416950185948e-08 
1.0672416950185948e-08 
1.0672416950185948e-08 
1.0672416950185948e-08 
1.0672416950185948e-08 
1.0672416950185948e-08 
6.398189089651396e-09 
6.398189089651396e-09 
6.398189089651396e-09 
6.398189089651396e-09 
6.398189089651396e-09 
6.398189089651396e-09 
6.398189089651396e-09 
6.398189089651396e-09 
6.398189089651396e-09 
6.398189089651396e-09 
6.398189089651396e-09 
6.398189089651396e-09 
6.398189089651396e-09 
6.398189089651396e-09 
6.398189089651396e-09 
6.398189089651396e-09 
6.398189089651396e-09 
6.398189089651396e-09 
6.398189089651396e-09 
6.398189089651396e-09 
6.398189089651396e-09 
6.398189089651396e-09 
6.398189089651396e-09 
6.398189089651396e-09 
6.398189089651396e-09 
6.398189089651396e-09 
6.398189089651396e-09 
6.398189089651396e-09 
6.398189089651396e-09 
6.398189089651396e-09 
6.398189089651396e-09 
6.398189089651396e-09 
6.398189089651396e-09 
6.398189089651396e-09 
6.398189089651396e-09 
6.398189089651396e-09 
6.398189089651396e-09 
6.398189089651396e-09 
6.398189089651396e-09 
6.398189089651396e-09 
6.398189089651396e-09 
6.398189089651396e-09 
6.398189089651396e-09 
6.398189089651396e-09 
6.398189089651396e-09 
6.398189089651396e-09 
6.398189089651396e-09 
6.398189089651396e-09 
6.398189089651396e-09 
6.398189089651396e-09 
6.398189089651396e-09 
6.398189089651396e-09 
6.398189089651396e-09 
6.398189089651396e-09 
6.398189089651396e-09 
6.398189089651396e-09 
6.398189089651396e-09 
6.398189089651396e-09 
6.398189089651396e-09 
6.398189089651396e-09 
6.398189089651396e-09 
6.398189089651396e-09 
6.398189089651396e-09 
6.398189089651396e-09 
6.398189089651396e-09 
6.398189089651396e-09 
6.398189089651396e-09 
6.398189089651396e-09 
6.398189089651396e-09 
6.398189089651396e-09 
6.398189089651396e-09 
6.398189089651396e-09 
6.398189089651396e-09 
6.398189089651396e-09 
6.398189089651396e-09 
6.398189089651396e-09 
6.398189089651396e-09 
6.398189089651396e-09 
6.398189089651396e-09 
6.398189089651396e-09 
6.398189089651396e-09 
6.398189089651396e-09 
6.398189089651396e-09 
6.398189089651396e-09 
6.398189089651396e-09 
6.398189089651396e-09 
6.398189089651396e-09 
6.398189089651396e-09 
6.398189089651396e-09 
6.398189089651396e-09 
6.398189089651396e-09 
6.398189089651396e-09 
6.398189089651396e-09 
6.398189089651396e-09 
6.398189089651396e-09 
6.398189089651396e-09 
6.398189089651396e-09 
6.398189089651396e-09 
6.398189089651396e-09 
6.398189089651396e-09 
6.398189089651396e-09 
6.398189089651396e-09 
6.398189089651396e-09 
6.398189089651396e-09 
6.398189089651396e-09 
6.398189089651396e-09 
6.398189089651396e-09 
6.398189089651396e-09 
6.398189089651396e-09 
6.398189089651396e-09 
6.398189089651396e-09 
6.398189089651396e-09 
6.398189089651396e-09 
6.398189089651396e-09 
6.398189089651396e-09 
6.398189089651396e-09 
6.398189089651396e-09 
6.398189089651396e-09 
6.398189089651396e-09 
6.398189089651396e-09 
6.398189089651396e-09 
6.398189089651396e-09 
6.398189089651396e-09 
6.398189089651396e-09 
6.398189089651396e-09 
6.398189089651396e-09 
6.398189089651396e-09 
6.398189089651396e-09 
6.398189089651396e-09 
6.398189089651396e-09 
6.398189089651396e-09 
6.398189089651396e-09 
6.398189089651396e-09 
6.398189089651396e-09 
6.398189089651396e-09 
6.398189089651396e-09 
6.398189089651396e-09 
6.398189089651396e-09 
6.398189089651396e-09 
6.398189089651396e-09 
6.398189089651396e-09 
6.398189089651396e-09 
6.398189089651396e-09 
6.398189089651396e-09 
6.398189089651396e-09 
6.398189089651396e-09 
6.398189089651396e-09 
6.398189089651396e-09 
6.398189089651396e-09 
6.398189089651396e-09 
6.398189089651396e-09 
6.398189089651396e-09 
6.398189089651396e-09 
6.398189089651396e-09 
6.398189089651396e-09 
6.398189089651396e-09 
6.398189089651396e-09 
6.398189089651396e-09 
6.398189089651396e-09 
6.398189089651396e-09 
6.398189089651396e-09 
6.398189089651396e-09 
6.398189089651396e-09 
6.398189089651396e-09 
6.398189089651396e-09 
6.398189089651396e-09 
6.398189089651396e-09 
6.398189089651396e-09 
6.398189089651396e-09 
6.398189089651396e-09 
6.398189089651396e-09 
6.398189089651396e-09 
6.398189089651396e-09 
6.398189089651396e-09 
6.398189089651396e-09 
6.398189089651396e-09 
6.398189089651396e-09 
6.398189089651396e-09 
6.398189089651396e-09 
6.398189089651396e-09 
6.398189089651396e-09 
6.398189089651396e-09 
6.398189089651396e-09 
6.398189089651396e-09 
6.398189089651396e-09 
6.398189089651396e-09 
6.398189089651396e-09 
6.398189089651396e-09 
6.398189089651396e-09 
1.1398538779516798e-09 
1.1398538779516798e-09 
1.1398538779516798e-09 
1.1398538779516798e-09 
1.1398538779516798e-09 
1.1398538779516798e-09 
1.1398538779516798e-09 
1.1398538779516798e-09 
1.1398538779516798e-09 
1.1398538779516798e-09 
1.1398538779516798e-09 
1.1398538779516798e-09 
1.1398538779516798e-09 
1.1398538779516798e-09 
1.1398538779516798e-09 
1.1398538779516798e-09 
1.1398538779516798e-09 
1.1398538779516798e-09 
1.1398538779516798e-09 
1.1398538779516798e-09 
1.1398538779516798e-09 
1.1398538779516798e-09 
1.1398538779516798e-09 
1.1398538779516798e-09 
1.1398538779516798e-09 
1.1398538779516798e-09 
1.1398538779516798e-09 
1.1398538779516798e-09 
1.1398538779516798e-09 
1.1398538779516798e-09 
1.1398538779516798e-09 
1.1398538779516798e-09 
1.1398538779516798e-09 
1.1398538779516798e-09 
1.1398538779516798e-09 
1.1398538779516798e-09 
1.1398538779516798e-09 
1.1398538779516798e-09 
1.1398538779516798e-09 
1.1398538779516798e-09 
1.1398538779516798e-09 
1.1398538779516798e-09 
1.1398538779516798e-09 
1.1398538779516798e-09 
1.1398538779516798e-09 
1.1398538779516798e-09 
1.1398538779516798e-09 
1.1398538779516798e-09 
1.1398538779516798e-09 
1.1398538779516798e-09 
1.1398538779516798e-09 
1.1398538779516798e-09 
1.1398538779516798e-09 
1.1398538779516798e-09 
1.1398538779516798e-09 
1.1398538779516798e-09 
1.1398538779516798e-09 
1.1398538779516798e-09 
1.1398538779516798e-09 
1.1398538779516798e-09 
1.1398538779516798e-09 
1.1398538779516798e-09 
1.1398538779516798e-09 
1.1398538779516798e-09 
1.1398538779516798e-09 
1.1398538779516798e-09 
1.1398538779516798e-09 
1.1398538779516798e-09 
1.1398538779516798e-09 
1.1398538779516798e-09 
1.1398538779516798e-09 
1.1398538779516798e-09 
1.1398538779516798e-09 
1.1398538779516798e-09 
1.1398538779516798e-09 
1.1398538779516798e-09 
1.1398538779516798e-09 
1.1398538779516798e-09 
1.1398538779516798e-09 
1.1398538779516798e-09 
1.1398538779516798e-09 
1.1398538779516798e-09 
1.1398538779516798e-09 
1.1398538779516798e-09 
1.1398538779516798e-09 
1.1398538779516798e-09 
1.1398538779516798e-09 
1.1398538779516798e-09 
1.1398538779516798e-09 
1.1398538779516798e-09 
1.1398538779516798e-09 
1.1398538779516798e-09 
1.1398538779516798e-09 
1.1398538779516798e-09 
1.1398538779516798e-09 
1.1398538779516798e-09 
1.1398538779516798e-09 
1.1398538779516798e-09 
1.1398538779516798e-09 
1.1398538779516798e-09 
1.1398538779516798e-09 
1.1398538779516798e-09 
1.1398538779516798e-09 
1.1398538779516798e-09 
1.1398538779516798e-09 
1.1398538779516798e-09 
1.1398538779516798e-09 
1.1398538779516798e-09 
1.1398538779516798e-09 
1.1398538779516798e-09 
1.1398538779516798e-09 
1.1398538779516798e-09 
1.1398538779516798e-09 
1.1398538779516798e-09 
1.1398538779516798e-09 
1.1398538779516798e-09 
1.1398538779516798e-09 
1.1398538779516798e-09 
1.1398538779516798e-09 
1.1398538779516798e-09 
1.1398538779516798e-09 
1.1398538779516798e-09 
1.1398538779516798e-09 
1.1398538779516798e-09 
1.1398538779516798e-09 
1.1398538779516798e-09 
1.1398538779516798e-09 
1.1398538779516798e-09 
1.1398538779516798e-09 
1.1398538779516798e-09 
1.1398538779516798e-09 
1.1398538779516798e-09 
1.1398538779516798e-09 
1.1398538779516798e-09 
1.1398538779516798e-09 
1.1398538779516798e-09 
1.1398538779516798e-09 
1.1398538779516798e-09 
1.1398538779516798e-09 
1.1398538779516798e-09 
1.1398538779516798e-09 
1.1398538779516798e-09 
1.1398538779516798e-09 
1.1398538779516798e-09 
1.1398538779516798e-09 
1.1398538779516798e-09 
1.1398538779516798e-09 
1.1398538779516798e-09 
1.1398538779516798e-09 
1.1398538779516798e-09 
1.1398538779516798e-09 
1.1398538779516798e-09 
1.1398538779516798e-09 
1.1398538779516798e-09 
1.1398538779516798e-09 
1.1398538779516798e-09 
1.1398538779516798e-09 
1.1398538779516798e-09 
1.1398538779516798e-09 
1.1398538779516798e-09 
1.1398538779516798e-09 
1.1398538779516798e-09 
1.1398538779516798e-09 
1.1398538779516798e-09 
1.1398538779516798e-09 
1.1398538779516798e-09 
1.1398538779516798e-09 
1.1398538779516798e-09 
1.1398538779516798e-09 
1.1398538779516798e-09 
1.1398538779516798e-09 
1.1398538779516798e-09 
1.1398538779516798e-09 
1.1398538779516798e-09 
1.1398538779516798e-09 
1.1398538779516798e-09 
1.1398538779516798e-09 
1.1398538779516798e-09 
1.1398538779516798e-09 
1.1398538779516798e-09 
1.1398538779516798e-09 
1.1398538779516798e-09 
1.1398538779516798e-09 
1.1398538779516798e-09 
1.1398538779516798e-09 
1.1398538779516798e-09 
1.1398538779516798e-09 
1.1398538779516798e-09 
1.1398538779516798e-09 
1.1398538779516798e-09 
1.1398538779516798e-09 
1.1398538779516798e-09 
1.1398538779516798e-09 
1.1398538779516798e-09 
1.1398538779516798e-09 
1.1398538779516798e-09 
1.1398538779516798e-09 
1.1398538779516798e-09 
1.1398538779516798e-09 
1.1398538779516798e-09 
1.1398538779516798e-09 
1.1398538779516798e-09 
1.1398538779516798e-09 
1.1398538779516798e-09 
1.1398538779516798e-09 
1.1398538779516798e-09 
1.1398538779516798e-09 
1.1398538779516798e-09 
1.1398538779516798e-09 
1.1398538779516798e-09 
1.1398538779516798e-09 
1.1398538779516798e-09 
1.1398538779516798e-09 
1.1398538779516798e-09 
1.1398538779516798e-09 
1.1398538779516798e-09 
1.1398538779516798e-09 
1.1398538779516798e-09 
1.1398538779516798e-09 
1.1398538779516798e-09 
1.1398538779516798e-09 
1.1398538779516798e-09 
1.1398538779516798e-09 
1.1398538779516798e-09 
1.1398538779516798e-09 
1.1398538779516798e-09 
1.1398538779516798e-09 
1.1398538779516798e-09 
1.1398538779516798e-09 
1.1398538779516798e-09 
1.1398538779516798e-09 
1.1398538779516798e-09 
1.1398538779516798e-09 
1.1398538779516798e-09 
1.1398538779516798e-09 
1.1398538779516798e-09 
1.1398538779516798e-09 
1.1398538779516798e-09 
1.1398538779516798e-09 
1.1398538779516798e-09 
1.1398538779516798e-09 
1.1398538779516798e-09 
1.1398538779516798e-09 
1.1398538779516798e-09 
1.1398538779516798e-09 
1.1398538779516798e-09 
1.1398538779516798e-09 
1.1398538779516798e-09 
1.1398538779516798e-09 
1.1398538779516798e-09 
1.1398538779516798e-09 
1.1398538779516798e-09 
1.1398538779516798e-09 
1.1398538779516798e-09 
1.1398538779516798e-09 
1.1398538779516798e-09 
1.1398538779516798e-09 
1.1398538779516798e-09 
1.1398538779516798e-09 
1.1398538779516798e-09 
1.1398538779516798e-09 
1.1398538779516798e-09 
1.1398538779516798e-09 
1.1398538779516798e-09 
1.1398538779516798e-09 
1.1398538779516798e-09 
1.1398538779516798e-09 
1.1398538779516798e-09 
1.1398538779516798e-09 
1.1398538779516798e-09 
1.1398538779516798e-09 
1.1398538779516798e-09 
1.1398538779516798e-09 
1.1398538779516798e-09 
1.1398538779516798e-09 
1.1398538779516798e-09 
1.1398538779516798e-09 
1.1398538779516798e-09 
1.1398538779516798e-09 
1.1398538779516798e-09 
1.1398538779516798e-09 
1.1398538779516798e-09 
1.1398538779516798e-09 
1.1398538779516798e-09 
1.1398538779516798e-09 
1.1398538779516798e-09 
1.1398538779516798e-09 
1.1398538779516798e-09 
1.1398538779516798e-09 
1.1398538779516798e-09 
1.1398538779516798e-09 
1.1398538779516798e-09 
1.1398538779516798e-09 
1.1398538779516798e-09 
1.1398538779516798e-09 
1.1398538779516798e-09 
1.1398538779516798e-09 
1.1398538779516798e-09 
1.1398538779516798e-09 
1.1398538779516798e-09 
1.1398538779516798e-09 
1.1398538779516798e-09 
1.1398538779516798e-09 
1.1398538779516798e-09 
1.1398538779516798e-09 
1.1398538779516798e-09 
1.1398538779516798e-09 
1.1398538779516798e-09 
1.1398538779516798e-09 
1.1398538779516798e-09 
1.1398538779516798e-09 
1.1398538779516798e-09 
1.1398538779516798e-09 
1.1398538779516798e-09 
1.1398538779516798e-09 
1.1398538779516798e-09 
1.1398538779516798e-09 
1.1398538779516798e-09 
1.1398538779516798e-09 
1.1398538779516798e-09 
1.1398538779516798e-09 
1.1398538779516798e-09 
1.1398538779516798e-09 
1.1398538779516798e-09 
1.1398538779516798e-09 
1.1398538779516798e-09 
1.1398538779516798e-09 
1.1398538779516798e-09 
1.1398538779516798e-09 
1.1398538779516798e-09 
1.1398538779516798e-09 
1.1398538779516798e-09 
1.1398538779516798e-09 
1.1398538779516798e-09 
1.1398538779516798e-09 
1.1398538779516798e-09 
1.1398538779516798e-09 
1.1398538779516798e-09 
1.1398538779516798e-09 
1.1398538779516798e-09 
1.1398538779516798e-09 
1.1398538779516798e-09 
1.1398538779516798e-09 
1.1398538779516798e-09 
1.1398538779516798e-09 
1.1398538779516798e-09 
1.1398538779516798e-09 
1.1398538779516798e-09 
1.1398538779516798e-09 
1.1398538779516798e-09 
1.1398538779516798e-09 
1.1398538779516798e-09 
1.1398538779516798e-09 
1.1398538779516798e-09 
1.1398538779516798e-09 
1.1398538779516798e-09 
1.1398538779516798e-09 
1.1398538779516798e-09 
1.1398538779516798e-09 
1.1398538779516798e-09 
1.1398538779516798e-09 
1.1398538779516798e-09 
1.1398538779516798e-09 
1.1398538779516798e-09 
1.1398538779516798e-09 
1.1398538779516798e-09 
1.1398538779516798e-09 
1.1398538779516798e-09 
1.1398538779516798e-09 
1.1398538779516798e-09 
1.1398538779516798e-09 
1.1398538779516798e-09 
1.1398538779516798e-09 
1.1398538779516798e-09 
1.1398538779516798e-09 
1.1398538779516798e-09 
1.1398538779516798e-09 
1.1398538779516798e-09 
1.1398538779516798e-09 
1.1398538779516798e-09 
1.1398538779516798e-09 
1.1398538779516798e-09 
1.1398538779516798e-09 
1.1398538779516798e-09 
1.1398538779516798e-09 
1.1398538779516798e-09 
1.1398538779516798e-09 
1.1398538779516798e-09 
1.1398538779516798e-09 
1.1398538779516798e-09 
1.1398538779516798e-09 
1.1398538779516798e-09 
1.1398538779516798e-09 
1.1398538779516798e-09 
1.1398538779516798e-09 
1.1398538779516798e-09 
1.1398538779516798e-09 
1.1398538779516798e-09 
1.1398538779516798e-09 
1.1398538779516798e-09 
1.1398538779516798e-09 
1.1398538779516798e-09 
1.1398538779516798e-09 
1.1398538779516798e-09 
1.1398538779516798e-09 
1.1398538779516798e-09 
1.1398538779516798e-09 
1.1398538779516798e-09 
1.1398538779516798e-09 
1.1398538779516798e-09 
1.1398538779516798e-09 
1.1398538779516798e-09 
1.1398538779516798e-09 
1.1398538779516798e-09 
1.1398538779516798e-09 
1.1398538779516798e-09 
1.1398538779516798e-09 
1.1398538779516798e-09 
1.1398538779516798e-09 
1.1398538779516798e-09 
1.1398538779516798e-09 
1.1398538779516798e-09 
1.1398538779516798e-09 
1.1398538779516798e-09 
1.1398538779516798e-09 
1.1398538779516798e-09 
1.1398538779516798e-09 
1.1398538779516798e-09 
1.1398538779516798e-09 
1.1398538779516798e-09 
1.1398538779516798e-09 
1.1398538779516798e-09 
1.1398538779516798e-09 
1.1398538779516798e-09 
1.1398538779516798e-09 
1.1398538779516798e-09 
1.1398538779516798e-09 
1.1398538779516798e-09 
1.1398538779516798e-09 
1.1398538779516798e-09 
1.1398538779516798e-09 
1.1398538779516798e-09 
1.1398538779516798e-09 
1.1398538779516798e-09 
1.1398538779516798e-09 
1.1398538779516798e-09 
1.1398538779516798e-09 
1.1398538779516798e-09 
1.1398538779516798e-09 
1.1398538779516798e-09 
1.1398538779516798e-09 
1.1398538779516798e-09 
1.1398538779516798e-09 
1.1398538779516798e-09 
1.1398538779516798e-09 
1.1398538779516798e-09 
1.1398538779516798e-09 
1.1398538779516798e-09 
1.1398538779516798e-09 
1.1398538779516798e-09 
1.1398538779516798e-09 
1.1398538779516798e-09 
1.1398538779516798e-09 
1.1398538779516798e-09 
1.1398538779516798e-09 
1.1398538779516798e-09 
1.1398538779516798e-09 
1.1398538779516798e-09 
1.1398538779516798e-09 
1.1398538779516798e-09 
1.1398538779516798e-09 
1.1398538779516798e-09 
1.1398538779516798e-09 
1.1398538779516798e-09 
1.1398538779516798e-09 
9.2489038650001021e-10 
9.2489038650001021e-10 
9.2489038650001021e-10 
9.2489038650001021e-10 
9.2489038650001021e-10 
9.2489038650001021e-10 
9.2489038650001021e-10 
9.2489038650001021e-10 
9.2489038650001021e-10 
9.2489038650001021e-10 
9.2489038650001021e-10 
9.2489038650001021e-10 
9.2489038650001021e-10 
9.2489038650001021e-10 
9.2489038650001021e-10 
9.2489038650001021e-10 
9.2489038650001021e-10 
9.2489038650001021e-10 
9.2489038650001021e-10 
9.2489038650001021e-10 
9.2489038650001021e-10 
9.2489038650001021e-10 
9.2489038650001021e-10 
9.2489038650001021e-10 
9.2489038650001021e-10 
9.2489038650001021e-10 
9.2489038650001021e-10 
9.2489038650001021e-10 
9.2489038650001021e-10 
9.2489038650001021e-10 
9.2489038650001021e-10 
9.2489038650001021e-10 
9.2489038650001021e-10 
9.2489038650001021e-10 
9.2489038650001021e-10 
9.2489038650001021e-10 
9.2489038650001021e-10 
9.2489038650001021e-10 
9.2489038650001021e-10 
9.2489038650001021e-10 
9.2489038650001021e-10 
9.2489038650001021e-10 
9.2489038650001021e-10 
9.2489038650001021e-10 
9.2489038650001021e-10 
9.2489038650001021e-10 
9.2489038650001021e-10 
9.2489038650001021e-10 
9.2489038650001021e-10 
9.2489038650001021e-10 
9.2489038650001021e-10 
9.2489038650001021e-10 
9.2489038650001021e-10 
9.2489038650001021e-10 
9.2489038650001021e-10 
9.2489038650001021e-10 
9.2489038650001021e-10 
9.2489038650001021e-10 
9.2489038650001021e-10 
9.2489038650001021e-10 
9.2489038650001021e-10 
9.2489038650001021e-10 
9.2489038650001021e-10 
9.2489038650001021e-10 
9.2489038650001021e-10 
9.2489038650001021e-10 
9.2489038650001021e-10 
9.2489038650001021e-10 
9.2489038650001021e-10 
9.2489038650001021e-10 
9.2489038650001021e-10 
9.2489038650001021e-10 
9.2489038650001021e-10 
9.2489038650001021e-10 
9.2489038650001021e-10 
9.2489038650001021e-10 
9.2489038650001021e-10 
9.2489038650001021e-10 
9.2489038650001021e-10 
9.2489038650001021e-10 
9.2489038650001021e-10 
9.2489038650001021e-10 
9.2489038650001021e-10 
9.2489038650001021e-10 
9.2489038650001021e-10 
9.2489038650001021e-10 
9.2489038650001021e-10 
9.2489038650001021e-10 
9.2489038650001021e-10 
9.2489038650001021e-10 
9.2489038650001021e-10 
9.2489038650001021e-10 
9.2489038650001021e-10 
9.2489038650001021e-10 
9.2489038650001021e-10 
9.2489038650001021e-10 
9.2489038650001021e-10 
9.2489038650001021e-10 
9.2489038650001021e-10 
9.2489038650001021e-10 
9.2489038650001021e-10 
9.2489038650001021e-10 
9.2489038650001021e-10 
9.2489038650001021e-10 
9.2489038650001021e-10 
9.2489038650001021e-10 
9.2489038650001021e-10 
9.2489038650001021e-10 
9.2489038650001021e-10 
9.2489038650001021e-10 
9.2489038650001021e-10 
9.2489038650001021e-10 
9.2489038650001021e-10 
9.2489038650001021e-10 
9.2489038650001021e-10 
9.2489038650001021e-10 
9.2489038650001021e-10 
9.2489038650001021e-10 
9.2489038650001021e-10 
9.2489038650001021e-10 
9.2489038650001021e-10 
9.2489038650001021e-10 
9.2489038650001021e-10 
9.2489038650001021e-10 
9.2489038650001021e-10 
