0.063577653147042446 
0.063577653147042446 
0.032572045901423041 
0.020818438487523627 
0.011734966085874432 
0.0040009752867884441 
0.0034622696483204152 
0.0034622696483204152 
0.0034622696483204152 
0.0034622696483204152 
0.0017551369475886647 
0.00051120918854574704 
0.00051120918854574704 
0.00023926522546990903 
0.00023926522546990903 
0.00023926522546990903 
0.00023926522546990903 
0.00023926522546990903 
0.00023926522546990903 
0.00023926522546990903 
0.00023926522546990903 
0.00023926522546990903 
5.1201123101529689e-05 
5.1201123101529689e-05 
5.1201123101529689e-05 
5.1201123101529689e-05 
5.1201123101529689e-05 
5.1201123101529689e-05 
5.1201123101529689e-05 
5.1201123101529689e-05 
5.1201123101529689e-05 
5.1201123101529689e-05 
5.1201123101529689e-05 
5.1201123101529689e-05 
5.1201123101529689e-05 
5.1201123101529689e-05 
5.1201123101529689e-05 
5.1201123101529689e-05 
5.1201123101529689e-05 
5.1201123101529689e-05 
5.1201123101529689e-05 
5.1201123101529689e-05 
5.1201123101529689e-05 
5.1201123101529689e-05 
5.1201123101529689e-05 
5.1201123101529689e-05 
5.1201123101529689e-05 
4.9789371454167508e-05 
4.9789371454167508e-05 
1.5958147395633837e-05 
1.5958147395633837e-05 
1.5958147395633837e-05 
1.5958147395633837e-05 
1.5958147395633837e-05 
1.0759371831481346e-05 
1.0759371831481346e-05 
1.0759371831481346e-05 
1.0759371831481346e-05 
1.0759371831481346e-05 
1.0759371831481346e-05 
1.0759371831481346e-05 
1.0759371831481346e-05 
1.0759371831481346e-05 
1.0759371831481346e-05 
1.0759371831481346e-05 
1.0759371831481346e-05 
1.0759371831481346e-05 
7.8420843594440015e-06 
7.8420843594440015e-06 
7.8420843594440015e-06 
7.8420843594440015e-06 
7.8420843594440015e-06 
7.8420843594440015e-06 
7.8420843594440015e-06 
4.4963102268091859e-06 
4.4963102268091859e-06 
4.4963102268091859e-06 
4.4963102268091859e-06 
4.4963102268091859e-06 
4.4963102268091859e-06 
4.4963102268091859e-06 
4.4963102268091859e-06 
4.4963102268091859e-06 
4.4963102268091859e-06 
4.4963102268091859e-06 
4.4963102268091859e-06 
4.4963102268091859e-06 
9.8314894780848761e-07 
9.8314894780848761e-07 
9.8314894780848761e-07 
7.6627617817681681e-07 
7.6627617817681681e-07 
7.6627617817681681e-07 
7.6627617817681681e-07 
7.6627617817681681e-07 
7.6627617817681681e-07 
7.6627617817681681e-07 
7.6627617817681681e-07 
7.6627617817681681e-07 
7.6627617817681681e-07 
7.6627617817681681e-07 
7.6627617817681681e-07 
7.6627617817681681e-07 
7.6627617817681681e-07 
7.6627617817681681e-07 
7.6627617817681681e-07 
7.6627617817681681e-07 
7.6627617817681681e-07 
7.6627617817681681e-07 
7.6627617817681681e-07 
7.6627617817681681e-07 
7.6627617817681681e-07 
6.3875654776612834e-07 
6.3875654776612834e-07 
6.3875654776612834e-07 
6.3875654776612834e-07 
6.3875654776612834e-07 
6.3875654776612834e-07 
6.3875654776612834e-07 
3.2164942487256099e-08 
3.2164942487256099e-08 
3.2164942487256099e-08 
3.2164942487256099e-08 
3.2164942487256099e-08 
3.2164942487256099e-08 
3.2164942487256099e-08 
2.4022014599722752e-08 
2.4022014599722752e-08 
2.4022014599722752e-08 
2.4022014599722752e-08 
2.4022014599722752e-08 
2.4022014599722752e-08 
2.4022014599722752e-08 
2.4022014599722752e-08 
2.4022014599722752e-08 
2.4022014599722752e-08 
2.4022014599722752e-08 
2.4022014599722752e-08 
2.4022014599722752e-08 
2.4022014599722752e-08 
2.4022014599722752e-08 
2.4022014599722752e-08 
2.4022014599722752e-08 
2.4022014599722752e-08 
2.4022014599722752e-08 
2.4022014599722752e-08 
2.4022014599722752e-08 
2.4022014599722752e-08 
2.4022014599722752e-08 
2.4022014599722752e-08 
2.4022014599722752e-08 
2.4022014599722752e-08 
2.4022014599722752e-08 
9.6566292739908022e-09 
9.6566292739908022e-09 
9.6566292739908022e-09 
9.6566292739908022e-09 
9.6566292739908022e-09 
9.6566292739908022e-09 
9.6566292739908022e-09 
3.9936232099080371e-09 
3.9936232099080371e-09 
3.9936232099080371e-09 
3.9936232099080371e-09 
3.9936232099080371e-09 
3.9936232099080371e-09 
3.9936232099080371e-09 
2.2820253464672646e-09 
2.2820253464672646e-09 
2.2820253464672646e-09 
2.2820253464672646e-09 
2.2820253464672646e-09 
2.2820253464672646e-09 
1.4584938812234327e-09 
1.4584938812234327e-09 
1.3450948133097995e-09 
1.3450948133097995e-09 
1.3450948133097995e-09 
1.3450948133097995e-09 
1.3450948133097995e-09 
1.8450307948114641e-10 
1.8450307948114641e-10 
2.8993030198876113e-11 
2.8993030198876113e-11 
2.8993030198876113e-11 
2.8993030198876113e-11 
2.8993030198876113e-11 
2.6288859977796619e-11 
2.6288859977796619e-11 
2.6288859977796619e-11 
2.6288859977796619e-11 
2.6288859977796619e-11 
2.6288859977796619e-11 
2.6288859977796619e-11 
5.1967319336654327e-12 
5.1967319336654327e-12 
5.1967319336654327e-12 
5.1967319336654327e-12 
5.1967319336654327e-12 
5.1967319336654327e-12 
5.1967319336654327e-12 
1.3855583347321954e-12 
1.3855583347321954e-12 
1.3855583347321954e-12 
1.3855583347321954e-12 
1.3855583347321954e-12 
1.3855583347321954e-12 
1.3855583347321954e-12 
1.2952972028301701e-12 
1.2952972028301701e-12 
1.2952972028301701e-12 
1.2952972028301701e-12 
1.2952972028301701e-12 
1.2952972028301701e-12 
1.2952972028301701e-12 
1.2952972028301701e-12 
1.2952972028301701e-12 
1.2952972028301701e-12 
1.2952972028301701e-12 
1.2952972028301701e-12 
1.2952972028301701e-12 
1.2952972028301701e-12 
1.2952972028301701e-12 
1.2952972028301701e-12 
1.2952972028301701e-12 
1.2952972028301701e-12 
1.2952972028301701e-12 
1.2952972028301701e-12 
1.2952972028301701e-12 
1.2952972028301701e-12 
1.2952972028301701e-12 
1.2952972028301701e-12 
1.2952972028301701e-12 
1.2952972028301701e-12 
1.2952972028301701e-12 
1.2952972028301701e-12 
1.2952972028301701e-12 
1.2952972028301701e-12 
1.2952972028301701e-12 
1.2952972028301701e-12 
1.2952972028301701e-12 
1.2952972028301701e-12 
1.7885692926711272e-13 
1.7885692926711272e-13 
1.7885692926711272e-13 
1.7885692926711272e-13 
1.7885692926711272e-13 
1.7885692926711272e-13 
1.7885692926711272e-13 
1.7885692926711272e-13 
1.7885692926711272e-13 
1.7885692926711272e-13 
1.7885692926711272e-13 
1.7885692926711272e-13 
1.7885692926711272e-13 
1.7885692926711272e-13 
1.7885692926711272e-13 
1.7885692926711272e-13 
1.7885692926711272e-13 
1.7885692926711272e-13 
1.7885692926711272e-13 
1.7885692926711272e-13 
1.7885692926711272e-13 
1.7885692926711272e-13 
1.7885692926711272e-13 
1.7885692926711272e-13 
1.7885692926711272e-13 
1.7885692926711272e-13 
1.7885692926711272e-13 
1.7885692926711272e-13 
1.7885692926711272e-13 
1.7885692926711272e-13 
1.7885692926711272e-13 
1.7885692926711272e-13 
1.7885692926711272e-13 
1.7885692926711272e-13 
1.7885692926711272e-13 
1.7885692926711272e-13 
1.7885692926711272e-13 
1.7885692926711272e-13 
1.7885692926711272e-13 
1.7885692926711272e-13 
1.7885692926711272e-13 
1.7885692926711272e-13 
1.7885692926711272e-13 
1.7885692926711272e-13 
1.7885692926711272e-13 
1.7885692926711272e-13 
1.7885692926711272e-13 
1.7885692926711272e-13 
1.7885692926711272e-13 
1.7885692926711272e-13 
1.7885692926711272e-13 
1.7885692926711272e-13 
1.7885692926711272e-13 
1.7885692926711272e-13 
1.7885692926711272e-13 
1.7885692926711272e-13 
1.7885692926711272e-13 
1.7885692926711272e-13 
1.7885692926711272e-13 
1.7885692926711272e-13 
1.7885692926711272e-13 
1.7885692926711272e-13 
1.7885692926711272e-13 
1.7885692926711272e-13 
1.7885692926711272e-13 
1.7885692926711272e-13 
1.7885692926711272e-13 
1.7885692926711272e-13 
1.7885692926711272e-13 
1.7885692926711272e-13 
1.7885692926711272e-13 
1.7885692926711272e-13 
1.7885692926711272e-13 
1.7885692926711272e-13 
1.7885692926711272e-13 
1.7885692926711272e-13 
1.7885692926711272e-13 
1.7885692926711272e-13 
1.7885692926711272e-13 
1.7885692926711272e-13 
1.7885692926711272e-13 
1.7885692926711272e-13 
1.7885692926711272e-13 
1.7885692926711272e-13 
1.7885692926711272e-13 
1.7885692926711272e-13 
1.7885692926711272e-13 
1.7885692926711272e-13 
1.7885692926711272e-13 
1.7885692926711272e-13 
1.7885692926711272e-13 
1.7885692926711272e-13 
1.7885692926711272e-13 
1.7885692926711272e-13 
1.7885692926711272e-13 
1.7885692926711272e-13 
1.7885692926711272e-13 
1.7885692926711272e-13 
1.7885692926711272e-13 
1.7885692926711272e-13 
1.7885692926711272e-13 
1.7885692926711272e-13 
1.7885692926711272e-13 
1.7885692926711272e-13 
1.7885692926711272e-13 
1.7885692926711272e-13 
1.7885692926711272e-13 
1.7885692926711272e-13 
1.7885692926711272e-13 
1.7885692926711272e-13 
1.7885692926711272e-13 
1.7885692926711272e-13 
1.7885692926711272e-13 
1.7885692926711272e-13 
1.7885692926711272e-13 
1.7885692926711272e-13 
1.7885692926711272e-13 
1.7885692926711272e-13 
1.7885692926711272e-13 
1.7885692926711272e-13 
1.7885692926711272e-13 
1.7885692926711272e-13 
1.7885692926711272e-13 
1.7885692926711272e-13 
1.7885692926711272e-13 
1.7885692926711272e-13 
1.7885692926711272e-13 
1.7885692926711272e-13 
1.7885692926711272e-13 
1.7885692926711272e-13 
1.7885692926711272e-13 
1.7885692926711272e-13 
1.7885692926711272e-13 
1.7885692926711272e-13 
1.7885692926711272e-13 
1.7885692926711272e-13 
1.7885692926711272e-13 
1.7885692926711272e-13 
1.7885692926711272e-13 
1.7885692926711272e-13 
1.7885692926711272e-13 
1.7885692926711272e-13 
1.7885692926711272e-13 
1.7885692926711272e-13 
1.7885692926711272e-13 
1.7885692926711272e-13 
1.7885692926711272e-13 
1.7885692926711272e-13 
1.7885692926711272e-13 
1.7885692926711272e-13 
1.7885692926711272e-13 
1.7885692926711272e-13 
1.7885692926711272e-13 
1.7885692926711272e-13 
1.7885692926711272e-13 
1.7885692926711272e-13 
1.7885692926711272e-13 
1.7885692926711272e-13 
1.7885692926711272e-13 
1.7885692926711272e-13 
1.7885692926711272e-13 
1.7885692926711272e-13 
1.7885692926711272e-13 
1.7885692926711272e-13 
1.7885692926711272e-13 
1.7885692926711272e-13 
1.7885692926711272e-13 
1.7885692926711272e-13 
1.7885692926711272e-13 
1.7885692926711272e-13 
1.7885692926711272e-13 
1.7885692926711272e-13 
1.7885692926711272e-13 
1.7885692926711272e-13 
1.7885692926711272e-13 
1.7885692926711272e-13 
1.7885692926711272e-13 
1.7885692926711272e-13 
1.7885692926711272e-13 
1.7885692926711272e-13 
1.7885692926711272e-13 
1.7885692926711272e-13 
1.7885692926711272e-13 
1.7885692926711272e-13 
1.7885692926711272e-13 
1.7885692926711272e-13 
1.7885692926711272e-13 
1.7885692926711272e-13 
1.7885692926711272e-13 
1.7885692926711272e-13 
1.7885692926711272e-13 
1.7885692926711272e-13 
1.7885692926711272e-13 
1.7885692926711272e-13 
1.7885692926711272e-13 
1.7885692926711272e-13 
1.7885692926711272e-13 
1.7885692926711272e-13 
1.7885692926711272e-13 
1.7885692926711272e-13 
1.7885692926711272e-13 
1.7885692926711272e-13 
1.7885692926711272e-13 
1.7885692926711272e-13 
1.7885692926711272e-13 
1.7885692926711272e-13 
1.7885692926711272e-13 
1.7885692926711272e-13 
1.7885692926711272e-13 
1.7885692926711272e-13 
1.7885692926711272e-13 
1.7885692926711272e-13 
1.7885692926711272e-13 
1.7885692926711272e-13 
1.7885692926711272e-13 
1.7885692926711272e-13 
1.7885692926711272e-13 
1.7885692926711272e-13 
1.7885692926711272e-13 
1.7885692926711272e-13 
1.7885692926711272e-13 
1.7885692926711272e-13 
1.7885692926711272e-13 
1.7885692926711272e-13 
1.7885692926711272e-13 
1.7885692926711272e-13 
1.7885692926711272e-13 
1.7885692926711272e-13 
1.7885692926711272e-13 
1.7885692926711272e-13 
1.7885692926711272e-13 
1.7885692926711272e-13 
1.7885692926711272e-13 
1.7885692926711272e-13 
1.7885692926711272e-13 
1.7885692926711272e-13 
1.7885692926711272e-13 
1.7885692926711272e-13 
1.7885692926711272e-13 
1.7885692926711272e-13 
1.7885692926711272e-13 
1.7885692926711272e-13 
1.7885692926711272e-13 
1.7885692926711272e-13 
1.7885692926711272e-13 
1.7885692926711272e-13 
1.7885692926711272e-13 
1.7885692926711272e-13 
1.7885692926711272e-13 
1.7885692926711272e-13 
1.7885692926711272e-13 
1.7885692926711272e-13 
1.7885692926711272e-13 
1.7885692926711272e-13 
1.7885692926711272e-13 
1.7885692926711272e-13 
1.7885692926711272e-13 
1.7885692926711272e-13 
1.7885692926711272e-13 
1.7885692926711272e-13 
1.7885692926711272e-13 
1.7885692926711272e-13 
1.7885692926711272e-13 
1.7885692926711272e-13 
1.7885692926711272e-13 
1.7885692926711272e-13 
1.7885692926711272e-13 
1.7885692926711272e-13 
1.7885692926711272e-13 
1.7885692926711272e-13 
1.7885692926711272e-13 
1.7885692926711272e-13 
1.7885692926711272e-13 
1.7885692926711272e-13 
1.7885692926711272e-13 
1.7885692926711272e-13 
1.7885692926711272e-13 
1.7885692926711272e-13 
1.7885692926711272e-13 
1.7885692926711272e-13 
1.7885692926711272e-13 
1.7885692926711272e-13 
1.7885692926711272e-13 
1.7885692926711272e-13 
1.7885692926711272e-13 
1.7885692926711272e-13 
1.7885692926711272e-13 
1.7885692926711272e-13 
1.7885692926711272e-13 
1.7885692926711272e-13 
1.7885692926711272e-13 
1.7885692926711272e-13 
1.7885692926711272e-13 
1.7885692926711272e-13 
1.7885692926711272e-13 
1.7885692926711272e-13 
1.7885692926711272e-13 
1.7885692926711272e-13 
1.7885692926711272e-13 
1.7885692926711272e-13 
1.7885692926711272e-13 
1.7885692926711272e-13 
1.7885692926711272e-13 
1.7885692926711272e-13 
1.7885692926711272e-13 
1.7885692926711272e-13 
1.7885692926711272e-13 
1.7885692926711272e-13 
1.7885692926711272e-13 
1.7885692926711272e-13 
1.7885692926711272e-13 
1.7885692926711272e-13 
1.7885692926711272e-13 
1.7885692926711272e-13 
1.7885692926711272e-13 
1.7885692926711272e-13 
1.7885692926711272e-13 
1.7885692926711272e-13 
1.7885692926711272e-13 
1.7885692926711272e-13 
1.7885692926711272e-13 
1.7885692926711272e-13 
1.7885692926711272e-13 
1.7885692926711272e-13 
1.7885692926711272e-13 
1.7885692926711272e-13 
1.7885692926711272e-13 
1.7885692926711272e-13 
1.7885692926711272e-13 
1.7885692926711272e-13 
1.7885692926711272e-13 
1.7885692926711272e-13 
1.7885692926711272e-13 
1.7885692926711272e-13 
1.7885692926711272e-13 
1.7885692926711272e-13 
1.7885692926711272e-13 
1.7885692926711272e-13 
1.7885692926711272e-13 
1.7885692926711272e-13 
1.7885692926711272e-13 
1.7885692926711272e-13 
1.7885692926711272e-13 
1.7885692926711272e-13 
1.7885692926711272e-13 
1.7885692926711272e-13 
1.7885692926711272e-13 
1.7885692926711272e-13 
1.7885692926711272e-13 
1.7885692926711272e-13 
1.7885692926711272e-13 
1.7885692926711272e-13 
1.7885692926711272e-13 
1.7885692926711272e-13 
1.7885692926711272e-13 
1.7885692926711272e-13 
1.7885692926711272e-13 
1.7885692926711272e-13 
1.7885692926711272e-13 
1.7885692926711272e-13 
1.7885692926711272e-13 
1.7885692926711272e-13 
1.7885692926711272e-13 
1.7885692926711272e-13 
1.7885692926711272e-13 
1.7885692926711272e-13 
1.7885692926711272e-13 
1.7885692926711272e-13 
1.7885692926711272e-13 
1.7885692926711272e-13 
1.7885692926711272e-13 
1.7885692926711272e-13 
1.7885692926711272e-13 
1.7885692926711272e-13 
1.7885692926711272e-13 
1.7885692926711272e-13 
1.7885692926711272e-13 
1.7885692926711272e-13 
1.7885692926711272e-13 
1.7885692926711272e-13 
1.7885692926711272e-13 
1.7885692926711272e-13 
1.7885692926711272e-13 
1.7885692926711272e-13 
1.7885692926711272e-13 
1.7885692926711272e-13 
1.7885692926711272e-13 
1.7885692926711272e-13 
1.7885692926711272e-13 
1.7885692926711272e-13 
1.7885692926711272e-13 
1.7885692926711272e-13 
1.7885692926711272e-13 
1.7885692926711272e-13 
1.7885692926711272e-13 
1.7885692926711272e-13 
1.7885692926711272e-13 
1.7885692926711272e-13 
1.7885692926711272e-13 
1.7885692926711272e-13 
1.7885692926711272e-13 
1.7885692926711272e-13 
1.7885692926711272e-13 
1.7885692926711272e-13 
1.7885692926711272e-13 
1.7885692926711272e-13 
1.7885692926711272e-13 
1.7885692926711272e-13 
1.7885692926711272e-13 
1.7885692926711272e-13 
1.7885692926711272e-13 
1.7885692926711272e-13 
1.7885692926711272e-13 
1.7885692926711272e-13 
1.7885692926711272e-13 
1.7885692926711272e-13 
1.7885692926711272e-13 
1.7885692926711272e-13 
1.7885692926711272e-13 
1.7885692926711272e-13 
1.7885692926711272e-13 
1.7885692926711272e-13 
1.7885692926711272e-13 
1.7885692926711272e-13 
1.7885692926711272e-13 
1.7885692926711272e-13 
1.7885692926711272e-13 
1.7885692926711272e-13 
1.7885692926711272e-13 
1.7885692926711272e-13 
1.7885692926711272e-13 
1.7885692926711272e-13 
1.7885692926711272e-13 
1.7885692926711272e-13 
1.7885692926711272e-13 
1.7885692926711272e-13 
1.7885692926711272e-13 
1.7885692926711272e-13 
1.7885692926711272e-13 
1.7885692926711272e-13 
1.7885692926711272e-13 
1.7885692926711272e-13 
1.7885692926711272e-13 
1.7885692926711272e-13 
1.7885692926711272e-13 
1.7885692926711272e-13 
1.7885692926711272e-13 
1.7885692926711272e-13 
1.7885692926711272e-13 
1.7885692926711272e-13 
1.7885692926711272e-13 
1.7885692926711272e-13 
1.7885692926711272e-13 
1.7885692926711272e-13 
1.7885692926711272e-13 
1.7885692926711272e-13 
1.7885692926711272e-13 
1.7885692926711272e-13 
1.7885692926711272e-13 
1.7885692926711272e-13 
1.7885692926711272e-13 
1.7885692926711272e-13 
1.7885692926711272e-13 
1.7885692926711272e-13 
1.7885692926711272e-13 
1.7885692926711272e-13 
1.7885692926711272e-13 
1.7885692926711272e-13 
1.7885692926711272e-13 
1.7885692926711272e-13 
1.7885692926711272e-13 
1.7885692926711272e-13 
1.7885692926711272e-13 
1.7885692926711272e-13 
1.7885692926711272e-13 
1.7885692926711272e-13 
1.7885692926711272e-13 
1.7885692926711272e-13 
1.7885692926711272e-13 
1.7885692926711272e-13 
1.7885692926711272e-13 
1.7885692926711272e-13 
1.7885692926711272e-13 
1.7885692926711272e-13 
1.7885692926711272e-13 
1.7885692926711272e-13 
1.7885692926711272e-13 
1.7885692926711272e-13 
1.7885692926711272e-13 
1.7885692926711272e-13 
1.7885692926711272e-13 
1.7885692926711272e-13 
1.7885692926711272e-13 
1.7885692926711272e-13 
1.7885692926711272e-13 
1.7885692926711272e-13 
1.7885692926711272e-13 
1.7885692926711272e-13 
1.7885692926711272e-13 
1.7885692926711272e-13 
1.7885692926711272e-13 
1.7885692926711272e-13 
1.7885692926711272e-13 
1.7885692926711272e-13 
1.7885692926711272e-13 
1.7885692926711272e-13 
1.7885692926711272e-13 
1.7885692926711272e-13 
1.7885692926711272e-13 
1.7885692926711272e-13 
1.7885692926711272e-13 
1.7885692926711272e-13 
1.7885692926711272e-13 
1.7885692926711272e-13 
1.7885692926711272e-13 
1.7885692926711272e-13 
1.7885692926711272e-13 
1.7885692926711272e-13 
1.7885692926711272e-13 
1.7885692926711272e-13 
1.7885692926711272e-13 
1.7885692926711272e-13 
1.7885692926711272e-13 
1.7885692926711272e-13 
1.7885692926711272e-13 
1.7885692926711272e-13 
1.7885692926711272e-13 
1.7885692926711272e-13 
1.7885692926711272e-13 
1.7885692926711272e-13 
1.7885692926711272e-13 
1.7885692926711272e-13 
1.7885692926711272e-13 
1.7885692926711272e-13 
1.7885692926711272e-13 
1.7885692926711272e-13 
1.7885692926711272e-13 
1.7885692926711272e-13 
1.7885692926711272e-13 
1.7885692926711272e-13 
1.7885692926711272e-13 
1.7885692926711272e-13 
1.7885692926711272e-13 
1.7885692926711272e-13 
1.7885692926711272e-13 
1.7885692926711272e-13 
1.7885692926711272e-13 
1.7885692926711272e-13 
1.7885692926711272e-13 
1.7885692926711272e-13 
1.7885692926711272e-13 
1.7885692926711272e-13 
1.7885692926711272e-13 
1.7885692926711272e-13 
1.7885692926711272e-13 
1.7885692926711272e-13 
1.7885692926711272e-13 
1.7885692926711272e-13 
1.7885692926711272e-13 
1.7885692926711272e-13 
1.7885692926711272e-13 
1.7885692926711272e-13 
1.7885692926711272e-13 
1.7885692926711272e-13 
1.7885692926711272e-13 
1.7885692926711272e-13 
1.7885692926711272e-13 
1.7885692926711272e-13 
1.7885692926711272e-13 
1.7885692926711272e-13 
1.7885692926711272e-13 
1.7885692926711272e-13 
1.7885692926711272e-13 
1.7885692926711272e-13 
1.7885692926711272e-13 
1.7885692926711272e-13 
1.7885692926711272e-13 
1.7885692926711272e-13 
1.7885692926711272e-13 
1.7885692926711272e-13 
1.7885692926711272e-13 
1.7885692926711272e-13 
1.7885692926711272e-13 
1.7885692926711272e-13 
1.7885692926711272e-13 
1.7885692926711272e-13 
1.7885692926711272e-13 
1.7885692926711272e-13 
1.7885692926711272e-13 
1.7885692926711272e-13 
1.7885692926711272e-13 
1.7885692926711272e-13 
1.7885692926711272e-13 
1.7885692926711272e-13 
1.7885692926711272e-13 
1.7885692926711272e-13 
1.7885692926711272e-13 
1.7885692926711272e-13 
1.7885692926711272e-13 
1.7885692926711272e-13 
1.7885692926711272e-13 
1.7885692926711272e-13 
1.7885692926711272e-13 
1.7885692926711272e-13 
1.7885692926711272e-13 
1.7885692926711272e-13 
1.7885692926711272e-13 
1.7885692926711272e-13 
1.7885692926711272e-13 
1.7885692926711272e-13 
1.7885692926711272e-13 
1.7885692926711272e-13 
1.7885692926711272e-13 
1.7885692926711272e-13 
1.7885692926711272e-13 
1.7885692926711272e-13 
1.7885692926711272e-13 
1.7885692926711272e-13 
1.7885692926711272e-13 
1.7885692926711272e-13 
1.7885692926711272e-13 
1.7885692926711272e-13 
1.7885692926711272e-13 
1.7885692926711272e-13 
1.7885692926711272e-13 
1.7885692926711272e-13 
1.7885692926711272e-13 
1.7885692926711272e-13 
1.7885692926711272e-13 
1.7885692926711272e-13 
1.7885692926711272e-13 
1.7885692926711272e-13 
1.7885692926711272e-13 
1.7885692926711272e-13 
1.7885692926711272e-13 
1.7885692926711272e-13 
1.7885692926711272e-13 
1.7885692926711272e-13 
1.7885692926711272e-13 
1.7885692926711272e-13 
1.7885692926711272e-13 
1.7885692926711272e-13 
1.7885692926711272e-13 
1.7885692926711272e-13 
1.7885692926711272e-13 
1.7885692926711272e-13 
1.7885692926711272e-13 
1.7885692926711272e-13 
1.7885692926711272e-13 
1.7885692926711272e-13 
1.7885692926711272e-13 
1.7885692926711272e-13 
1.7885692926711272e-13 
1.7885692926711272e-13 
1.7885692926711272e-13 
1.7885692926711272e-13 
1.7885692926711272e-13 
1.7885692926711272e-13 
1.7885692926711272e-13 
1.7885692926711272e-13 
1.7885692926711272e-13 
1.7885692926711272e-13 
1.7885692926711272e-13 
1.7885692926711272e-13 
1.7885692926711272e-13 
1.7885692926711272e-13 
1.7885692926711272e-13 
1.7885692926711272e-13 
1.7885692926711272e-13 
1.7885692926711272e-13 
1.7885692926711272e-13 
1.7885692926711272e-13 
1.7885692926711272e-13 
1.7885692926711272e-13 
1.7885692926711272e-13 
1.7885692926711272e-13 
1.7885692926711272e-13 
1.7885692926711272e-13 
1.7885692926711272e-13 
1.7885692926711272e-13 
1.7885692926711272e-13 
1.7885692926711272e-13 
1.7885692926711272e-13 
1.7885692926711272e-13 
1.7885692926711272e-13 
1.7885692926711272e-13 
1.7885692926711272e-13 
1.7885692926711272e-13 
1.7885692926711272e-13 
1.7885692926711272e-13 
1.7885692926711272e-13 
1.7885692926711272e-13 
1.7885692926711272e-13 
1.7885692926711272e-13 
1.7885692926711272e-13 
1.7885692926711272e-13 
1.7885692926711272e-13 
1.7885692926711272e-13 
1.7885692926711272e-13 
1.7885692926711272e-13 
1.7885692926711272e-13 
1.7885692926711272e-13 
1.7885692926711272e-13 
1.7885692926711272e-13 
1.7885692926711272e-13 
1.7885692926711272e-13 
1.7885692926711272e-13 
1.7885692926711272e-13 
1.7885692926711272e-13 
1.7885692926711272e-13 
1.7885692926711272e-13 
1.7885692926711272e-13 
1.7885692926711272e-13 
1.7885692926711272e-13 
1.7885692926711272e-13 
1.7885692926711272e-13 
1.7885692926711272e-13 
1.7885692926711272e-13 
1.7885692926711272e-13 
1.7885692926711272e-13 
1.7885692926711272e-13 
1.7885692926711272e-13 
1.7885692926711272e-13 
1.7885692926711272e-13 
1.7885692926711272e-13 
1.7885692926711272e-13 
1.7885692926711272e-13 
1.7885692926711272e-13 
1.7885692926711272e-13 
1.7885692926711272e-13 
1.7885692926711272e-13 
1.7885692926711272e-13 
1.7885692926711272e-13 
1.7885692926711272e-13 
1.7885692926711272e-13 
1.7885692926711272e-13 
1.7885692926711272e-13 
1.7885692926711272e-13 
1.7885692926711272e-13 
1.7885692926711272e-13 
1.7885692926711272e-13 
1.7885692926711272e-13 
1.7885692926711272e-13 
1.7885692926711272e-13 
1.7885692926711272e-13 
1.7885692926711272e-13 
1.7885692926711272e-13 
1.7885692926711272e-13 
1.7885692926711272e-13 
1.7885692926711272e-13 
1.7885692926711272e-13 
1.7885692926711272e-13 
1.7885692926711272e-13 
1.7885692926711272e-13 
1.7885692926711272e-13 
1.7885692926711272e-13 
1.7885692926711272e-13 
1.7885692926711272e-13 
