0.35876840064112436 
0.339583135968479 
0.3226466572893163 
0.30797895693441424 
0.29559732107195646 
0.28551630814487627 
0.27774773075604087 
0.27230064102382168 
0.26918131942619128 
0.26839326714709399 
0.26352666843958206 
0.24129409961763004 
0.22155555618446121 
0.20435176532568877 
0.18971746884920027 
0.17768133628619842 
0.1682658932027159 
0.16148746490118027 
0.15735613565306206 
0.14591891788396649 
0.12327405922414869 
0.10317573860807427 
0.085649465653845791 
0.07071646768316342 
0.058082555182239815 
0.046832884660028329 
0.038161166102702482 
0.030870283787967856 
0.022866539785131978 
0.017488802768114375 
0.014752311659160466 
0.012402454391447937 
0.0058854317214570573 
0.0020151777643625524 
0.00079761690846724687 
0.00079761690846724687 
4.9101799913908728e-05 
4.9101799913908728e-05 
4.9101799913908728e-05 
4.9101799913908728e-05 
4.9101799913908728e-05 
4.9101799913908728e-05 
4.9101799913908728e-05 
4.9101799913908728e-05 
4.9101799913908728e-05 
1.5340728914625679e-05 
9.839117771859307e-06 
4.9877159864486487e-06 
4.9877159864486487e-06 
4.9877159864486487e-06 
4.9877159864486487e-06 
4.9877159864486487e-06 
4.9877159864486487e-06 
4.9877159864486487e-06 
4.9877159864486487e-06 
4.9877159864486487e-06 
4.9215364797960959e-06 
1.4122692552076543e-06 
1.4122692552076543e-06 
1.4122692552076543e-06 
1.1213094730511131e-06 
1.1213094730511131e-06 
1.1213094730511131e-06 
1.1213094730511131e-06 
6.1846865062609169e-07 
6.1846865062609169e-07 
6.1846865062609169e-07 
6.1846865062609169e-07 
6.1846865062609169e-07 
6.1846865062609169e-07 
6.1846865062609169e-07 
6.1846865062609169e-07 
6.1846865062609169e-07 
6.1846865062609169e-07 
6.1846865062609169e-07 
6.1846865062609169e-07 
6.1846865062609169e-07 
6.1846865062609169e-07 
6.1846865062609169e-07 
6.1846865062609169e-07 
3.6052199448022293e-08 
3.6052199448022293e-08 
3.6052199448022293e-08 
3.6052199448022293e-08 
3.6052199448022293e-08 
3.6052199448022293e-08 
3.6052199448022293e-08 
3.6052199448022293e-08 
3.6052199448022293e-08 
3.6052199448022293e-08 
3.6052199448022293e-08 
3.6052199448022293e-08 
3.6052199448022293e-08 
3.6052199448022293e-08 
3.6052199448022293e-08 
3.6052199448022293e-08 
3.6052199448022293e-08 
3.6052199448022293e-08 
3.6052199448022293e-08 
3.6052199448022293e-08 
3.6052199448022293e-08 
3.6052199448022293e-08 
3.6052199448022293e-08 
3.6052199448022293e-08 
3.6052199448022293e-08 
3.6052199448022293e-08 
3.6052199448022293e-08 
3.6052199448022293e-08 
3.6052199448022293e-08 
3.6052199448022293e-08 
3.6052199448022293e-08 
4.4811840904657174e-09 
4.4811840904657174e-09 
4.4811840904657174e-09 
4.4811840904657174e-09 
4.4811840904657174e-09 
4.4811840904657174e-09 
4.4811840904657174e-09 
4.4811840904657174e-09 
4.4811840904657174e-09 
4.4811840904657174e-09 
4.4811840904657174e-09 
4.4811840904657174e-09 
4.4811840904657174e-09 
4.4811840904657174e-09 
4.4811840904657174e-09 
4.4811840904657174e-09 
4.4811840904657174e-09 
4.4811840904657174e-09 
4.4811840904657174e-09 
4.4811840904657174e-09 
4.4811840904657174e-09 
4.4811840904657174e-09 
4.4811840904657174e-09 
4.4811840904657174e-09 
4.4811840904657174e-09 
4.4811840904657174e-09 
4.4811840904657174e-09 
4.4811840904657174e-09 
4.4811840904657174e-09 
4.4811840904657174e-09 
4.4811840904657174e-09 
4.4811840904657174e-09 
4.4811840904657174e-09 
4.4811840904657174e-09 
4.4811840904657174e-09 
4.4811840904657174e-09 
4.4811840904657174e-09 
4.4811840904657174e-09 
4.4811840904657174e-09 
4.4811840904657174e-09 
4.4811840904657174e-09 
4.4811840904657174e-09 
4.4811840904657174e-09 
4.4811840904657174e-09 
4.4811840904657174e-09 
4.4811840904657174e-09 
4.4811840904657174e-09 
4.4811840904657174e-09 
4.4811840904657174e-09 
4.4811840904657174e-09 
4.4811840904657174e-09 
4.4811840904657174e-09 
4.4811840904657174e-09 
4.4811840904657174e-09 
4.4811840904657174e-09 
4.4811840904657174e-09 
4.4811840904657174e-09 
4.4811840904657174e-09 
4.4811840904657174e-09 
4.4811840904657174e-09 
4.4811840904657174e-09 
4.4811840904657174e-09 
4.4811840904657174e-09 
4.4811840904657174e-09 
4.4811840904657174e-09 
4.4811840904657174e-09 
4.4811840904657174e-09 
4.4811840904657174e-09 
4.4811840904657174e-09 
4.4811840904657174e-09 
4.4811840904657174e-09 
4.4811840904657174e-09 
4.4811840904657174e-09 
4.4811840904657174e-09 
4.4811840904657174e-09 
4.4811840904657174e-09 
4.4811840904657174e-09 
4.4811840904657174e-09 
4.4811840904657174e-09 
4.4811840904657174e-09 
4.4811840904657174e-09 
4.4811840904657174e-09 
4.4811840904657174e-09 
4.4811840904657174e-09 
4.4811840904657174e-09 
4.4811840904657174e-09 
4.4811840904657174e-09 
4.4811840904657174e-09 
4.4811840904657174e-09 
4.4811840904657174e-09 
4.4811840904657174e-09 
4.4811840904657174e-09 
4.4811840904657174e-09 
4.4811840904657174e-09 
4.4811840904657174e-09 
4.4811840904657174e-09 
4.4811840904657174e-09 
4.4811840904657174e-09 
4.4811840904657174e-09 
4.4811840904657174e-09 
4.4811840904657174e-09 
4.4811840904657174e-09 
4.4811840904657174e-09 
4.4811840904657174e-09 
4.4811840904657174e-09 
4.4811840904657174e-09 
4.4811840904657174e-09 
4.4811840904657174e-09 
4.4811840904657174e-09 
4.4811840904657174e-09 
4.4811840904657174e-09 
4.4811840904657174e-09 
4.4811840904657174e-09 
4.4811840904657174e-09 
4.4811840904657174e-09 
4.4811840904657174e-09 
4.4811840904657174e-09 
4.4811840904657174e-09 
4.4811840904657174e-09 
4.4811840904657174e-09 
4.4811840904657174e-09 
4.4811840904657174e-09 
4.4811840904657174e-09 
4.4811840904657174e-09 
4.4811840904657174e-09 
4.4811840904657174e-09 
4.4811840904657174e-09 
4.4811840904657174e-09 
4.4811840904657174e-09 
4.4811840904657174e-09 
4.4811840904657174e-09 
4.4811840904657174e-09 
4.4811840904657174e-09 
4.4811840904657174e-09 
4.4811840904657174e-09 
4.4811840904657174e-09 
4.4811840904657174e-09 
4.4811840904657174e-09 
4.4811840904657174e-09 
4.4811840904657174e-09 
4.4811840904657174e-09 
4.4811840904657174e-09 
4.4811840904657174e-09 
4.4811840904657174e-09 
4.4811840904657174e-09 
4.4811840904657174e-09 
4.4811840904657174e-09 
4.4811840904657174e-09 
4.4811840904657174e-09 
4.4811840904657174e-09 
4.4811840904657174e-09 
4.4811840904657174e-09 
4.4811840904657174e-09 
4.4811840904657174e-09 
4.4811840904657174e-09 
4.4811840904657174e-09 
4.4811840904657174e-09 
4.4811840904657174e-09 
4.4811840904657174e-09 
4.4811840904657174e-09 
4.4811840904657174e-09 
4.4811840904657174e-09 
4.4811840904657174e-09 
4.4811840904657174e-09 
4.4811840904657174e-09 
4.4811840904657174e-09 
4.4811840904657174e-09 
4.4811840904657174e-09 
4.4811840904657174e-09 
4.4811840904657174e-09 
4.4811840904657174e-09 
4.4811840904657174e-09 
4.4811840904657174e-09 
4.4811840904657174e-09 
4.4811840904657174e-09 
4.4811840904657174e-09 
4.4811840904657174e-09 
4.4811840904657174e-09 
4.4811840904657174e-09 
4.4811840904657174e-09 
4.4811840904657174e-09 
4.4811840904657174e-09 
4.4811840904657174e-09 
4.4811840904657174e-09 
4.4811840904657174e-09 
4.4811840904657174e-09 
4.4811840904657174e-09 
4.4811840904657174e-09 
4.4811840904657174e-09 
4.4811840904657174e-09 
4.4811840904657174e-09 
4.4811840904657174e-09 
4.4811840904657174e-09 
4.4811840904657174e-09 
4.4811840904657174e-09 
4.4811840904657174e-09 
4.4811840904657174e-09 
4.4811840904657174e-09 
4.4811840904657174e-09 
4.4811840904657174e-09 
4.4811840904657174e-09 
4.4811840904657174e-09 
4.4811840904657174e-09 
4.4811840904657174e-09 
4.4811840904657174e-09 
4.4811840904657174e-09 
4.4811840904657174e-09 
4.4811840904657174e-09 
4.4811840904657174e-09 
4.4811840904657174e-09 
4.4811840904657174e-09 
4.4811840904657174e-09 
4.4811840904657174e-09 
4.4811840904657174e-09 
4.4811840904657174e-09 
4.4811840904657174e-09 
4.4811840904657174e-09 
4.4811840904657174e-09 
4.4811840904657174e-09 
4.4811840904657174e-09 
4.4811840904657174e-09 
4.4811840904657174e-09 
4.4811840904657174e-09 
4.4811840904657174e-09 
4.4811840904657174e-09 
4.4811840904657174e-09 
4.4811840904657174e-09 
4.4811840904657174e-09 
4.4811840904657174e-09 
4.4811840904657174e-09 
4.4811840904657174e-09 
4.4811840904657174e-09 
4.4811840904657174e-09 
4.4811840904657174e-09 
4.4811840904657174e-09 
4.4811840904657174e-09 
4.4811840904657174e-09 
4.4811840904657174e-09 
4.4811840904657174e-09 
4.4811840904657174e-09 
4.4811840904657174e-09 
4.4811840904657174e-09 
4.4811840904657174e-09 
4.4811840904657174e-09 
4.4811840904657174e-09 
4.4811840904657174e-09 
4.4811840904657174e-09 
4.4811840904657174e-09 
4.4811840904657174e-09 
4.4811840904657174e-09 
4.4811840904657174e-09 
4.4811840904657174e-09 
4.4811840904657174e-09 
4.4811840904657174e-09 
4.4811840904657174e-09 
4.4811840904657174e-09 
4.4811840904657174e-09 
4.4811840904657174e-09 
4.4811840904657174e-09 
4.4811840904657174e-09 
4.4811840904657174e-09 
4.4811840904657174e-09 
4.4811840904657174e-09 
4.4811840904657174e-09 
4.4811840904657174e-09 
4.4811840904657174e-09 
4.4811840904657174e-09 
4.4811840904657174e-09 
4.4811840904657174e-09 
4.4811840904657174e-09 
4.4811840904657174e-09 
4.4811840904657174e-09 
4.4811840904657174e-09 
4.4811840904657174e-09 
4.4811840904657174e-09 
4.4811840904657174e-09 
4.4811840904657174e-09 
4.4811840904657174e-09 
4.4811840904657174e-09 
4.4811840904657174e-09 
4.4811840904657174e-09 
4.4811840904657174e-09 
4.4811840904657174e-09 
4.4811840904657174e-09 
4.4811840904657174e-09 
4.4811840904657174e-09 
4.4811840904657174e-09 
4.4811840904657174e-09 
4.4811840904657174e-09 
4.4811840904657174e-09 
4.4811840904657174e-09 
4.4811840904657174e-09 
4.4811840904657174e-09 
4.4811840904657174e-09 
4.4811840904657174e-09 
4.4811840904657174e-09 
4.4811840904657174e-09 
4.4811840904657174e-09 
4.4811840904657174e-09 
4.4811840904657174e-09 
4.4811840904657174e-09 
4.4811840904657174e-09 
4.4811840904657174e-09 
4.4811840904657174e-09 
4.4811840904657174e-09 
4.4811840904657174e-09 
4.4811840904657174e-09 
4.4811840904657174e-09 
4.4811840904657174e-09 
4.4811840904657174e-09 
4.4811840904657174e-09 
4.4811840904657174e-09 
4.4811840904657174e-09 
4.4811840904657174e-09 
4.4811840904657174e-09 
4.4811840904657174e-09 
4.4811840904657174e-09 
4.4811840904657174e-09 
4.4811840904657174e-09 
4.4811840904657174e-09 
4.4811840904657174e-09 
4.4811840904657174e-09 
4.4811840904657174e-09 
4.4811840904657174e-09 
4.4811840904657174e-09 
4.4811840904657174e-09 
4.4811840904657174e-09 
4.4811840904657174e-09 
4.4811840904657174e-09 
4.4811840904657174e-09 
4.4811840904657174e-09 
4.4811840904657174e-09 
4.4811840904657174e-09 
4.4811840904657174e-09 
4.4811840904657174e-09 
4.4811840904657174e-09 
4.4811840904657174e-09 
4.4811840904657174e-09 
4.4811840904657174e-09 
4.4811840904657174e-09 
4.4811840904657174e-09 
4.4811840904657174e-09 
4.4811840904657174e-09 
4.4811840904657174e-09 
4.4811840904657174e-09 
4.4811840904657174e-09 
4.4811840904657174e-09 
4.4811840904657174e-09 
4.4811840904657174e-09 
4.4811840904657174e-09 
4.4811840904657174e-09 
4.4811840904657174e-09 
4.4811840904657174e-09 
4.4811840904657174e-09 
4.4811840904657174e-09 
4.4811840904657174e-09 
4.4811840904657174e-09 
4.4811840904657174e-09 
4.4811840904657174e-09 
4.4811840904657174e-09 
4.4811840904657174e-09 
4.4811840904657174e-09 
4.4811840904657174e-09 
4.4811840904657174e-09 
4.4811840904657174e-09 
4.4811840904657174e-09 
4.4811840904657174e-09 
4.4811840904657174e-09 
4.4811840904657174e-09 
4.4811840904657174e-09 
4.4811840904657174e-09 
4.4811840904657174e-09 
4.4811840904657174e-09 
4.4811840904657174e-09 
4.4811840904657174e-09 
4.4811840904657174e-09 
4.4811840904657174e-09 
4.4811840904657174e-09 
4.4811840904657174e-09 
4.4811840904657174e-09 
4.4811840904657174e-09 
4.4811840904657174e-09 
4.4811840904657174e-09 
4.4811840904657174e-09 
4.4811840904657174e-09 
4.4811840904657174e-09 
4.4811840904657174e-09 
4.4811840904657174e-09 
4.4811840904657174e-09 
4.4811840904657174e-09 
4.4811840904657174e-09 
4.4811840904657174e-09 
4.4811840904657174e-09 
4.4811840904657174e-09 
4.4811840904657174e-09 
4.4811840904657174e-09 
4.4811840904657174e-09 
4.4811840904657174e-09 
4.4811840904657174e-09 
4.4811840904657174e-09 
4.4811840904657174e-09 
4.4811840904657174e-09 
4.4811840904657174e-09 
4.4811840904657174e-09 
4.4811840904657174e-09 
4.4811840904657174e-09 
4.4811840904657174e-09 
4.4811840904657174e-09 
4.4811840904657174e-09 
4.4811840904657174e-09 
4.4811840904657174e-09 
4.4811840904657174e-09 
4.4811840904657174e-09 
4.4811840904657174e-09 
4.4811840904657174e-09 
4.4811840904657174e-09 
4.4811840904657174e-09 
4.4811840904657174e-09 
4.4811840904657174e-09 
4.4811840904657174e-09 
4.4811840904657174e-09 
4.4811840904657174e-09 
4.4811840904657174e-09 
4.4811840904657174e-09 
4.4811840904657174e-09 
4.4811840904657174e-09 
4.4811840904657174e-09 
4.4811840904657174e-09 
4.4811840904657174e-09 
4.4811840904657174e-09 
4.4811840904657174e-09 
4.4811840904657174e-09 
4.4811840904657174e-09 
4.4811840904657174e-09 
4.4811840904657174e-09 
4.4811840904657174e-09 
4.4811840904657174e-09 
4.4811840904657174e-09 
4.4811840904657174e-09 
4.4811840904657174e-09 
4.4811840904657174e-09 
4.4811840904657174e-09 
4.4811840904657174e-09 
4.4811840904657174e-09 
4.4811840904657174e-09 
4.4811840904657174e-09 
4.4811840904657174e-09 
4.4811840904657174e-09 
4.4811840904657174e-09 
4.4811840904657174e-09 
4.4811840904657174e-09 
4.4811840904657174e-09 
4.4811840904657174e-09 
4.4811840904657174e-09 
4.4811840904657174e-09 
4.4811840904657174e-09 
4.4811840904657174e-09 
4.4811840904657174e-09 
4.4811840904657174e-09 
4.4811840904657174e-09 
4.4811840904657174e-09 
4.4811840904657174e-09 
4.4811840904657174e-09 
4.4811840904657174e-09 
4.4811840904657174e-09 
4.4811840904657174e-09 
4.4811840904657174e-09 
4.4811840904657174e-09 
4.4811840904657174e-09 
4.4811840904657174e-09 
4.4811840904657174e-09 
4.4811840904657174e-09 
4.4811840904657174e-09 
4.4811840904657174e-09 
4.4811840904657174e-09 
4.4811840904657174e-09 
4.4811840904657174e-09 
4.4811840904657174e-09 
4.4811840904657174e-09 
4.4811840904657174e-09 
4.4811840904657174e-09 
4.4811840904657174e-09 
4.4811840904657174e-09 
4.4811840904657174e-09 
4.4811840904657174e-09 
4.4811840904657174e-09 
4.4811840904657174e-09 
4.4811840904657174e-09 
4.4811840904657174e-09 
4.4811840904657174e-09 
4.4811840904657174e-09 
4.4811840904657174e-09 
4.4811840904657174e-09 
4.4811840904657174e-09 
4.4811840904657174e-09 
4.4811840904657174e-09 
4.4811840904657174e-09 
4.4811840904657174e-09 
4.4811840904657174e-09 
4.4811840904657174e-09 
4.4811840904657174e-09 
4.4811840904657174e-09 
4.4811840904657174e-09 
4.4811840904657174e-09 
4.4811840904657174e-09 
4.4811840904657174e-09 
4.4811840904657174e-09 
4.4811840904657174e-09 
4.4811840904657174e-09 
4.4811840904657174e-09 
4.4811840904657174e-09 
4.4811840904657174e-09 
4.4811840904657174e-09 
4.4811840904657174e-09 
4.4811840904657174e-09 
4.4811840904657174e-09 
4.4811840904657174e-09 
4.4811840904657174e-09 
4.4811840904657174e-09 
4.4811840904657174e-09 
4.4811840904657174e-09 
4.4811840904657174e-09 
4.4811840904657174e-09 
4.4811840904657174e-09 
4.4811840904657174e-09 
4.4811840904657174e-09 
4.4811840904657174e-09 
4.4811840904657174e-09 
4.4811840904657174e-09 
4.4811840904657174e-09 
4.4811840904657174e-09 
4.4811840904657174e-09 
4.4811840904657174e-09 
4.4811840904657174e-09 
4.4811840904657174e-09 
4.4811840904657174e-09 
4.4811840904657174e-09 
4.4811840904657174e-09 
4.4811840904657174e-09 
4.4811840904657174e-09 
4.4811840904657174e-09 
4.4811840904657174e-09 
4.4811840904657174e-09 
4.4811840904657174e-09 
4.4811840904657174e-09 
4.4811840904657174e-09 
4.4811840904657174e-09 
4.4811840904657174e-09 
4.4811840904657174e-09 
4.4811840904657174e-09 
4.4811840904657174e-09 
4.4811840904657174e-09 
4.4811840904657174e-09 
4.4811840904657174e-09 
4.4811840904657174e-09 
4.4811840904657174e-09 
4.4811840904657174e-09 
4.4811840904657174e-09 
4.4811840904657174e-09 
4.4811840904657174e-09 
4.4811840904657174e-09 
4.4811840904657174e-09 
4.4811840904657174e-09 
4.4811840904657174e-09 
4.4811840904657174e-09 
4.4811840904657174e-09 
4.4811840904657174e-09 
4.4811840904657174e-09 
4.4811840904657174e-09 
4.4811840904657174e-09 
4.4811840904657174e-09 
4.4811840904657174e-09 
4.4811840904657174e-09 
4.4811840904657174e-09 
4.4811840904657174e-09 
4.4811840904657174e-09 
4.4811840904657174e-09 
4.4811840904657174e-09 
4.4811840904657174e-09 
4.4811840904657174e-09 
4.4811840904657174e-09 
4.4811840904657174e-09 
4.4811840904657174e-09 
4.4811840904657174e-09 
4.4811840904657174e-09 
4.4811840904657174e-09 
4.4811840904657174e-09 
4.4811840904657174e-09 
4.4811840904657174e-09 
4.4811840904657174e-09 
4.4811840904657174e-09 
4.4811840904657174e-09 
4.4811840904657174e-09 
4.4811840904657174e-09 
4.4811840904657174e-09 
4.4811840904657174e-09 
4.4811840904657174e-09 
4.4811840904657174e-09 
4.4811840904657174e-09 
4.4811840904657174e-09 
4.4811840904657174e-09 
4.4811840904657174e-09 
4.4811840904657174e-09 
4.4811840904657174e-09 
4.4811840904657174e-09 
4.4811840904657174e-09 
4.4811840904657174e-09 
4.4811840904657174e-09 
4.4811840904657174e-09 
4.4811840904657174e-09 
4.4811840904657174e-09 
4.4811840904657174e-09 
4.4811840904657174e-09 
4.4811840904657174e-09 
4.4811840904657174e-09 
4.4811840904657174e-09 
4.4811840904657174e-09 
4.4811840904657174e-09 
4.4811840904657174e-09 
4.4811840904657174e-09 
4.4811840904657174e-09 
4.4811840904657174e-09 
4.4811840904657174e-09 
4.4811840904657174e-09 
4.4811840904657174e-09 
4.4811840904657174e-09 
4.4811840904657174e-09 
4.4811840904657174e-09 
4.4811840904657174e-09 
4.4811840904657174e-09 
4.4811840904657174e-09 
4.4811840904657174e-09 
4.4811840904657174e-09 
4.4811840904657174e-09 
4.4811840904657174e-09 
4.4811840904657174e-09 
4.4811840904657174e-09 
4.4811840904657174e-09 
4.4811840904657174e-09 
4.4811840904657174e-09 
4.4811840904657174e-09 
4.4811840904657174e-09 
4.4811840904657174e-09 
4.4811840904657174e-09 
4.4811840904657174e-09 
4.4811840904657174e-09 
4.4811840904657174e-09 
4.4811840904657174e-09 
4.4811840904657174e-09 
4.4811840904657174e-09 
4.4811840904657174e-09 
4.4811840904657174e-09 
4.4811840904657174e-09 
4.4811840904657174e-09 
4.4811840904657174e-09 
4.4811840904657174e-09 
4.4811840904657174e-09 
4.4811840904657174e-09 
4.4811840904657174e-09 
4.4811840904657174e-09 
4.4811840904657174e-09 
4.4811840904657174e-09 
4.4811840904657174e-09 
4.4811840904657174e-09 
4.4811840904657174e-09 
4.4811840904657174e-09 
4.4811840904657174e-09 
4.4811840904657174e-09 
4.4811840904657174e-09 
4.4811840904657174e-09 
4.4811840904657174e-09 
4.4811840904657174e-09 
4.4811840904657174e-09 
4.4811840904657174e-09 
4.4811840904657174e-09 
4.4811840904657174e-09 
4.4811840904657174e-09 
4.4811840904657174e-09 
4.4811840904657174e-09 
4.4811840904657174e-09 
4.4811840904657174e-09 
4.4811840904657174e-09 
4.4811840904657174e-09 
4.4811840904657174e-09 
4.4811840904657174e-09 
4.4811840904657174e-09 
4.4811840904657174e-09 
4.4811840904657174e-09 
4.4811840904657174e-09 
4.4811840904657174e-09 
4.4811840904657174e-09 
4.4811840904657174e-09 
4.4811840904657174e-09 
4.4811840904657174e-09 
4.4811840904657174e-09 
4.4811840904657174e-09 
4.4811840904657174e-09 
4.4811840904657174e-09 
4.4811840904657174e-09 
4.4811840904657174e-09 
4.4811840904657174e-09 
4.4811840904657174e-09 
4.4811840904657174e-09 
4.4811840904657174e-09 
4.4811840904657174e-09 
4.4811840904657174e-09 
4.4811840904657174e-09 
4.4811840904657174e-09 
4.4811840904657174e-09 
4.4811840904657174e-09 
4.4811840904657174e-09 
4.4811840904657174e-09 
4.4811840904657174e-09 
4.4811840904657174e-09 
4.4811840904657174e-09 
4.4811840904657174e-09 
4.4811840904657174e-09 
4.4811840904657174e-09 
2.3287876071975688e-09 
2.3287876071975688e-09 
2.155251865865182e-09 
2.155251865865182e-09 
2.155251865865182e-09 
2.155251865865182e-09 
2.155251865865182e-09 
2.155251865865182e-09 
2.155251865865182e-09 
2.155251865865182e-09 
2.155251865865182e-09 
2.155251865865182e-09 
2.155251865865182e-09 
2.155251865865182e-09 
2.155251865865182e-09 
2.155251865865182e-09 
2.155251865865182e-09 
2.155251865865182e-09 
2.155251865865182e-09 
2.155251865865182e-09 
2.155251865865182e-09 
2.155251865865182e-09 
2.155251865865182e-09 
2.155251865865182e-09 
2.155251865865182e-09 
2.155251865865182e-09 
2.155251865865182e-09 
2.155251865865182e-09 
2.155251865865182e-09 
2.155251865865182e-09 
2.155251865865182e-09 
2.155251865865182e-09 
2.155251865865182e-09 
2.155251865865182e-09 
2.155251865865182e-09 
2.155251865865182e-09 
2.155251865865182e-09 
2.155251865865182e-09 
2.155251865865182e-09 
2.155251865865182e-09 
2.155251865865182e-09 
2.155251865865182e-09 
2.155251865865182e-09 
2.155251865865182e-09 
2.155251865865182e-09 
2.155251865865182e-09 
2.155251865865182e-09 
2.155251865865182e-09 
2.155251865865182e-09 
2.155251865865182e-09 
2.155251865865182e-09 
2.155251865865182e-09 
2.155251865865182e-09 
2.155251865865182e-09 
2.155251865865182e-09 
2.155251865865182e-09 
2.155251865865182e-09 
2.155251865865182e-09 
2.155251865865182e-09 
2.155251865865182e-09 
2.155251865865182e-09 
2.155251865865182e-09 
2.155251865865182e-09 
2.155251865865182e-09 
2.155251865865182e-09 
2.155251865865182e-09 
2.155251865865182e-09 
2.155251865865182e-09 
2.155251865865182e-09 
2.155251865865182e-09 
2.155251865865182e-09 
2.155251865865182e-09 
2.155251865865182e-09 
2.155251865865182e-09 
2.155251865865182e-09 
2.155251865865182e-09 
2.155251865865182e-09 
2.155251865865182e-09 
2.155251865865182e-09 
2.155251865865182e-09 
2.155251865865182e-09 
2.155251865865182e-09 
2.155251865865182e-09 
2.155251865865182e-09 
2.155251865865182e-09 
2.155251865865182e-09 
2.155251865865182e-09 
2.155251865865182e-09 
2.155251865865182e-09 
2.155251865865182e-09 
2.155251865865182e-09 
2.155251865865182e-09 
2.155251865865182e-09 
2.155251865865182e-09 
2.155251865865182e-09 
2.155251865865182e-09 
2.155251865865182e-09 
2.155251865865182e-09 
2.155251865865182e-09 
2.155251865865182e-09 
2.155251865865182e-09 
2.155251865865182e-09 
2.155251865865182e-09 
2.155251865865182e-09 
2.155251865865182e-09 
2.155251865865182e-09 
2.155251865865182e-09 
2.155251865865182e-09 
2.155251865865182e-09 
2.155251865865182e-09 
2.155251865865182e-09 
2.155251865865182e-09 
2.155251865865182e-09 
2.155251865865182e-09 
2.155251865865182e-09 
2.155251865865182e-09 
2.155251865865182e-09 
2.155251865865182e-09 
2.155251865865182e-09 
2.155251865865182e-09 
2.155251865865182e-09 
2.155251865865182e-09 
2.155251865865182e-09 
2.155251865865182e-09 
2.155251865865182e-09 
2.155251865865182e-09 
2.155251865865182e-09 
2.155251865865182e-09 
2.155251865865182e-09 
2.155251865865182e-09 
2.155251865865182e-09 
2.155251865865182e-09 
2.155251865865182e-09 
2.155251865865182e-09 
1.5968517619313616e-09 
1.5968517619313616e-09 
1.5968517619313616e-09 
1.5968517619313616e-09 
1.5968517619313616e-09 
1.5968517619313616e-09 
1.5968517619313616e-09 
1.5968517619313616e-09 
1.5968517619313616e-09 
1.5968517619313616e-09 
1.5968517619313616e-09 
1.5968517619313616e-09 
1.5968517619313616e-09 
1.5968517619313616e-09 
1.5968517619313616e-09 
1.5968517619313616e-09 
1.5968517619313616e-09 
1.5968517619313616e-09 
1.5968517619313616e-09 
1.5968517619313616e-09 
1.5968517619313616e-09 
1.5968517619313616e-09 
1.5968517619313616e-09 
1.5968517619313616e-09 
1.5968517619313616e-09 
1.5968517619313616e-09 
1.5968517619313616e-09 
1.5968517619313616e-09 
1.5968517619313616e-09 
1.5968517619313616e-09 
1.5968517619313616e-09 
1.5968517619313616e-09 
1.5968517619313616e-09 
1.5968517619313616e-09 
1.5968517619313616e-09 
1.5968517619313616e-09 
1.5968517619313616e-09 
