0.14952170655233354 
0.14952011980316471 
0.14951853297289452 
0.11454118309415273 
0.072073732506298227 
0.052312977939472427 
0.028225285674514766 
0.018719857338692414 
0.01426520763741923 
0.0069001909762959057 
0.0048010473306278056 
0.0034751009358653384 
0.0019395943403810456 
0.0012228535081009184 
0.00097147217276649656 
0.00046436282347872559 
0.00030919536074303089 
0.0002252187090604485 
0.00014305770631994896 
7.5202285913511524e-05 
5.9508562760490769e-05 
3.779132519798889e-05 
1.8133111731710727e-05 
1.6161170203643493e-05 
8.7728549136301126e-06 
4.9393540924036472e-06 
4.5495697392761159e-06 
2.2646778869983564e-06 
1.1047013457332611e-06 
1.0905256041526812e-06 
5.8236679534307001e-07 
3.2161120389062603e-07 
2.9316933891632146e-07 
1.6027526950068705e-07 
6.9690418547097011e-08 
6.7870923659008042e-08 
3.8492156684277745e-08 
2.5530919156580012e-08 
1.7520143225091545e-08 
8.7566889295231931e-09 
8.0592953421998459e-09 
4.1928378546884915e-09 
1.7539438790237227e-09 
1.7041074107382315e-09 
7.0465666635044499e-10 
6.3676086625719108e-10 
2.8721991451874374e-10 
2.1487689405574883e-10 
1.1218792561606961e-10 
7.2887806901178465e-11 
5.4866000631648149e-11 
3.1299740577139801e-11 
2.5159763161752835e-11 
1.7438273047787334e-11 
3.7272407382715755e-12 
1.0552669849062113e-12 
1.0552669849062113e-12 
1.0552669849062113e-12 
1.0552669849062113e-12 
1.0552669849062113e-12 
1.0552669849062113e-12 
1.0552669849062113e-12 
1.0552669849062113e-12 
1.0552669849062113e-12 
1.0552669849062113e-12 
1.0552669849062113e-12 
1.0552669849062113e-12 
1.0552669849062113e-12 
1.0552669849062113e-12 
1.0552669849062113e-12 
1.0552669849062113e-12 
1.0552669849062113e-12 
1.0552669849062113e-12 
1.0552669849062113e-12 
1.0552669849062113e-12 
1.0552669849062113e-12 
1.0552669849062113e-12 
1.0552669849062113e-12 
1.0552669849062113e-12 
1.0552669849062113e-12 
1.0552669849062113e-12 
1.0552669849062113e-12 
1.0552669849062113e-12 
1.0552669849062113e-12 
1.0552669849062113e-12 
1.0552669849062113e-12 
1.0552669849062113e-12 
1.0552669849062113e-12 
1.0552669849062113e-12 
1.0552669849062113e-12 
1.0552669849062113e-12 
1.0552669849062113e-12 
1.0552669849062113e-12 
1.0552669849062113e-12 
1.0552669849062113e-12 
1.0552669849062113e-12 
1.0552669849062113e-12 
1.0552669849062113e-12 
1.0552669849062113e-12 
1.0552669849062113e-12 
1.0552669849062113e-12 
1.0552669849062113e-12 
1.0552669849062113e-12 
1.0552669849062113e-12 
1.0552669849062113e-12 
1.0552669849062113e-12 
1.0552669849062113e-12 
1.0552669849062113e-12 
1.0552669849062113e-12 
1.0552669849062113e-12 
1.0552669849062113e-12 
1.0552669849062113e-12 
1.0552669849062113e-12 
1.0552669849062113e-12 
1.0552669849062113e-12 
1.0552669849062113e-12 
1.0552669849062113e-12 
1.0552669849062113e-12 
1.0552669849062113e-12 
1.0552669849062113e-12 
1.0552669849062113e-12 
1.0552669849062113e-12 
1.0552669849062113e-12 
1.0552669849062113e-12 
1.0552669849062113e-12 
1.0552669849062113e-12 
1.0552669849062113e-12 
1.0552669849062113e-12 
1.0552669849062113e-12 
1.0552669849062113e-12 
1.0552669849062113e-12 
1.0552669849062113e-12 
1.0552669849062113e-12 
1.0552669849062113e-12 
1.0552669849062113e-12 
1.0552669849062113e-12 
1.0552669849062113e-12 
1.0552669849062113e-12 
1.0552669849062113e-12 
1.0552669849062113e-12 
1.0552669849062113e-12 
1.0552669849062113e-12 
1.0552669849062113e-12 
1.0552669849062113e-12 
1.0552669849062113e-12 
1.0552669849062113e-12 
1.0552669849062113e-12 
1.0552669849062113e-12 
1.0552669849062113e-12 
1.0552669849062113e-12 
1.0552669849062113e-12 
1.0552669849062113e-12 
1.0552669849062113e-12 
1.0552669849062113e-12 
1.0552669849062113e-12 
1.0552669849062113e-12 
1.0552669849062113e-12 
1.0552669849062113e-12 
1.0552669849062113e-12 
1.0552669849062113e-12 
1.0552669849062113e-12 
1.0552669849062113e-12 
1.0552669849062113e-12 
1.0552669849062113e-12 
1.0552669849062113e-12 
1.0552669849062113e-12 
1.0552669849062113e-12 
1.0552669849062113e-12 
1.0552669849062113e-12 
1.0552669849062113e-12 
1.0552669849062113e-12 
1.0552669849062113e-12 
1.0552669849062113e-12 
1.0552669849062113e-12 
1.0552669849062113e-12 
1.0552669849062113e-12 
1.0552669849062113e-12 
1.0552669849062113e-12 
1.0552669849062113e-12 
1.0552669849062113e-12 
1.0552669849062113e-12 
1.0552669849062113e-12 
1.0552669849062113e-12 
1.0552669849062113e-12 
1.0552669849062113e-12 
1.0552669849062113e-12 
1.0552669849062113e-12 
1.0552669849062113e-12 
1.0552669849062113e-12 
1.0552669849062113e-12 
1.0552669849062113e-12 
1.0552669849062113e-12 
1.0552669849062113e-12 
1.0552669849062113e-12 
1.0552669849062113e-12 
1.0552669849062113e-12 
1.0552669849062113e-12 
1.0552669849062113e-12 
1.0552669849062113e-12 
1.0552669849062113e-12 
1.0552669849062113e-12 
1.0552669849062113e-12 
1.0552669849062113e-12 
1.0552669849062113e-12 
1.0552669849062113e-12 
1.0552669849062113e-12 
1.0552669849062113e-12 
1.0552669849062113e-12 
1.0552669849062113e-12 
1.0552669849062113e-12 
1.0552669849062113e-12 
1.0552669849062113e-12 
1.0552669849062113e-12 
1.0552669849062113e-12 
1.0552669849062113e-12 
1.0552669849062113e-12 
1.0552669849062113e-12 
1.0552669849062113e-12 
1.0552669849062113e-12 
1.0552669849062113e-12 
1.0552669849062113e-12 
1.0552669849062113e-12 
1.0552669849062113e-12 
1.0552669849062113e-12 
1.0552669849062113e-12 
1.0552669849062113e-12 
1.0552669849062113e-12 
1.0552669849062113e-12 
1.0552669849062113e-12 
1.0552669849062113e-12 
1.0552669849062113e-12 
1.0552669849062113e-12 
1.0552669849062113e-12 
1.0552669849062113e-12 
1.0552669849062113e-12 
1.0552669849062113e-12 
1.0552669849062113e-12 
1.0552669849062113e-12 
1.0552669849062113e-12 
1.0552669849062113e-12 
1.0552669849062113e-12 
1.0552669849062113e-12 
1.0552669849062113e-12 
1.0552669849062113e-12 
1.0552669849062113e-12 
1.0552669849062113e-12 
1.0552669849062113e-12 
1.0552669849062113e-12 
1.0552669849062113e-12 
1.0552669849062113e-12 
1.0552669849062113e-12 
1.0552669849062113e-12 
1.0552669849062113e-12 
1.0552669849062113e-12 
1.0552669849062113e-12 
1.0552669849062113e-12 
1.0552669849062113e-12 
1.0552669849062113e-12 
1.0552669849062113e-12 
1.0552669849062113e-12 
1.0552669849062113e-12 
1.0552669849062113e-12 
1.0552669849062113e-12 
1.0552669849062113e-12 
1.0552669849062113e-12 
1.0552669849062113e-12 
1.0552669849062113e-12 
1.0552669849062113e-12 
1.0552669849062113e-12 
1.0552669849062113e-12 
1.0552669849062113e-12 
1.0552669849062113e-12 
1.0552669849062113e-12 
1.0552669849062113e-12 
1.0552669849062113e-12 
1.0552669849062113e-12 
1.0552669849062113e-12 
1.0552669849062113e-12 
1.0552669849062113e-12 
1.0552669849062113e-12 
1.0552669849062113e-12 
1.0552669849062113e-12 
1.0552669849062113e-12 
1.0552669849062113e-12 
1.0552669849062113e-12 
1.0552669849062113e-12 
1.0552669849062113e-12 
1.0552669849062113e-12 
1.0552669849062113e-12 
1.0552669849062113e-12 
1.0552669849062113e-12 
1.0552669849062113e-12 
1.0552669849062113e-12 
1.0552669849062113e-12 
1.0552669849062113e-12 
1.0552669849062113e-12 
1.0552669849062113e-12 
1.0552669849062113e-12 
1.0552669849062113e-12 
1.0552669849062113e-12 
1.0552669849062113e-12 
1.0552669849062113e-12 
1.0552669849062113e-12 
1.0552669849062113e-12 
1.0552669849062113e-12 
1.0552669849062113e-12 
1.0552669849062113e-12 
1.0552669849062113e-12 
1.0552669849062113e-12 
1.0552669849062113e-12 
1.0552669849062113e-12 
1.0552669849062113e-12 
1.0552669849062113e-12 
1.0552669849062113e-12 
1.0552669849062113e-12 
1.0552669849062113e-12 
1.0552669849062113e-12 
1.0552669849062113e-12 
1.0552669849062113e-12 
1.0552669849062113e-12 
1.0552669849062113e-12 
1.0552669849062113e-12 
1.0552669849062113e-12 
1.0552669849062113e-12 
1.0552669849062113e-12 
1.0552669849062113e-12 
1.0552669849062113e-12 
1.0552669849062113e-12 
1.0552669849062113e-12 
1.0552669849062113e-12 
1.0552669849062113e-12 
1.0552669849062113e-12 
1.0552669849062113e-12 
1.0552669849062113e-12 
1.0552669849062113e-12 
1.0552669849062113e-12 
1.0552669849062113e-12 
1.0552669849062113e-12 
1.0552669849062113e-12 
1.0552669849062113e-12 
1.0552669849062113e-12 
1.0552669849062113e-12 
1.0552669849062113e-12 
1.0552669849062113e-12 
1.0552669849062113e-12 
1.0552669849062113e-12 
1.0552669849062113e-12 
1.0552669849062113e-12 
1.0552669849062113e-12 
1.0552669849062113e-12 
1.0552669849062113e-12 
1.0552669849062113e-12 
1.0552669849062113e-12 
1.0552669849062113e-12 
1.0552669849062113e-12 
1.0552669849062113e-12 
1.0552669849062113e-12 
1.0552669849062113e-12 
1.0552669849062113e-12 
1.0552669849062113e-12 
1.0552669849062113e-12 
1.0552669849062113e-12 
1.0552669849062113e-12 
1.0552669849062113e-12 
1.0552669849062113e-12 
1.0552669849062113e-12 
1.0552669849062113e-12 
1.0552669849062113e-12 
1.0552669849062113e-12 
1.0552669849062113e-12 
1.0552669849062113e-12 
1.0552669849062113e-12 
1.0552669849062113e-12 
1.0552669849062113e-12 
1.0552669849062113e-12 
1.0552669849062113e-12 
1.0552669849062113e-12 
1.0552669849062113e-12 
1.0552669849062113e-12 
1.0552669849062113e-12 
1.0552669849062113e-12 
1.0552669849062113e-12 
1.0552669849062113e-12 
1.0552669849062113e-12 
1.0552669849062113e-12 
1.0552669849062113e-12 
1.0552669849062113e-12 
1.0552669849062113e-12 
1.0552669849062113e-12 
1.0552669849062113e-12 
1.0552669849062113e-12 
1.0552669849062113e-12 
1.0552669849062113e-12 
1.0552669849062113e-12 
1.0552669849062113e-12 
1.0552669849062113e-12 
1.0552669849062113e-12 
1.0552669849062113e-12 
1.0552669849062113e-12 
1.0552669849062113e-12 
1.0552669849062113e-12 
1.0552669849062113e-12 
1.0552669849062113e-12 
1.0552669849062113e-12 
1.0552669849062113e-12 
1.0552669849062113e-12 
1.0552669849062113e-12 
1.0552669849062113e-12 
1.0552669849062113e-12 
1.0552669849062113e-12 
1.0552669849062113e-12 
1.0552669849062113e-12 
1.0552669849062113e-12 
1.0552669849062113e-12 
1.0552669849062113e-12 
1.0552669849062113e-12 
1.0552669849062113e-12 
1.0552669849062113e-12 
1.0552669849062113e-12 
1.0552669849062113e-12 
1.0552669849062113e-12 
1.0552669849062113e-12 
1.0552669849062113e-12 
1.0552669849062113e-12 
1.0552669849062113e-12 
1.0552669849062113e-12 
1.0552669849062113e-12 
1.0552669849062113e-12 
1.0552669849062113e-12 
1.0552669849062113e-12 
1.0552669849062113e-12 
1.0552669849062113e-12 
1.0552669849062113e-12 
1.0552669849062113e-12 
1.0552669849062113e-12 
1.0552669849062113e-12 
1.0552669849062113e-12 
1.0552669849062113e-12 
1.0552669849062113e-12 
1.0552669849062113e-12 
1.0552669849062113e-12 
1.0552669849062113e-12 
1.0552669849062113e-12 
1.0552669849062113e-12 
1.0552669849062113e-12 
1.0552669849062113e-12 
1.0552669849062113e-12 
1.0552669849062113e-12 
1.0552669849062113e-12 
1.0552669849062113e-12 
1.0552669849062113e-12 
1.0552669849062113e-12 
1.0552669849062113e-12 
1.0552669849062113e-12 
1.0552669849062113e-12 
1.0552669849062113e-12 
1.0552669849062113e-12 
1.0552669849062113e-12 
1.0552669849062113e-12 
1.0552669849062113e-12 
1.0552669849062113e-12 
1.0552669849062113e-12 
1.0552669849062113e-12 
1.0552669849062113e-12 
1.0552669849062113e-12 
1.0552669849062113e-12 
1.0552669849062113e-12 
1.0552669849062113e-12 
1.0552669849062113e-12 
1.0552669849062113e-12 
1.0552669849062113e-12 
1.0552669849062113e-12 
1.0552669849062113e-12 
1.0552669849062113e-12 
1.0552669849062113e-12 
1.0552669849062113e-12 
1.0552669849062113e-12 
1.0552669849062113e-12 
1.0552669849062113e-12 
1.0552669849062113e-12 
1.0552669849062113e-12 
1.0552669849062113e-12 
1.0552669849062113e-12 
1.0552669849062113e-12 
1.0552669849062113e-12 
1.0552669849062113e-12 
1.0552669849062113e-12 
1.0552669849062113e-12 
1.0552669849062113e-12 
1.0552669849062113e-12 
1.0552669849062113e-12 
1.0552669849062113e-12 
1.0552669849062113e-12 
1.0552669849062113e-12 
1.0552669849062113e-12 
1.0552669849062113e-12 
1.0552669849062113e-12 
1.0552669849062113e-12 
1.0552669849062113e-12 
1.0552669849062113e-12 
1.0552669849062113e-12 
1.0552669849062113e-12 
1.0552669849062113e-12 
1.0552669849062113e-12 
1.0552669849062113e-12 
1.0552669849062113e-12 
1.0552669849062113e-12 
1.0552669849062113e-12 
1.0552669849062113e-12 
1.0552669849062113e-12 
1.0552669849062113e-12 
1.0552669849062113e-12 
1.0552669849062113e-12 
1.0552669849062113e-12 
1.0552669849062113e-12 
1.0552669849062113e-12 
1.0552669849062113e-12 
1.0552669849062113e-12 
1.0552669849062113e-12 
1.0552669849062113e-12 
1.0552669849062113e-12 
1.0552669849062113e-12 
1.0552669849062113e-12 
1.0552669849062113e-12 
1.0552669849062113e-12 
1.0552669849062113e-12 
1.0552669849062113e-12 
1.0552669849062113e-12 
1.0552669849062113e-12 
1.0552669849062113e-12 
1.0552669849062113e-12 
1.0552669849062113e-12 
1.0552669849062113e-12 
1.0552669849062113e-12 
1.0552669849062113e-12 
1.0552669849062113e-12 
1.0552669849062113e-12 
1.0552669849062113e-12 
1.0552669849062113e-12 
1.0552669849062113e-12 
1.0552669849062113e-12 
1.0552669849062113e-12 
1.0552669849062113e-12 
1.0552669849062113e-12 
1.0552669849062113e-12 
1.0552669849062113e-12 
1.0552669849062113e-12 
1.0552669849062113e-12 
1.0552669849062113e-12 
1.0552669849062113e-12 
1.0552669849062113e-12 
1.0552669849062113e-12 
1.0552669849062113e-12 
1.0552669849062113e-12 
1.0552669849062113e-12 
1.0552669849062113e-12 
1.0552669849062113e-12 
1.0552669849062113e-12 
1.0552669849062113e-12 
1.0552669849062113e-12 
1.0552669849062113e-12 
1.0552669849062113e-12 
1.0552669849062113e-12 
1.0552669849062113e-12 
1.0552669849062113e-12 
1.0552669849062113e-12 
1.0552669849062113e-12 
1.0552669849062113e-12 
1.0552669849062113e-12 
1.0552669849062113e-12 
1.0552669849062113e-12 
1.0552669849062113e-12 
1.0552669849062113e-12 
1.0552669849062113e-12 
1.0552669849062113e-12 
1.0552669849062113e-12 
1.0552669849062113e-12 
1.0552669849062113e-12 
1.0552669849062113e-12 
1.0552669849062113e-12 
1.0552669849062113e-12 
1.0552669849062113e-12 
1.0552669849062113e-12 
1.0552669849062113e-12 
1.0552669849062113e-12 
1.0552669849062113e-12 
1.0552669849062113e-12 
1.0552669849062113e-12 
1.0552669849062113e-12 
1.0552669849062113e-12 
1.0552669849062113e-12 
1.0552669849062113e-12 
1.0552669849062113e-12 
1.0552669849062113e-12 
1.0552669849062113e-12 
1.0552669849062113e-12 
1.0552669849062113e-12 
1.0552669849062113e-12 
1.0552669849062113e-12 
1.0552669849062113e-12 
1.0552669849062113e-12 
1.0552669849062113e-12 
1.0552669849062113e-12 
1.0552669849062113e-12 
1.0552669849062113e-12 
1.0552669849062113e-12 
1.0552669849062113e-12 
1.0552669849062113e-12 
1.0552669849062113e-12 
1.0552669849062113e-12 
1.0552669849062113e-12 
1.0552669849062113e-12 
1.0552669849062113e-12 
1.0552669849062113e-12 
1.0552669849062113e-12 
1.0552669849062113e-12 
1.0552669849062113e-12 
1.0552669849062113e-12 
1.0552669849062113e-12 
1.0552669849062113e-12 
1.0552669849062113e-12 
1.0552669849062113e-12 
1.0552669849062113e-12 
1.0552669849062113e-12 
1.0552669849062113e-12 
1.0552669849062113e-12 
1.0552669849062113e-12 
1.0552669849062113e-12 
1.0552669849062113e-12 
1.0552669849062113e-12 
1.0552669849062113e-12 
1.0552669849062113e-12 
1.0552669849062113e-12 
1.0552669849062113e-12 
1.0552669849062113e-12 
1.0552669849062113e-12 
1.0552669849062113e-12 
1.0552669849062113e-12 
1.0552669849062113e-12 
1.0552669849062113e-12 
1.0552669849062113e-12 
1.0552669849062113e-12 
1.0552669849062113e-12 
1.0552669849062113e-12 
1.0552669849062113e-12 
1.0552669849062113e-12 
1.0552669849062113e-12 
1.0552669849062113e-12 
1.0552669849062113e-12 
1.0552669849062113e-12 
1.0552669849062113e-12 
1.0552669849062113e-12 
1.0552669849062113e-12 
1.0552669849062113e-12 
1.0552669849062113e-12 
1.0552669849062113e-12 
1.0552669849062113e-12 
1.0552669849062113e-12 
1.0552669849062113e-12 
1.0552669849062113e-12 
1.0552669849062113e-12 
1.0552669849062113e-12 
1.0552669849062113e-12 
1.0552669849062113e-12 
1.0552669849062113e-12 
1.0552669849062113e-12 
1.0552669849062113e-12 
1.0552669849062113e-12 
1.0552669849062113e-12 
1.0552669849062113e-12 
1.0552669849062113e-12 
1.0552669849062113e-12 
1.0552669849062113e-12 
1.0552669849062113e-12 
1.0552669849062113e-12 
1.0552669849062113e-12 
1.0552669849062113e-12 
1.0552669849062113e-12 
1.0552669849062113e-12 
1.0552669849062113e-12 
1.0552669849062113e-12 
1.0552669849062113e-12 
1.0552669849062113e-12 
1.0552669849062113e-12 
1.0552669849062113e-12 
1.0552669849062113e-12 
1.0552669849062113e-12 
1.0552669849062113e-12 
1.0552669849062113e-12 
1.0552669849062113e-12 
1.0552669849062113e-12 
1.0552669849062113e-12 
1.0552669849062113e-12 
1.0552669849062113e-12 
1.0552669849062113e-12 
1.0552669849062113e-12 
1.0552669849062113e-12 
1.0552669849062113e-12 
1.0552669849062113e-12 
1.0552669849062113e-12 
1.0552669849062113e-12 
1.0552669849062113e-12 
1.0552669849062113e-12 
1.0552669849062113e-12 
1.0552669849062113e-12 
1.0552669849062113e-12 
1.0552669849062113e-12 
1.0552669849062113e-12 
1.0552669849062113e-12 
1.0552669849062113e-12 
1.0552669849062113e-12 
1.0552669849062113e-12 
1.0552669849062113e-12 
1.0552669849062113e-12 
1.0552669849062113e-12 
1.0552669849062113e-12 
1.0552669849062113e-12 
1.0552669849062113e-12 
1.0552669849062113e-12 
1.0552669849062113e-12 
1.0552669849062113e-12 
1.0552669849062113e-12 
1.0552669849062113e-12 
1.0552669849062113e-12 
1.0552669849062113e-12 
1.0552669849062113e-12 
1.0552669849062113e-12 
1.0552669849062113e-12 
1.0552669849062113e-12 
1.0552669849062113e-12 
1.0552669849062113e-12 
1.0552669849062113e-12 
1.0552669849062113e-12 
1.0552669849062113e-12 
1.0552669849062113e-12 
1.0552669849062113e-12 
1.0552669849062113e-12 
1.0552669849062113e-12 
1.0552669849062113e-12 
1.0552669849062113e-12 
1.0552669849062113e-12 
1.0552669849062113e-12 
1.0552669849062113e-12 
1.0552669849062113e-12 
1.0552669849062113e-12 
1.0552669849062113e-12 
1.0552669849062113e-12 
1.0552669849062113e-12 
1.0552669849062113e-12 
1.0552669849062113e-12 
1.0552669849062113e-12 
1.0552669849062113e-12 
1.0552669849062113e-12 
1.0552669849062113e-12 
1.0552669849062113e-12 
1.0552669849062113e-12 
1.0552669849062113e-12 
1.0552669849062113e-12 
1.0552669849062113e-12 
1.0552669849062113e-12 
1.0552669849062113e-12 
1.0552669849062113e-12 
1.0552669849062113e-12 
1.0552669849062113e-12 
1.0552669849062113e-12 
1.0552669849062113e-12 
1.0552669849062113e-12 
1.0552669849062113e-12 
1.0552669849062113e-12 
1.0552669849062113e-12 
1.0552669849062113e-12 
1.0552669849062113e-12 
1.0552669849062113e-12 
1.0552669849062113e-12 
1.0552669849062113e-12 
1.0552669849062113e-12 
1.0552669849062113e-12 
1.0552669849062113e-12 
1.0552669849062113e-12 
1.0552669849062113e-12 
1.0552669849062113e-12 
1.0552669849062113e-12 
1.0552669849062113e-12 
1.0552669849062113e-12 
1.0552669849062113e-12 
1.0552669849062113e-12 
1.0552669849062113e-12 
1.0552669849062113e-12 
1.0552669849062113e-12 
1.0552669849062113e-12 
1.0552669849062113e-12 
1.0552669849062113e-12 
1.0552669849062113e-12 
1.0552669849062113e-12 
1.0552669849062113e-12 
1.0552669849062113e-12 
1.0552669849062113e-12 
1.0552669849062113e-12 
1.0552669849062113e-12 
1.0552669849062113e-12 
1.0552669849062113e-12 
1.0552669849062113e-12 
1.0552669849062113e-12 
1.0552669849062113e-12 
1.0552669849062113e-12 
1.0552669849062113e-12 
1.0552669849062113e-12 
1.0552669849062113e-12 
1.0552669849062113e-12 
1.0552669849062113e-12 
1.0552669849062113e-12 
1.0552669849062113e-12 
1.0552669849062113e-12 
1.0552669849062113e-12 
1.0552669849062113e-12 
1.0552669849062113e-12 
1.0552669849062113e-12 
1.0552669849062113e-12 
1.0552669849062113e-12 
1.0552669849062113e-12 
1.0552669849062113e-12 
1.0552669849062113e-12 
1.0552669849062113e-12 
1.0552669849062113e-12 
1.0552669849062113e-12 
1.0552669849062113e-12 
1.0552669849062113e-12 
1.0552669849062113e-12 
1.0552669849062113e-12 
1.0552669849062113e-12 
1.0552669849062113e-12 
1.0552669849062113e-12 
1.0552669849062113e-12 
1.0552669849062113e-12 
1.0552669849062113e-12 
1.0552669849062113e-12 
1.0552669849062113e-12 
1.0552669849062113e-12 
1.0552669849062113e-12 
1.0552669849062113e-12 
1.0552669849062113e-12 
1.0552669849062113e-12 
1.0552669849062113e-12 
1.0552669849062113e-12 
1.0552669849062113e-12 
1.0552669849062113e-12 
1.0552669849062113e-12 
1.0552669849062113e-12 
1.0552669849062113e-12 
1.0552669849062113e-12 
1.0552669849062113e-12 
1.0552669849062113e-12 
1.0552669849062113e-12 
1.0552669849062113e-12 
1.0552669849062113e-12 
1.0552669849062113e-12 
1.0552669849062113e-12 
1.0552669849062113e-12 
1.0552669849062113e-12 
1.0552669849062113e-12 
1.0552669849062113e-12 
1.0552669849062113e-12 
1.0552669849062113e-12 
1.0552669849062113e-12 
1.0552669849062113e-12 
1.0552669849062113e-12 
1.0552669849062113e-12 
1.0552669849062113e-12 
1.0552669849062113e-12 
1.0552669849062113e-12 
1.0552669849062113e-12 
1.0552669849062113e-12 
1.0552669849062113e-12 
1.0552669849062113e-12 
1.0552669849062113e-12 
1.0552669849062113e-12 
1.0552669849062113e-12 
1.0552669849062113e-12 
1.0552669849062113e-12 
1.0552669849062113e-12 
1.0552669849062113e-12 
1.0552669849062113e-12 
1.0552669849062113e-12 
1.0552669849062113e-12 
1.0552669849062113e-12 
1.0552669849062113e-12 
1.0552669849062113e-12 
1.0552669849062113e-12 
1.0552669849062113e-12 
1.0552669849062113e-12 
1.0552669849062113e-12 
1.0552669849062113e-12 
1.0552669849062113e-12 
1.0552669849062113e-12 
1.0552669849062113e-12 
1.0552669849062113e-12 
1.0552669849062113e-12 
1.0552669849062113e-12 
1.0552669849062113e-12 
1.0552669849062113e-12 
1.0552669849062113e-12 
1.0552669849062113e-12 
1.0552669849062113e-12 
1.0552669849062113e-12 
1.0552669849062113e-12 
1.0552669849062113e-12 
1.0552669849062113e-12 
1.0552669849062113e-12 
1.0552669849062113e-12 
1.0552669849062113e-12 
1.0552669849062113e-12 
1.0552669849062113e-12 
1.0552669849062113e-12 
1.0552669849062113e-12 
1.0552669849062113e-12 
1.0552669849062113e-12 
1.0552669849062113e-12 
1.0552669849062113e-12 
1.0552669849062113e-12 
1.0552669849062113e-12 
1.0552669849062113e-12 
1.0552669849062113e-12 
1.0552669849062113e-12 
1.0552669849062113e-12 
1.0552669849062113e-12 
1.0552669849062113e-12 
1.0552669849062113e-12 
1.0552669849062113e-12 
1.0552669849062113e-12 
1.0552669849062113e-12 
1.0552669849062113e-12 
1.0552669849062113e-12 
1.0552669849062113e-12 
1.0552669849062113e-12 
1.0552669849062113e-12 
1.0552669849062113e-12 
1.0552669849062113e-12 
1.0552669849062113e-12 
1.0552669849062113e-12 
1.0552669849062113e-12 
1.0552669849062113e-12 
1.0552669849062113e-12 
1.0552669849062113e-12 
1.0552669849062113e-12 
1.0552669849062113e-12 
1.0552669849062113e-12 
1.0552669849062113e-12 
1.0552669849062113e-12 
1.0552669849062113e-12 
1.0552669849062113e-12 
1.0552669849062113e-12 
1.0552669849062113e-12 
1.0552669849062113e-12 
1.0552669849062113e-12 
1.0552669849062113e-12 
1.0552669849062113e-12 
1.0552669849062113e-12 
1.0552669849062113e-12 
1.0552669849062113e-12 
1.0552669849062113e-12 
1.0552669849062113e-12 
1.0552669849062113e-12 
1.0552669849062113e-12 
1.0552669849062113e-12 
1.0552669849062113e-12 
1.0552669849062113e-12 
1.0552669849062113e-12 
1.0552669849062113e-12 
1.0552669849062113e-12 
1.0552669849062113e-12 
1.0552669849062113e-12 
1.0552669849062113e-12 
1.0552669849062113e-12 
1.0552669849062113e-12 
1.0552669849062113e-12 
1.0552669849062113e-12 
1.0552669849062113e-12 
1.0552669849062113e-12 
1.0552669849062113e-12 
1.0552669849062113e-12 
1.0552669849062113e-12 
1.0552669849062113e-12 
1.0552669849062113e-12 
1.0552669849062113e-12 
1.0552669849062113e-12 
1.0552669849062113e-12 
1.0552669849062113e-12 
1.0552669849062113e-12 
1.0552669849062113e-12 
1.0552669849062113e-12 
1.0552669849062113e-12 
1.0552669849062113e-12 
1.0552669849062113e-12 
1.0552669849062113e-12 
1.0552669849062113e-12 
1.0552669849062113e-12 
1.0552669849062113e-12 
1.0552669849062113e-12 
1.0552669849062113e-12 
1.0552669849062113e-12 
