0.2645020780466108 
0.14154894698760762 
0.114426343606316 
0.05357005515322856 
0.011719138644157827 
0.011719138644157827 
0.011719138644157827 
0.011719138644157827 
0.011719138644157827 
0.0059852467833258908 
0.0038929537559463353 
0.0038929537559463353 
0.0038929537559463353 
0.0038929537559463353 
0.0038929537559463353 
0.0038929537559463353 
0.0038929537559463353 
0.0038929537559463353 
0.0038929537559463353 
0.0038929537559463353 
0.00041264650023661918 
0.00041264650023661918 
0.00041264650023661918 
0.00041264650023661918 
0.00041264650023661918 
0.00041264650023661918 
0.00041264650023661918 
0.00041264650023661918 
0.00041264650023661918 
0.00041264650023661918 
0.00041264650023661918 
0.00041264650023661918 
0.00041264650023661918 
0.00041264650023661918 
0.00041264650023661918 
0.00038689302399871287 
0.00038689302399871287 
0.00038689302399871287 
0.00038689302399871287 
0.00038689302399871287 
0.00038689302399871287 
0.00038689302399871287 
0.00038689302399871287 
0.00038689302399871287 
0.00038689302399871287 
0.00038689302399871287 
0.00038689302399871287 
0.00038689302399871287 
0.00038689302399871287 
0.00038689302399871287 
0.00038689302399871287 
0.00038689302399871287 
0.00038689302399871287 
0.00038689302399871287 
0.00038689302399871287 
0.00038689302399871287 
0.00032057064722706003 
0.00032057064722706003 
0.00032057064722706003 
0.00032057064722706003 
0.00032057064722706003 
0.00032057064722706003 
0.00032057064722706003 
0.00032057064722706003 
0.00031769668770763787 
0.00031769668770763787 
0.00031769668770763787 
0.00031769668770763787 
0.00031769668770763787 
0.00031769668770763787 
0.00031769668770763787 
0.00031014419612109619 
0.00031014419612109619 
0.00031014419612109619 
0.00031014419612109619 
0.00031014419612109619 
0.00031014419612109619 
0.00031014419612109619 
0.00030958455780785319 
0.00030958455780785319 
0.00030958455780785319 
0.00030958455780785319 
0.00030958455780785319 
0.00030958455780785319 
0.00030958455780785319 
0.00030958455780785319 
0.00030958455780785319 
0.00030958455780785319 
0.00030958455780785319 
0.00030958455780785319 
0.0002997294569665508 
0.00029309776528734264 
0.00024578119818411483 
0.00021785838522485259 
0.00018931995213030989 
0.00016663230453212564 
0.00014867574611386762 
0.00013453912314619998 
0.00012348050661561529 
0.00011489554343764767 
0.00010829191465344024 
0.00010326867082827832 
9.9499473758952049e-05 
9.6718975776208469e-05 
7.0271327820830274e-05 
4.6550135157023872e-05 
4.1907353716576696e-05 
3.5753712130654184e-05 
3.5753712130654184e-05 
3.5753712130654184e-05 
2.8215090118722258e-05 
2.8215090118722258e-05 
1.7029667820255363e-05 
6.6477158431009442e-06 
1.781650374036091e-06 
1.364638979917643e-06 
1.364638979917643e-06 
1.364638979917643e-06 
1.364638979917643e-06 
1.0392392576097734e-06 
1.0726878822352075e-07 
1.0726878822352075e-07 
1.0726878822352075e-07 
1.0726878822352075e-07 
1.0726878822352075e-07 
1.0726878822352075e-07 
1.0726878822352075e-07 
6.9146402427615642e-08 
6.9146402427615642e-08 
6.9146402427615642e-08 
6.9146402427615642e-08 
6.9146402427615642e-08 
6.9146402427615642e-08 
6.9146402427615642e-08 
6.6986204946716722e-08 
6.6986204946716722e-08 
6.6986204946716722e-08 
6.4080929318970807e-08 
6.4080929318970807e-08 
6.4080929318970807e-08 
2.2922862841170128e-08 
1.2644065168297853e-08 
1.2644065168297853e-08 
1.1788833946503471e-08 
1.1788833946503471e-08 
2.1246416293035361e-09 
2.1246416293035361e-09 
2.1246416293035361e-09 
2.1246416293035361e-09 
2.1246416293035361e-09 
8.650605971282447e-10 
8.650605971282447e-10 
8.650605971282447e-10 
3.942533293869993e-10 
3.942533293869993e-10 
3.942533293869993e-10 
3.942533293869993e-10 
3.5009590800162846e-10 
3.5009590800162846e-10 
3.5009590800162846e-10 
1.1916604813328005e-10 
6.1231715868781108e-11 
6.1231715868781108e-11 
6.1231715868781108e-11 
6.1231715868781108e-11 
6.1231715868781108e-11 
6.1231715868781108e-11 
5.3534325236154492e-11 
5.3534325236154492e-11 
5.3534325236154492e-11 
5.3534325236154492e-11 
5.3534325236154492e-11 
5.3534325236154492e-11 
5.3534325236154492e-11 
3.4670151634614761e-11 
3.4670151634614761e-11 
3.4670151634614761e-11 
3.4670151634614761e-11 
3.4670151634614761e-11 
3.4670151634614761e-11 
3.4670151634614761e-11 
3.4670151634614761e-11 
3.4670151634614761e-11 
3.4670151634614761e-11 
3.4670151634614761e-11 
3.4670151634614761e-11 
3.4670151634614761e-11 
3.4670151634614761e-11 
3.4670151634614761e-11 
3.4670151634614761e-11 
3.4670151634614761e-11 
3.4670151634614761e-11 
3.4670151634614761e-11 
3.4670151634614761e-11 
3.4670151634614761e-11 
3.4670151634614761e-11 
3.4670151634614761e-11 
3.4670151634614761e-11 
3.4670151634614761e-11 
3.4670151634614761e-11 
3.4670151634614761e-11 
3.4670151634614761e-11 
3.4670151634614761e-11 
3.4670151634614761e-11 
3.4670151634614761e-11 
1.7416236871711436e-11 
1.7416236871711436e-11 
1.7416236871711436e-11 
1.7416236871711436e-11 
1.7416236871711436e-11 
1.7416236871711436e-11 
1.7416236871711436e-11 
1.7416236871711436e-11 
1.7416236871711436e-11 
1.7416236871711436e-11 
1.7416236871711436e-11 
1.7416236871711436e-11 
1.7416236871711436e-11 
1.7416236871711436e-11 
1.7416236871711436e-11 
1.0676670588724571e-11 
1.0676670588724571e-11 
1.0001131409772263e-11 
1.0001131409772263e-11 
1.0001131409772263e-11 
1.0001131409772263e-11 
1.0001131409772263e-11 
1.0001131409772263e-11 
1.0001131409772263e-11 
1.0001131409772263e-11 
1.0001131409772263e-11 
1.0001131409772263e-11 
1.0001131409772263e-11 
1.0001131409772263e-11 
1.0001131409772263e-11 
1.0001131409772263e-11 
1.0001131409772263e-11 
1.0001131409772263e-11 
1.0001131409772263e-11 
1.0001131409772263e-11 
1.0001131409772263e-11 
1.0001131409772263e-11 
1.0001131409772263e-11 
3.1195977406106479e-12 
3.1195977406106479e-12 
3.1195977406106479e-12 
3.1195977406106479e-12 
2.1036661732450045e-12 
2.5438275509027566e-13 
2.5438275509027566e-13 
2.5438275509027566e-13 
2.5438275509027566e-13 
2.5438275509027566e-13 
2.5438275509027566e-13 
2.5438275509027566e-13 
2.5438275509027566e-13 
2.5438275509027566e-13 
2.5438275509027566e-13 
2.5438275509027566e-13 
2.5438275509027566e-13 
2.5438275509027566e-13 
2.5438275509027566e-13 
2.5438275509027566e-13 
2.5438275509027566e-13 
2.5438275509027566e-13 
2.5438275509027566e-13 
2.5438275509027566e-13 
2.5438275509027566e-13 
2.5438275509027566e-13 
2.5438275509027566e-13 
2.5438275509027566e-13 
2.5438275509027566e-13 
2.5438275509027566e-13 
2.5438275509027566e-13 
2.5438275509027566e-13 
2.5438275509027566e-13 
2.5438275509027566e-13 
2.5438275509027566e-13 
2.5438275509027566e-13 
2.5438275509027566e-13 
2.5438275509027566e-13 
2.5438275509027566e-13 
2.5438275509027566e-13 
2.5438275509027566e-13 
2.5438275509027566e-13 
2.5438275509027566e-13 
2.5438275509027566e-13 
2.5438275509027566e-13 
2.5438275509027566e-13 
2.5438275509027566e-13 
2.5438275509027566e-13 
2.5438275509027566e-13 
2.5438275509027566e-13 
2.5438275509027566e-13 
2.5438275509027566e-13 
2.5438275509027566e-13 
2.5438275509027566e-13 
2.5438275509027566e-13 
2.5438275509027566e-13 
2.5438275509027566e-13 
2.5438275509027566e-13 
2.5438275509027566e-13 
2.5438275509027566e-13 
2.5438275509027566e-13 
2.5438275509027566e-13 
2.5438275509027566e-13 
2.5438275509027566e-13 
2.5438275509027566e-13 
2.5438275509027566e-13 
2.5438275509027566e-13 
2.5438275509027566e-13 
2.5438275509027566e-13 
2.5438275509027566e-13 
2.5438275509027566e-13 
2.5438275509027566e-13 
2.5438275509027566e-13 
2.5438275509027566e-13 
2.5438275509027566e-13 
2.5438275509027566e-13 
2.5438275509027566e-13 
2.5438275509027566e-13 
2.5438275509027566e-13 
2.5438275509027566e-13 
2.5438275509027566e-13 
2.5438275509027566e-13 
2.5438275509027566e-13 
2.5438275509027566e-13 
2.5438275509027566e-13 
2.5438275509027566e-13 
2.5438275509027566e-13 
2.5438275509027566e-13 
2.5438275509027566e-13 
2.5438275509027566e-13 
2.5438275509027566e-13 
2.5438275509027566e-13 
2.5438275509027566e-13 
2.5438275509027566e-13 
2.5438275509027566e-13 
2.5438275509027566e-13 
2.5438275509027566e-13 
2.5438275509027566e-13 
2.5438275509027566e-13 
2.5438275509027566e-13 
2.5438275509027566e-13 
2.5438275509027566e-13 
2.5438275509027566e-13 
2.5438275509027566e-13 
2.5438275509027566e-13 
2.5438275509027566e-13 
2.5438275509027566e-13 
2.5438275509027566e-13 
2.5438275509027566e-13 
2.5438275509027566e-13 
2.5438275509027566e-13 
2.5438275509027566e-13 
2.5438275509027566e-13 
2.5438275509027566e-13 
2.5438275509027566e-13 
2.5438275509027566e-13 
2.5438275509027566e-13 
2.5438275509027566e-13 
2.5438275509027566e-13 
2.5438275509027566e-13 
2.5438275509027566e-13 
2.5438275509027566e-13 
2.5438275509027566e-13 
2.5438275509027566e-13 
2.5438275509027566e-13 
2.5438275509027566e-13 
2.5438275509027566e-13 
2.5438275509027566e-13 
2.5438275509027566e-13 
2.5438275509027566e-13 
2.5438275509027566e-13 
2.5438275509027566e-13 
2.5438275509027566e-13 
2.5438275509027566e-13 
2.5438275509027566e-13 
2.5438275509027566e-13 
2.5438275509027566e-13 
2.5438275509027566e-13 
2.5438275509027566e-13 
2.5438275509027566e-13 
2.5438275509027566e-13 
2.5438275509027566e-13 
2.5438275509027566e-13 
2.5438275509027566e-13 
2.5438275509027566e-13 
2.5438275509027566e-13 
2.5438275509027566e-13 
2.5438275509027566e-13 
2.5438275509027566e-13 
2.5438275509027566e-13 
2.5438275509027566e-13 
2.5438275509027566e-13 
2.5438275509027566e-13 
2.5438275509027566e-13 
2.5438275509027566e-13 
2.5438275509027566e-13 
2.5438275509027566e-13 
2.5438275509027566e-13 
2.5438275509027566e-13 
2.5438275509027566e-13 
2.5438275509027566e-13 
2.5438275509027566e-13 
2.5438275509027566e-13 
2.5438275509027566e-13 
2.5438275509027566e-13 
2.5438275509027566e-13 
2.5438275509027566e-13 
2.5438275509027566e-13 
2.5438275509027566e-13 
2.5438275509027566e-13 
2.5438275509027566e-13 
2.5438275509027566e-13 
2.5438275509027566e-13 
2.5438275509027566e-13 
2.5438275509027566e-13 
2.5438275509027566e-13 
2.5438275509027566e-13 
2.5438275509027566e-13 
2.5438275509027566e-13 
2.5438275509027566e-13 
2.5438275509027566e-13 
2.5438275509027566e-13 
2.5438275509027566e-13 
2.5438275509027566e-13 
2.5438275509027566e-13 
2.5438275509027566e-13 
2.5438275509027566e-13 
2.5438275509027566e-13 
2.5438275509027566e-13 
2.5438275509027566e-13 
2.5438275509027566e-13 
2.5438275509027566e-13 
2.5438275509027566e-13 
2.5438275509027566e-13 
2.5438275509027566e-13 
2.5438275509027566e-13 
2.5438275509027566e-13 
2.5438275509027566e-13 
2.5438275509027566e-13 
2.5438275509027566e-13 
2.5438275509027566e-13 
2.5438275509027566e-13 
2.5438275509027566e-13 
2.5438275509027566e-13 
2.5438275509027566e-13 
2.5438275509027566e-13 
2.5438275509027566e-13 
2.5438275509027566e-13 
2.5438275509027566e-13 
2.5438275509027566e-13 
2.5438275509027566e-13 
2.5438275509027566e-13 
2.5438275509027566e-13 
2.5438275509027566e-13 
2.5438275509027566e-13 
2.5438275509027566e-13 
2.5438275509027566e-13 
2.5438275509027566e-13 
2.5438275509027566e-13 
2.5438275509027566e-13 
2.5438275509027566e-13 
2.5438275509027566e-13 
2.5438275509027566e-13 
2.5438275509027566e-13 
2.5438275509027566e-13 
2.5438275509027566e-13 
2.5438275509027566e-13 
2.5438275509027566e-13 
2.5438275509027566e-13 
2.5438275509027566e-13 
2.5438275509027566e-13 
2.5438275509027566e-13 
2.5438275509027566e-13 
2.5438275509027566e-13 
2.5438275509027566e-13 
2.5438275509027566e-13 
2.5438275509027566e-13 
2.5438275509027566e-13 
2.5438275509027566e-13 
2.5438275509027566e-13 
2.5438275509027566e-13 
2.5438275509027566e-13 
2.5438275509027566e-13 
2.5438275509027566e-13 
2.5438275509027566e-13 
2.5438275509027566e-13 
2.5438275509027566e-13 
2.5438275509027566e-13 
2.5438275509027566e-13 
2.5438275509027566e-13 
2.5438275509027566e-13 
2.5438275509027566e-13 
2.5438275509027566e-13 
2.5438275509027566e-13 
2.5438275509027566e-13 
2.5438275509027566e-13 
2.5438275509027566e-13 
2.5438275509027566e-13 
2.5438275509027566e-13 
2.5438275509027566e-13 
2.5438275509027566e-13 
2.5438275509027566e-13 
2.5438275509027566e-13 
2.5438275509027566e-13 
2.5438275509027566e-13 
2.5438275509027566e-13 
2.5438275509027566e-13 
2.5438275509027566e-13 
2.5438275509027566e-13 
2.5438275509027566e-13 
2.5438275509027566e-13 
2.5438275509027566e-13 
2.5438275509027566e-13 
2.5438275509027566e-13 
2.5438275509027566e-13 
2.5438275509027566e-13 
2.5438275509027566e-13 
2.5438275509027566e-13 
2.5438275509027566e-13 
2.5438275509027566e-13 
2.5438275509027566e-13 
2.5438275509027566e-13 
2.5438275509027566e-13 
2.5438275509027566e-13 
2.5438275509027566e-13 
2.5438275509027566e-13 
2.5438275509027566e-13 
2.5438275509027566e-13 
2.5438275509027566e-13 
2.5438275509027566e-13 
2.5438275509027566e-13 
2.5438275509027566e-13 
2.5438275509027566e-13 
2.5438275509027566e-13 
2.5438275509027566e-13 
2.5438275509027566e-13 
2.5438275509027566e-13 
2.5438275509027566e-13 
2.5438275509027566e-13 
2.5438275509027566e-13 
2.5438275509027566e-13 
2.5438275509027566e-13 
2.5438275509027566e-13 
2.5438275509027566e-13 
2.5438275509027566e-13 
2.5438275509027566e-13 
2.5438275509027566e-13 
2.5438275509027566e-13 
2.5438275509027566e-13 
2.5438275509027566e-13 
2.5438275509027566e-13 
2.5438275509027566e-13 
2.5438275509027566e-13 
2.5438275509027566e-13 
2.5438275509027566e-13 
2.5438275509027566e-13 
2.5438275509027566e-13 
2.5438275509027566e-13 
2.5438275509027566e-13 
2.5438275509027566e-13 
2.5438275509027566e-13 
2.5438275509027566e-13 
2.5438275509027566e-13 
2.5438275509027566e-13 
2.5438275509027566e-13 
2.5438275509027566e-13 
2.5438275509027566e-13 
2.5438275509027566e-13 
2.5438275509027566e-13 
2.5438275509027566e-13 
2.5438275509027566e-13 
2.5438275509027566e-13 
2.5438275509027566e-13 
2.5438275509027566e-13 
2.5438275509027566e-13 
2.5438275509027566e-13 
2.5438275509027566e-13 
2.5438275509027566e-13 
2.5438275509027566e-13 
2.5438275509027566e-13 
2.5438275509027566e-13 
2.5438275509027566e-13 
2.5438275509027566e-13 
2.5438275509027566e-13 
2.5438275509027566e-13 
2.5438275509027566e-13 
2.5438275509027566e-13 
2.5438275509027566e-13 
2.5438275509027566e-13 
2.5438275509027566e-13 
2.5438275509027566e-13 
2.5438275509027566e-13 
2.5438275509027566e-13 
2.5438275509027566e-13 
2.5438275509027566e-13 
2.5438275509027566e-13 
2.5438275509027566e-13 
2.5438275509027566e-13 
2.5438275509027566e-13 
2.5438275509027566e-13 
2.5438275509027566e-13 
2.5438275509027566e-13 
2.5438275509027566e-13 
2.5438275509027566e-13 
2.5438275509027566e-13 
2.5438275509027566e-13 
2.5438275509027566e-13 
2.5438275509027566e-13 
2.5438275509027566e-13 
2.5438275509027566e-13 
2.5438275509027566e-13 
2.5438275509027566e-13 
2.5438275509027566e-13 
2.5438275509027566e-13 
2.5438275509027566e-13 
2.5438275509027566e-13 
2.5438275509027566e-13 
2.5438275509027566e-13 
2.5438275509027566e-13 
2.5438275509027566e-13 
2.5438275509027566e-13 
2.5438275509027566e-13 
2.5438275509027566e-13 
2.5438275509027566e-13 
2.5438275509027566e-13 
2.5438275509027566e-13 
2.5438275509027566e-13 
2.5438275509027566e-13 
2.5438275509027566e-13 
2.5438275509027566e-13 
2.5438275509027566e-13 
2.5438275509027566e-13 
2.5438275509027566e-13 
2.5438275509027566e-13 
2.5438275509027566e-13 
2.5438275509027566e-13 
2.5438275509027566e-13 
2.5438275509027566e-13 
2.5438275509027566e-13 
2.5438275509027566e-13 
2.5438275509027566e-13 
2.5438275509027566e-13 
2.5438275509027566e-13 
2.5438275509027566e-13 
2.5438275509027566e-13 
2.5438275509027566e-13 
2.5438275509027566e-13 
2.5438275509027566e-13 
2.5438275509027566e-13 
2.5438275509027566e-13 
2.5438275509027566e-13 
2.5438275509027566e-13 
2.5438275509027566e-13 
2.5438275509027566e-13 
2.5438275509027566e-13 
2.5438275509027566e-13 
2.5438275509027566e-13 
2.5438275509027566e-13 
2.5438275509027566e-13 
2.5438275509027566e-13 
2.5438275509027566e-13 
2.5438275509027566e-13 
2.5438275509027566e-13 
2.5438275509027566e-13 
2.5438275509027566e-13 
2.5438275509027566e-13 
2.5438275509027566e-13 
2.5438275509027566e-13 
2.5438275509027566e-13 
2.5438275509027566e-13 
2.5438275509027566e-13 
2.5438275509027566e-13 
2.5438275509027566e-13 
2.5438275509027566e-13 
2.5438275509027566e-13 
2.5438275509027566e-13 
2.5438275509027566e-13 
2.5438275509027566e-13 
2.5438275509027566e-13 
2.5438275509027566e-13 
2.5438275509027566e-13 
2.5438275509027566e-13 
2.5438275509027566e-13 
2.5438275509027566e-13 
2.5438275509027566e-13 
2.5438275509027566e-13 
2.5438275509027566e-13 
2.5438275509027566e-13 
2.5438275509027566e-13 
2.5438275509027566e-13 
2.5438275509027566e-13 
2.5438275509027566e-13 
2.5438275509027566e-13 
2.5438275509027566e-13 
2.5438275509027566e-13 
2.5438275509027566e-13 
2.5438275509027566e-13 
2.5438275509027566e-13 
2.5438275509027566e-13 
2.5438275509027566e-13 
2.5438275509027566e-13 
2.5438275509027566e-13 
2.5438275509027566e-13 
2.5438275509027566e-13 
2.5438275509027566e-13 
2.5438275509027566e-13 
2.5438275509027566e-13 
2.5438275509027566e-13 
2.5438275509027566e-13 
2.5438275509027566e-13 
2.5438275509027566e-13 
2.5438275509027566e-13 
2.5438275509027566e-13 
2.5438275509027566e-13 
2.5438275509027566e-13 
2.5438275509027566e-13 
2.5438275509027566e-13 
2.5438275509027566e-13 
2.5438275509027566e-13 
2.5438275509027566e-13 
2.5438275509027566e-13 
2.5438275509027566e-13 
2.5438275509027566e-13 
2.5438275509027566e-13 
2.5438275509027566e-13 
2.5438275509027566e-13 
2.5438275509027566e-13 
2.5438275509027566e-13 
2.5438275509027566e-13 
2.5438275509027566e-13 
2.5438275509027566e-13 
2.5438275509027566e-13 
2.5438275509027566e-13 
2.5438275509027566e-13 
2.5438275509027566e-13 
2.5438275509027566e-13 
2.5438275509027566e-13 
2.5438275509027566e-13 
2.5438275509027566e-13 
2.5438275509027566e-13 
2.5438275509027566e-13 
2.5438275509027566e-13 
2.5438275509027566e-13 
2.5438275509027566e-13 
2.5438275509027566e-13 
2.5438275509027566e-13 
2.5438275509027566e-13 
2.5438275509027566e-13 
2.5438275509027566e-13 
2.5438275509027566e-13 
2.5438275509027566e-13 
2.5438275509027566e-13 
2.5438275509027566e-13 
2.5438275509027566e-13 
2.5438275509027566e-13 
2.5438275509027566e-13 
2.5438275509027566e-13 
2.5438275509027566e-13 
2.5438275509027566e-13 
2.5438275509027566e-13 
2.5438275509027566e-13 
2.5438275509027566e-13 
2.5438275509027566e-13 
2.5438275509027566e-13 
2.5438275509027566e-13 
2.5438275509027566e-13 
2.5438275509027566e-13 
2.5438275509027566e-13 
2.5438275509027566e-13 
2.5438275509027566e-13 
2.5438275509027566e-13 
2.5438275509027566e-13 
2.5438275509027566e-13 
2.5438275509027566e-13 
2.5438275509027566e-13 
2.5438275509027566e-13 
2.5438275509027566e-13 
2.5438275509027566e-13 
2.5438275509027566e-13 
2.5438275509027566e-13 
2.5438275509027566e-13 
2.5438275509027566e-13 
2.5438275509027566e-13 
2.5438275509027566e-13 
2.5438275509027566e-13 
2.5438275509027566e-13 
2.5438275509027566e-13 
2.5438275509027566e-13 
2.5438275509027566e-13 
2.5438275509027566e-13 
2.5438275509027566e-13 
2.5438275509027566e-13 
2.5438275509027566e-13 
2.5438275509027566e-13 
2.5438275509027566e-13 
2.5438275509027566e-13 
2.5438275509027566e-13 
2.5438275509027566e-13 
2.5438275509027566e-13 
2.5438275509027566e-13 
2.5438275509027566e-13 
2.5438275509027566e-13 
2.5438275509027566e-13 
2.5438275509027566e-13 
2.5438275509027566e-13 
2.5438275509027566e-13 
2.5438275509027566e-13 
2.5438275509027566e-13 
2.5438275509027566e-13 
2.5438275509027566e-13 
2.5438275509027566e-13 
2.5438275509027566e-13 
2.5438275509027566e-13 
2.5438275509027566e-13 
2.5438275509027566e-13 
2.5438275509027566e-13 
2.5438275509027566e-13 
2.5438275509027566e-13 
2.5438275509027566e-13 
2.5438275509027566e-13 
2.5438275509027566e-13 
2.5438275509027566e-13 
2.5438275509027566e-13 
2.5438275509027566e-13 
2.5438275509027566e-13 
2.5438275509027566e-13 
2.5438275509027566e-13 
2.5438275509027566e-13 
2.5438275509027566e-13 
2.5438275509027566e-13 
2.5438275509027566e-13 
2.5438275509027566e-13 
2.5438275509027566e-13 
2.5438275509027566e-13 
2.5438275509027566e-13 
2.5438275509027566e-13 
2.5438275509027566e-13 
2.5438275509027566e-13 
2.5438275509027566e-13 
2.5438275509027566e-13 
2.5438275509027566e-13 
2.5438275509027566e-13 
2.5438275509027566e-13 
2.5438275509027566e-13 
2.5438275509027566e-13 
2.5438275509027566e-13 
2.5438275509027566e-13 
2.5438275509027566e-13 
2.5438275509027566e-13 
2.5438275509027566e-13 
2.5438275509027566e-13 
2.5438275509027566e-13 
2.5438275509027566e-13 
2.5438275509027566e-13 
2.5438275509027566e-13 
2.5438275509027566e-13 
2.5438275509027566e-13 
2.5438275509027566e-13 
2.5438275509027566e-13 
2.5438275509027566e-13 
2.5438275509027566e-13 
2.5438275509027566e-13 
2.5438275509027566e-13 
2.5438275509027566e-13 
2.5438275509027566e-13 
2.5438275509027566e-13 
2.5438275509027566e-13 
2.5438275509027566e-13 
2.5438275509027566e-13 
2.5438275509027566e-13 
2.5438275509027566e-13 
2.5438275509027566e-13 
2.5438275509027566e-13 
2.5438275509027566e-13 
2.5438275509027566e-13 
2.5438275509027566e-13 
2.5438275509027566e-13 
2.5438275509027566e-13 
2.5438275509027566e-13 
2.5438275509027566e-13 
2.5438275509027566e-13 
2.5438275509027566e-13 
2.5438275509027566e-13 
2.5438275509027566e-13 
2.5438275509027566e-13 
2.5438275509027566e-13 
2.5438275509027566e-13 
2.5438275509027566e-13 
2.5438275509027566e-13 
2.5438275509027566e-13 
2.5438275509027566e-13 
2.5438275509027566e-13 
2.5438275509027566e-13 
2.5438275509027566e-13 
2.5438275509027566e-13 
2.5438275509027566e-13 
2.5438275509027566e-13 
2.5438275509027566e-13 
2.5438275509027566e-13 
2.5438275509027566e-13 
2.5438275509027566e-13 
2.5438275509027566e-13 
2.5438275509027566e-13 
2.5438275509027566e-13 
2.5438275509027566e-13 
2.5438275509027566e-13 
2.5438275509027566e-13 
2.5438275509027566e-13 
2.5438275509027566e-13 
2.5438275509027566e-13 
2.5438275509027566e-13 
2.5438275509027566e-13 
2.5438275509027566e-13 
2.5438275509027566e-13 
2.5438275509027566e-13 
2.5438275509027566e-13 
2.5438275509027566e-13 
2.5438275509027566e-13 
2.5438275509027566e-13 
2.5438275509027566e-13 
2.5438275509027566e-13 
2.5438275509027566e-13 
2.5438275509027566e-13 
2.5438275509027566e-13 
2.5438275509027566e-13 
2.5438275509027566e-13 
2.5438275509027566e-13 
2.5438275509027566e-13 
2.5438275509027566e-13 
2.5438275509027566e-13 
2.5438275509027566e-13 
2.5438275509027566e-13 
2.5438275509027566e-13 
2.5438275509027566e-13 
2.5438275509027566e-13 
2.5438275509027566e-13 
2.5438275509027566e-13 
2.5438275509027566e-13 
2.5438275509027566e-13 
2.5438275509027566e-13 
2.5438275509027566e-13 
2.5438275509027566e-13 
2.5438275509027566e-13 
2.5438275509027566e-13 
2.5438275509027566e-13 
2.5438275509027566e-13 
2.5438275509027566e-13 
2.5438275509027566e-13 
2.5438275509027566e-13 
2.5438275509027566e-13 
2.5438275509027566e-13 
2.5438275509027566e-13 
2.5438275509027566e-13 
2.5438275509027566e-13 
2.5438275509027566e-13 
2.5438275509027566e-13 
2.5438275509027566e-13 
2.5438275509027566e-13 
2.5438275509027566e-13 
2.5438275509027566e-13 
2.5438275509027566e-13 
2.5438275509027566e-13 
2.5438275509027566e-13 
2.5438275509027566e-13 
2.5438275509027566e-13 
2.5438275509027566e-13 
2.5438275509027566e-13 
2.5438275509027566e-13 
2.5438275509027566e-13 
2.5438275509027566e-13 
2.5438275509027566e-13 
2.5438275509027566e-13 
2.5438275509027566e-13 
2.5438275509027566e-13 
2.5438275509027566e-13 
2.5438275509027566e-13 
2.5438275509027566e-13 
2.5438275509027566e-13 
2.5438275509027566e-13 
2.5438275509027566e-13 
2.5438275509027566e-13 
2.5438275509027566e-13 
2.5438275509027566e-13 
2.5438275509027566e-13 
2.5438275509027566e-13 
2.5438275509027566e-13 
2.5438275509027566e-13 
2.5438275509027566e-13 
2.5438275509027566e-13 
2.5438275509027566e-13 
2.5438275509027566e-13 
2.5438275509027566e-13 
2.5438275509027566e-13 
2.5438275509027566e-13 
2.5438275509027566e-13 
2.5438275509027566e-13 
2.5438275509027566e-13 
