0.30619895647182138 
0.30619886838208282 
0.30619878029119374 
0.30619869220470258 
0.26616457440974939 
0.25211075662576965 
0.2343420303231861 
0.22969440198050378 
0.22160460553155981 
0.21191511147362849 
0.20701855533357671 
0.19210087627424571 
0.19198175608992382 
0.1845684838679453 
0.18452253338422092 
0.18234995966687029 
0.18215083607084168 
0.18105312372611429 
0.18104508238206318 
0.18060930559420429 
0.1806057345579079 
0.18042518514943121 
0.18042354040110339 
0.18035272692934215 
0.18035180459831734 
0.180321142221432 
0.1803205515045215 
0.18030896955698564 
0.18030848843148037 
0.18030288861238442 
0.18030246774460681 
0.18030037913248695 
0.18029993163545005 
0.18029866894667929 
0.18029827229192052 
0.18029761149905751 
0.18029720289242501 
0.1802966782369019 
0.18029628777321063 
0.18029584539644605 
0.1802954546890021 
0.18029504413652522 
0.18029465415755566 
0.18029425432403406 
0.18029386412519779 
0.18029347174975538 
0.18029308088625309 
0.18029269001737605 
0.18029229952151443 
0.18029190930003805 
0.18029151895689458 
0.18029112891240756 
0.18029073880307636 
0.18029034872037511 
0.18028995869208486 
0.18028956866468845 
0.18028917861855737 
0.18028878860091641 
0.18028839858533907 
0.18028800857169036 
0.18028761855996953 
0.18028722855017656 
0.18028683854231148 
0.18028644853637435 
0.18028605853236515 
0.18028566853028394 
0.18028527853013074 
0.1802848885319055 
0.18028449853560835 
0.18028410854123925 
0.18028371854879821 
0.18028332855828524 
0.18028293856970048 
0.18028254858304388 
0.18028215859831542 
0.18028176861551515 
0.18028137863464316 
0.18028098865569941 
0.18028059867868393 
0.18028020870359673 
0.18027981873043783 
0.1802794287592073 
0.18027903878990514 
0.18027864882253139 
0.18027825885708604 
0.18027786889356909 
0.18027747893198065 
0.18027708897232064 
0.18027669901458912 
0.18027630905878619 
0.18027591910491178 
0.18027552915296596 
0.18027513920294874 
0.18027474925486017 
0.1802743593087002 
0.18027396936446893 
0.18027357942216632 
0.18027318948179247 
0.18027279954334732 
0.18027240960683094 
0.18027201967224338 
0.18027162973958463 
0.18027123980885471 
0.18027084988005362 
0.18027045995318139 
0.18027007002823806 
0.18026968010522371 
0.18026929018413826 
0.18026890026498182 
0.18026851034775437 
0.18026812043245594 
0.18026773051908654 
0.18026734060764621 
0.18026695069813498 
0.18026656079055284 
0.18026617088489985 
0.18026578098117604 
0.18026539107938139 
0.18026500117951597 
0.18026461128157978 
0.18026422138557285 
0.18026383149149511 
0.18026344159934671 
0.18026305170912768 
0.18026266182083794 
0.18026227193447761 
0.18026188205004667 
0.18026149216754514 
0.18026110228697309 
0.18026071240833044 
0.18026032253161731 
0.18025993265683365 
0.18025954278397957 
0.18025915291305503 
0.18025876304406008 
0.18025837317699472 
0.18025798331185897 
0.18025759344865291 
0.18025720358737649 
0.18025681372802979 
0.18025642387061278 
0.18025603401512555 
0.18025564416156808 
0.18025525430994038 
0.18025486446024253 
0.18025447461247449 
0.18025408476663629 
0.180253694922728 
0.1802533050807496 
0.18025291524070114 
0.18025252540258263 
0.18025213556639413 
0.18025174573213559 
0.18025135589980709 
0.1802509660694086 
0.18025057624094024 
0.18025018641440194 
0.18024979658979373 
0.18024940676711573 
0.18024901694636783 
0.18024862712755016 
0.18024823731066267 
0.18024784749570544 
0.18024745768267844 
0.18024706787158173 
0.18024667806241532 
0.18024628825517924 
0.18024589844987352 
0.18024550864649816 
0.18024511884505323 
0.1802447290455387 
0.1802443392479546 
0.18024394945230096 
0.18024355965857786 
0.18024316986678524 
0.18024278007692315 
0.18024239028899164 
0.18024200050299072 
0.18024161071892042 
0.18024122093678072 
0.18024083115657166 
0.18024044137829326 
0.18024005160194559 
0.18023966182752865 
0.18023927205504248 
0.18023888228448701 
0.18023849251586241 
0.1802381027491686 
0.18023771298440566 
0.18023732322157351 
0.18023693346067229 
0.18023654370170197 
0.18023615394466261 
0.1802357641895542 
0.18023537443637677 
0.18023498468513036 
0.18023459493581495 
0.18023420518843059 
0.18023381544297729 
0.18023342569945508 
0.18023303595786402 
0.18023264621820412 
0.18023225648047533 
0.18023186674467781 
0.18023147701081146 
0.18023108727887635 
0.18023069754887247 
0.18023030782079991 
0.18022991809465866 
0.18022952837044875 
0.1802291386481702 
0.18022874892782301 
0.18022835920940725 
0.18022796949292286 
0.18022757977836995 
0.18022719006574847 
0.1802268003550585 
0.18022641064630007 
0.18022602093947318 
0.18022563123457783 
0.18022524153161412 
0.18022485183058198 
0.18022446213148149 
0.18022407243431263 
0.18022368273907549 
0.18022329304577003 
0.18022290335439631 
0.18022251366495434 
0.18022212397744417 
0.1802217342918658 
0.1802213446082192 
0.18022095492650447 
0.18022056524672161 
0.18022017556887066 
0.18021978589295157 
0.18021939621896446 
0.18021900654690931 
0.18021861687678617 
0.18021822720859498 
0.18021783754233586 
0.18021744787800878 
0.18021705821561379 
0.18021666855515087 
0.18021627889662009 
0.18021588924002149 
0.18021549958535504 
0.1802151099326208 
0.18021472028181879 
0.18021433063294898 
0.18021394098601146 
0.18021355134100622 
0.18021316169793331 
0.1802127720567927 
0.18021238241758447 
0.18021199278030864 
0.18021160314496518 
0.18021121351155417 
0.18021082388007559 
0.18021043425052952 
0.1802100446229159 
0.18020965499723487 
0.1802092653734863 
0.18020887575167038 
0.18020848613178703 
0.18020809651383632 
0.18020770689781818 
0.18020731728373274 
0.18020692767157998 
0.18020653806135994 
0.18020614845307265 
0.18020575884671813 
0.18020536924229635 
0.18020497963980739 
0.18020459003925121 
0.1802042004406279 
0.18020381084393747 
0.18020342124917993 
0.18020303165635534 
0.18020264206546369 
0.18020225247650498 
0.18020186288947926 
0.18020147330438657 
0.1802010837212269 
0.18020069414000028 
0.18020030456070676 
0.18019991498334639 
0.18019952540791909 
0.18019913583442498 
0.18019874626286403 
0.18019835669323628 
0.18019796712554176 
0.18019757755978047 
0.18019718799595244 
0.1801967984340577 
0.1801964088740963 
0.18019601931606827 
0.18019562975997358 
0.18019524020581226 
0.18019485065358434 
0.18019446110328988 
0.18019407155492886 
0.18019368200850133 
0.18019329246400731 
0.18019290292144682 
0.1801925133808199 
0.18019212384212654 
0.18019173430536675 
0.18019134477054058 
0.18019095523764803 
0.1801905657066892 
0.18019017617766403 
0.18018978665057261 
0.18018939712541487 
0.18018900760219098 
0.18018861808090081 
0.18018822856154446 
0.18018783904412192 
0.18018744952863325 
0.18018706001507845 
0.1801866705034576 
0.1801862809937706 
0.18018589148601763 
0.18018550198019859 
0.18018511247631355 
0.18018472297436253 
0.18018433347434551 
0.18018394397626258 
0.18018355448011375 
0.18018316498589904 
0.18018277549361844 
0.18018238600327202 
0.18018199651485978 
0.18018160702838168 
0.1801812175438379 
0.18018082806122832 
0.18018043858055299 
0.18018004910181201 
0.18017965962500537 
0.18017927015013305 
0.18017888067719509 
0.18017849120619153 
0.18017810173712237 
0.18017771226998766 
0.1801773228047874 
0.18017693334152166 
0.18017654388019042 
0.18017615442079371 
0.18017576496333154 
0.18017537550780394 
0.18017498605421095 
0.18017459660255258 
0.18017420715282886 
0.18017381770503979 
0.18017342825918548 
0.18017303881526583 
0.18017264937328098 
0.18017225993323088 
0.18017187049511554 
0.18017148105893502 
0.18017109162468936 
0.18017070219237852 
0.1801703127620026 
0.1801699233335616 
0.18016953390705551 
0.18016914448248433 
0.1801687550598482 
0.18016836563914701 
0.18016797622038086 
0.18016758680354975 
0.18016719738865369 
0.18016680797569279 
0.18016641856466695 
0.18016602915557628 
0.18016563974842076 
0.18016525034320044 
0.18016486093991529 
0.18016447153856543 
0.18016408213915081 
0.18016369274167143 
0.1801633033461274 
0.18016291395251871 
0.18016252456084533 
0.18016213517110732 
0.18016174578330477 
0.18016135639743752 
0.18016096701350579 
0.18016057763150956 
0.18016018825144875 
0.18015979887332348 
0.1801594094971338 
0.1801590201228796 
0.18015863075056104 
0.18015824138017805 
0.18015785201173071 
0.18015746264521904 
0.18015707328064304 
0.18015668391800271 
0.18015629455729815 
0.18015590519852931 
0.18015551584169623 
0.18015512648679899 
0.18015473713383751 
0.18015434778281189 
0.18015395843372214 
0.18015356908656827 
0.18015317974135031 
0.18015279039806834 
0.18015240105672231 
0.18015201171731221 
0.18015162237983812 
0.18015123304430009 
0.18015084371069809 
0.18015045437903221 
0.18015006504930239 
0.18014967572150872 
0.18014928639565117 
0.18014889707172982 
0.18014850774974461 
0.18014811842969566 
0.18014772911158292 
0.18014733979540645 
0.18014695048116627 
0.18014656116886238 
0.18014617185849485 
0.18014578255006369 
0.1801453932435689 
0.18014500393901045 
0.18014461463638848 
0.18014422533570296 
0.18014383603695391 
0.18014344674014138 
0.18014305744526535 
0.18014266815232585 
0.18014227886132292 
0.18014188957225657 
0.18014150028512688 
0.18014111099993377 
0.18014072171667736 
0.18014033243535763 
0.18013994315597456 
0.18013955387852831 
0.18013916460301876 
0.18013877532944594 
0.18013838605780996 
0.18013799678811079 
0.18013760752034849 
0.18013721825452308 
0.18013682899063455 
0.18013643972868293 
0.18013605046866826 
0.18013566121059052 
0.18013527195444978 
0.18013488270024605 
0.18013449344797935 
0.18013410419764975 
0.1801337149492572 
0.1801333257028018 
0.18013293645828349 
0.18013254721570232 
0.18013215797505835 
0.18013176873635153 
0.18013137949958194 
0.18013099026474963 
0.18013060103185458 
0.18013021180089681 
0.18012982257187635 
0.18012943334479325 
0.1801290441196475 
0.18012865489643912 
0.18012826567516815 
0.18012787645583464 
0.1801274872384386 
0.18012709802297999 
0.18012670880945891 
0.18012631959787537 
0.18012593038822935 
0.1801255411805209 
0.18012515197475004 
0.18012476277091682 
0.18012437356902122 
0.18012398436906332 
0.18012359517104309 
0.18012320597496057 
0.18012281678081579 
0.18012242758860877 
0.18012203839833954 
0.18012164921000809 
0.18012126002361448 
0.18012087083915876 
0.18012048165664088 
0.18012009247606092 
0.18011970329741886 
0.18011931412071477 
0.18011892494594864 
0.18011853577312045 
0.18011814660223033 
0.18011775743327826 
0.18011736826626426 
0.18011697910118829 
0.18011658993805049 
0.18011620077685081 
0.18011581161758927 
0.18011542246026593 
0.18011503330488077 
0.18011464415143383 
0.18011425499992517 
0.1801138658503548 
0.18011347670272274 
0.18011308755702896 
0.18011269841327351 
0.18011230927145644 
0.18011192013157781 
0.18011153099363753 
0.18011114185763569 
0.18011075272357233 
0.18011036359144747 
0.18010997446126112 
0.18010958533301327 
0.18010919620670401 
0.18010880708233329 
0.18010841795990118 
0.18010802883940771 
0.18010763972085289 
0.18010725060423674 
0.18010686148955932 
0.18010647237682056 
0.18010608326602057 
0.18010569415715935 
0.18010530505023689 
0.1801049159452533 
0.18010452684220848 
0.18010413774110259 
0.18010374864193554 
0.18010335954470741 
0.18010297044941817 
0.18010258135606791 
0.1801021922646566 
0.18010180317518434 
0.18010141408765107 
0.18010102500205685 
0.1801006359184017 
0.18010024683668568 
0.18009985775690876 
0.18009946867907095 
0.18009907960317231 
0.18009869052921287 
0.18009830145719263 
0.18009791238711165 
0.18009752331896989 
0.18009713425276744 
0.18009674518850433 
0.18009635612618052 
0.180095967065796 
0.18009557800735088 
0.18009518895084517 
0.18009479989627888 
0.18009441084365205 
0.18009402179296469 
0.18009363274421678 
0.18009324369740842 
0.1800928546525396 
0.18009246560961031 
0.18009207656862064 
0.18009168752957055 
0.18009129849246011 
0.18009090945728937 
0.18009052042405826 
0.18009013139276683 
0.18008974236341518 
0.18008935333600323 
0.18008896431053106 
0.1800885752869987 
0.18008818626540612 
0.18008779724575344 
0.18008740822804059 
0.18008701921226763 
0.18008663019843463 
0.18008624118654151 
0.18008585217658835 
0.18008546316857521 
0.18008507416250205 
0.18008468515836892 
0.18008429615617585 
0.1800839071559229 
0.18008351815761003 
0.18008312916123725 
0.18008274016680462 
0.18008235117431215 
0.18008196218375991 
0.18008157319514784 
0.18008118420847605 
0.18008079522374451 
0.18008040624095326 
0.18008001726010234 
0.18007962828119173 
0.18007923930422146 
0.1800788503291916 
0.18007846135610212 
0.1800780723849531 
0.18007768341574451 
0.18007729444847645 
0.18007690548314884 
0.18007651651976173 
0.18007612755831517 
0.18007573859880921 
0.1800753496412438 
0.18007496068561907 
0.18007457173193495 
0.18007418278019147 
0.18007379383038868 
0.18007340488252663 
0.18007301593660527 
0.18007262699262466 
0.18007223805058487 
0.18007184911048585 
0.18007146017232767 
0.18007107123611032 
0.1800706823018339 
0.18007029336949834 
0.1800699044391037 
0.18006951551064998 
0.18006912658413726 
0.18006873765956552 
0.18006834873693478 
0.1800679598162451 
0.1800675708974965 
0.18006718198068897 
0.18006679306582252 
0.18006640415289718 
0.18006601524191301 
0.18006562633287002 
0.18006523742576824 
0.1800648485206077 
0.18006445961738837 
0.18006407071611033 
0.18006368181677362 
0.18006329291937817 
0.18006290402392408 
0.18006251513041135 
0.18006212623884002 
0.1800617373492101 
0.18006134846152164 
0.18006095957577462 
0.18006057069196907 
0.18006018181010502 
0.18005979293018248 
0.1800594040522015 
0.18005901517616216 
0.18005862630206432 
0.18005823742990815 
0.18005784855969365 
0.18005745969142081 
0.18005707082508965 
0.18005668196070018 
0.18005629309825247 
0.18005590423774653 
0.18005551537918238 
0.18005512652256003 
0.18005473766787952 
0.18005434881514087 
0.18005395996434412 
0.18005357111548922 
0.18005318226857628 
0.18005279342360531 
0.18005240458057623 
0.18005201573948923 
0.18005162690034421 
0.18005123806314124 
0.18005084922788037 
0.18005046039456155 
0.18005007156318487 
0.1800496827337503 
0.18004929390625787 
0.18004890508070767 
0.18004851625709969 
0.18004812743543391 
0.18004773861571041 
0.18004734979792919 
0.18004696098209025 
0.18004657216819364 
0.18004618335623937 
0.18004579454622746 
0.18004540573815797 
0.18004501693203087 
0.18004462812784625 
0.18004423932560409 
0.18004385052530439 
0.18004346172694721 
0.18004307293053257 
0.1800426841360605 
0.180042295343531 
0.18004190655294411 
0.18004151776429986 
0.18004112897759827 
0.18004074019283933 
0.18004035141002311 
0.18003996262914959 
0.18003957385021885 
0.18003918507323083 
0.18003879629818567 
0.18003840752508329 
0.18003801875392375 
0.1800376299847071 
0.18003724121743331 
0.18003685245210244 
0.18003646368871445 
0.18003607492726947 
0.18003568616776747 
0.18003529741020846 
0.18003490865459246 
0.18003451990091959 
0.18003413114918973 
0.18003374239940298 
0.18003335365155934 
0.18003296490565887 
0.18003257616170154 
0.18003218741968743 
0.18003179867961652 
0.18003140994148886 
0.18003102120530448 
0.18003063247106335 
0.18003024373876553 
0.18002985500841104 
0.18002946627999991 
0.18002907755353215 
0.1800286888290078 
0.1800283001064269 
0.18002791138578944 
0.18002752266709546 
0.18002713395034498 
0.18002674523553797 
0.18002635652267454 
0.18002596781175467 
0.18002557910277839 
0.18002519039574574 
0.18002480169065674 
0.18002441298751137 
0.1800240242863097 
0.1800236355870517 
0.18002324688973745 
0.18002285819436695 
0.18002246950094022 
0.18002208080945731 
0.18002169211991823 
0.180021303432323 
0.18002091474667165 
0.18002052606296415 
0.18002013738120057 
0.18001974870138096 
0.18001936002350533 
0.18001897134757366 
0.18001858267358603 
0.18001819400154243 
0.18001780533144288 
0.18001741666328741 
0.18001702799707603 
0.18001663933280881 
0.18001625067048571 
0.1800158620101068 
0.18001547335167209 
0.1800150846951816 
0.18001469604063539 
0.18001430738803342 
0.18001391873737574 
0.18001353008866236 
0.18001314144189334 
0.18001275279706869 
0.18001236415418842 
0.18001197551325254 
0.18001158687426116 
0.1800111982372142 
0.18001080960211169 
0.1800104209689537 
0.18001003233774027 
0.18000964370847133 
0.18000925508114704 
0.1800088664557673 
0.1800084778323322 
0.18000808921084174 
0.18000770059129595 
0.18000731197369485 
0.18000692335803845 
0.18000653474432679 
0.18000614613255991 
0.18000575752273779 
0.18000536891486049 
0.18000498030892809 
0.18000459170494046 
0.18000420310289775 
0.1800038145027999 
0.18000342590464702 
0.18000303730843906 
0.18000264871417609 
0.1800022601218581 
0.1800018715314852 
0.18000148294305729 
0.18000109435657444 
0.18000070577203667 
0.18000031718944404 
0.17999992860879649 
0.17999954003009414 
0.179999151453337 
0.17999876287852504 
0.17999837430565832 
0.17999798573473685 
0.17999759716576066 
0.17999720859872978 
0.17999682003364423 
0.17999643147050401 
0.17999604290930915 
0.17999565435005971 
0.17999526579275571 
0.17999487723739713 
0.17999448868398402 
0.17999410013251635 
0.17999371158299421 
0.17999332303541765 
0.17999293448978659 
0.17999254594610115 
0.17999215740436134 
0.17999176886456714 
0.17999138032671858 
0.17999099179081568 
0.17999060325685851 
0.17999021472484705 
0.17998982619478132 
0.17998943766666142 
0.17998904914048727 
0.17998866061625896 
0.1799882720939765 
0.17998788357363987 
0.17998749505524911 
0.17998710653880431 
0.17998671802430538 
0.17998632951175245 
0.17998594100114554 
0.17998555249248455 
0.17998516398576966 
0.17998477548100078 
0.17998438697817801 
0.17998399847730129 
0.17998360997837073 
0.17998322148138629 
0.17998283298634804 
0.17998244449325601 
0.17998205600211017 
0.17998166751291056 
0.17998127902565722 
0.17998089054035016 
0.1799805020569894 
0.179980113575575 
0.17997972509610694 
0.17997933661858528 
0.17997894814300999 
0.17997855966938114 
0.17997817119769877 
0.17997778272796283 
0.17997739426017337 
0.17997700579433049 
0.1799766173304341 
0.17997622886848433 
0.17997584040848114 
0.17997545195042458 
0.17997506349431461 
0.1799746750401513 
0.17997428658793471 
0.17997389813766482 
0.17997350968934167 
0.17997312124296524 
0.17997273279853562 
0.1799723443560528 
0.17997195591551685 
0.17997156747692769 
0.1799711790402854 
0.17997079060559001 
0.17997040217284152 
0.17997001374204 
0.17996962531318547 
0.17996923688627789 
0.17996884846131736 
0.17996846003830386 
0.17996807161723741 
0.17996768319811801 
0.17996729478094575 
0.1799669063657206 
0.17996651795244262 
0.17996612954111185 
0.17996574113172828 
0.1799653527242919 
0.17996496431880277 
0.17996457591526091 
0.1799641875136663 
0.17996379911401911 
0.17996341071631916 
0.17996302232056666 
0.17996263392676148 
0.17996224553490378 
0.17996185714499349 
0.17996146875703065 
0.17996108037101527 
0.17996069198694742 
0.17996030360482709 
0.17995991522465432 
0.17995952684642916 
0.17995913847015155 
0.1799587500958216 
0.17995836172343929 
0.17995797335300462 
0.17995758498451767 
0.17995719661797843 
0.17995680825338692 
0.17995641989074318 
0.17995603153004724 
0.17995564317129911 
0.17995525481449881 
0.17995486645964637 
0.17995447810674176 
0.17995408975578511 
0.17995370140677638 
0.1799533130597156 
0.17995292471460281 
0.17995253637143804 
0.17995214803022125 
0.17995175969095251 
0.17995137135363182 
0.17995098301825924 
0.17995059468483479 
0.17995020635335848 
0.17994981802383034 
0.17994942969625038 
0.1799490413706186 
0.17994865304693508 
0.17994826472519981 
0.17994787640541279 
0.17994748808757413 
0.17994709977168374 
0.17994671145774174 
0.17994632314574813 
0.17994593483570293 
0.17994554652760608 
0.17994515822145771 
0.1799447699172578 
0.17994438161500642 
0.17994399331470351 
0.17994360501634915 
0.17994321671994334 
0.17994282842548617 
0.17994244013297758 
0.17994205184241763 
0.17994166355380631 
0.17994127526714365 
0.17994088698242972 
0.1799404986996645 
0.17994011041884805 
0.17993972213998036 
0.17993933386306152 
0.17993894558809145 
0.17993855731507022 
0.17993816904399787 
0.17993778077487438 
0.17993739250769986 
0.17993700424247425 
0.17993661597919758 
0.17993622771786993 
0.17993583945849129 
0.17993545120106166 
0.17993506294558109 
0.17993467469204957 
0.17993428644046716 
0.17993389819083389 
0.17993350994314977 
0.17993312169741482 
0.17993273345362909 
0.17993234521179258 
0.17993195697190525 
0.17993156873396726 
0.17993118049797849 
0.17993079226393907 
0.17993040403184898 
0.17993001580170828 
0.17992962757351694 
0.17992923934727503 
0.17992885112298254 
0.17992846290063946 
0.17992807468024588 
0.17992768646180185 
0.17992729824530726 
0.17992691003076228 
0.17992652181816685 
0.17992613360752102 
0.1799257453988248 
0.17992535719207822 
0.1799249689872813 
0.17992458078443407 
0.17992419258353656 
0.1799238043845888 
0.17992341618759081 
0.17992302799254256 
0.17992263979944415 
0.17992225160829556 
