0.33456112078752553 
0.3308938379968881 
0.19311794663999163 
0.14375361158861349 
0.092745072275584137 
0.069605592904826735 
0.050643160199714404 
0.04031804089273363 
0.033176833549812303 
0.028663095856082118 
0.025974778655370512 
0.024007321827399813 
0.023012481423545394 
0.022145924277526166 
0.021793447239240434 
0.021277345323461136 
0.021075714262708149 
0.020843604940185712 
0.020778572511783177 
0.020445874969286144 
0.020443361173648738 
0.020292120422156397 
0.020290934746526251 
0.020240728439898738 
0.020238996910587986 
0.020213412171475584 
0.02021315205023453 
0.020204839713793745 
0.020204466993155767 
0.020200101807558487 
0.020199936531924263 
0.020198550838314143 
0.020198289518143179 
0.02019755504370848 
0.020197427606898518 
0.020197014173778619 
0.020196881813913947 
0.02019668209969824 
0.020196532933300506 
0.020196377037144664 
0.020196238432962123 
0.02019610177120713 
0.020195967107359426 
0.020195838306765444 
0.020195705459086815 
0.020195577345574176 
0.020195449286717394 
0.020195320773341845 
0.020195192435487494 
0.020195064555778196 
0.020194936707400492 
0.020194808885558784 
0.020194681090221409 
0.020194553321388309 
0.020194425579059597 
0.020194297863235358 
0.020194170173915713 
0.020194042511100758 
0.020193914874790633 
0.020193787264985427 
0.020193659681685239 
0.020193532124890189 
0.020193404594600384 
0.020193277090815958 
0.020193149613536993 
0.020193022162763606 
0.020192894738495892 
0.020192767340734004 
0.020192639969478014 
0.020192512624728036 
0.020192385306484175 
0.020192258014746545 
0.020192130749515279 
0.020192003510790462 
0.02019187629857221 
0.020191749112860619 
0.020191621953655804 
0.020191494820957907 
0.020191367714767008 
0.020191240635083211 
0.020191113581906631 
0.020190986555237402 
0.020190859555075606 
0.020190732581421362 
0.020190605634274765 
0.020190478713635936 
0.020190351819505008 
0.020190224951882059 
0.020190098110767201 
0.020189971296160548 
0.02018984450806223 
0.020189717746472338 
0.020189591011390971 
0.02018946430281825 
0.020189337620754273 
0.020189210965199184 
0.020189084336153063 
0.020188957733616023 
0.020188831157588169 
0.020188704608069642 
0.02018857808506052 
0.020188451588560918 
0.020188325118570934 
0.020188198675090693 
0.020188072258120322 
0.020187945867659908 
0.020187819503709556 
0.020187693166269376 
0.020187566855339505 
0.020187440570920038 
0.020187314313011059 
0.020187188081612704 
0.020187061876725067 
0.020186935698348285 
0.020186809546482446 
0.020186683421127661 
0.020186557322284041 
0.020186431249951682 
0.020186305204130724 
0.020186179184821268 
0.020186053192023403 
0.020185927225737248 
0.020185801285962937 
0.020185675372700555 
0.020185549485950204 
0.020185423625712004 
0.020185297791986058 
0.020185171984772508 
0.020185046204071428 
0.020184920449882938 
0.02018479472220714 
0.020184669021044176 
0.020184543346394117 
0.020184417698257087 
0.020184292076633189 
0.02018416648152253 
0.020184040912925257 
0.020183915370841434 
0.020183789855271191 
0.020183664366214625 
0.020183538903671881 
0.020183413467643029 
0.020183288058128177 
0.020183162675127455 
0.020183037318640962 
0.020182911988668836 
0.020182786685211136 
0.020182661408268014 
0.020182536157839558 
0.020182410933925879 
0.020182285736527108 
0.020182160565643335 
0.020182035421274665 
0.020181910303421209 
0.020181785212083109 
0.020181660147260437 
0.020181535108953312 
0.020181410097161838 
0.020181285111886122 
0.020181160153126314 
0.020181035220882486 
0.020180910315154746 
0.020180785435943208 
0.020180660583248008 
0.020180535757069223 
0.020180410957406972 
0.020180286184261358 
0.020180161437632488 
0.020180036717520507 
0.020179912023925502 
0.020179787356847563 
0.020179662716286816 
0.020179538102243395 
0.020179413514717373 
0.020179288953708869 
0.020179164419217993 
0.020179039911244843 
0.020178915429789578 
0.02017879097485226 
0.020178666546433004 
0.020178542144531922 
0.020178417769149151 
0.020178293420284769 
0.020178169097938892 
0.02017804480211163 
0.020177920532803085 
0.020177796290013397 
0.020177672073742652 
0.02017754788399095 
0.020177423720758408 
0.020177299584045141 
0.020177175473851276 
0.020177051390176903 
0.020176927333022128 
0.020176803302387056 
0.020176679298271827 
0.020176555320676526 
0.020176431369601257 
0.02017630744504614 
0.02017618354701128 
0.020176059675496804 
0.020175935830502808 
0.020175812012029396 
0.020175688220076676 
0.020175564454644787 
0.020175440715733808 
0.020175317003343848 
0.020175193317475033 
0.020175069658127445 
0.020174946025301246 
0.020174822418996499 
0.020174698839213325 
0.020174575285951835 
0.020174451759212154 
0.020174328258994376 
0.020174204785298605 
0.020174081338124959 
0.02017395791747353 
0.020173834523344474 
0.020173711155737864 
0.020173587814653803 
0.020173464500092417 
0.020173341212053827 
0.020173217950538128 
0.020173094715545424 
0.02017297150707582 
0.020172848325129427 
0.02017272516970639 
0.020172602040806786 
0.02017247893843073 
0.02017235586257831 
0.020172232813249664 
0.020172109790444918 
0.02017198679416415 
0.020171863824407471 
0.020171740881174991 
0.020171617964466856 
0.020171495074283133 
0.020171372210623945 
0.020171249373489394 
0.020171126562879584 
0.020171003778794667 
0.020170881021234717 
0.020170758290199837 
0.020170635585690155 
0.020170512907705784 
0.020170390256246826 
0.020170267631313386 
0.020170145032905568 
0.020170022461023483 
0.020169899915667269 
0.020169777396837008 
0.020169654904532808 
0.02016953243875479 
0.02016940999950308 
0.020169287586777752 
0.020169165200578935 
0.020169042840906728 
0.020168920507761239 
0.020168798201142608 
0.020168675921050917 
0.020168553667486284 
0.0201684314404488 
0.020168309239938616 
0.020168187065955811 
0.02016806491850049 
0.020167942797572769 
0.020167820703172756 
0.020167698635300588 
0.020167576593956349 
0.020167454579140136 
0.020167332590852075 
0.020167210629092276 
0.020167088693860861 
0.020166966785157916 
0.020166844902983563 
0.020166723047337902 
0.020166601218221069 
0.020166479415633154 
0.020166357639574254 
0.020166235890044491 
0.020166114167043975 
0.020165992470572828 
0.02016587080063114 
0.02016574915721903 
0.020165627540336597 
0.020165505949983981 
0.020165384386161268 
0.020165262848868555 
0.020165141338105961 
0.020165019853873603 
0.02016489839617161 
0.020164776965000054 
0.020164655560359065 
0.020164534182248738 
0.020164412830669214 
0.020164291505620578 
0.020164170207102934 
0.020164048935116394 
0.020163927689661073 
0.020163806470737101 
0.020163685278344567 
0.020163564112483563 
0.020163442973154224 
0.020163321860356638 
0.020163200774090964 
0.020163079714357261 
0.020162958681155651 
0.020162837674486248 
0.020162716694349173 
0.020162595740744523 
0.020162474813672403 
0.020162353913132921 
0.02016223303912619 
0.020162112191652339 
0.020161991370711466 
0.020161870576303663 
0.020161749808429053 
0.020161629067087756 
0.020161508352279874 
0.020161387664005506 
0.020161267002264765 
0.020161146367057761 
0.020161025758384622 
0.020160905176245445 
0.020160784620640328 
0.020160664091569382 
0.020160543589032749 
0.020160423113030509 
0.020160302663562772 
0.02016018224062965 
0.020160061844231247 
0.020159941474367702 
0.020159821131039091 
0.020159700814245545 
0.020159580523987149 
0.02015946026026405 
0.020159340023076337 
0.020159219812424106 
0.020159099628307472 
0.020158979470726552 
0.020158859339681479 
0.020158739235172324 
0.020158619157199211 
0.02015849910576225 
0.020158379080861537 
0.020158259082497219 
0.020158139110669382 
0.020158019165378124 
0.020157899246623562 
0.020157779354405825 
0.020157659488725013 
0.020157539649581221 
0.020157419836974555 
0.020157300050905144 
0.020157180291373106 
0.020157060558378521 
0.020156940851921518 
0.020156821172002192 
0.020156701518620694 
0.020156581891777083 
0.020156462291471482 
0.020156342717704012 
0.02015622317047476 
0.020156103649783881 
0.020155984155631447 
0.020155864688017573 
0.020155745246942369 
0.02015562583240596 
0.020155506444408441 
0.020155387082949925 
0.02015526774803051 
0.020155148439650314 
0.020155029157809458 
0.020154909902508046 
0.020154790673746183 
0.020154671471523968 
0.020154552295841545 
0.020154433146699 
0.020154314024096429 
0.020154194928033962 
0.020154075858511686 
0.020153956815529755 
0.020153837799088248 
0.020153718809187263 
0.020153599845826917 
0.020153480909007329 
0.020153361998728633 
0.020153243114990897 
0.020153124257794246 
0.020153005427138777 
0.020152886623024641 
0.020152767845451905 
0.020152649094420688 
0.020152530369931101 
0.020152411671983249 
0.020152293000577276 
0.020152174355713249 
0.020152055737391292 
0.020151937145611518 
0.020151818580374049 
0.020151700041678974 
0.020151581529526397 
0.020151463043916441 
0.020151344584849209 
0.020151226152324838 
0.020151107746343405 
0.020150989366905021 
0.020150871014009808 
0.02015075268765789 
0.020150634387849344 
0.020150516114584301 
0.020150397867862851 
0.020150279647685114 
0.020150161454051223 
0.020150043286961267 
0.020149925146415341 
0.020149807032413571 
0.020149688944956071 
0.020149570884042952 
0.020149452849674308 
0.020149334841850251 
0.020149216860570886 
0.020149098905836355 
0.020148980977646742 
0.020148863076002155 
0.020148745200902703 
0.020148627352348496 
0.020148509530339666 
0.0201483917348763 
0.020148273965958509 
0.0201481562235864 
0.020148038507760119 
0.020147920818479728 
0.020147803155745353 
0.020147685519557108 
0.020147567909915079 
0.02014745032681943 
0.020147332770270227 
0.020147215240267583 
0.020147097736811611 
0.020146980259902442 
0.020146862809540159 
0.020146745385724873 
0.020146627988456706 
0.020146510617735751 
0.020146393273562151 
0.020146275955935988 
0.020146158664857371 
0.020146041400326414 
0.020145924162343242 
0.020145806950907945 
0.020145689766020644 
0.02014557260768143 
0.020145455475890417 
0.020145338370647751 
0.020145221291953504 
0.020145104239807799 
0.020144987214210729 
0.020144870215162418 
0.020144753242662988 
0.020144636296712527 
0.020144519377311161 
0.020144402484458972 
0.020144285618156118 
0.020144168778402676 
0.02014405196519875 
0.020143935178544448 
0.020143818418439891 
0.020143701684885218 
0.020143584977880491 
0.020143468297425835 
0.020143351643521362 
0.020143235016167195 
0.020143118415363426 
0.020143001841110165 
0.020142885293407523 
0.020142768772255605 
0.020142652277654549 
0.020142535809604439 
0.020142419368105381 
0.020142302953157484 
0.020142186564760897 
0.020142070202915689 
0.020141953867621975 
0.020141837558879855 
0.020141721276689457 
0.020141605021050911 
0.020141488791964292 
0.020141372589429708 
0.020141256413447287 
0.020141140264017136 
0.020141024141139371 
0.020140908044814082 
0.020140791975041383 
0.020140675931821381 
0.020140559915154215 
0.020140443925039962 
0.02014032796147874 
0.020140212024470663 
0.020140096114015828 
0.020139980230114374 
0.020139864372766395 
0.020139748541971984 
0.020139632737731263 
0.020139516960044356 
0.020139401208911362 
0.020139285484332376 
0.020139169786307521 
0.020139054114836897 
0.020138938469920646 
0.020138822851558848 
0.020138707259751604 
0.020138591694499042 
0.020138476155801281 
0.020138360643658426 
0.020138245158070559 
0.020138129699037804 
0.02013801426656028 
0.020137898860638097 
0.020137783481271362 
0.020137668128460181 
0.020137552802204656 
0.020137437502504924 
0.020137322229361071 
0.020137206982773201 
0.020137091762741446 
0.020136976569265882 
0.020136861402346669 
0.020136746261983883 
0.020136631148177622 
0.020136516060928016 
0.020136401000235189 
0.020136285966099229 
0.020136170958520251 
0.020136055977498346 
0.020135941023033638 
0.020135826095126264 
0.020135711193776305 
0.020135596318983869 
0.020135481470749055 
0.020135366649071989 
0.020135251853952804 
0.020135137085391584 
0.020135022343388428 
0.020134907627943451 
0.0201347929390568 
0.020134678276728546 
0.020134563640958794 
0.020134449031747669 
0.020134334449095272 
0.020134219893001737 
0.020134105363467152 
0.020133990860491634 
0.020133876384075274 
0.02013376193421821 
0.020133647510920543 
0.020133533114182374 
0.02013341874400381 
0.020133304400384956 
0.020133190083325963 
0.020133075792826898 
0.020132961528887879 
0.020132847291509014 
0.02013273308069044 
0.020132618896432246 
0.020132504738734524 
0.020132390607597399 
0.020132276503020984 
0.020132162425005398 
0.020132048373550735 
0.020131934348657107 
0.020131820350324625 
0.020131706378553403 
0.020131592433343559 
0.02013147851469517 
0.020131364622608373 
0.020131250757083264 
0.020131136918119977 
0.020131023105718598 
0.020130909319879237 
0.020130795560602013 
0.020130681827887017 
0.020130568121734388 
0.02013045444214423 
0.020130340789116637 
0.020130227162651719 
0.020130113562749609 
0.020129999989410393 
0.020129886442634182 
0.020129772922421088 
0.020129659428771218 
0.02012954596168471 
0.020129432521161651 
0.020129319107202132 
0.020129205719806285 
0.020129092358974237 
0.020128979024706065 
0.020128865717001888 
0.020128752435861812 
0.020128639181285955 
0.020128525953274433 
0.020128412751827352 
0.0201282995769448 
0.020128186428626911 
0.020128073306873797 
0.020127960211685558 
0.020127847143062292 
0.020127734101004126 
0.020127621085511149 
0.0201275080965835 
0.020127395134221283 
0.020127282198424575 
0.02012716928919352 
0.020127056406528208 
0.020126943550428773 
0.020126830720895307 
0.020126717917927913 
0.020126605141526706 
0.020126492391691824 
0.020126379668423337 
0.02012626697172137 
0.020126154301586027 
0.020126041658017412 
0.020125929041015667 
0.020125816450580879 
0.020125703886713146 
0.020125591349412598 
0.020125478838679343 
0.02012536635451349 
0.020125253896915128 
0.020125141465884386 
0.020125029061421353 
0.02012491668352618 
0.020124804332198949 
0.020124692007439774 
0.020124579709248747 
0.020124467437626015 
0.020124355192571667 
0.020124242974085795 
0.020124130782168532 
0.020124018616819967 
0.02012390647804025 
0.020123794365829457 
0.020123682280187696 
0.020123570221115095 
0.020123458188611762 
0.020123346182677793 
0.020123234203313307 
0.020123122250518394 
0.020123010324293186 
0.020122898424637804 
0.020122786551552332 
0.020122674705036887 
0.020122562885091573 
0.020122451091716502 
0.020122339324911809 
0.02012222758467757 
0.020122115871013913 
0.020122004183920923 
0.020121892523398761 
0.020121780889447494 
0.020121669282067236 
0.020121557701258098 
0.020121446147020192 
0.020121334619353656 
0.020121223118258553 
0.020121111643735021 
0.020121000195783147 
0.02012088877440308 
0.0201207773795949 
0.020120666011358718 
0.020120554669694642 
0.020120443354602783 
0.020120332066083269 
0.020120220804136196 
0.020120109568761663 
0.020119998359959795 
0.020119887177730698 
0.02011977602207449 
0.02011966489299126 
0.020119553790481127 
0.020119442714544196 
0.020119331665180609 
0.020119220642390433 
0.020119109646173788 
0.020118998676530796 
0.020118887733461575 
0.020118776816966215 
0.020118665927044817 
0.020118555063697509 
0.020118444226924388 
0.020118333416725601 
0.020118222633101208 
0.02011811187605134 
0.020118001145576107 
0.020117890441675602 
0.020117779764349975 
0.020117669113599305 
0.020117558489423704 
0.020117447891823279 
0.020117337320798161 
0.020117226776348439 
0.020117116258474232 
0.020117005767175632 
0.020116895302452763 
0.020116784864305754 
0.020116674452734681 
0.020116564067739668 
0.02011645370932082 
0.020116343377478266 
0.020116233072212105 
0.020116122793522428 
0.020116012541409354 
0.020115902315872996 
0.020115792116913486 
0.020115681944530894 
0.020115571798725355 
0.020115461679496967 
0.02011535158684586 
0.020115241520772133 
0.020115131481275878 
0.020115021468357211 
0.020114911482016249 
0.02011480152225311 
0.020114691589067899 
0.020114581682460716 
0.020114471802431672 
0.020114361948980891 
0.020114252122108472 
0.020114142321814514 
0.02011403254809915 
0.020113922800962455 
0.020113813080404594 
0.020113703386425621 
0.020113593719025675 
0.020113484078204857 
0.020113374463963267 
0.020113264876301048 
0.020113155315218279 
0.020113045780715075 
0.020112936272791555 
0.020112826791447828 
0.020112717336684002 
0.020112607908500179 
0.020112498506896469 
0.020112389131872965 
0.020112279783429839 
0.020112170461567141 
0.020112061166284993 
0.020111951897583507 
0.020111842655462817 
0.020111733439923 
0.020111624250964182 
0.020111515088586461 
0.02011140595278995 
0.020111296843574777 
0.020111187760941032 
0.020111078704888822 
0.020110969675418266 
0.020110860672529492 
0.020110751696222572 
0.020110642746497643 
0.020110533823354797 
0.020110424926794147 
0.020110316056815826 
0.020110207213419915 
0.020110098396606532 
0.020109989606375778 
0.020109880842727773 
0.02010977210566265 
0.020109663395180489 
0.020109554711281393 
0.020109446053965491 
0.020109337423232898 
0.02010922881908371 
0.020109120241518032 
0.020109011690535975 
0.020108903166137646 
0.020108794668323195 
0.020108686197092687 
0.020108577752446233 
0.020108469334383958 
0.020108360942905985 
0.020108252578012398 
0.020108144239703311 
0.020108035927978829 
0.020107927642839068 
0.020107819384284166 
0.020107711152314189 
0.02010760294692927 
0.020107494768129498 
0.020107386615915022 
0.020107278490285922 
0.02010717039124231 
0.020107062318784293 
0.020106954272911978 
0.020106846253625511 
0.020106738260924954 
0.020106630294810447 
0.02010652235528208 
0.020106414442339977 
0.020106306555984249 
0.020106198696214994 
0.020106090863032319 
0.020105983056436336 
0.020105875276427189 
0.020105767523004942 
0.020105659796169725 
0.020105552095921631 
0.020105444422260782 
0.020105336775187308 
0.020105229154701296 
0.020105121560802849 
0.020105013993492082 
0.020104906452769127 
0.02010479893863407 
0.02010469145108703 
0.020104583990128096 
0.020104476555757405 
0.02010436914797507 
0.020104261766781178 
0.020104154412175848 
0.02010404708415918 
0.020103939782731312 
0.020103832507892327 
0.020103725259642349 
0.020103618037981465 
0.020103510842909809 
0.020103403674427485 
0.020103296532534606 
0.020103189417231271 
0.020103082328517589 
0.020102975266393687 
0.020102868230859675 
0.020102761221915632 
0.020102654239561681 
0.020102547283797942 
0.020102440354624537 
0.02010233345204154 
0.020102226576049084 
0.020102119726647268 
0.020102012903836231 
0.020101906107616058 
0.020101799337986843 
0.020101692594948709 
0.020101585878501776 
0.020101479188646149 
0.020101372525381942 
0.020101265888709256 
0.020101159278628194 
0.020101052695138868 
0.020100946138241413 
0.020100839607935916 
0.020100733104222491 
0.020100626627101232 
0.020100520176572295 
0.020100413752635739 
0.0201003073552917 
0.020100200984540274 
0.020100094640381577 
0.020099988322815735 
0.020099882031842833 
0.020099775767462986 
0.02009966952967631 
0.020099563318482921 
0.020099457133882927 
0.02009935097587642 
0.020099244844463508 
0.020099138739644317 
0.020099032661418971 
0.020098926609787553 
0.020098820584750186 
0.020098714586306958 
0.020098608614458016 
0.02009850266920345 
0.020098396750543368 
0.02009829085847786 
0.02009818499300706 
0.020098079154131095 
0.020097973341850046 
0.020097867556164033 
0.020097761797073149 
0.020097656064577536 
0.020097550358677288 
0.020097444679372495 
0.020097339026663292 
0.020097233400549773 
0.020097127801032073 
0.020097022228110276 
0.020096916681784493 
0.020096811162054837 
0.020096705668921414 
0.020096600202384372 
0.020096494762443767 
0.020096389349099738 
0.020096283962352385 
0.020096178602201833 
0.020096073268648176 
0.020095967961691517 
0.020095862681331976 
0.020095757427569656 
0.020095652200404681 
0.020095546999837167 
0.020095441825867186 
0.02009533667849488 
0.020095231557720365 
0.020095126463543733 
0.020095021395965085 
0.020094916354984536 
0.0200948113406022 
0.020094706352818202 
0.020094601391632643 
0.020094496457045613 
0.02009439154905724 
0.020094286667667646 
0.020094181812876918 
0.020094076984685169 
0.020093972183092501 
0.020093867408099035 
0.020093762659704896 
0.020093657937910171 
0.02009355324271498 
0.020093448574119415 
0.020093343932123607 
0.020093239316727674 
0.020093134727931703 
0.020093030165735808 
0.020092925630140097 
0.020092821121144695 
0.020092716638749702 
0.02009261218295523 
0.020092507753761372 
0.020092403351168252 
0.020092298975175987 
0.020092194625784685 
0.020092090302994442 
0.020091986006805371 
0.020091881737217598 
0.020091777494231234 
0.020091673277846347 
0.020091569088063081 
0.020091464924881539 
0.02009136078830184 
0.020091256678324086 
0.020091152594948383 
0.020091048538174838 
0.02009094450800358 
0.020090840504434701 
0.020090736527468324 
0.020090632577104525 
0.020090528653343438 
0.020090424756185197 
0.020090320885629884 
0.020090217041677603 
0.020090113224328462 
0.020090009433582613 
0.020089905669440123 
0.020089801931901102 
0.020089698220965669 
0.020089594536633944 
0.020089490878906026 
0.020089387247782035 
0.020089283643262068 
0.02008918006534622 
0.020089076514034628 
0.020088972989327408 
0.020088869491224647 
0.020088766019726475 
0.02008866257483297 
0.020088559156544276 
0.020088455764860493 
0.020088352399781722 
0.020088249061308058 
0.020088145749439637 
0.020088042464176573 
0.020087939205518962 
0.02008783597346692 
0.020087732768020533 
0.020087629589179947 
0.020087526436945263 
0.020087423311316559 
0.02008732021229398 
0.020087217139877617 
0.020087114094067597 
0.020087011074864016 
0.020086908082266982 
0.020086805116276602 
0.020086702176893022 
0.020086599264116305 
0.020086496377946583 
0.020086393518383944 
0.020086290685428523 
0.020086187879080439 
0.020086085099339776 
0.020085982346206645 
0.020085879619681158 
0.020085776919763446 
0.020085674246453609 
0.020085571599751731 
