0.22844168100326984 
0.11185269716034205 
0.11185269716034205 
0.067995789743141632 
0.020100522184198 
0.020100522184198 
0.020100522184198 
0.020100522184198 
0.020100522184198 
0.020100522184198 
0.020100522184198 
0.010619206716897759 
9.7211852349136002e-05 
9.7211852349136002e-05 
9.7211852349136002e-05 
9.7211852349136002e-05 
9.7211852349136002e-05 
9.7211852349136002e-05 
9.7211852349136002e-05 
9.7211852349136002e-05 
9.7211852349136002e-05 
9.7211852349136002e-05 
9.7211852349136002e-05 
9.7211852349136002e-05 
9.7211852349136002e-05 
9.7211852349136002e-05 
9.7211852349136002e-05 
9.7211852349136002e-05 
9.7211852349136002e-05 
9.7211852349136002e-05 
9.7211852349136002e-05 
9.7211852349136002e-05 
9.7211852349136002e-05 
9.7211852349136002e-05 
9.7211852349136002e-05 
9.7211852349136002e-05 
4.6942333357295549e-05 
4.6942333357295549e-05 
4.6942333357295549e-05 
4.6942333357295549e-05 
4.6942333357295549e-05 
4.6942333357295549e-05 
4.6942333357295549e-05 
4.4190785403707459e-05 
4.4190785403707459e-05 
2.5231879882460426e-05 
2.5231879882460426e-05 
2.5231879882460426e-05 
2.5231879882460426e-05 
2.5231879882460426e-05 
1.0210180099034441e-05 
1.0210180099034441e-05 
1.0210180099034441e-05 
1.0210180099034441e-05 
1.0210180099034441e-05 
1.0210180099034441e-05 
1.0210180099034441e-05 
1.0210180099034441e-05 
1.0210180099034441e-05 
1.0210180099034441e-05 
1.0210180099034441e-05 
1.0210180099034441e-05 
1.0210180099034441e-05 
1.0210180099034441e-05 
1.0210180099034441e-05 
1.0210180099034441e-05 
1.0210180099034441e-05 
1.0210180099034441e-05 
1.0210180099034441e-05 
1.0210180099034441e-05 
1.0210180099034441e-05 
1.0210180099034441e-05 
1.0210180099034441e-05 
1.0210180099034441e-05 
1.0210180099034441e-05 
1.0210180099034441e-05 
1.0210180099034441e-05 
1.0210180099034441e-05 
1.0210180099034441e-05 
1.0210180099034441e-05 
1.0210180099034441e-05 
1.0210180099034441e-05 
1.0210180099034441e-05 
1.0210180099034441e-05 
1.0210180099034441e-05 
1.0210180099034441e-05 
1.0210180099034441e-05 
1.0210180099034441e-05 
1.0210180099034441e-05 
1.0210180099034441e-05 
1.0210180099034441e-05 
1.0210180099034441e-05 
1.0210180099034441e-05 
1.0210180099034441e-05 
1.0210180099034441e-05 
1.0210180099034441e-05 
1.0210180099034441e-05 
1.0210180099034441e-05 
8.3228359303998172e-06 
8.3228359303998172e-06 
2.3705654298724665e-06 
1.4352627770567303e-06 
1.4352627770567303e-06 
1.4352627770567303e-06 
1.4352627770567303e-06 
1.4352627770567303e-06 
1.4352627770567303e-06 
1.4352627770567303e-06 
1.4352627770567303e-06 
1.4352627770567303e-06 
1.4352627770567303e-06 
1.4352627770567303e-06 
1.4352627770567303e-06 
1.0399515668684555e-06 
1.0399515668684555e-06 
7.9290185202711904e-07 
7.9290185202711904e-07 
4.6767025672571335e-07 
4.6767025672571335e-07 
4.6767025672571335e-07 
1.9716627635052643e-07 
1.9716627635052643e-07 
1.9716627635052643e-07 
1.9716627635052643e-07 
1.9716627635052643e-07 
1.9716627635052643e-07 
1.9716627635052643e-07 
1.4572858761256531e-07 
1.4572858761256531e-07 
1.4572858761256531e-07 
1.4572858761256531e-07 
1.4572858761256531e-07 
1.4572858761256531e-07 
1.4572858761256531e-07 
1.4572858761256531e-07 
1.2853333164087382e-07 
1.2853333164087382e-07 
1.2853333164087382e-07 
1.2853333164087382e-07 
1.2853333164087382e-07 
1.2853333164087382e-07 
1.2853333164087382e-07 
4.0075485166691107e-08 
4.0075485166691107e-08 
4.0075485166691107e-08 
4.0075485166691107e-08 
4.0075485166691107e-08 
4.0075485166691107e-08 
4.0075485166691107e-08 
4.0075485166691107e-08 
4.0075485166691107e-08 
4.0075485166691107e-08 
4.0075485166691107e-08 
4.0075485166691107e-08 
4.0075485166691107e-08 
2.0205807785915891e-08 
2.0205807785915891e-08 
2.0205807785915891e-08 
2.0205807785915891e-08 
2.0205807785915891e-08 
2.0205807785915891e-08 
2.0205807785915891e-08 
1.3296852002611603e-08 
1.3296852002611603e-08 
1.3296852002611603e-08 
1.3296852002611603e-08 
1.3296852002611603e-08 
1.3296852002611603e-08 
1.3296852002611603e-08 
1.3296852002611603e-08 
1.3296852002611603e-08 
1.3296852002611603e-08 
1.3296852002611603e-08 
1.3296852002611603e-08 
1.3296852002611603e-08 
1.3296852002611603e-08 
1.3296852002611603e-08 
1.3296852002611603e-08 
1.3296852002611603e-08 
1.3296852002611603e-08 
1.3296852002611603e-08 
1.3296852002611603e-08 
1.3296852002611603e-08 
1.3296852002611603e-08 
1.3296852002611603e-08 
1.3296852002611603e-08 
1.3296852002611603e-08 
1.3296852002611603e-08 
1.3296852002611603e-08 
1.3296852002611603e-08 
1.3296852002611603e-08 
1.3296852002611603e-08 
1.3296852002611603e-08 
1.3296852002611603e-08 
1.3296852002611603e-08 
1.3296852002611603e-08 
1.3296852002611603e-08 
1.3296852002611603e-08 
1.3296852002611603e-08 
1.3296852002611603e-08 
1.3296852002611603e-08 
1.3296852002611603e-08 
1.3296852002611603e-08 
1.3296852002611603e-08 
1.3296852002611603e-08 
1.3296852002611603e-08 
1.3296852002611603e-08 
1.3296852002611603e-08 
1.3296852002611603e-08 
1.3296852002611603e-08 
1.3296852002611603e-08 
1.3296852002611603e-08 
1.3296852002611603e-08 
1.3296852002611603e-08 
1.3296852002611603e-08 
1.3296852002611603e-08 
1.3296852002611603e-08 
1.3296852002611603e-08 
1.3296852002611603e-08 
1.3296852002611603e-08 
1.3296852002611603e-08 
1.3296852002611603e-08 
1.3296852002611603e-08 
1.3296852002611603e-08 
1.3296852002611603e-08 
1.3296852002611603e-08 
9.4588856570753684e-09 
9.4588856570753684e-09 
9.4588856570753684e-09 
9.4588856570753684e-09 
3.4796706906150868e-09 
3.4796706906150868e-09 
3.4796706906150868e-09 
3.4796706906150868e-09 
3.4796706906150868e-09 
3.4796706906150868e-09 
3.4796706906150868e-09 
3.404473382447479e-09 
3.404473382447479e-09 
3.404473382447479e-09 
3.404473382447479e-09 
3.404473382447479e-09 
3.404473382447479e-09 
3.404473382447479e-09 
3.404473382447479e-09 
3.404473382447479e-09 
3.404473382447479e-09 
3.404473382447479e-09 
3.404473382447479e-09 
3.404473382447479e-09 
3.404473382447479e-09 
3.404473382447479e-09 
3.404473382447479e-09 
3.404473382447479e-09 
3.404473382447479e-09 
3.404473382447479e-09 
3.404473382447479e-09 
3.404473382447479e-09 
3.404473382447479e-09 
3.404473382447479e-09 
3.404473382447479e-09 
3.404473382447479e-09 
3.404473382447479e-09 
3.404473382447479e-09 
3.404473382447479e-09 
3.404473382447479e-09 
3.404473382447479e-09 
3.404473382447479e-09 
3.404473382447479e-09 
3.404473382447479e-09 
3.404473382447479e-09 
3.404473382447479e-09 
3.4023770182965009e-09 
3.4023770182965009e-09 
3.4023770182965009e-09 
3.4023770182965009e-09 
3.4023770182965009e-09 
3.4023770182965009e-09 
3.4023770182965009e-09 
3.4023770182965009e-09 
3.4023770182965009e-09 
3.4023770182965009e-09 
3.4023770182965009e-09 
3.4023770182965009e-09 
3.4023770182965009e-09 
3.4023770182965009e-09 
3.4023770182965009e-09 
3.4023770182965009e-09 
3.4023770182965009e-09 
3.4023200051158407e-09 
3.4023200051158407e-09 
3.4023200051158407e-09 
3.4015904636213736e-09 
3.4015904636213736e-09 
3.4015904636213736e-09 
3.4015904636213736e-09 
3.4015904636213736e-09 
3.4015904636213736e-09 
3.4015904636213736e-09 
3.4015904636213736e-09 
3.4015904636213736e-09 
3.4015904636213736e-09 
3.4015904636213736e-09 
3.4015904636213736e-09 
3.4015904636213736e-09 
3.4015904636213736e-09 
3.4015904636213736e-09 
3.4015904636213736e-09 
3.4015904636213736e-09 
3.4015904636213736e-09 
3.4015904636213736e-09 
3.4015904636213736e-09 
3.4015904636213736e-09 
3.4015904636213736e-09 
3.4015904636213736e-09 
3.4015904636213736e-09 
3.4015904636213736e-09 
3.4015904636213736e-09 
3.4015904636213736e-09 
3.4015904636213736e-09 
3.4015904636213736e-09 
3.4015904636213736e-09 
3.4015904636213736e-09 
3.4015904636213736e-09 
3.4015904636213736e-09 
3.4015904636213736e-09 
3.4015904636213736e-09 
3.4015904636213736e-09 
3.4015904636213736e-09 
3.4015904636213736e-09 
3.4015904636213736e-09 
3.4015904636213736e-09 
3.4015904636213736e-09 
3.4015904636213736e-09 
3.4015904636213736e-09 
3.4015904636213736e-09 
3.4015904636213736e-09 
3.4015904636213736e-09 
3.4015904636213736e-09 
3.4015904636213736e-09 
3.4015904636213736e-09 
3.4015904636213736e-09 
3.4015904636213736e-09 
3.4015904636213736e-09 
3.4015904636213736e-09 
3.4015904636213736e-09 
3.4015904636213736e-09 
3.4015904636213736e-09 
3.4015904636213736e-09 
3.4015904636213736e-09 
3.4015904636213736e-09 
3.4015904636213736e-09 
3.4015904636213736e-09 
3.4015904636213736e-09 
3.4015904636213736e-09 
3.4015904636213736e-09 
3.4015904636213736e-09 
3.4015904636213736e-09 
3.4015904636213736e-09 
3.4015904636213736e-09 
3.4015904636213736e-09 
3.4015904636213736e-09 
3.4015904636213736e-09 
3.4015904636213736e-09 
3.4015904636213736e-09 
3.4015904636213736e-09 
3.4015904636213736e-09 
3.4015904636213736e-09 
3.4015904636213736e-09 
3.4015904636213736e-09 
3.4015904636213736e-09 
3.4015904636213736e-09 
3.4015904636213736e-09 
3.4015904636213736e-09 
3.4015904636213736e-09 
3.4015904636213736e-09 
3.4015904636213736e-09 
3.4015904636213736e-09 
3.4015904636213736e-09 
3.4015904636213736e-09 
3.4015904636213736e-09 
3.4015904636213736e-09 
3.4015904636213736e-09 
3.4015904636213736e-09 
3.4015904636213736e-09 
3.4015904636213736e-09 
3.4015904636213736e-09 
3.4015904636213736e-09 
3.4015904636213736e-09 
3.4015904636213736e-09 
3.4015904636167571e-09 
3.4015904636167571e-09 
3.4015904636167571e-09 
3.4015904636154526e-09 
3.4015904636154526e-09 
3.4015904636154526e-09 
3.4015904636154526e-09 
3.4015904636154526e-09 
3.4015904636154526e-09 
3.4015904636154526e-09 
3.4015904636076081e-09 
3.4015904636076081e-09 
3.4015904636076081e-09 
3.4015904636076081e-09 
3.4015904636076081e-09 
3.4015904636076081e-09 
3.4015904636076081e-09 
3.4015904636076081e-09 
3.4015904635758476e-09 
3.4015904635758476e-09 
3.4015904635639387e-09 
3.4015904635590207e-09 
3.4015904635590207e-09 
3.4015904635590207e-09 
3.4015904635582014e-09 
3.4015904635295354e-09 
3.4015904635295354e-09 
3.4015904635295354e-09 
3.4015904634936284e-09 
3.4015904634705963e-09 
3.4015904634541495e-09 
3.4015904634196689e-09 
3.4015904633942004e-09 
3.401590463355033e-09 
3.4015904633241854e-09 
3.4015904633241854e-09 
3.4015904633241854e-09 
3.4015904632993981e-09 
3.4015904632612522e-09 
3.4015904632612522e-09 
3.4015904632612522e-09 
3.4015904632612522e-09 
3.401590463230915e-09 
3.401590463230915e-09 
3.4015904631910436e-09 
3.40159046317024e-09 
3.4015904631305391e-09 
3.4015904631166702e-09 
3.4015904631166702e-09 
3.4015904631166702e-09 
3.4015904631166702e-09 
3.4015904631166702e-09 
3.4015904631166702e-09 
3.4015904631166702e-09 
3.4015904631166702e-09 
3.4015904631166702e-09 
3.4015904631166702e-09 
3.4015904631166702e-09 
3.4015904631166702e-09 
3.4015904631166702e-09 
3.4015904631166702e-09 
3.4015904631166702e-09 
3.4015904631166702e-09 
3.4015904631166702e-09 
3.4015904631166702e-09 
3.4015904631166702e-09 
3.4015904631166702e-09 
3.4015904631166702e-09 
3.4015904631166702e-09 
3.4015904631166702e-09 
3.4015904631166702e-09 
3.4015904631166702e-09 
3.4015904631166702e-09 
3.4015904631166702e-09 
3.4015904631166702e-09 
3.4015904631166702e-09 
3.4015904631166702e-09 
3.4015904631166702e-09 
3.4015904631166702e-09 
3.4015904631166702e-09 
3.4015904631166702e-09 
3.4015904631166702e-09 
3.4015904631166702e-09 
3.4015904631166702e-09 
3.4015904631166702e-09 
3.4015904631166702e-09 
3.4015904631166702e-09 
3.4015904631166702e-09 
3.4015904631166702e-09 
3.4015904631166702e-09 
3.4015904631166702e-09 
3.4015904631166702e-09 
3.4015904631166702e-09 
3.4015904631166702e-09 
3.4015904631166702e-09 
3.4015904631166702e-09 
3.4015904631166702e-09 
3.4015904631166702e-09 
3.4015904631166702e-09 
3.4015904631166702e-09 
3.4015904631166702e-09 
3.4015904631166702e-09 
3.4015904631166702e-09 
3.4015904631166702e-09 
3.4015904631166702e-09 
3.4015904631166702e-09 
3.4015904631166702e-09 
3.4015904631166702e-09 
3.4015904631166702e-09 
3.4015904631166702e-09 
3.4015904631166702e-09 
3.4015904631166702e-09 
3.4015904631166702e-09 
3.4015904631166702e-09 
3.4015904631166702e-09 
3.4015904631166702e-09 
3.4015904631166702e-09 
3.4015904631166702e-09 
3.4015904631166702e-09 
3.4015904631166702e-09 
3.4015904631166702e-09 
3.4015904631166702e-09 
3.4015904631166702e-09 
3.4015904631166702e-09 
3.4015904631166702e-09 
3.4015904631166702e-09 
3.4015904631166702e-09 
3.4015904631166702e-09 
3.4015904631166702e-09 
3.4015904631166702e-09 
3.4015904631166702e-09 
3.4015904631166702e-09 
3.4015904631166702e-09 
3.4015904631166702e-09 
3.4015904631166702e-09 
3.4015904631166702e-09 
3.4015904631166702e-09 
3.4015904631166702e-09 
3.4015904631166702e-09 
3.4015904631166702e-09 
3.4015904631166702e-09 
3.4015904631166702e-09 
3.4015904631166702e-09 
3.4015904631166702e-09 
3.4015904631166702e-09 
3.4015904631166702e-09 
3.4015904631166702e-09 
3.4015904631166702e-09 
3.4015904631166702e-09 
3.4015904631166702e-09 
3.4015904631166702e-09 
3.4015904631166702e-09 
3.4015904631166702e-09 
3.4015904631166702e-09 
3.4015904631166702e-09 
3.4015904631166702e-09 
3.4015904631166702e-09 
3.4015904631166702e-09 
3.4015904631166702e-09 
3.4015904631166702e-09 
3.4015904631166702e-09 
3.2181190897082959e-09 
3.2181190897082959e-09 
3.2181190897082959e-09 
3.2131660785135232e-09 
3.2131660785135232e-09 
3.2131660785135232e-09 
3.1573491948088178e-09 
3.1573491948088178e-09 
3.1573491948088178e-09 
3.1573491948088178e-09 
3.1573491948088178e-09 
3.1573491948088178e-09 
3.1573491948088178e-09 
3.1567176454040711e-09 
3.1567176454040711e-09 
3.1567176454040711e-09 
3.1567176454040711e-09 
3.1567176454040711e-09 
3.1567176454040711e-09 
3.1567176454040711e-09 
3.1567176454040711e-09 
3.1567176454040711e-09 
3.1567176454040711e-09 
3.1567176454040711e-09 
3.1567176454040711e-09 
3.1567176454040711e-09 
3.1567176454040711e-09 
3.1567176454040711e-09 
3.1567176454040711e-09 
3.1567176454040711e-09 
3.1567176454040711e-09 
3.1567176454040711e-09 
3.1567176454040711e-09 
3.1567176454040711e-09 
3.1567176454040711e-09 
3.1567176454040711e-09 
3.1567176454040711e-09 
3.1567148938522397e-09 
3.1567148938522397e-09 
3.1567148938522397e-09 
3.1567148938522397e-09 
3.1567148938522397e-09 
3.1567148938522397e-09 
3.1567148938522397e-09 
3.1567148938522397e-09 
3.1567148938522397e-09 
3.1567148938522397e-09 
3.1567148938522397e-09 
3.156712550506438e-09 
3.156712550506438e-09 
3.156712550506438e-09 
3.156712550506438e-09 
3.156712550506438e-09 
3.156712550506438e-09 
3.156712550506438e-09 
3.156712550506438e-09 
3.156712550506438e-09 
3.156712550506438e-09 
3.156712550506438e-09 
3.156712550506438e-09 
3.156712550506438e-09 
3.156712550506438e-09 
3.156712550506438e-09 
3.156712550506438e-09 
3.156712550506438e-09 
3.156712550506438e-09 
3.156712550506438e-09 
3.156712550506438e-09 
3.156712550506438e-09 
3.156712550506438e-09 
3.156712550506438e-09 
3.156712550506438e-09 
3.1567125505064375e-09 
3.1567125505064375e-09 
3.1567125505064375e-09 
3.1567125505064375e-09 
3.1567125505064375e-09 
3.1567125505064375e-09 
3.1567125505064375e-09 
3.1567125505064375e-09 
3.1567125505064375e-09 
3.1567125505064375e-09 
3.1567125505064375e-09 
3.1567125505064375e-09 
3.1567125505064375e-09 
3.1567125505064375e-09 
3.1567125505064375e-09 
3.1567125505064375e-09 
3.1567125505064375e-09 
3.1567125505016569e-09 
3.1567125505016569e-09 
3.1567125505016569e-09 
3.1567125504984213e-09 
3.1567125504984213e-09 
3.1567125504984213e-09 
3.1567125504984213e-09 
3.1567125504984213e-09 
3.1567125504984213e-09 
3.1567125504960316e-09 
3.1567125504960316e-09 
3.1567125504960316e-09 
3.1567125504960316e-09 
3.1567125504960316e-09 
3.1567125504933731e-09 
3.1567125504896288e-09 
3.1567125504896288e-09 
3.1567125504896288e-09 
3.1567125504896288e-09 
3.1567125504878016e-09 
3.1567125504878016e-09 
3.1567125504878016e-09 
3.1567125504878016e-09 
3.1567125504878016e-09 
3.1567125504878016e-09 
3.1567125504878016e-09 
3.1567125504878016e-09 
3.1567125504878016e-09 
3.1567125504878016e-09 
3.1567125504878016e-09 
3.1567125504878016e-09 
3.1567125504878016e-09 
3.1567125504878016e-09 
3.1567125504878016e-09 
3.1567125504878016e-09 
3.1567125504878016e-09 
3.1567125504878016e-09 
3.1567125504878016e-09 
3.1567125504878016e-09 
3.1567125504878016e-09 
3.1567125504878016e-09 
3.1567125504878016e-09 
3.1567125504878016e-09 
3.1567125504878016e-09 
3.1567125504878016e-09 
3.1567125504878016e-09 
3.1567125504878016e-09 
3.1567125504878016e-09 
3.1567125504878016e-09 
3.1567125504878016e-09 
3.1567125504878016e-09 
3.1567125504878016e-09 
3.1567125504878016e-09 
3.1567125504878016e-09 
3.1567125504878016e-09 
3.1567125504878016e-09 
3.1567125504878016e-09 
3.1567125504878016e-09 
3.1567125504878016e-09 
3.1567125504878016e-09 
1.3794739453752342e-09 
1.3794739453752342e-09 
1.3794739453752342e-09 
1.3794739453752342e-09 
1.3794739453752342e-09 
1.3794739453752342e-09 
1.3794739453752342e-09 
1.3794739453752342e-09 
1.3794739453752342e-09 
1.3794739453752342e-09 
1.3794739453752342e-09 
1.3794739453752342e-09 
1.3794739453752342e-09 
1.3794739453752342e-09 
1.3794739453752342e-09 
1.3794739453752342e-09 
1.3794739453752342e-09 
1.3794739453752342e-09 
1.3794739453752342e-09 
1.3794739453752342e-09 
1.3794739453752342e-09 
1.3794739453752342e-09 
1.3794739453752342e-09 
1.3794739453752342e-09 
1.3794739453752342e-09 
1.3794739453752342e-09 
1.3794739453752342e-09 
1.3794739453752342e-09 
1.3794739453752342e-09 
1.3794739453752342e-09 
1.2121979957242354e-09 
1.2121979957242354e-09 
1.2121979957242354e-09 
1.2121979957242354e-09 
1.2121979957242354e-09 
1.2121979957242354e-09 
1.2121979957242354e-09 
1.2121979957242354e-09 
1.2121979957242354e-09 
1.2121979957242354e-09 
1.2121979957242354e-09 
1.2121979957242354e-09 
1.2121979957242354e-09 
1.2121979957242354e-09 
1.2121979957242354e-09 
1.2121979957242354e-09 
1.2121979957242354e-09 
1.2121979957242354e-09 
1.2121979957242354e-09 
1.2121979957242354e-09 
1.2121979957242354e-09 
1.2121979957242354e-09 
1.2121979957242354e-09 
1.2121979957242354e-09 
8.3968520439307418e-10 
7.0851003657674988e-10 
6.8702531318044302e-10 
6.8702531318044302e-10 
6.8702531318044302e-10 
6.8702531318044302e-10 
6.8695850513129521e-10 
6.8695850513129521e-10 
6.8695850513129521e-10 
6.8695850513129521e-10 
6.8695850513129521e-10 
6.8695850513129521e-10 
6.8695850513129521e-10 
6.8695850513129521e-10 
6.8695850513129521e-10 
6.8695850513129521e-10 
6.8695850513129521e-10 
6.8695850513129521e-10 
6.8695850513129521e-10 
6.8695850513129521e-10 
6.8695850513129521e-10 
6.8695850513129521e-10 
6.8695850513129521e-10 
6.8695850513129521e-10 
6.8695850513129521e-10 
6.8695850513129521e-10 
6.8695850513129521e-10 
6.8695850513129521e-10 
6.8083877620948273e-10 
6.6857290204254405e-10 
6.6003086719866941e-10 
6.5404278920645004e-10 
6.498248828923321e-10 
6.4684368387522119e-10 
6.4473156259214181e-10 
6.4323275382724228e-10 
6.4216805282624657e-10 
6.4141124710635445e-10 
6.4087311738485725e-10 
6.404904318859208e-10 
6.4021829819256297e-10 
6.4002480766203444e-10 
6.3988726427482044e-10 
6.3978951858719801e-10 
6.3972007762784296e-10 
6.3967076235805866e-10 
6.3963575287443129e-10 
6.3961090883938138e-10 
6.3959328558627399e-10 
6.3958078949031528e-10 
6.3958078949031528e-10 
6.3958078949031528e-10 
6.3958078949031528e-10 
6.3958078949031528e-10 
6.3958078949031528e-10 
6.3958078949031528e-10 
6.3958078949031528e-10 
6.3958078949031528e-10 
6.3958078949031528e-10 
6.3958078949031528e-10 
6.3958078949031528e-10 
6.3958078949031528e-10 
6.3958078949031528e-10 
6.3958078949031528e-10 
6.3958078949031528e-10 
6.3958078949031528e-10 
6.3958078949031528e-10 
6.3958078949031528e-10 
6.3958078949031528e-10 
6.3958078949031528e-10 
6.3958078949031528e-10 
6.3958078949031528e-10 
6.3958078949031528e-10 
6.3958078949031528e-10 
6.3958078949031528e-10 
6.3958078949031528e-10 
6.3958078949031528e-10 
6.3958078949031528e-10 
6.3958078949031528e-10 
6.3958078949031528e-10 
6.3958078949031528e-10 
6.3958078949031528e-10 
6.3958078949031528e-10 
6.3958078949031528e-10 
6.3958078949031528e-10 
6.3958078949031528e-10 
6.3958078949031528e-10 
6.3958078949031528e-10 
6.3958078949031528e-10 
6.3958078949031528e-10 
6.3958078949031528e-10 
6.3958078949031528e-10 
6.3958078949031528e-10 
6.3958078949031528e-10 
6.3958078949031528e-10 
6.3958078949031528e-10 
6.3958078949031528e-10 
6.3958078949031528e-10 
6.3958078949031528e-10 
6.3958078949031528e-10 
6.3958078949031528e-10 
6.3958078949031528e-10 
6.3958078949031528e-10 
6.3958078949031528e-10 
6.3958078949031528e-10 
6.3958078949031528e-10 
6.3958078949031528e-10 
6.3958078949031528e-10 
6.3958078949031528e-10 
6.3958078949031528e-10 
6.3958078949031528e-10 
6.3958078949031528e-10 
6.3958078949031528e-10 
6.3958078949031528e-10 
6.3958078949031528e-10 
6.3958078949031528e-10 
6.3958078949031528e-10 
6.3958078949031528e-10 
6.3958078949031528e-10 
6.3958078949031528e-10 
6.3958078949031528e-10 
6.3958078949031528e-10 
6.3958078949031528e-10 
6.3958078949031528e-10 
6.3958078949031528e-10 
6.3958078949031528e-10 
6.3958078949031528e-10 
6.3958078949031528e-10 
6.3958078949031528e-10 
6.3958078949031528e-10 
6.3958078949031528e-10 
6.3958078949031528e-10 
6.3958078949031528e-10 
6.3958078949031528e-10 
6.3958078949031528e-10 
6.3958078949031528e-10 
6.3958078949031528e-10 
6.3958078949031528e-10 
6.3958078949031528e-10 
6.3958078949031528e-10 
6.3958078949031528e-10 
6.3958078949031528e-10 
6.3958078949031528e-10 
6.3958078949031528e-10 
6.3958078949031528e-10 
6.3958078949031528e-10 
6.3958078949031528e-10 
6.3958078949031528e-10 
6.3958078949031528e-10 
6.3958078949031528e-10 
6.3958078949031528e-10 
6.3958078949031528e-10 
6.3958078949031528e-10 
6.3958078949031528e-10 
6.3958078949031528e-10 
6.3958078949031528e-10 
6.3958078949031528e-10 
6.3958078949031528e-10 
6.3958078949031528e-10 
6.3958078949031528e-10 
6.3958078949031528e-10 
6.3958078949031528e-10 
6.3958078949031528e-10 
6.3958078949031528e-10 
6.3958078949031528e-10 
6.3958078949031528e-10 
6.3958078949031528e-10 
6.3958078949031528e-10 
6.3958078949031528e-10 
6.3958078949031528e-10 
6.3958078949031528e-10 
6.3958078949031528e-10 
6.3958078949031528e-10 
6.3958078949031528e-10 
6.3958078949031528e-10 
6.3958078949031528e-10 
6.3958078949031528e-10 
6.2540191837964397e-10 
6.2540191837964397e-10 
6.2540191837964397e-10 
6.2540191837964397e-10 
6.2540191837964397e-10 
6.2540191837964397e-10 
6.2540191837964397e-10 
6.2540191837964397e-10 
6.2540191837964397e-10 
6.2540191837964397e-10 
6.2540191837964397e-10 
6.2540191837964397e-10 
6.2540191837964397e-10 
6.2435028338176842e-10 
6.2435028338176842e-10 
6.2435028338176842e-10 
6.2435028338176842e-10 
6.242324287496982e-10 
6.242324287496982e-10 
6.242324287496982e-10 
6.242324287496982e-10 
6.242324287496982e-10 
6.242324287496982e-10 
6.242324287496982e-10 
6.242324287496982e-10 
6.242324287496982e-10 
6.242324287496982e-10 
6.242324287496982e-10 
6.242324287496982e-10 
6.242324287496982e-10 
6.242324287496982e-10 
6.242324287496982e-10 
6.242324287496982e-10 
6.242324287496982e-10 
6.242324287496982e-10 
6.242324287496982e-10 
6.242324287496982e-10 
6.242324287496982e-10 
6.242324287496982e-10 
6.242324287496982e-10 
6.242324287496982e-10 
6.242324287496982e-10 
6.242324287496982e-10 
6.242324287496982e-10 
6.242324287496982e-10 
6.242324287496982e-10 
6.242324287496982e-10 
6.242324287496982e-10 
6.242324287496982e-10 
6.242324287496982e-10 
6.242324287496982e-10 
6.242324287496982e-10 
6.242324287496982e-10 
6.242324287496982e-10 
6.242324287496982e-10 
6.242324287496982e-10 
6.242324287496982e-10 
6.242324287496982e-10 
6.242324287496982e-10 
6.242324287496982e-10 
6.242324287496982e-10 
6.242324287496982e-10 
6.242324287496982e-10 
6.242324287496982e-10 
6.242324287496982e-10 
6.242324287496982e-10 
6.242324287496982e-10 
6.242324287496982e-10 
4.5565953187488523e-10 
