0.1674768303645095 
0.1674768303645095 
0.1674768303645095 
0.13441856128117555 
0.091943538581914092 
0.059393875200931062 
0.036772092100492995 
0.024080710456228279 
0.021051770203981329 
0.021051770203981329 
0.021051770203981329 
0.021051770203981329 
0.020875608530563198 
0.020875608530563198 
0.020875608530563198 
0.020875608530563198 
0.020875608530563198 
0.020875608530563198 
0.020875608530563198 
0.020875608530563198 
0.020875608530563198 
0.020875608530563198 
0.020875608530563198 
0.020841496364671728 
0.020571104678901032 
0.020571104678901032 
0.020553938319903958 
0.020241976167241202 
0.020241976167241202 
0.020241976167241202 
0.020043486720563684 
0.020043486720563684 
0.020043486720563684 
0.019652523349327579 
0.019250935188749426 
0.018862121326699226 
0.018486395805672764 
0.018058311730537704 
0.017129549746420308 
0.016386853716819423 
0.015895770628313575 
0.015656063648560321 
0.015013392426191185 
0.014607844493384857 
0.014527625989304021 
0.014527625989304021 
0.014527625989304021 
0.014527625989304021 
0.014230564206765979 
0.013396788553802365 
0.012365387844368289 
0.011548912529299685 
0.010949256153034522 
0.010568317833012328 
0.010408002259673891 
0.010408002259673891 
0.0096729955982416196 
0.0089026755217599118 
0.0082330108488177199 
0.0076757573018771579 
0.0069989340933509885 
0.0067683700909492491 
0.0063989590072565453 
0.0060629047999285332 
0.0057913973668692661 
0.0055897904952941016 
0.0054638540436941271 
0.0052562915782706577 
0.0048021820417266789 
0.0042960877023764605 
0.0038009990545707774 
0.0032060456490335654 
0.0029741732599441557 
0.0026536498645420401 
0.0024043191009194536 
0.0022338652427026317 
0.0021505236349890814 
0.0020632870164760866 
0.0019687075884372214 
0.0018799040117762043 
0.001776962765696068 
0.0017215592975448422 
0.0016028581483238723 
0.0013663650305889171 
0.0011526932648801193 
0.00096073060996477999 
0.000789404783764405 
0.00063768346335449323 
0.00050457428496459157 
0.00038912484397832041 
0.00029042269493326483 
0.0002075953515211445 
0.00012049543809028019 
5.3525355009193327e-05 
6.8147885439099455e-06 
1.0118616765036405e-07 
1.0118616765036405e-07 
1.0118616765036405e-07 
1.0118616765036405e-07 
1.0118616765036405e-07 
1.0118616765036405e-07 
1.0118616765036405e-07 
1.0118616765036405e-07 
1.0118616765036405e-07 
1.0118616765036405e-07 
1.0118616765036405e-07 
1.0118616765036405e-07 
3.9203741693438807e-08 
3.9203741693438807e-08 
3.9203741693438807e-08 
3.9203741693438807e-08 
3.9203741693438807e-08 
3.9203741693438807e-08 
3.9203741693438807e-08 
3.9203741693438807e-08 
3.9203741693438807e-08 
3.9203741693438807e-08 
3.9203741693438807e-08 
3.9203741693438807e-08 
3.9203741693438807e-08 
3.9203741693438807e-08 
3.9203741693438807e-08 
3.9203741693438807e-08 
3.9203741693438807e-08 
2.7829288774066429e-08 
2.7829288774066429e-08 
2.7829288774066429e-08 
2.7829288774066429e-08 
2.38149137778531e-08 
2.38149137778531e-08 
2.38149137778531e-08 
2.38149137778531e-08 
2.38149137778531e-08 
2.38149137778531e-08 
2.38149137778531e-08 
2.38149137778531e-08 
2.38149137778531e-08 
2.38149137778531e-08 
2.38149137778531e-08 
2.2062120552838335e-08 
2.2062120552838335e-08 
2.2062120552838335e-08 
2.2062120552838335e-08 
2.2062120552838335e-08 
2.2062120552838335e-08 
2.2062120552838335e-08 
2.2062120552838335e-08 
2.2062120552838335e-08 
2.2062120552838335e-08 
2.2062120552838335e-08 
2.2062120552838335e-08 
2.2062120552838335e-08 
2.2062120552838335e-08 
2.2062120552838335e-08 
2.2062120552838335e-08 
2.2062120552838335e-08 
1.2951131154253818e-09 
1.2951131154253818e-09 
1.2951131154253818e-09 
1.2951131154253818e-09 
1.2951131154253818e-09 
1.2951131154253818e-09 
1.2951131154253818e-09 
1.2951131154253818e-09 
1.2951131154253818e-09 
1.2951131154253818e-09 
1.2951131154253818e-09 
1.2951131154253818e-09 
1.2951131154253818e-09 
1.2951131154253818e-09 
1.2951131154253818e-09 
1.2951131154253818e-09 
1.2951131154253818e-09 
1.2951131154253818e-09 
1.2951131154253818e-09 
1.2951131154253818e-09 
1.2951131154253818e-09 
1.2951131154253818e-09 
1.2951131154253818e-09 
1.2951131154253818e-09 
1.2951131154253818e-09 
1.2951131154253818e-09 
1.2951131154253818e-09 
1.2951131154253818e-09 
1.2951131154253818e-09 
1.2951131154253818e-09 
1.2951131154253818e-09 
1.2951131154253818e-09 
1.2951131154253818e-09 
1.2951131154253818e-09 
1.2951131154253818e-09 
1.2951131154253818e-09 
1.2951131154253818e-09 
1.2951131154253818e-09 
1.2951131154253818e-09 
1.2951131154253818e-09 
1.2951131154253818e-09 
1.2951131154253818e-09 
1.2951131154253818e-09 
1.2951131154253818e-09 
1.2951131154253818e-09 
1.2951131154253818e-09 
1.2951131154253818e-09 
1.2951131154253818e-09 
1.2951131154253818e-09 
1.2951131154253818e-09 
1.2951131154253818e-09 
1.2951131154253818e-09 
1.2951131154253818e-09 
1.2951131154253818e-09 
1.2951131154253818e-09 
1.2951131154253818e-09 
1.2951131154253818e-09 
1.2951131154253818e-09 
1.2951131154253818e-09 
1.2951131154253818e-09 
1.2951131154253818e-09 
1.2951131154253818e-09 
1.2951131154253818e-09 
1.2951131154253818e-09 
1.2951131154253818e-09 
1.2951131154253818e-09 
1.2951131154253818e-09 
1.2951131154253818e-09 
1.2951131154253818e-09 
1.2951131154253818e-09 
1.2951131154253818e-09 
1.2951131154253818e-09 
1.2951131154253818e-09 
1.2951131154253818e-09 
1.2951131154253818e-09 
1.2951131154253818e-09 
1.2951131154253818e-09 
1.2951131154253818e-09 
1.2951131154253818e-09 
1.2951131154253818e-09 
1.2951131154253818e-09 
1.2951131154253818e-09 
1.2951131154253818e-09 
1.2951131154253818e-09 
1.2951131154253818e-09 
1.2951131154253818e-09 
1.2951131154253818e-09 
1.2951131154253818e-09 
1.2951131154253818e-09 
1.2951131154253818e-09 
1.2951131154253818e-09 
1.2951131154253818e-09 
1.2951131154253818e-09 
1.2951131154253818e-09 
1.2951131154253818e-09 
1.2951131154253818e-09 
1.2951131154253818e-09 
1.2951131154253818e-09 
1.2951131154253818e-09 
1.2951131154253818e-09 
1.2951131154253818e-09 
1.2951131154253818e-09 
1.2951131154253818e-09 
1.2951131154253818e-09 
1.2951131154253818e-09 
1.2951131154253818e-09 
1.2951131154253818e-09 
1.2951131154253818e-09 
1.2951131154253818e-09 
1.2951131154253818e-09 
1.2951131154253818e-09 
1.2951131154253818e-09 
1.2951131154253818e-09 
1.2951131154253818e-09 
1.2951131154253818e-09 
1.2951131154253818e-09 
1.2951131154253818e-09 
1.2951131154253818e-09 
4.410682851159574e-10 
4.410682851159574e-10 
4.410682851159574e-10 
4.410682851159574e-10 
4.410682851159574e-10 
4.410682851159574e-10 
4.410682851159574e-10 
4.410682851159574e-10 
4.410682851159574e-10 
4.410682851159574e-10 
4.410682851159574e-10 
4.410682851159574e-10 
4.410682851159574e-10 
4.410682851159574e-10 
4.410682851159574e-10 
4.410682851159574e-10 
4.410682851159574e-10 
4.410682851159574e-10 
4.410682851159574e-10 
4.410682851159574e-10 
4.410682851159574e-10 
4.410682851159574e-10 
4.410682851159574e-10 
4.410682851159574e-10 
4.410682851159574e-10 
4.410682851159574e-10 
4.410682851159574e-10 
4.410682851159574e-10 
4.410682851159574e-10 
4.410682851159574e-10 
4.410682851159574e-10 
4.410682851159574e-10 
4.410682851159574e-10 
4.410682851159574e-10 
4.410682851159574e-10 
4.410682851159574e-10 
4.410682851159574e-10 
4.410682851159574e-10 
4.410682851159574e-10 
3.876044032084103e-10 
3.876044032084103e-10 
3.876044032084103e-10 
3.876044032084103e-10 
3.876044032084103e-10 
3.876044032084103e-10 
3.876044032084103e-10 
3.876044032084103e-10 
3.876044032084103e-10 
3.876044032084103e-10 
3.876044032084103e-10 
3.876044032084103e-10 
3.876044032084103e-10 
3.876044032084103e-10 
3.876044032084103e-10 
3.876044032084103e-10 
3.876044032084103e-10 
3.876044032084103e-10 
3.876044032084103e-10 
3.876044032084103e-10 
3.876044032084103e-10 
3.876044032084103e-10 
3.876044032084103e-10 
3.876044032084103e-10 
3.876044032084103e-10 
3.876044032084103e-10 
3.876044032084103e-10 
3.876044032084103e-10 
3.876044032084103e-10 
3.876044032084103e-10 
3.876044032084103e-10 
3.876044032084103e-10 
3.876044032084103e-10 
3.876044032084103e-10 
3.876044032084103e-10 
3.876044032084103e-10 
3.876044032084103e-10 
3.876044032084103e-10 
3.876044032084103e-10 
3.876044032084103e-10 
3.876044032084103e-10 
3.876044032084103e-10 
3.876044032084103e-10 
3.876044032084103e-10 
3.876044032084103e-10 
3.876044032084103e-10 
3.876044032084103e-10 
3.876044032084103e-10 
3.876044032084103e-10 
3.876044032084103e-10 
3.876044032084103e-10 
3.876044032084103e-10 
3.876044032084103e-10 
3.876044032084103e-10 
3.876044032084103e-10 
3.876044032084103e-10 
3.876044032084103e-10 
3.876044032084103e-10 
3.876044032084103e-10 
3.876044032084103e-10 
3.876044032084103e-10 
3.876044032084103e-10 
3.876044032084103e-10 
3.876044032084103e-10 
3.876044032084103e-10 
3.876044032084103e-10 
3.876044032084103e-10 
3.876044032084103e-10 
3.876044032084103e-10 
3.876044032084103e-10 
3.876044032084103e-10 
3.876044032084103e-10 
3.876044032084103e-10 
3.876044032084103e-10 
3.876044032084103e-10 
3.876044032084103e-10 
3.876044032084103e-10 
3.876044032084103e-10 
3.876044032084103e-10 
3.876044032084103e-10 
3.876044032084103e-10 
3.876044032084103e-10 
3.876044032084103e-10 
3.876044032084103e-10 
3.876044032084103e-10 
3.876044032084103e-10 
6.2209637345082421e-11 
6.2209637345082421e-11 
6.2209637345082421e-11 
6.2209637345082421e-11 
6.2209637345082421e-11 
6.2209637345082421e-11 
6.2209637345082421e-11 
6.2209637345082421e-11 
6.2209637345082421e-11 
6.2209637345082421e-11 
6.2209637345082421e-11 
6.2209637345082421e-11 
6.2209637345082421e-11 
6.2209637345082421e-11 
6.2209637345082421e-11 
6.2209637345082421e-11 
6.2209637345082421e-11 
6.2209637345082421e-11 
6.2209637345082421e-11 
6.2209637345082421e-11 
6.2209637345082421e-11 
6.2209637345082421e-11 
6.2209637345082421e-11 
6.2209637345082421e-11 
6.2209637345082421e-11 
6.2209637345082421e-11 
6.2209637345082421e-11 
6.2209637345082421e-11 
6.2209637345082421e-11 
6.2209637345082421e-11 
6.2209637345082421e-11 
6.2209637345082421e-11 
6.2209637345082421e-11 
6.2209637345082421e-11 
6.2209637345082421e-11 
6.2209637345082421e-11 
6.2209637345082421e-11 
6.2209637345082421e-11 
6.2209637345082421e-11 
6.2209637345082421e-11 
6.2209637345082421e-11 
6.2209637345082421e-11 
6.2209637345082421e-11 
6.2209637345082421e-11 
6.2209637345082421e-11 
6.2209637345082421e-11 
6.2209637345082421e-11 
6.2209637345082421e-11 
6.2209637345082421e-11 
6.2209637345082421e-11 
6.2209637345082421e-11 
6.2209637345082421e-11 
6.2209637345082421e-11 
6.2209637345082421e-11 
6.2209637345082421e-11 
6.2209637345082421e-11 
6.2209637345082421e-11 
6.2209637345082421e-11 
6.2209637345082421e-11 
6.2209637345082421e-11 
6.2209637345082421e-11 
6.2209637345082421e-11 
6.2209637345082421e-11 
6.2209637345082421e-11 
6.2209637345082421e-11 
6.2209637345082421e-11 
6.2209637345082421e-11 
6.2209637345082421e-11 
6.2209637345082421e-11 
6.2209637345082421e-11 
6.2209637345082421e-11 
6.2209637345082421e-11 
6.2209637345082421e-11 
6.2209637345082421e-11 
6.2209637345082421e-11 
6.2209637345082421e-11 
6.2209637345082421e-11 
6.2209637345082421e-11 
6.2209637345082421e-11 
6.2209637345082421e-11 
6.2209637345082421e-11 
6.2209637345082421e-11 
6.2209637345082421e-11 
6.2209637345082421e-11 
6.2209637345082421e-11 
6.2209637345082421e-11 
6.2209637345082421e-11 
6.2209637345082421e-11 
6.2209637345082421e-11 
6.2209637345082421e-11 
6.2209637345082421e-11 
6.2209637345082421e-11 
6.2209637345082421e-11 
6.2209637345082421e-11 
6.2209637345082421e-11 
6.2209637345082421e-11 
6.2209637345082421e-11 
6.2209637345082421e-11 
6.2209637345082421e-11 
6.2209637345082421e-11 
6.2209637345082421e-11 
6.2209637345082421e-11 
6.2209637345082421e-11 
6.2209637345082421e-11 
6.2209637345082421e-11 
6.2209637345082421e-11 
6.2209637345082421e-11 
6.2209637345082421e-11 
6.2209637345082421e-11 
6.2209637345082421e-11 
6.2209637345082421e-11 
6.2209637345082421e-11 
6.2209637345082421e-11 
6.2209637345082421e-11 
6.2209637345082421e-11 
6.2209637345082421e-11 
6.2209637345082421e-11 
6.2209637345082421e-11 
6.2209637345082421e-11 
6.2209637345082421e-11 
6.2209637345082421e-11 
6.2209637345082421e-11 
6.2209637345082421e-11 
6.2209637345082421e-11 
6.2209637345082421e-11 
6.2209637345082421e-11 
6.2209637345082421e-11 
6.2209637345082421e-11 
6.2209637345082421e-11 
6.2209637345082421e-11 
6.2209637345082421e-11 
6.2209637345082421e-11 
6.2209637345082421e-11 
6.2209637345082421e-11 
6.2209637345082421e-11 
6.2209637345082421e-11 
6.2209637345082421e-11 
6.2209637345082421e-11 
6.2209637345082421e-11 
6.2209637345082421e-11 
6.2209637345082421e-11 
6.2209637345082421e-11 
6.2209637345082421e-11 
6.2209637345082421e-11 
6.2209637345082421e-11 
6.2209637345082421e-11 
6.2209637345082421e-11 
6.2209637345082421e-11 
6.2209637345082421e-11 
6.2209637345082421e-11 
6.2209637345082421e-11 
6.2209637345082421e-11 
6.2209637345082421e-11 
6.2209637345082421e-11 
6.2209637345082421e-11 
6.2209637345082421e-11 
6.2209637345082421e-11 
6.2209637345082421e-11 
6.2209637345082421e-11 
6.2209637345082421e-11 
6.2209637345082421e-11 
6.2209637345082421e-11 
6.2209637345082421e-11 
6.2209637345082421e-11 
6.2209637345082421e-11 
6.2209637345082421e-11 
6.2209637345082421e-11 
6.2209637345082421e-11 
6.2209637345082421e-11 
6.2209637345082421e-11 
6.2209637345082421e-11 
6.2209637345082421e-11 
6.2209637345082421e-11 
6.2209637345082421e-11 
6.2209637345082421e-11 
6.2209637345082421e-11 
6.2209637345082421e-11 
6.2209637345082421e-11 
6.2209637345082421e-11 
6.2209637345082421e-11 
6.2209637345082421e-11 
6.2209637345082421e-11 
6.2209637345082421e-11 
6.2209637345082421e-11 
6.2209637345082421e-11 
6.2209637345082421e-11 
6.2209637345082421e-11 
6.2209637345082421e-11 
6.2209637345082421e-11 
6.2209637345082421e-11 
6.2209637345082421e-11 
6.2209637345082421e-11 
6.2209637345082421e-11 
6.2209637345082421e-11 
6.2209637345082421e-11 
6.2209637345082421e-11 
6.2209637345082421e-11 
6.2209637345082421e-11 
6.2209637345082421e-11 
6.2209637345082421e-11 
6.2209637345082421e-11 
6.2209637345082421e-11 
6.2209637345082421e-11 
6.2209637345082421e-11 
6.2209637345082421e-11 
6.2209637345082421e-11 
6.2209637345082421e-11 
6.2209637345082421e-11 
6.2209637345082421e-11 
6.2209637345082421e-11 
6.2209637345082421e-11 
6.2209637345082421e-11 
6.2209637345082421e-11 
6.2209637345082421e-11 
6.2209637345082421e-11 
6.2209637345082421e-11 
6.2209637345082421e-11 
6.2209637345082421e-11 
6.2209637345082421e-11 
6.2209637345082421e-11 
6.2209637345082421e-11 
6.2209637345082421e-11 
6.2209637345082421e-11 
6.2209637345082421e-11 
6.2209637345082421e-11 
6.2209637345082421e-11 
6.2209637345082421e-11 
6.2209637345082421e-11 
6.2209637345082421e-11 
6.2209637345082421e-11 
6.2209637345082421e-11 
6.2209637345082421e-11 
6.2209637345082421e-11 
6.2209637345082421e-11 
6.2209637345082421e-11 
6.2209637345082421e-11 
6.2209637345082421e-11 
6.2209637345082421e-11 
6.2209637345082421e-11 
6.2209637345082421e-11 
6.2209637345082421e-11 
6.2209637345082421e-11 
6.2209637345082421e-11 
6.2209637345082421e-11 
6.2209637345082421e-11 
6.2209637345082421e-11 
6.2209637345082421e-11 
6.2209637345082421e-11 
6.2209637345082421e-11 
6.2209637345082421e-11 
6.2209637345082421e-11 
6.2209637345082421e-11 
6.2209637345082421e-11 
6.2209637345082421e-11 
6.2209637345082421e-11 
6.2209637345082421e-11 
6.2209637345082421e-11 
6.2209637345082421e-11 
6.2209637345082421e-11 
6.2209637345082421e-11 
6.2209637345082421e-11 
6.2209637345082421e-11 
6.2209637345082421e-11 
6.2209637345082421e-11 
6.2209637345082421e-11 
6.2209637345082421e-11 
6.2209637345082421e-11 
6.2209637345082421e-11 
6.2209637345082421e-11 
6.2209637345082421e-11 
6.2209637345082421e-11 
6.2209637345082421e-11 
6.2209637345082421e-11 
6.2209637345082421e-11 
6.2209637345082421e-11 
6.2209637345082421e-11 
6.2209637345082421e-11 
6.2209637345082421e-11 
6.2209637345082421e-11 
6.2209637345082421e-11 
6.2209637345082421e-11 
6.2209637345082421e-11 
6.2209637345082421e-11 
6.2209637345082421e-11 
6.2209637345082421e-11 
6.2209637345082421e-11 
6.2209637345082421e-11 
6.2209637345082421e-11 
6.2209637345082421e-11 
6.2209637345082421e-11 
6.2209637345082421e-11 
6.2209637345082421e-11 
6.2209637345082421e-11 
6.2209637345082421e-11 
6.2209637345082421e-11 
6.2209637345082421e-11 
6.2209637345082421e-11 
6.2209637345082421e-11 
6.2209637345082421e-11 
6.2209637345082421e-11 
6.2209637345082421e-11 
6.2209637345082421e-11 
6.2209637345082421e-11 
6.2209637345082421e-11 
6.2209637345082421e-11 
6.2209637345082421e-11 
6.2209637345082421e-11 
6.2209637345082421e-11 
6.2209637345082421e-11 
6.2209637345082421e-11 
6.2209637345082421e-11 
6.2209637345082421e-11 
6.2209637345082421e-11 
6.2209637345082421e-11 
6.2209637345082421e-11 
6.2209637345082421e-11 
6.2209637345082421e-11 
6.2209637345082421e-11 
6.2209637345082421e-11 
6.2209637345082421e-11 
6.2209637345082421e-11 
6.2209637345082421e-11 
6.2209637345082421e-11 
6.2209637345082421e-11 
6.2209637345082421e-11 
6.2209637345082421e-11 
6.2209637345082421e-11 
6.2209637345082421e-11 
6.2209637345082421e-11 
6.2209637345082421e-11 
6.2209637345082421e-11 
6.2209637345082421e-11 
6.2209637345082421e-11 
6.2209637345082421e-11 
6.2209637345082421e-11 
6.2209637345082421e-11 
6.2209637345082421e-11 
6.2209637345082421e-11 
6.2209637345082421e-11 
6.2209637345082421e-11 
6.2209637345082421e-11 
6.2209637345082421e-11 
6.2209637345082421e-11 
6.2209637345082421e-11 
6.2209637345082421e-11 
6.2209637345082421e-11 
6.2209637345082421e-11 
6.2209637345082421e-11 
6.2209637345082421e-11 
6.2209637345082421e-11 
6.2209637345082421e-11 
6.2209637345082421e-11 
6.2209637345082421e-11 
6.2209637345082421e-11 
6.2209637345082421e-11 
6.2209637345082421e-11 
6.2209637345082421e-11 
6.2209637345082421e-11 
6.2209637345082421e-11 
6.2209637345082421e-11 
6.2209637345082421e-11 
6.2209637345082421e-11 
6.2209637345082421e-11 
6.2209637345082421e-11 
6.2209637345082421e-11 
6.2209637345082421e-11 
6.2209637345082421e-11 
6.2209637345082421e-11 
6.2209637345082421e-11 
6.2209637345082421e-11 
6.2209637345082421e-11 
6.2209637345082421e-11 
6.2209637345082421e-11 
6.2209637345082421e-11 
6.2209637345082421e-11 
6.2209637345082421e-11 
6.2209637345082421e-11 
6.2209637345082421e-11 
6.2209637345082421e-11 
6.2209637345082421e-11 
6.2209637345082421e-11 
6.2209637345082421e-11 
6.2209637345082421e-11 
6.2209637345082421e-11 
6.2209637345082421e-11 
6.2209637345082421e-11 
6.2209637345082421e-11 
6.2209637345082421e-11 
6.2209637345082421e-11 
6.2209637345082421e-11 
6.2209637345082421e-11 
6.2209637345082421e-11 
6.2209637345082421e-11 
6.2209637345082421e-11 
6.2209637345082421e-11 
6.2209637345082421e-11 
6.2209637345082421e-11 
6.2209637345082421e-11 
6.2209637345082421e-11 
6.2209637345082421e-11 
6.2209637345082421e-11 
6.2209637345082421e-11 
6.2209637345082421e-11 
6.2209637345082421e-11 
6.2209637345082421e-11 
6.2209637345082421e-11 
6.2209637345082421e-11 
6.2209637345082421e-11 
6.2209637345082421e-11 
6.2209637345082421e-11 
6.2209637345082421e-11 
6.2209637345082421e-11 
6.2209637345082421e-11 
6.2209637345082421e-11 
6.2209637345082421e-11 
6.2209637345082421e-11 
6.2209637345082421e-11 
6.2209637345082421e-11 
6.2209637345082421e-11 
6.2209637345082421e-11 
6.2209637345082421e-11 
6.2209637345082421e-11 
6.2209637345082421e-11 
6.2209637345082421e-11 
6.2209637345082421e-11 
6.2209637345082421e-11 
6.2209637345082421e-11 
6.2209637345082421e-11 
6.2209637345082421e-11 
6.2209637345082421e-11 
6.2209637345082421e-11 
6.2209637345082421e-11 
6.2209637345082421e-11 
6.2209637345082421e-11 
6.2209637345082421e-11 
6.2209637345082421e-11 
6.2209637345082421e-11 
6.2209637345082421e-11 
6.2209637345082421e-11 
6.2209637345082421e-11 
6.2209637345082421e-11 
6.2209637345082421e-11 
6.2209637345082421e-11 
6.2209637345082421e-11 
6.2209637345082421e-11 
6.2209637345082421e-11 
6.2209637345082421e-11 
6.2209637345082421e-11 
6.2209637345082421e-11 
6.2209637345082421e-11 
6.2209637345082421e-11 
6.2209637345082421e-11 
6.2209637345082421e-11 
6.2209637345082421e-11 
6.2209637345082421e-11 
6.2209637345082421e-11 
6.2209637345082421e-11 
6.2209637345082421e-11 
6.2209637345082421e-11 
6.2209637345082421e-11 
6.2209637345082421e-11 
6.2209637345082421e-11 
6.2209637345082421e-11 
6.2209637345082421e-11 
6.2209637345082421e-11 
6.2209637345082421e-11 
6.2209637345082421e-11 
6.2209637345082421e-11 
6.2209637345082421e-11 
6.2209637345082421e-11 
6.2209637345082421e-11 
6.2209637345082421e-11 
6.2209637345082421e-11 
6.2209637345082421e-11 
6.2209637345082421e-11 
6.2209637345082421e-11 
6.2209637345082421e-11 
6.2209637345082421e-11 
6.2209637345082421e-11 
6.2209637345082421e-11 
6.2209637345082421e-11 
6.2209637345082421e-11 
6.2209637345082421e-11 
6.2209637345082421e-11 
6.2209637345082421e-11 
6.2209637345082421e-11 
6.2209637345082421e-11 
6.2209637345082421e-11 
6.2209637345082421e-11 
6.2209637345082421e-11 
6.2209637345082421e-11 
6.2209637345082421e-11 
6.2209637345082421e-11 
6.2209637345082421e-11 
6.2209637345082421e-11 
6.2209637345082421e-11 
6.2209637345082421e-11 
6.2209637345082421e-11 
6.2209637345082421e-11 
6.2209637345082421e-11 
6.2209637345082421e-11 
6.2209637345082421e-11 
6.2209637345082421e-11 
6.2209637345082421e-11 
6.2209637345082421e-11 
6.2209637345082421e-11 
6.2209637345082421e-11 
6.2209637345082421e-11 
6.2209637345082421e-11 
6.2209637345082421e-11 
6.2209637345082421e-11 
6.2209637345082421e-11 
6.2209637345082421e-11 
6.2209637345082421e-11 
6.2209637345082421e-11 
6.2209637345082421e-11 
6.2209637345082421e-11 
6.2209637345082421e-11 
6.2209637345082421e-11 
6.2209637345082421e-11 
6.2209637345082421e-11 
6.2209637345082421e-11 
6.2209637345082421e-11 
6.2209637345082421e-11 
6.2209637345082421e-11 
6.2209637345082421e-11 
6.2209637345082421e-11 
6.2209637345082421e-11 
6.2209637345082421e-11 
6.2209637345082421e-11 
6.2209637345082421e-11 
6.2209637345082421e-11 
6.2209637345082421e-11 
6.2209637345082421e-11 
6.2209637345082421e-11 
6.2209637345082421e-11 
6.2209637345082421e-11 
6.2209637345082421e-11 
6.2209637345082421e-11 
6.2209637345082421e-11 
6.2209637345082421e-11 
6.2209637345082421e-11 
6.2209637345082421e-11 
6.2209637345082421e-11 
6.2209637345082421e-11 
6.2209637345082421e-11 
6.2209637345082421e-11 
6.2209637345082421e-11 
6.2209637345082421e-11 
6.2209637345082421e-11 
6.2209637345082421e-11 
6.2209637345082421e-11 
6.2209637345082421e-11 
6.2209637345082421e-11 
6.2209637345082421e-11 
6.2209637345082421e-11 
6.2209637345082421e-11 
6.2209637345082421e-11 
6.2209637345082421e-11 
6.2209637345082421e-11 
6.2209637345082421e-11 
6.2209637345082421e-11 
6.2209637345082421e-11 
6.2209637345082421e-11 
6.2209637345082421e-11 
6.2209637345082421e-11 
6.2209637345082421e-11 
6.2209637345082421e-11 
6.2209637345082421e-11 
6.2209637345082421e-11 
6.2209637345082421e-11 
6.2209637345082421e-11 
6.2209637345082421e-11 
6.2209637345082421e-11 
6.2209637345082421e-11 
6.2209637345082421e-11 
6.2209637345082421e-11 
6.2209637345082421e-11 
6.2209637345082421e-11 
6.2209637345082421e-11 
6.2209637345082421e-11 
6.2209637345082421e-11 
6.2209637345082421e-11 
6.2209637345082421e-11 
6.2209637345082421e-11 
6.2209637345082421e-11 
6.2209637345082421e-11 
6.2209637345082421e-11 
6.2209637345082421e-11 
6.2209637345082421e-11 
6.2209637345082421e-11 
6.2209637345082421e-11 
6.2209637345082421e-11 
6.2209637345082421e-11 
6.2209637345082421e-11 
6.2209637345082421e-11 
6.2209637345082421e-11 
6.2209637345082421e-11 
6.2209637345082421e-11 
6.2209637345082421e-11 
6.2209637345082421e-11 
