0.29181874016224441 
0.14107671578405662 
0.13971956426514498 
0.11414721017253873 
0.0793034485801829 
0.071787607143515619 
0.055127351680593281 
0.05408115263563068 
0.045740678636674609 
0.045685270582121379 
0.042702750981062604 
0.042678768621631905 
0.041235503241739233 
0.041226390631346685 
0.040791481803619321 
0.0407549212586081 
0.040535896332081801 
0.040534068916794591 
0.040448801361571161 
0.040447981813228617 
0.040411491495555153 
0.040410972031335396 
0.04039731031971118 
0.040396984944802969 
0.040390392149685171 
0.040390099874913869 
0.040386386323951598 
0.040380073266691734 
0.040379030270376516 
0.040375802106403354 
0.040368008137146347 
0.040360286413381435 
0.040357391998785949 
0.040353749888408653 
0.040352771990679236 
0.040350911963576125 
0.040350605936035601 
0.040349554857770843 
0.040349337994250049 
0.040348548807929679 
0.040348343068418106 
0.040347882504566987 
0.040347659223387011 
0.040347292547385255 
0.040347085088407869 
0.040346832902046763 
0.040346619536225987 
0.040346395396828237 
0.040346186617685326 
0.0403459751128162 
0.040345767702981233 
0.040345561580902523 
0.040345354694308944 
0.040345149891456759 
0.040344944991022466 
0.040344739672668155 
0.040344535023509272 
0.040344330397086937 
0.040344125789344917 
0.040343921200256205 
0.040343716629820683 
0.040343512078038456 
0.040343307544909605 
0.040343103030434285 
0.040342898534612516 
0.040342694057444409 
0.040342489598930054 
0.040342285159069576 
0.040342080737863044 
0.040341876335310514 
0.040341671951412118 
0.040341467586167919 
0.040341263239578068 
0.040341058911642601 
0.040340854602361621 
0.040340650311735206 
0.040340446039763458 
0.040340241786446518 
0.040340037551784419 
0.040339833335777259 
0.040339629138425134 
0.040339424959728136 
0.040339220799686382 
0.040339016658299948 
0.040338812535568903 
0.040338608431493353 
0.04033840434607338 
0.040338200279309115 
0.040337996231200629 
0.040337792201747998 
0.040337588190951304 
0.040337384198810701 
0.040337180225326223 
0.040336976270497975 
0.040336772334326025 
0.040336568416810492 
0.040336364517951501 
0.040336160637749099 
0.040335956776203372 
0.040335752933314421 
0.040335549109082332 
0.040335345303507235 
0.040335141516589193 
0.040334937748328289 
0.040334733998724615 
0.040334530267778258 
0.040334326555489367 
0.040334122861857967 
0.040333919186884171 
0.040333715530568061 
0.040333511892909776 
0.040333308273909366 
0.040333104673566912 
0.040332901091882513 
0.040332697528856265 
0.0403324939844883 
0.040332290458778661 
0.040332086951727443 
0.040331883463334738 
0.040331679993600635 
0.040331476542525273 
0.040331273110108701 
0.040331069696351002 
0.04033086630125228 
0.040330662924812612 
0.040330459567032149 
0.040330256227910935 
0.040330052907449052 
0.040329849605646589 
0.040329646322503659 
0.040329443058020387 
0.040329239812196813 
0.040329036585033028 
0.040328833376529136 
0.040328630186685269 
0.040328427015501468 
0.040328223862977831 
0.040328020729114449 
0.04032781761391141 
0.040327614517368854 
0.040327411439486822 
0.040327208380265413 
0.040327005339704708 
0.040326802317804812 
0.040326599314565857 
0.040326396329987885 
0.040326193364070992 
0.040325990416815269 
0.040325787488220799 
0.040325584578287728 
0.040325381687016111 
0.040325178814406025 
0.040324975960457567 
0.040324773125170875 
0.040324570308545991 
0.040324367510583006 
0.040324164731282024 
0.04032396197064312 
0.040323759228666448 
0.040323556505352035 
0.040323353800699985 
0.040323151114710389 
0.040322948447383336 
0.040322745798718952 
0.040322543168717313 
0.040322340557378482 
0.040322137964702562 
0.040321935390689644 
0.040321732835339873 
0.040321530298653277 
0.040321327780629961 
0.040321125281270014 
0.040320922800573575 
0.040320720338540679 
0.040320517895171437 
0.040320315470465919 
0.040320113064424234 
0.04031991067704651 
0.040319708308332793 
0.040319505958283187 
0.040319303626897764 
0.040319101314176632 
0.040318899020119918 
0.04031869674472767 
0.040318494487999977 
0.040318292249936952 
0.040318090030538656 
0.040317887829805242 
0.040317685647736752 
0.04031748348433329 
0.040317281339594925 
0.040317079213521768 
0.040316877106113945 
0.04031667501737151 
0.040316472947294554 
0.040316270895883154 
0.040316068863137468 
0.040315866849057524 
0.040315664853643428 
0.040315462876895261 
0.040315260918813128 
0.040315058979397148 
0.040314857058647388 
0.040314655156563919 
0.040314453273146846 
0.040314251408396257 
0.040314049562312285 
0.040313847734894985 
0.040313645926144441 
0.04031344413606075 
0.040313242364643995 
0.040313040611894321 
0.040312838877811778 
0.040312637162396449 
0.040312435465648416 
0.040312233787567847 
0.040312032128154755 
0.040311830487409252 
0.040311628865331427 
0.04031142726192137 
0.040311225677179208 
0.040311024111105001 
0.040310822563698841 
0.040310621034960803 
0.040310419524890999 
0.040310218033489546 
0.040310016560756508 
0.040309815106691967 
0.04030961367129602 
0.040309412254568758 
0.040309210856510312 
0.040309009477120732 
0.040308808116400113 
0.04030860677434854 
0.040308405450966152 
0.040308204146253003 
0.040308002860209177 
0.040307801592834765 
0.040307600344129856 
0.040307399114094603 
0.040307197902729026 
0.040306996710033238 
0.040306795536007328 
0.040306594380651387 
0.040306393243965545 
0.040306192125949845 
0.040305991026604392 
0.040305789945929274 
0.040305588883924576 
0.040305387840590436 
0.040305186815926909 
0.04030498580993408 
0.040304784822612044 
0.040304583853960879 
0.040304382903980744 
0.040304181972671674 
0.040303981060033751 
0.040303780166067088 
0.040303579290771809 
0.040303378434147961 
0.04030317759619563 
0.040302976776914926 
0.040302775976305924 
0.040302575194368764 
0.040302374431103495 
0.040302173686510206 
0.040301972960588996 
0.040301772253339946 
0.040301571564763203 
0.040301370894858808 
0.040301170243626845 
0.040300969611067425 
0.040300768997180623 
0.04030056840196658 
0.040300367825425343 
0.040300167267557009 
0.040299966728361662 
0.040299766207839441 
0.040299565705990394 
0.040299365222814611 
0.040299164758312189 
0.040298964312483213 
0.040298763885327819 
0.040298563476846058 
0.040298363087038026 
0.0402981627159038 
0.04029796236344349 
0.040297762029657215 
0.04029756171454503 
0.040297361418107025 
0.040297161140343304 
0.040296960881253938 
0.040296760640839077 
0.040296560419098765 
0.040296360216033091 
0.040296160031642145 
0.040295959865926025 
0.040295759718884862 
0.040295559590518712 
0.040295359480827651 
0.040295159389811791 
0.040294959317471242 
0.040294759263806081 
0.040294559228816376 
0.040294359212502226 
0.040294159214863727 
0.040293959235901018 
0.040293759275614127 
0.040293559334003172 
0.040293359411068222 
0.040293159506809381 
0.040292959621226782 
0.040292759754320472 
0.040292559906090541 
0.040292360076537088 
0.040292160265660196 
0.040291960473460009 
0.040291760699936563 
0.040291560945089969 
0.040291361208920289 
0.040291161491427682 
0.040290961792612191 
0.040290762112473906 
0.040290562451012923 
0.04029036280822932 
0.040290163184123248 
0.04028996357869475 
0.040289763991943915 
0.040289564423870834 
0.040289364874475604 
0.04028916534375835 
0.040288965831719127 
0.040288766338358033 
0.04028856686367515 
0.040288367407670576 
0.040288167970344443 
0.040287968551696793 
0.040287769151727736 
0.040287569770437334 
0.040287370407825755 
0.040287171063893026 
0.040286971738639245 
0.040286772432064501 
0.040286573144168891 
0.040286373874952548 
0.04028617462441552 
0.040285975392557884 
0.040285776179379756 
0.040285576984881222 
0.040285377809062412 
0.040285178651923367 
0.040284979513464186 
0.040284780393684966 
0.040284581292585789 
0.040284382210166801 
0.040284183146428038 
0.040283984101369602 
0.040283785074991571 
0.040283586067294055 
0.040283387078277173 
0.040283188107940987 
0.040282989156285573 
0.040282790223311035 
0.040282591309017506 
0.040282392413405033 
0.040282193536473707 
0.040281994678223618 
0.040281795838654863 
0.040281597017767568 
0.040281398215561787 
0.040281199432037618 
0.040281000667195137 
0.040280801921034455 
0.040280603193555697 
0.040280404484758899 
0.040280205794644169 
0.040280007123211607 
0.040279808470461281 
0.040279609836393337 
0.040279411221007824 
0.040279212624304839 
0.040279014046284457 
0.040278815486946833 
0.040278616946292006 
0.040278418424320069 
0.040278219921031103 
0.04027802143642522 
0.040277822970502537 
0.040277624523263111 
0.040277426094707032 
0.040277227684834396 
0.040277029293645288 
0.040276830921139838 
0.040276632567318109 
0.040276434232180185 
0.040276235915726155 
0.040276037617956117 
0.040275839338870204 
0.040275641078468462 
0.040275442836750976 
0.040275244613717856 
0.040275046409369179 
0.040274848223705084 
0.040274650056725619 
0.040274451908430875 
0.040274253778820948 
0.040274055667895964 
0.040273857575655984 
0.040273659502101093 
0.040273461447231373 
0.040273263411046929 
0.040273065393547892 
0.040272867394734319 
0.040272669414606284 
0.040272471453163892 
0.040272273510407221 
0.040272075586336421 
0.040271877680951536 
0.040271679794252654 
0.040271481926239881 
0.040271284076913286 
0.040271086246273013 
0.040270888434319113 
0.040270690641051675 
0.040270492866470796 
0.040270295110576608 
0.04027009737336916 
0.040269899654848541 
0.040269701955014843 
0.040269504273868155 
0.040269306611408616 
0.040269108967636282 
0.040268911342551228 
0.040268713736153552 
0.040268516148443359 
0.040268318579420773 
0.040268121029085835 
0.04026792349743865 
0.040267725984479294 
0.040267528490207871 
0.040267331014624513 
0.040267133557729276 
0.040266936119522242 
0.040266738700003503 
0.040266541299173196 
0.040266343917031371 
0.040266146553578117 
0.040265949208813524 
0.040265751882737691 
0.040265554575350748 
0.040265357286652738 
0.040265160016643764 
0.040264962765323903 
0.040264765532693265 
0.040264568318751977 
0.040264371123500078 
0.040264173946937674 
0.040263976789064848 
0.04026377964988169 
0.040263582529388345 
0.040263385427584855 
0.040263188344471311 
0.040262991280047809 
0.040262794234314427 
0.040262597207271322 
0.040262400198918531 
0.040262203209256137 
0.040262006238284243 
0.040261809286002981 
0.040261612352412407 
0.040261415437512597 
0.040261218541303649 
0.040261021663785659 
0.04026082480495876 
0.040260627964822999 
0.040260431143378468 
0.040260234340625263 
0.040260037556563474 
0.040259840791193227 
0.040259644044514577 
0.040259447316527613 
0.040259250607232441 
0.040259053916629137 
0.040258857244717838 
0.040258660591498595 
0.040258463956971496 
0.04025826734113664 
0.040258070743994151 
0.040257874165544098 
0.040257677605786552 
0.040257481064721601 
0.040257284542349364 
0.040257088038669946 
0.040256891553683415 
0.040256695087389861 
0.040256498639789362 
0.040256302210882021 
0.040256105800667977 
0.040255909409147264 
0.040255713036319987 
0.040255516682186229 
0.040255320346746087 
0.0402551240299997 
0.040254927731947103 
0.040254731452588392 
0.040254535191923665 
0.040254338949953054 
0.040254142726676607 
0.040253946522094422 
0.040253750336206581 
0.040253554169013175 
0.040253358020514343 
0.04025316189071014 
0.040252965779600643 
0.040252769687185955 
0.040252573613466167 
0.040252377558441417 
0.040252181522111734 
0.040251985504477235 
0.04025178950553799 
0.040251593525294109 
0.040251397563745718 
0.040251201620892865 
0.040251005696735648 
0.040250809791274149 
0.040250613904508459 
0.040250418036438723 
0.040250222187064991 
0.040250026356387338 
0.040249830544405875 
0.040249634751120728 
0.040249438976531937 
0.040249243220639608 
0.040249047483443823 
0.040248851764944686 
0.040248656065142316 
0.040248460384036767 
0.040248264721628138 
0.040248069077916511 
0.04024787345290199 
0.040247677846584687 
0.040247482258964677 
0.040247286690042038 
0.040247091139816865 
0.04024689560828925 
0.040246700095459317 
0.040246504601327136 
0.040246309125892776 
0.040246113669156348 
0.040245918231117971 
0.040245722811777705 
0.040245527411135636 
0.040245332029191852 
0.040245136665946452 
0.040244941321399573 
0.040244745995551251 
0.04024455068840159 
0.040244355399950679 
0.04024416013019861 
0.040243964879145507 
0.040243769646791432 
0.040243574433136482 
0.040243379238180728 
0.040243184061924266 
0.040242988904367248 
0.04024279376550971 
0.040242598645351742 
0.04024240354389344 
0.040242208461134903 
0.040242013397076254 
0.040241818351717536 
0.040241623325058859 
0.040241428317100307 
0.040241233327842012 
0.040241038357284022 
0.040240843405426427 
0.040240648472269325 
0.040240453557812798 
0.040240258662057 
0.040240063785001966 
0.040239868926647784 
0.040239674086994547 
0.040239479266042363 
0.040239284463791353 
0.040239089680241556 
0.040238894915393078 
0.040238700169246015 
0.040238505441800444 
0.040238310733056511 
0.040238116043014256 
0.040237921371673778 
0.040237726719035159 
0.040237532085098553 
0.040237337469863986 
0.040237142873331563 
0.040236948295501375 
0.040236753736373504 
0.040236559195948096 
0.0402363646742252 
0.040236170171204906 
0.040235975686887297 
0.040235781221272464 
0.040235586774360559 
0.040235392346151616 
0.040235197936645727 
0.040235003545842994 
0.040234809173743495 
0.040234614820347375 
0.04023442048565469 
0.040234226169665509 
0.040234031872379943 
0.040233837593798109 
0.040233643333920072 
0.04023344909274592 
0.040233254870275743 
0.040233060666509633 
0.040232866481447721 
0.040232672315090062 
0.04023247816743674 
0.040232284038487852 
0.040232089928243495 
0.040231895836703793 
0.040231701763868796 
0.040231507709738608 
0.040231313674313304 
0.040231119657592983 
0.040230925659577789 
0.040230731680267758 
0.040230537719662979 
0.04023034377776355 
0.040230149854569568 
0.040229955950081164 
0.040229762064298381 
0.040229568197221323 
0.040229374348850065 
0.040229180519184754 
0.040228986708225424 
0.040228792915972193 
0.040228599142425131 
0.040228405387584341 
0.040228211651449949 
0.04022801793402201 
0.040227824235300608 
0.040227630555285838 
0.040227436893977807 
0.040227243251376631 
0.040227049627482359 
0.040226856022295081 
0.040226662435814908 
0.040226468868041917 
0.040226275318976247 
0.040226081788617932 
0.040225888276967089 
0.04022569478402379 
0.040225501309788185 
0.040225307854260303 
0.040225114417440255 
0.040224920999328125 
0.040224727599924008 
0.040224534219228024 
0.040224340857240241 
0.040224147513960737 
0.040223954189389614 
0.040223760883526957 
0.040223567596372911 
0.040223374327927504 
0.040223181078190846 
0.040222987847163022 
0.040222794634844121 
0.040222601441234282 
0.040222408266333554 
0.040222215110142026 
0.040222021972659797 
0.040221828853886997 
0.040221635753823669 
0.040221442672469902 
0.040221249609825815 
0.040221056565891464 
0.040220863540667007 
0.040220670534152479 
0.040220477546347978 
0.040220284577253601 
0.040220091626869431 
0.040219898695195606 
0.040219705782232176 
0.040219512887979231 
0.040219320012436867 
0.040219127155605168 
0.040218934317484273 
0.040218741498074223 
0.04021854869737513 
0.040218355915387069 
0.040218163152110131 
0.040217970407544455 
0.040217777681690096 
0.040217584974547138 
0.040217392286115664 
0.040217199616395832 
0.040217006965387672 
0.04021681433309128 
0.040216621719506754 
0.040216429124634176 
0.040216236548473693 
0.040216043991025338 
0.04021585145228921 
0.040215658932265412 
0.040215466430954014 
0.040215273948355168 
0.040215081484468916 
0.040214889039295348 
0.040214696612834569 
0.040214504205086654 
0.040214311816051736 
0.040214119445729869 
0.040213927094121166 
0.040213734761225681 
0.040213542447043574 
0.040213350151574893 
0.040213157874819716 
0.040212965616778146 
0.040212773377450273 
0.040212581156836222 
0.040212388954936056 
0.040212196771749864 
0.040212004607277724 
0.040211812461519746 
0.040211620334476048 
0.040211428226146699 
0.040211236136531769 
0.04021104406563137 
0.040210852013445576 
0.040210659979974528 
0.04021046796521828 
0.040210275969176916 
0.04021008399185054 
0.040209892033239228 
0.040209700093343119 
0.040209508172162269 
0.040209316269696767 
0.040209124385946697 
0.040208932520912205 
0.040208740674593332 
0.040208548846990162 
0.040208357038102813 
0.040208165247931353 
0.040207973476475929 
0.040207781723736583 
0.040207589989713403 
0.040207398274406489 
0.040207206577815922 
0.040207014899941863 
0.040206823240784333 
0.040206631600343427 
0.040206439978619252 
0.040206248375611889 
0.040206056791321471 
0.040205865225748053 
0.040205673678891725 
0.040205482150752571 
0.040205290641330743 
0.040205099150626263 
0.040204907678639247 
0.04020471622536978 
0.040204524790817951 
0.040204333374983893 
0.040204141977867661 
0.040203950599469344 
0.040203759239789034 
0.040203567898826821 
0.040203376576582836 
0.040203185273057135 
0.040202993988249808 
0.040202802722160938 
0.040202611474790637 
0.040202420246139015 
0.040202229036206141 
0.040202037844992093 
0.040201846672496967 
0.040201655518720902 
0.040201464383663954 
0.040201273267326192 
0.040201082169707719 
0.040200891090808627 
0.040200700030629061 
0.040200508989169048 
0.0402003179664287 
0.0402001269624081 
0.040199935977107339 
0.040199745010526554 
0.040199554062665788 
0.040199363133525144 
0.040199172223104707 
0.040198981331404565 
0.040198790458424859 
0.040198599604165629 
0.040198408768626986 
0.040198217951809001 
0.040198027153711777 
0.040197836374335438 
0.040197645613680048 
0.040197454871745683 
0.040197264148532454 
0.040197073444040471 
0.040196882758269797 
0.040196692091220537 
0.040196501442892753 
0.040196310813286555 
0.040196120202402076 
0.040195929610239371 
0.040195739036798517 
0.040195548482079617 
0.040195357946082762 
0.040195167428808069 
0.040194976930255609 
0.040194786450425464 
0.040194595989317738 
0.040194405546932502 
0.040194215123269907 
0.040194024718329988 
0.040193834332112849 
0.040193643964618581 
0.040193453615847308 
0.040193263285799093 
0.040193072974474012 
0.040192882681872169 
0.040192692407993655 
0.040192502152838601 
0.040192311916407049 
0.040192121698699103 
0.040191931499714846 
0.040191741319454383 
0.040191551157917838 
0.040191361015105252 
0.040191170891016731 
0.040190980785652364 
0.040190790699012241 
0.040190600631096488 
0.040190410581905166 
0.040190220551438359 
0.040190030539696164 
0.040189840546678679 
0.040189650572386021 
0.040189460616818252 
0.040189270679975457 
0.040189080761857732 
0.040188890862465208 
0.040188700981797942 
0.040188511119856024 
0.04018832127663953 
0.040188131452148571 
0.040187941646383271 
0.04018775185934368 
0.040187562091029895 
0.040187372341441999 
0.040187182610580095 
0.04018699289844431 
0.040186803205034698 
0.040186613530351342 
0.040186423874394341 
0.040186234237163783 
0.040186044618659808 
0.040185855018882458 
0.040185665437831829 
0.040185475875508019 
0.040185286331911145 
0.040185096807041264 
0.040184907300898472 
0.040184717813482866 
0.04018452834479453 
0.040184338894833596 
0.040184149463600112 
0.040183960051094168 
0.040183770657315876 
0.040183581282265304 
0.040183391925942599 
0.040183202588347809 
0.040183013269481024 
0.040182823969342328 
0.040182634687931824 
0.040182445425249645 
0.040182256181295825 
0.040182066956070482 
0.040181877749573686 
0.040181688561805581 
0.040181499392766211 
0.040181310242455678 
0.04018112111087406 
0.040180931998021467 
0.040180742903898004 
0.040180553828503746 
0.040180364771838777 
0.040180175733903187 
0.040179986714697073 
0.040179797714220561 
0.040179608732473705 
0.040179419769456604 
0.040179230825169339 
0.040179041899612002 
0.040178852992784723 
0.040178664104687574 
0.040178475235320615 
0.040178286384683966 
0.040178097552777695 
0.040177908739601961 
0.040177719945156787 
0.040177531169442289 
0.040177342412458544 
0.040177153674205685 
0.040176964954683772 
0.040176776253892883 
0.040176587571833129 
0.040176398908504579 
0.040176210263907379 
0.040176021638041584 
0.040175833030907271 
0.04017564444250455 
0.040175455872833506 
0.040175267321894255 
0.040175078789686874 
0.040174890276211427 
0.040174701781468036 
0.040174513305456773 
0.040174324848177782 
0.040174136409631099 
0.04017394798981682 
0.040173759588735043 
0.040173571206385907 
0.040173382842769459 
0.04017319449788577 
0.040173006171734957 
0.040172817864317104 
0.040172629575632342 
0.04017244130568072 
0.040172253054462322 
0.040172064821977264 
0.040171876608225618 
0.040171688413207521 
0.040171500236923022 
0.040171312079372225 
0.040171123940555206 
0.040170935820472063 
0.040170747719122928 
0.040170559636507855 
0.040170371572626928 
0.040170183527480252 
0.040169995501067944 
0.040169807493390067 
0.04016961950444671 
0.040169431534237958 
0.040169243582763914 
0.040169055650024689 
0.040168867736020374 
0.040168679840751016 
0.040168491964216728 
0.04016830410641762 
0.040168116267353782 
0.040167928447025304 
0.04016774064543225 
0.040167552862574729 
0.040167365098452826 
0.040167177353066678 
0.040166989626416329 
0.040166801918501881 
0.040166614229323411 
0.040166426558881023 
0.040166238907174842 
0.040166051274204931 
0.040165863659971365 
0.040165676064474243 
0.040165488487713702 
0.040165300929689798 
0.040165113390402594 
0.040164925869852222 
0.040164738368038737 
0.040164550884962298 
0.040164363420622948 
0.040164175975020776 
0.040163988548155873 
0.040163801140028328 
0.040163613750638281 
0.040163426379985788 
0.040163239028070931 
0.040163051694893794 
0.04016286438045448 
0.040162677084753129 
0.040162489807789775 
0.040162302549564516 
0.040162115310077455 
0.040161928089328711 
0.040161740887318338 
0.040161553704046414 
0.040161366539513063 
0.040161179393718355 
0.040160992266662421 
0.040160805158345324 
0.040160618068767154 
0.040160430997927987 
0.040160243945827928 
0.040160056912467115 
0.040159869897845583 
