0.17923481605210734 
0.086755208105431025 
0.086755208105431025 
0.043409481432135077 
0.0040816344052105689 
0.0040816344052105689 
0.0040816344052105689 
0.0040816344052105689 
0.0040816344052105689 
0.0040816344052105689 
0.0040816344052105689 
0.0039687785679857444 
0.0039687785679857444 
0.0039687785679857444 
0.0039687785679857444 
0.00038900097044863055 
0.00038900097044863055 
0.00038900097044863055 
0.00038900097044863055 
0.00038900097044863055 
0.00038900097044863055 
0.00038900097044863055 
0.00032733909287240151 
0.00032733909287240151 
0.00032733909287240151 
0.00032733909287240151 
0.00032733909287240151 
0.0002934459750660949 
0.00011091750594033225 
0.00011091750594033225 
0.00011091750594033225 
0.00011091750594033225 
0.00011091750594033225 
0.00011091750594033225 
0.00011091750594033225 
0.00011091750594033225 
0.00011091750594033225 
0.00011091750594033225 
0.00011091750594033225 
0.00011091750594033225 
0.00011091750594033225 
0.00011091750594033225 
0.00011091750594033225 
0.00011091750594033225 
0.00011091750594033225 
0.00011091750594033225 
0.00011091750594033225 
0.00011091750594033225 
0.00011091750594033225 
0.00011091750594033225 
0.00011091750594033225 
0.00011091750594033225 
0.00011091750594033225 
0.00011091750594033225 
0.00011091750594033225 
0.00011091750594033225 
0.00011091750594033225 
0.00011091750594033225 
0.00011091750594033225 
0.00011091750594033225 
0.00011091750594033225 
0.00011091750594033225 
0.00011091750594033225 
0.00011091750594033225 
0.00011091750594033225 
1.8508818024051786e-05 
1.8508818024051786e-05 
1.8508818024051786e-05 
1.8508818024051786e-05 
1.8508818024051786e-05 
1.8508818024051786e-05 
1.8508818024051786e-05 
1.8508818024051786e-05 
1.8508818024051786e-05 
1.8508818024051786e-05 
8.940373836705284e-06 
8.940373836705284e-06 
8.940373836705284e-06 
8.940373836705284e-06 
8.940373836705284e-06 
8.940373836705284e-06 
8.940373836705284e-06 
8.940373836705284e-06 
8.940373836705284e-06 
8.940373836705284e-06 
8.940373836705284e-06 
8.940373836705284e-06 
8.940373836705284e-06 
8.940373836705284e-06 
8.940373836705284e-06 
8.940373836705284e-06 
8.940373836705284e-06 
8.940373836705284e-06 
8.940373836705284e-06 
8.940373836705284e-06 
8.940373836705284e-06 
8.940373836705284e-06 
8.4552657498323398e-06 
8.4552657498323398e-06 
8.4552657498323398e-06 
8.4552657498323398e-06 
8.4552657498323398e-06 
8.4552657498323398e-06 
8.4552657498323398e-06 
8.4552657498323398e-06 
8.4552657498323398e-06 
8.4552657498323398e-06 
6.4970725202714811e-06 
6.4970725202714811e-06 
6.4970725202714811e-06 
6.4970725202714811e-06 
6.4970725202714811e-06 
6.4970725202714811e-06 
6.4970725202714811e-06 
6.4970725202714811e-06 
6.4970725202714811e-06 
5.2150201247629274e-06 
5.2150201247629274e-06 
5.2150201247629274e-06 
5.2150201247629274e-06 
5.2150201247629274e-06 
5.2150201247629274e-06 
5.2150201247629274e-06 
5.2150201247629274e-06 
5.2150201247629274e-06 
5.2150201247629274e-06 
5.2150201247629274e-06 
5.2150201247629274e-06 
5.2150201247629274e-06 
5.2150201247629274e-06 
5.2150201247629274e-06 
5.2150201247629274e-06 
5.2150201247629274e-06 
5.2150201247629274e-06 
5.2150201247629274e-06 
5.2150201247629274e-06 
5.2150201247629274e-06 
5.2150201247629274e-06 
5.2150201247629274e-06 
5.2150201247629274e-06 
5.2150201247629274e-06 
5.2150201247629274e-06 
5.2150201247629274e-06 
5.2150201247629274e-06 
5.2150201247629274e-06 
5.2150201247629274e-06 
5.2150201247629274e-06 
5.2150201247629274e-06 
5.2150201247629274e-06 
5.2150201247629274e-06 
5.0072270599198474e-06 
5.0072270599198474e-06 
5.0072270599198474e-06 
5.0072270599198474e-06 
5.0072270599198474e-06 
5.0072270599198474e-06 
4.7056559214156545e-06 
4.7056559214156545e-06 
4.7056559214156545e-06 
4.7056559214156545e-06 
4.7056559214156545e-06 
4.7056559214156545e-06 
4.7056559214156545e-06 
4.7056559214156545e-06 
4.7056559214156545e-06 
4.7056559214156545e-06 
4.7056559214156545e-06 
4.7056559214156545e-06 
4.7056559214156545e-06 
4.7056559214156545e-06 
4.7056559214156545e-06 
4.7056559214156545e-06 
4.7056559214156545e-06 
4.7056559214156545e-06 
4.7056559214156545e-06 
4.7056559214156545e-06 
4.7056559214156545e-06 
4.7056559214156545e-06 
4.7056559214156545e-06 
4.7056559214156545e-06 
4.7056559214156545e-06 
4.7056559214156545e-06 
4.7056559214156545e-06 
4.7056559214156545e-06 
4.7056559214156545e-06 
4.7056559214156545e-06 
4.7056559214156545e-06 
4.7056559214156545e-06 
4.7056559214156545e-06 
4.7056559214156545e-06 
4.7056559214156545e-06 
4.7056559214156545e-06 
4.7056559214156545e-06 
4.7056559214156545e-06 
4.7056559214156545e-06 
4.7056559214156545e-06 
4.7056559214156545e-06 
4.7056559214156545e-06 
4.7056559214156545e-06 
4.7056559214156545e-06 
4.7056559214156545e-06 
4.7056559214156545e-06 
4.7056559214156545e-06 
4.7056559214156545e-06 
4.7056559214156545e-06 
4.7056559214156545e-06 
4.7056559214156545e-06 
4.7056559214156545e-06 
4.7056559214156545e-06 
4.7056559214156545e-06 
4.516560171625913e-06 
4.516560171625913e-06 
4.3209992048372928e-06 
3.9906971127466353e-06 
3.780915575777043e-06 
3.6602578607533134e-06 
3.6045914021430153e-06 
3.5954651368577342e-06 
3.5954651368577342e-06 
3.5954651368577342e-06 
3.5954651368577342e-06 
3.594504335666912e-06 
3.594504335666912e-06 
3.594504335666912e-06 
3.594504335666912e-06 
3.594504335666912e-06 
3.594504335666912e-06 
3.594504335666912e-06 
3.5943625164965775e-06 
3.5943625164965775e-06 
3.5943625164965775e-06 
3.5943625164965775e-06 
3.5943625164965775e-06 
3.5943625164965775e-06 
3.5943625164965775e-06 
3.5943007357614621e-06 
3.5943007357614621e-06 
3.5943007357614621e-06 
3.5943007357614621e-06 
3.5942707725973805e-06 
3.5942707725973805e-06 
3.5942707725973805e-06 
3.5942707725973805e-06 
3.5942524765596953e-06 
3.5942524765596953e-06 
3.5942524765596953e-06 
3.5942524765596953e-06 
3.5942375873245698e-06 
3.5942375873245698e-06 
3.5942375873245698e-06 
3.5942375873245698e-06 
3.594229111061122e-06 
3.594229111061122e-06 
3.594229111061122e-06 
3.594229111061122e-06 
3.594221822505804e-06 
3.594221822505804e-06 
3.594221822505804e-06 
3.594221822505804e-06 
3.5942180638834243e-06 
3.5942180638834243e-06 
3.5942180638834243e-06 
3.5942180638834243e-06 
3.5942145337117435e-06 
3.5942145337117435e-06 
3.5942145337117435e-06 
3.5942145337117435e-06 
3.5942129595545613e-06 
3.5942129595545613e-06 
3.5942129595545613e-06 
3.5942129595545613e-06 
3.5942112577958619e-06 
3.5942112577958619e-06 
3.5942112577958619e-06 
3.5942112577958619e-06 
3.5942106519182998e-06 
3.5942106519182998e-06 
3.5942106519182998e-06 
3.5942106519182998e-06 
3.5942098292988343e-06 
3.5942098292988343e-06 
3.5942098292988343e-06 
3.5942098292988343e-06 
3.5942096291197327e-06 
3.5942096291197327e-06 
3.5942096291197327e-06 
3.5942096291197327e-06 
3.594209226923194e-06 
3.594209226923194e-06 
3.594209226923194e-06 
3.594209226923194e-06 
3.5942091832992243e-06 
3.5942091832992243e-06 
3.5942091832992243e-06 
3.5942091832992243e-06 
3.5942089826982847e-06 
3.5942089826982847e-06 
3.5942089826982847e-06 
3.5942089826982847e-06 
3.5942089826982847e-06 
3.5942089826982847e-06 
3.5942089826982847e-06 
3.5942089638592114e-06 
3.5942089638592114e-06 
3.5942089638592114e-06 
3.5942089638592114e-06 
3.5942088507948226e-06 
3.5942088507948226e-06 
3.5942088507948226e-06 
3.5942088507948226e-06 
3.5942088507948226e-06 
3.5942088507948226e-06 
3.5942088507948226e-06 
3.5942088492349784e-06 
3.5942088492349784e-06 
3.5942088492349784e-06 
3.5942088492349784e-06 
3.5942088492349784e-06 
3.5942088492349784e-06 
3.5942088492349784e-06 
3.5942088486122902e-06 
3.5942088486122902e-06 
3.5942088486122902e-06 
3.5942088486122902e-06 
3.5942088424845815e-06 
3.5942088424845815e-06 
3.5942088424845815e-06 
3.5942088424845815e-06 
3.5942088424845815e-06 
3.5942088424845815e-06 
3.5942088424845815e-06 
3.5942088424414269e-06 
3.5942088424414269e-06 
3.5942088424414269e-06 
3.5942088424414269e-06 
3.5942088418501242e-06 
3.5942088418501242e-06 
3.5942088418501242e-06 
3.5942088418501242e-06 
3.5942088418340336e-06 
3.5942088418340336e-06 
3.5942088418340336e-06 
3.5942088418340336e-06 
3.5942088415680682e-06 
3.5942088415680682e-06 
3.5942088415680682e-06 
3.5942088415680682e-06 
3.5942088415680682e-06 
3.5942088415680682e-06 
3.5942088415680682e-06 
3.5942088415680682e-06 
3.5942088415680682e-06 
3.5942088415680682e-06 
3.5942088415680682e-06 
3.594208841459152e-06 
3.594208841459152e-06 
3.594208841459152e-06 
3.594208841459152e-06 
3.594208841459152e-06 
3.594208841459152e-06 
3.594208841459152e-06 
3.594208841459152e-06 
3.594208841459152e-06 
3.594208841459152e-06 
3.594208841459152e-06 
3.594208841459152e-06 
3.594208841459152e-06 
3.594208841459152e-06 
3.594208841459152e-06 
3.594208841459152e-06 
3.594208841459152e-06 
3.594208841459152e-06 
3.594208841459152e-06 
3.594208841459152e-06 
3.5942088414557321e-06 
3.594208841450788e-06 
3.5942088414478649e-06 
3.594208841445281e-06 
3.594208841445281e-06 
3.594208841445281e-06 
3.5942088414445632e-06 
3.5942088414384624e-06 
3.5942088414370462e-06 
3.5942088414370462e-06 
3.59420884143597e-06 
3.5942088414354245e-06 
3.5942088414340815e-06 
3.5942088414340815e-06 
3.5942088414340815e-06 
3.5942088414340815e-06 
3.5942088414307243e-06 
3.5942088414293288e-06 
3.5942088414290743e-06 
3.5942088414290743e-06 
3.5942088414285318e-06 
3.5942088414285318e-06 
3.594208841428002e-06 
3.5942088414264197e-06 
3.5942088414254177e-06 
3.594208841424029e-06 
3.5942088414220134e-06 
3.59420884142059e-06 
3.5942088414195994e-06 
3.5942088414195994e-06 
3.5942088414188477e-06 
3.5942088414188477e-06 
3.5942088414188477e-06 
3.5942088414169456e-06 
3.5942088414139848e-06 
3.5942088414139848e-06 
3.594208841412766e-06 
3.594208841412766e-06 
3.594208841412766e-06 
3.5942088414110236e-06 
3.59420884140681e-06 
3.5942088414047031e-06 
3.5942088414025961e-06 
3.5942088414004891e-06 
3.5942088413983821e-06 
3.5942088413962755e-06 
3.5942088413941685e-06 
3.5942088413941685e-06 
3.5942088413941685e-06 
3.5942088413941685e-06 
3.5942088413941685e-06 
3.5942088413941685e-06 
3.5942088413941685e-06 
3.5942088413941685e-06 
3.5942088413941685e-06 
3.5942088413941685e-06 
3.5942088413941685e-06 
3.5942088413941685e-06 
3.5942088413941685e-06 
3.5942088413941685e-06 
3.5942088413941685e-06 
3.5942088413941685e-06 
3.5942088413941685e-06 
3.5942088413941685e-06 
3.5942088413941685e-06 
3.5942088413941685e-06 
3.5942088413941685e-06 
3.5942088413941685e-06 
3.5876521668703326e-06 
3.5876521668703326e-06 
3.5876521668703326e-06 
3.5876521668703326e-06 
3.4978936601852019e-06 
3.4978936601852019e-06 
3.4978936601852019e-06 
3.4978936601852019e-06 
3.4978936601852019e-06 
3.4978936601852019e-06 
3.4978936601852019e-06 
3.4978936601852019e-06 
3.4978936601852019e-06 
3.4978936601852019e-06 
3.4978936601852019e-06 
3.4978936601852019e-06 
3.4978936601852019e-06 
3.4978936601852019e-06 
3.4978936601852019e-06 
3.4978936601852019e-06 
3.4978936601852019e-06 
3.4978936601852019e-06 
3.4978936601852019e-06 
3.4978936601852019e-06 
3.4978936601852019e-06 
3.4978936601852019e-06 
3.4978936601852019e-06 
3.4978936601852019e-06 
3.4978936601852019e-06 
3.4978936601852019e-06 
3.4978936601852019e-06 
3.4978936601852019e-06 
3.4978936601852019e-06 
3.4978936601852019e-06 
3.4978936601852019e-06 
3.4978936601852019e-06 
3.4978936601852019e-06 
3.4974529305663102e-06 
3.4974529305663102e-06 
3.4974529305663102e-06 
3.4974529305663102e-06 
3.4905569181306712e-06 
3.4905569181306712e-06 
3.4905569181306712e-06 
3.4905569181306712e-06 
3.4905569181306712e-06 
3.4905569181306712e-06 
3.4905569181306712e-06 
3.4905569181306712e-06 
3.4905569181306712e-06 
3.4905569181306712e-06 
3.1212389788594204e-06 
3.1212389788594204e-06 
3.1212389788594204e-06 
3.1212389788594204e-06 
3.1212389788594204e-06 
3.1212389788594204e-06 
3.1212389788594204e-06 
3.1042666520105416e-06 
3.1042666520105416e-06 
3.1042666520105416e-06 
3.0900257233682403e-06 
3.0900257233682403e-06 
3.0900257233682403e-06 
3.0874051297513836e-06 
3.0874051297513836e-06 
3.0874051297513836e-06 
3.0856855284864408e-06 
3.0856855284864408e-06 
3.0856855284864408e-06 
3.0856756022282497e-06 
3.0856756022282497e-06 
3.0856756022282497e-06 
2.7631355104388343e-06 
2.7631355104388343e-06 
2.5717888925916852e-06 
2.5717888925916852e-06 
2.5717888925916852e-06 
2.5717888925916852e-06 
2.5717888925916852e-06 
2.5717888925916852e-06 
2.5717888925916852e-06 
2.5705821312315683e-06 
2.5705821312315683e-06 
2.5705821312315683e-06 
2.5705821312315683e-06 
2.5705821312315683e-06 
2.5705821312315683e-06 
2.5705821312315683e-06 
2.5702365987492472e-06 
2.5702365987492472e-06 
2.5702365987492472e-06 
2.5700857998933428e-06 
2.5700857998933428e-06 
2.5700857998933428e-06 
2.5700857998933428e-06 
2.5700857998933428e-06 
2.5700857998933428e-06 
2.5700857998933428e-06 
2.5700857998933428e-06 
2.5700857998933428e-06 
2.5700857998933428e-06 
2.5700857998933428e-06 
2.5700857998933428e-06 
2.5700857998933428e-06 
2.5700857998933428e-06 
2.5700857998933428e-06 
2.5700857998933428e-06 
2.5700857998933428e-06 
2.5700857998933428e-06 
2.5700857998933428e-06 
2.5700857998933428e-06 
2.5689957915921006e-06 
2.5662425470991066e-06 
2.5643374493827305e-06 
2.5629999755860353e-06 
2.5620476242812329e-06 
2.5613603570751964e-06 
2.5608582415286692e-06 
2.5604873293839363e-06 
2.5602106849614174e-06 
2.5600026449299688e-06 
2.5598451141239573e-06 
2.5597251511273024e-06 
2.559633376315571e-06 
2.5595629085764556e-06 
2.5595086451447056e-06 
2.5594667665921334e-06 
2.5594343914153624e-06 
2.5594093314077545e-06 
2.5593899159334938e-06 
2.5593748640022691e-06 
2.5593631900411858e-06 
2.5593541337509904e-06 
2.5593471074147921e-06 
2.5593416560269527e-06 
2.5593374269263345e-06 
2.559334146556652e-06 
2.5593316026047026e-06 
2.559329630232959e-06 
2.5593281014401691e-06 
2.5593269168236125e-06 
2.5593259991943735e-06 
2.5593252886166807e-06 
2.5593247385633963e-06 
2.5593243129224861e-06 
2.5593239836741527e-06 
2.5593237290823394e-06 
2.5593235322925868e-06 
2.5593233802393231e-06 
2.5593232627967566e-06 
2.55932317212108e-06 
2.5593231021391048e-06 
2.5593230481484658e-06 
2.5593230065114495e-06 
2.5593229744141113e-06 
2.5593229496800098e-06 
2.5593229306269625e-06 
2.5593229159566873e-06 
2.5593229046646171e-06 
2.559322895976806e-06 
2.5593228892947409e-06 
2.5593228841573226e-06 
2.5593228802100792e-06 
2.5593228771774298e-06 
2.5593228748486203e-06 
2.5593228730607582e-06 
2.5593228716890112e-06 
2.5593228706372394e-06 
2.5593228698302122e-06 
2.5593228692119129e-06 
2.5593228687385417e-06 
2.5593228683762615e-06 
2.5593228680981518e-06 
2.5593228678858747e-06 
2.5593228677237162e-06 
2.5593228675996771e-06 
2.5593228675043597e-06 
2.5593228674321209e-06 
2.5593228673771811e-06 
2.5593228673349349e-06 
2.5593228673028789e-06 
2.5593228672785678e-06 
2.5593228672601927e-06 
1.3038689291568669e-06 
1.1219556050057821e-06 
4.2555375318684171e-07 
1.2606483720439313e-07 
3.1701497590441419e-08 
3.1701497590441419e-08 
3.1701497590441419e-08 
2.5971413845635052e-08 
2.5971413845635052e-08 
2.5971413845635052e-08 
2.5971413845635052e-08 
2.5971413845635052e-08 
2.5971413845635052e-08 
2.5971413845635052e-08 
2.5971413845635052e-08 
2.5971413845635052e-08 
2.5971413845635052e-08 
2.5971413845635052e-08 
2.5957346858019348e-08 
2.5957346858019348e-08 
2.5957346858019348e-08 
2.5957346858019348e-08 
2.5875082314227424e-08 
2.5875082314227424e-08 
1.9910279226815512e-08 
1.9910279226815512e-08 
1.960355729818787e-08 
1.960355729818787e-08 
1.960355729818787e-08 
1.9532295350036277e-08 
1.9532295350036277e-08 
1.9532295350036277e-08 
1.9532295350036277e-08 
1.9532295350036277e-08 
1.9532295350036277e-08 
1.9532295350036277e-08 
1.9526570765164965e-08 
1.9526570765164965e-08 
1.9526570765164965e-08 
1.9525418411954708e-08 
1.9525418411954708e-08 
1.3720376083612045e-08 
1.3720376083612045e-08 
1.1726848466879357e-08 
1.1726848466879357e-08 
1.1726848466879357e-08 
1.1726848466879357e-08 
1.1726848466879357e-08 
1.1726848466879357e-08 
1.1726848466879357e-08 
9.8968868654801082e-09 
9.8968868654801082e-09 
9.8968868654801082e-09 
9.8968868654801082e-09 
9.8968868654801082e-09 
9.8968868654801082e-09 
9.8968868654801082e-09 
9.8968868654801082e-09 
9.8968868654801082e-09 
9.8968868654801082e-09 
9.8968868654801082e-09 
9.8968868654801082e-09 
9.8968868654801082e-09 
9.8968868654801082e-09 
9.8968868654801082e-09 
9.8968868654801082e-09 
9.8968868654801082e-09 
9.8968868654801082e-09 
9.8968868654801082e-09 
9.8968868654801082e-09 
9.8968868654801082e-09 
9.8968868654801082e-09 
9.8968868654801082e-09 
9.8968868654801082e-09 
9.8968868654801082e-09 
9.8968868654801082e-09 
9.8968868654801082e-09 
8.8522406701027936e-09 
8.5171800101054643e-09 
8.5171800101054643e-09 
8.5171800101054643e-09 
8.5111256947194672e-09 
8.5111256947194672e-09 
8.5111256947194672e-09 
8.5111256947194672e-09 
8.5111256947194672e-09 
8.5111256947194672e-09 
8.5111256947194672e-09 
8.5111256947194672e-09 
8.5111256947194672e-09 
8.5111256947194672e-09 
8.5111256947194672e-09 
8.5111256947194672e-09 
8.5111256947194672e-09 
8.5111256947194672e-09 
8.5111256947194672e-09 
8.5111256947194672e-09 
8.5111256947194672e-09 
8.5111256947194672e-09 
8.5111256947194672e-09 
8.5111256947194672e-09 
8.5111256947194672e-09 
8.5111256947194672e-09 
8.5111256947194672e-09 
8.5111256947194672e-09 
8.5111256947194672e-09 
8.5111256947194672e-09 
8.5111256947194672e-09 
8.5111256947194672e-09 
8.5111256947194672e-09 
8.5111256947194672e-09 
8.5111256947194672e-09 
8.5111256947194672e-09 
8.5111256947194672e-09 
8.5111256947194672e-09 
8.5111256947194672e-09 
8.5111256947194672e-09 
8.5111256947194672e-09 
8.5111256947194672e-09 
8.5111256947194672e-09 
8.5111256947194672e-09 
8.5111256947194672e-09 
8.5111256947194672e-09 
8.5111256947194672e-09 
8.5111256947194672e-09 
8.5111256947194672e-09 
8.5111256947194672e-09 
8.5111256947194672e-09 
8.5111256947194672e-09 
8.5111256947194672e-09 
8.2584344850841317e-09 
7.6986144383911905e-09 
7.6986144383911905e-09 
7.6986144383911905e-09 
7.6986144383911905e-09 
7.6986144383911905e-09 
7.6986144383911905e-09 
7.6986144383911905e-09 
7.6986144383911905e-09 
7.6986144383911905e-09 
7.6986144383911905e-09 
7.6986144383911905e-09 
7.6986144383911905e-09 
7.6986144383911905e-09 
7.6986144383911905e-09 
7.6986144383911905e-09 
7.6986144383911905e-09 
7.5259705800743651e-09 
7.3938191095856222e-09 
7.3239493676440349e-09 
7.2866750304963633e-09 
7.2665517905371945e-09 
7.2555208527675661e-09 
7.2493588559289216e-09 
7.2458388302118263e-09 
7.2437765469087848e-09 
7.2425351374273549e-09 
7.2417670682462111e-09 
7.2412792077505862e-09 
7.2409618594790592e-09 
7.2407511421013013e-09 
7.2406088331316684e-09 
7.2405114184882261e-09 
7.2404440380291893e-09 
7.2403970663675847e-09 
7.2403641336086445e-09 
7.2403409484338685e-09 
7.2403245783257635e-09 
7.2403129970479805e-09 
7.240304792930004e-09 
7.2402989763216084e-09 
7.2402948505129847e-09 
7.240291923323983e-09 
7.2402898465122537e-09 
7.2402883731516115e-09 
7.2402873281119684e-09 
7.2402865870385358e-09 
7.2402860617081278e-09 
7.2402856894136829e-09 
7.2402854256850745e-09 
7.2402852389332422e-09 
7.240285106743258e-09 
7.2402850131999188e-09 
7.2402849470318366e-09 
7.2402849002492788e-09 
7.240284867188438e-09 
7.2402848438326899e-09 
7.2402848273597395e-09 
7.2402848156929203e-09 
7.2402848074750257e-09 
7.2402848017045707e-09 
7.2402847976208454e-09 
7.2402847947590155e-09 
7.2402847927336547e-09 
7.2402847912909566e-09 
7.240284790265586e-09 
7.2402847895614609e-09 
7.2402847890625543e-09 
7.2402847887148432e-09 
7.2402847884936733e-09 
7.2402847883112957e-09 
7.2402847881981738e-09 
7.2402847881318231e-09 
7.2402847880846895e-09 
7.2402847880241374e-09 
7.2402847880099984e-09 
7.240284787973739e-09 
7.2402847879392919e-09 
7.2402847879392919e-09 
7.2402847879392919e-09 
7.2402847879324031e-09 
7.240284787915359e-09 
7.240284787915359e-09 
7.240284787915359e-09 
7.240284787915359e-09 
7.240284787915359e-09 
7.240284787915359e-09 
7.240284787915359e-09 
7.240284787915359e-09 
7.240284787915359e-09 
7.240284787915359e-09 
7.240284787915359e-09 
7.240284787915359e-09 
7.240284787915359e-09 
7.240284787915359e-09 
7.240284787915359e-09 
7.240284787915359e-09 
7.240284787915359e-09 
7.240284787915359e-09 
7.240284787915359e-09 
7.240284787915359e-09 
7.240284787915359e-09 
7.240284787915359e-09 
7.240284787915359e-09 
7.240284787915359e-09 
7.240284787915359e-09 
7.240284787915359e-09 
7.240284787915359e-09 
7.240284787915359e-09 
7.240284787915359e-09 
7.240284787915359e-09 
7.240284787915359e-09 
7.240284787915359e-09 
7.240284787915359e-09 
7.240284787915359e-09 
7.240284787915359e-09 
7.240284787915359e-09 
7.240284787915359e-09 
7.240284787915359e-09 
7.240284787915359e-09 
7.240284787915359e-09 
7.240284787915359e-09 
7.240284787915359e-09 
6.4012125671462808e-09 
6.2365739164218427e-09 
6.2365739164218427e-09 
6.2365739164218427e-09 
6.2365739164218427e-09 
6.2275848343275144e-09 
6.2275848343275144e-09 
6.2275848343275144e-09 
6.2275848343275144e-09 
6.2275848343275144e-09 
6.2275848343275144e-09 
6.2275848343275144e-09 
6.2275848343275144e-09 
3.2469482835145304e-09 
2.1085180315176979e-09 
2.1085180315176979e-09 
2.1085180315176979e-09 
2.1085180315176979e-09 
2.1085180315176979e-09 
2.1085180315176979e-09 
2.1085180315176979e-09 
2.1085180315176979e-09 
2.1085180315176979e-09 
2.1085180315176979e-09 
2.1085180315176979e-09 
2.1085180315176979e-09 
2.1085180315176979e-09 
2.1085180315176979e-09 
2.0409430576419867e-11 
2.0409430576419867e-11 
2.0409430576419867e-11 
2.0409430576419867e-11 
2.0409430576419867e-11 
2.0409430576419867e-11 
2.0409430576419867e-11 
2.0409430576419867e-11 
2.0409430576419867e-11 
2.0409430576419867e-11 
2.0409430576419867e-11 
2.0409430576419867e-11 
2.0409430576419867e-11 
2.0409430576419867e-11 
2.0409430576419867e-11 
2.0409430576419867e-11 
1.4324697546859809e-11 
2.1965712987119022e-12 
5.383106783297229e-14 
5.383106783297229e-14 
5.383106783297229e-14 
5.383106783297229e-14 
5.383106783297229e-14 
5.383106783297229e-14 
5.383106783297229e-14 
5.383106783297229e-14 
5.383106783297229e-14 
5.383106783297229e-14 
5.383106783297229e-14 
4.8154455370605024e-14 
4.8154455370605024e-14 
4.8154455370605024e-14 
4.8154455370605024e-14 
4.6063728511115986e-14 
4.6063728511115986e-14 
4.6063728511115986e-14 
4.6007783801256194e-14 
4.6007783801256194e-14 
4.6007783801256194e-14 
4.6000069746928808e-14 
4.6000069746928808e-14 
4.6000069746928808e-14 
4.5996374362192171e-14 
4.5996374362192171e-14 
4.5996374362192171e-14 
4.5996374362192171e-14 
4.5996374362192171e-14 
4.5996374362192171e-14 
4.5996374362192171e-14 
4.5996112962379134e-14 
4.5996112962379134e-14 
4.5996112962379134e-14 
4.5996112962379134e-14 
4.5996112962379134e-14 
4.5996112962379134e-14 
4.5996112962379134e-14 
4.5996107236200896e-14 
4.5996107236200896e-14 
4.5996107236200896e-14 
4.5996107236200896e-14 
4.5996107236200896e-14 
4.5996107236200896e-14 
4.5996107236200896e-14 
4.5996107236200896e-14 
4.5996107236200896e-14 
4.5996107236200896e-14 
4.5996107236200896e-14 
4.59961056018514e-14 
4.59961056018514e-14 
4.59961056018514e-14 
4.59961056018514e-14 
4.59961056018514e-14 
4.59961056018514e-14 
4.59961056018514e-14 
4.59961056018514e-14 
4.59961056018514e-14 
4.59961056018514e-14 
4.59961056018514e-14 
4.59961056018514e-14 
4.59961056018514e-14 
4.59961056018514e-14 
4.59961056018514e-14 
4.59961056018514e-14 
4.59961056018514e-14 
4.59961056018514e-14 
4.59961056018514e-14 
4.59961056018514e-14 
4.59961056018514e-14 
4.59961056018514e-14 
4.59961056018514e-14 
4.59961056018514e-14 
4.59961056018514e-14 
4.59961056018514e-14 
