0.34259228309337353 
0.34073124536824895 
0.34071670750693334 
0.29622091967189657 
0.23519970409095919 
0.22209775578899527 
0.19294788778386163 
0.19112199675718974 
0.17653739553871825 
0.17643992608237877 
0.17121389676023946 
0.16965918775209582 
0.16723596692398504 
0.16681902443573746 
0.16566353365347686 
0.16354574914147174 
0.16275829998152502 
0.16178493787215781 
0.16154454739132285 
0.16108699847439914 
0.16103906405081403 
0.16081374917389335 
0.16081178418078459 
0.16071643004601308 
0.16071539179237335 
0.16067972908910994 
0.16067909979965589 
0.16066233871399707 
0.16066185820070186 
0.16065619883189233 
0.1606555871065512 
0.16065253871319843 
0.16065215591056467 
0.16065087407523176 
0.16065049680408697 
0.16064966621294857 
0.16064929634843222 
0.16064879344052829 
0.16064841399174412 
0.16064797607693368 
0.16064760707828782 
0.16064721432918241 
0.16064684548199953 
0.160646465612997 
0.16064609762835758 
0.16064572485069215 
0.16064535662392657 
0.16064498724462234 
0.16064461871800301 
0.16064425025300108 
0.16064388183834644 
0.16064351371484017 
0.16064314547318798 
0.16064277733167151 
0.16064240923108089 
0.1606420411244916 
0.16064167300833271 
0.16064130492280923 
0.16064093684016398 
0.16064056876021859 
0.16064020068297216 
0.16063983260842457 
0.16063946453657593 
0.1606390964674263 
0.16063872840097565 
0.16063836033722406 
0.16063799227617148 
0.16063762421781802 
0.16063725616216365 
0.16063688810920843 
0.1606365200589524 
0.16063615201139564 
0.1606357839665381 
0.16063541592437983 
0.16063504788492083 
0.16063467984816121 
0.16063431181410093 
0.16063394378274001 
0.16063357575407861 
0.16063320772811659 
0.16063283970485412 
0.16063247168429115 
0.16063210366642772 
0.16063173565126382 
0.16063136763879959 
0.16063099962903499 
0.16063063162197005 
0.16063026361760482 
0.16062989561593932 
0.16062952761697361 
0.16062915962070765 
0.16062879162714153 
0.16062842363627525 
0.16062805564810889 
0.16062768766264246 
0.16062731967987595 
0.16062695169980942 
0.1606265837224429 
0.16062621574777641 
0.16062584777580996 
0.16062547980654363 
0.16062511183997746 
0.16062474387611145 
0.16062437591494558 
0.16062400795647999 
0.16062364000071461 
0.16062327204764951 
0.16062290409728472 
0.16062253614962033 
0.16062216820465627 
0.16062180026239264 
0.16062143232282944 
0.16062106438596668 
0.16062069645180443 
0.16062032852034269 
0.16061996059158151 
0.16061959266552095 
0.160619224742161 
0.1606188568215017 
0.16061848890354305 
0.16061812098828512 
0.16061775307572795 
0.16061738516587151 
0.16061701725871594 
0.16061664935426118 
0.16061628145250728 
0.16061591355345425 
0.16061554565710215 
0.16061517776345099 
0.16061480987250085 
0.16061444198425168 
0.16061407409870362 
0.16061370621585658 
0.1606133383357107 
0.16061297045826589 
0.16061260258352228 
0.1606122347114799 
0.16061186684213871 
0.16061149897549878 
0.16061113111156017 
0.16061076325032286 
0.16061039539178693 
0.16061002753595235 
0.16060965968281918 
0.16060929183238748 
0.1606089239846572 
0.16060855613962846 
0.16060818829730125 
0.16060782045767566 
0.16060745262075163 
0.16060708478652919 
0.16060671695500842 
0.16060634912618935 
0.160605981300072 
0.16060561347665644 
0.16060524565594261 
0.16060487783793059 
0.16060451002262044 
0.16060414221001212 
0.1606037744001057 
0.16060340659290123 
0.16060303878839874 
0.16060267098659822 
0.16060230318749974 
0.16060193539110332 
0.16060156759740896 
0.16060119980641671 
0.16060083201812661 
0.16060046423253874 
0.16060009644965303 
0.16059972866946959 
0.16059936089198837 
0.16059899311720949 
0.16059862534513289 
0.16059825757575868 
0.16059788980908685 
0.16059752204511743 
0.16059715428385046 
0.16059678652528603 
0.16059641876942407 
0.16059605101626465 
0.16059568326580781 
0.16059531551805356 
0.16059494777300198 
0.16059458003065308 
0.16059421229100684 
0.16059384455406331 
0.16059347681982258 
0.16059310908828459 
0.16059274135944943 
0.1605923736333171 
0.1605920059098877 
0.1605916381891612 
0.16059127047113764 
0.16059090275581703 
0.16059053504319942 
0.16059016733328485 
0.16058979962607334 
0.16058943192156494 
0.16058906421975966 
0.16058869652065755 
0.16058832882425861 
0.16058796113056287 
0.16058759343957035 
0.16058722575128112 
0.1605868580656952 
0.16058649038281264 
0.16058612270263348 
0.16058575502515765 
0.1605853873503853 
0.16058501967831637 
0.16058465200895095 
0.16058428434228902 
0.16058391667833069 
0.16058354901707594 
0.16058318135852481 
0.1605828137026773 
0.16058244604953345 
0.16058207839909328 
0.16058171075135688 
0.16058134310632424 
0.16058097546399541 
0.16058060782437042 
0.16058024018744926 
0.16057987255323197 
0.16057950492171863 
0.16057913729290924 
0.16057876966680379 
0.1605784020434024 
0.16057803442270505 
0.16057766680471175 
0.16057729918942254 
0.16057693157683747 
0.16057656396695658 
0.16057619635977985 
0.16057582875530732 
0.1605754611535391 
0.16057509355447516 
0.16057472595811553 
0.16057435836446024 
0.16057399077350934 
0.16057362318526283 
0.16057325559972074 
0.16057288801688319 
0.16057252043675008 
0.16057215285932153 
0.16057178528459751 
0.1605714177125781 
0.16057105014326328 
0.16057068257665313 
0.16057031501274766 
0.1605699474515469 
0.1605695798930509 
0.16056921233725968 
0.16056884478417324 
0.16056847723379161 
0.1605681096861149 
0.16056774214114305 
0.16056737459887616 
0.16056700705931423 
0.16056663952245728 
0.16056627198830536 
0.16056590445685845 
0.16056553692811662 
0.1605651694020799 
0.16056480187874833 
0.16056443435812195 
0.16056406684020075 
0.16056369932498479 
0.16056333181247412 
0.1605629643026687 
0.16056259679556861 
0.16056222929117389 
0.16056186178948453 
0.16056149429050062 
0.16056112679422219 
0.16056075930064917 
0.16056039180978168 
0.1605600243216197 
0.16055965683616333 
0.16055928935341252 
0.16055892187336737 
0.16055855439602787 
0.16055818692139409 
0.16055781944946601 
0.16055745198024365 
0.16055708451372711 
0.16055671704991634 
0.16055634958881146 
0.16055598213041244 
0.16055561467471935 
0.16055524722173217 
0.16055487977145097 
0.16055451232387574 
0.16055414487900654 
0.16055377743684338 
0.16055340999738638 
0.16055304256063543 
0.16055267512659066 
0.16055230769525208 
0.16055194026661967 
0.16055157284069349 
0.16055120541747364 
0.1605508379969601 
0.16055047057915284 
0.16055010316405199 
0.16054973575165751 
0.16054936834196948 
0.16054900093498783 
0.16054863353071272 
0.16054826612914411 
0.16054789873028208 
0.16054753133412658 
0.16054716394067775 
0.16054679654993553 
0.16054642916189996 
0.1605460617765711 
0.16054569439394895 
0.1605453270140336 
0.16054495963682502 
0.16054459226232332 
0.16054422489052839 
0.16054385752144038 
0.16054349015505925 
0.16054312279138511 
0.16054275543041788 
0.16054238807215773 
0.16054202071660459 
0.1605416533637585 
0.16054128601361953 
0.16054091866618769 
0.16054055132146297 
0.16054018397944544 
0.16053981664013517 
0.16053944930353214 
0.16053908196963643 
0.16053871463844799 
0.16053834730996688 
0.16053797998419314 
0.16053761266112679 
0.16053724534076788 
0.16053687802311647 
0.16053651070817254 
0.16053614339593614 
0.16053577608640729 
0.160535408779586 
0.16053504147547235 
0.16053467417406633 
0.16053430687536804 
0.16053393957937745 
0.16053357228609458 
0.16053320499551949 
0.16053283770765217 
0.16053247042249269 
0.16053210314004107 
0.16053173586029731 
0.16053136858326153 
0.16053100130893372 
0.16053063403731388 
0.16053026676840204 
0.1605298995021982 
0.16052953223870248 
0.16052916497791483 
0.16052879771983539 
0.16052843046446408 
0.16052806321180096 
0.1605276959618461 
0.16052732871459946 
0.16052696147006112 
0.1605265942282311 
0.1605262269891094 
0.16052585975269612 
0.16052549251899129 
0.16052512528799487 
0.1605247580597069 
0.16052439083412742 
0.16052402361125648 
0.16052365639109414 
0.16052328917364039 
0.16052292195889528 
0.16052255474685881 
0.16052218753753103 
0.16052182033091195 
0.16052145312700164 
0.16052108592580008 
0.16052071872730733 
0.16052035153152344 
0.16051998433844844 
0.16051961714808233 
0.16051924996042516 
0.16051888277547691 
0.16051851559323768 
0.16051814841370746 
0.16051778123688631 
0.16051741406277426 
0.16051704689137133 
0.16051667972267752 
0.16051631255669288 
0.16051594539341746 
0.16051557823285126 
0.16051521107499434 
0.16051484391984672 
0.16051447676740846 
0.16051410961767953 
0.16051374247066 
0.16051337532634988 
0.1605130081847492 
0.16051264104585802 
0.16051227390967635 
0.16051190677620425 
0.16051153964544171 
0.16051117251738878 
0.16051080539204549 
0.1605104382694118 
0.16051007114948787 
0.16050970403227363 
0.16050933691776917 
0.16050896980597451 
0.16050860269688966 
0.16050823559051466 
0.16050786848684953 
0.16050750138589431 
0.16050713428764904 
0.16050676719211371 
0.1605064000992884 
0.16050603300917318 
0.16050566592176799 
0.16050529883707287 
0.1605049317550879 
0.16050456467581309 
0.16050419759924844 
0.16050383052539399 
0.16050346345424982 
0.16050309638581595 
0.16050272932009238 
0.16050236225707912 
0.16050199519677621 
0.16050162813918373 
0.16050126108430168 
0.16050089403213011 
0.16050052698266901 
0.16050015993591848 
0.16049979289187843 
0.16049942585054899 
0.16049905881193019 
0.160498691776022 
0.16049832474282452 
0.16049795771233774 
0.16049759068456168 
0.1604972236594964 
0.16049685663714192 
0.16049648961749824 
0.16049612260056542 
0.16049575558634346 
0.1604953885748325 
0.16049502156603249 
0.16049465455994341 
0.16049428755656539 
0.1604939205558984 
0.16049355355794245 
0.16049318656269762 
0.16049281957016392 
0.16049245258034139 
0.16049208559323008 
0.16049171860882996 
0.16049135162714115 
0.16049098464816355 
0.16049061767189732 
0.16049025069834238 
0.16048988372749889 
0.16048951675936679 
0.16048914979394616 
0.16048878283123696 
0.16048841587123927 
0.1604880489139531 
0.16048768195937851 
0.16048731500751551 
0.16048694805836414 
0.16048658111192446 
0.16048621416819642 
0.1604858472271801 
0.16048548028887549 
0.16048511335328269 
0.16048474642040167 
0.16048437949023253 
0.16048401256277528 
0.16048364563802991 
0.16048327871599646 
0.16048291179667495 
0.16048254488006544 
0.16048217796616795 
0.16048181105498255 
0.16048144414650919 
0.16048107724074798 
0.16048071033769892 
0.16048034343736198 
0.16047997653973728 
0.1604796096448248 
0.1604792427526246 
0.16047887586313669 
0.16047850897636115 
0.16047814209229794 
0.16047777521094711 
0.1604774083323087 
0.16047704145638272 
0.16047667458316925 
0.16047630771266833 
0.1604759408448799 
0.16047557397980405 
0.16047520711744082 
0.16047484025779019 
0.16047447340085225 
0.160474106546627 
0.16047373969511444 
0.16047337284631469 
0.16047300600022774 
0.16047263915685356 
0.16047227231619224 
0.1604719054782438 
0.16047153864300828 
0.16047117181048567 
0.16047080498067606 
0.16047043815357945 
0.16047007132919588 
0.16046970450752537 
0.16046933768856794 
0.16046897087232362 
0.16046860405879249 
0.16046823724797446 
0.16046787043986974 
0.16046750363447826 
0.16046713683180006 
0.16046677003183515 
0.16046640323458353 
0.16046603644004531 
0.16046566964822048 
0.16046530285910912 
0.16046493607271123 
0.16046456928902678 
0.1604642025080559 
0.1604638357297985 
0.16046346895425476 
0.16046310218142457 
0.16046273541130804 
0.1604623686439052 
0.16046200187921608 
0.16046163511724071 
0.16046126835797905 
0.16046090160143123 
0.1604605348475972 
0.16046016809647703 
0.16045980134807078 
0.16045943460237844 
0.16045906785940009 
0.16045870111913568 
0.16045833438158527 
0.16045796764674888 
0.1604576009146266 
0.16045723418521837 
0.16045686745852433 
0.16045650073454448 
0.16045613401327882 
0.16045576729472735 
0.16045540057889013 
0.1604550338657672 
0.16045466715535858 
0.16045430044766434 
0.16045393374268449 
0.16045356704041905 
0.16045320034086802 
0.16045283364403146 
0.16045246694990939 
0.16045210025850185 
0.16045173356980885 
0.16045136688383052 
0.16045100020056677 
0.16045063352001773 
0.1604502668421833 
0.16044990016706359 
0.16044953349465865 
0.16044916682496849 
0.16044880015799315 
0.16044843349373264 
0.16044806683218699 
0.16044770017335624 
0.16044733351724041 
0.16044696686383955 
0.16044660021315366 
0.16044623356518276 
0.16044586691992699 
0.1604455002773863 
0.16044513363756072 
0.16044476700045024 
0.16044440036605495 
0.16044403373437488 
0.16044366710541003 
0.16044330047916047 
0.16044293385562619 
0.16044256723480727 
0.16044220061670367 
0.16044183400131548 
0.16044146738864265 
0.16044110077868534 
0.16044073417144347 
0.16044036756691712 
0.16044000096510633 
0.16043963436601111 
0.16043926776963149 
0.16043890117596749 
0.16043853458501917 
0.16043816799678653 
0.16043780141126965 
0.16043743482846851 
0.16043706824838316 
0.16043670167101362 
0.16043633509635993 
0.1604359685244221 
0.16043560195520021 
0.1604352353886942 
0.16043486882490424 
0.16043450226383024 
0.1604341357054723 
0.16043376914983037 
0.16043340259690458 
0.16043303604669493 
0.16043266949920137 
0.16043230295442404 
0.16043193641236292 
0.16043156987301807 
0.16043120333638947 
0.16043083680247716 
0.16043047027128118 
0.16043010374280162 
0.1604297372170384 
0.16042937069399166 
0.16042900417366138 
0.16042863765604759 
0.1604282711411503 
0.16042790462896955 
0.16042753811950539 
0.16042717161275785 
0.16042680510872701 
0.16042643860741276 
0.16042607210881529 
0.16042570561293454 
0.16042533911977053 
0.16042497262932329 
0.16042460614159293 
0.1604242396565794 
0.16042387317428278 
0.16042350669470309 
0.16042314021784035 
0.16042277374369454 
0.16042240727226575 
0.16042204080355404 
0.16042167433755938 
0.16042130787428185 
0.16042094141372146 
0.16042057495587822 
0.1604202085007522 
0.16041984204834336 
0.16041947559865177 
0.16041910915167748 
0.16041874270742051 
0.16041837626588093 
0.1604180098270587 
0.16041764339095388 
0.1604172769575665 
0.16041691052689661 
0.16041654409894418 
0.1604161776737093 
0.16041581125119203 
0.16041544483139231 
0.16041507841431021 
0.16041471199994581 
0.16041434558829903 
0.16041397917937 
0.16041361277315871 
0.16041324636966517 
0.16041287996888948 
0.16041251357083161 
0.16041214717549163 
0.16041178078286955 
0.16041141439296538 
0.16041104800577918 
0.16041068162131095 
0.16041031523956079 
0.16040994886052867 
0.16040958248421466 
0.1604092161106187 
0.16040884973974093 
0.16040848337158128 
0.16040811700613988 
0.1604077506434167 
0.16040738428341184 
0.16040701792612522 
0.16040665157155698 
0.16040628521970704 
0.16040591887057554 
0.16040555252416241 
0.16040518618046776 
0.16040481983949162 
0.16040445350123395 
0.16040408716569488 
0.16040372083287435 
0.16040335450277241 
0.16040298817538909 
0.16040262185072446 
0.16040225552877851 
0.16040188920955131 
0.16040152289304288 
0.16040115657925322 
0.16040079026818238 
0.16040042395983037 
0.16040005765419729 
0.16039969135128307 
0.16039932505108784 
0.16039895875361154 
0.16039859245885427 
0.16039822616681604 
0.16039785987749686 
0.16039749359089675 
0.1603971273070158 
0.16039676102585396 
0.16039639474741138 
0.16039602847168796 
0.16039566219868381 
0.16039529592839893 
0.16039492966083338 
0.16039456339598715 
0.16039419713386027 
0.16039383087445283 
0.16039346461776485 
0.16039309836379631 
0.16039273211254726 
0.1603923658640177 
0.16039199961820769 
0.1603916333751173 
0.16039126713474647 
0.16039090089709537 
0.16039053466216391 
0.16039016842995216 
0.16038980220046015 
0.1603894359736879 
0.16038906974963543 
0.16038870352830278 
0.16038833730969007 
0.16038797109379721 
0.16038760488062428 
0.16038723867017132 
0.1603868724624383 
0.16038650625742532 
0.16038614005513235 
0.16038577385555947 
0.16038540765870668 
0.16038504146457408 
0.16038467527316164 
0.16038430908446938 
0.16038394289849733 
0.16038357671524556 
0.16038321053471408 
0.16038284435690292 
0.16038247818181209 
0.16038211200944169 
0.1603817458397917 
0.16038137967286212 
0.160381013508653 
0.1603806473471644 
0.16038028118839628 
0.16037991503234883 
0.16037954887902192 
0.16037918272841567 
0.16037881658053005 
0.16037845043536511 
0.16037808429292091 
0.16037771815319746 
0.1603773520161948 
0.16037698588191293 
0.16037661975035192 
0.16037625362151178 
0.1603758874953925 
0.16037552137199418 
0.16037515525131682 
0.16037478913336045 
0.16037442301812513 
0.16037405690561085 
0.16037369079581767 
0.1603733246887456 
0.16037295858439468 
0.16037259248276495 
0.16037222638385637 
0.16037186028766909 
0.16037149419420307 
0.16037112810345838 
0.16037076201543499 
0.16037039593013297 
0.1603700298475523 
0.1603696637676931 
0.16036929769055533 
0.16036893161613905 
0.16036856554444431 
0.1603681994754711 
0.16036783340921948 
0.16036746734568944 
0.16036710128488105 
0.16036673522679434 
0.1603663691714293 
0.16036600311878604 
0.16036563706886453 
0.16036527102166481 
0.16036490497718686 
0.16036453893543079 
0.16036417289639662 
0.16036380686008433 
0.16036344082649404 
0.1603630747956257 
0.16036270876747938 
0.16036234274205508 
0.16036197671935282 
0.16036161069937271 
0.16036124468211468 
0.16036087866757887 
0.1603605126557652 
0.16036014664667378 
0.16035978064030459 
0.1603594146366577 
0.16035904863573311 
0.16035868263753084 
0.16035831664205097 
0.16035795064929351 
0.16035758465925851 
0.16035721867194591 
0.16035685268735586 
0.1603564867054883 
0.16035612072634331 
0.16035575474992095 
0.16035538877622116 
0.16035502280524405 
0.1603546568369896 
0.16035429087145786 
0.16035392490864891 
0.16035355894856265 
0.16035319299119924 
0.16035282703655865 
0.16035246108464093 
0.16035209513544613 
0.16035172918897422 
0.16035136324522528 
0.16035099730419933 
0.16035063136589639 
0.1603502654303165 
0.1603498994974597 
0.16034953356732601 
0.16034916763991547 
0.16034880171522808 
0.16034843579326391 
0.16034806987402295 
0.16034770395750522 
0.16034733804371082 
0.16034697213263976 
0.16034660622429203 
0.1603462403186677 
0.16034587441576681 
0.16034550851558935 
0.16034514261813537 
0.16034477672340486 
0.16034441083139794 
0.16034404494211457 
0.16034367905555483 
0.16034331317171868 
0.16034294729060619 
0.16034258141221738 
0.16034221553655231 
0.16034184966361101 
0.16034148379339347 
0.16034111792589978 
0.16034075206112994 
0.16034038619908392 
0.16034002033976183 
0.16033965448316367 
0.16033928862928951 
0.16033892277813935 
0.16033855692971319 
0.16033819108401112 
0.16033782524103313 
0.16033745940077926 
0.16033709356324952 
0.16033672772844396 
0.16033636189636261 
0.16033599606700555 
0.16033563024037276 
0.16033526441646426 
0.16033489859528008 
0.16033453277682028 
0.16033416696108485 
0.16033380114807388 
0.16033343533778738 
0.16033306953022536 
0.16033270372538788 
0.16033233792327492 
0.16033197212388656 
0.16033160632722279 
0.16033124053328363 
0.1603308747420692 
0.16033050895357945 
0.16033014316781444 
0.16032977738477422 
0.16032941160445879 
0.16032904582686816 
0.16032868005200238 
0.16032831427986149 
0.16032794851044557 
0.16032758274375455 
0.16032721697978858 
0.16032685121854756 
0.16032648546003159 
0.16032611970424065 
0.16032575395117488 
0.16032538820083417 
0.1603250224532187 
0.16032465670832838 
0.16032429096616332 
0.16032392522672351 
0.16032355949000895 
0.16032319375601975 
0.16032282802475586 
0.16032246229621736 
0.1603220965704043 
0.16032173084731668 
0.1603213651269545 
0.16032099940931785 
0.16032063369440669 
0.1603202679822211 
0.16031990227276111 
0.16031953656602677 
0.16031917086201805 
0.16031880516073505 
0.16031843946217775 
0.16031807376634619 
0.16031770807324042 
0.16031734238286041 
0.16031697669520631 
0.16031661101027805 
0.16031624532807573 
0.16031587964859928 
0.16031551397184884 
0.16031514829782431 
0.16031478262652588 
0.16031441695795345 
0.16031405129210716 
0.16031368562898696 
0.16031331996859291 
0.16031295431092502 
0.16031258865598336 
0.16031222300376791 
0.16031185735427875 
0.16031149170751588 
0.16031112606347936 
0.16031076042216921 
0.16031039478358541 
0.16031002914772807 
0.16030966351459713 
0.16030929788419268 
0.16030893225651477 
0.1603085666315634 
0.1603082010093386 
0.16030783538984042 
0.16030746977306887 
0.16030710415902397 
0.16030673854770577 
0.16030637293911432 
0.16030600733324965 
0.16030564173011172 
0.16030527612970066 
0.16030491053201643 
0.16030454493705906 
0.16030417934482857 
0.1603038137553251 
0.16030344816854852 
0.16030308258449902 
0.16030271700317653 
0.16030235142458113 
0.16030198584871277 
0.16030162027557157 
0.16030125470515752 
0.16030088913747068 
0.16030052357251107 
0.16030015801027869 
0.16029979245077358 
0.16029942689399579 
0.16029906133994537 
0.16029869578862224 
0.16029833024002657 
0.1602979646941583 
0.16029759915101754 
0.16029723361060425 
0.16029686807291851 
0.16029650253796029 
0.1602961370057297 
0.1602957714762267 
