0.28884594238091021 
0.28884594238091021 
0.28884594238091021 
0.091698586242732805 
0.091698586242732805 
0.091698586242732805 
0.091698586242732805 
0.091698586242732805 
0.091698586242732805 
0.091698586242732805 
0.091698586242732805 
0.010819848346404077 
0.010819848346404077 
0.010819848346404077 
0.010819848346404077 
0.010819848346404077 
0.010819848346404077 
0.010819848346404077 
0.0053693019544451019 
0.0053693019544451019 
0.0053693019544451019 
0.0053693019544451019 
0.0053693019544451019 
0.0053693019544451019 
0.0053693019544451019 
0.0053693019544451019 
0.0053693019544451019 
0.0053693019544451019 
0.0053693019544451019 
0.0053693019544451019 
0.0053693019544451019 
0.0053693019544451019 
0.0053693019544451019 
0.0053693019544451019 
0.0053693019544451019 
0.0053693019544451019 
0.0053693019544451019 
0.0053693019544451019 
0.0053693019544451019 
0.0053693019544451019 
0.0053693019544451019 
0.0053693019544451019 
0.0053693019544451019 
0.0046394051412861816 
0.0046394051412861816 
0.0046394051412861816 
0.0046394051412861816 
0.0046394051412861816 
0.0046394051412861816 
0.0046394051412861816 
0.0046394051412861816 
0.0046394051412861816 
0.0046394051412861816 
0.0046394051412861816 
0.0046394051412861816 
0.0046394051412861816 
0.0046394051412861816 
0.0046394051412861816 
0.0046394051412861816 
0.0046394051412861816 
0.0046394051412861816 
0.0046394051412861816 
0.0046394051412861816 
0.0046394051412861816 
0.0046394051412861816 
0.0046394051412861816 
0.0046394051412861816 
0.0046394051412861816 
0.0046360372504115985 
0.0046360372504115985 
0.0046360372504115985 
0.0046360372504115985 
0.0046360372504115985 
0.0046360372504115985 
0.0046360372504115985 
0.0046360372504115985 
0.0046360372504115985 
0.0046360372504115985 
0.0046360372504115985 
0.0046360372504115985 
0.0046360372504115985 
0.0046360372504115985 
0.0046360372504115985 
0.0046360372504115985 
0.0046360372504115985 
0.0044780537499425387 
0.0044780537499425387 
0.0044780537499425387 
0.0044780537499425387 
0.0044780537499425387 
0.0043658974116599367 
0.0043658974116599367 
0.0043000083056565202 
0.0038409997821960769 
0.0038409997821960769 
0.0038409997821960769 
0.0038266163547834614 
0.0037909583092198603 
0.0037538337073875212 
0.003672073414237646 
0.0035993394771680421 
0.0034703037929581606 
0.0033678274716556086 
0.0032775336837986228 
0.0032471317513585729 
0.0032471317513585729 
0.0032471317513585729 
0.0032471317513585729 
0.0032471317513585729 
0.0032471317513585729 
0.0032471317513585729 
0.0032471317513585729 
0.0032471317513585729 
0.0032471317513585729 
0.0031893969629464324 
0.0031816529066874084 
0.0031216209842115919 
0.0030461296272301999 
0.0030461296272301999 
0.0030461296272301999 
0.0029885350614909482 
0.0029267352022705685 
0.0028782707620684648 
0.0028407340714020446 
0.0028098038131243682 
0.0027846176665599037 
0.0027116735391494199 
0.0026403567609318457 
0.0025612860877763269 
0.0023925035444179589 
0.0022424795011840182 
0.0021119439411335047 
0.0019877433081006333 
0.0017316183462631875 
0.001513795008462308 
0.0013282791664835912 
0.0011701166411220464 
0.0010351721455102052 
0.00089740039596523957 
0.0007118964113076333 
0.00056179895929916296 
0.00039968462083196307 
0.00024189123276291012 
0.00020020554142057969 
7.8240732411340584e-05 
1.7038404533687386e-05 
1.0855511816335939e-05 
2.7168662098238615e-07 
2.7168662098238615e-07 
2.7168662098238615e-07 
2.7168662098238615e-07 
2.7168662098238615e-07 
2.7168662098238615e-07 
2.7168662098238615e-07 
4.6936894109050461e-08 
4.6936894109050461e-08 
4.6936894109050461e-08 
4.6936894109050461e-08 
4.6936894109050461e-08 
4.6936894109050461e-08 
4.6936894109050461e-08 
4.6936894109050461e-08 
4.6936894109050461e-08 
4.6936894109050461e-08 
4.6936894109050461e-08 
4.6936894109050461e-08 
4.6936894109050461e-08 
4.6936894109050461e-08 
4.6936894109050461e-08 
3.8350302393736919e-08 
3.8350302393736919e-08 
3.8350302393736919e-08 
3.8350302393736919e-08 
3.8350302393736919e-08 
3.8350302393736919e-08 
3.8350302393736919e-08 
3.8350302393736919e-08 
3.8350302393736919e-08 
3.8350302393736919e-08 
3.8350302393736919e-08 
3.8350302393736919e-08 
3.8350302393736919e-08 
3.8350302393736919e-08 
3.8350302393736919e-08 
3.8350302393736919e-08 
3.8350302393736919e-08 
3.8350302393736919e-08 
3.8350302393736919e-08 
3.8350302393736919e-08 
3.8350302393736919e-08 
3.8350302393736919e-08 
3.8350302393736919e-08 
3.8350302393736919e-08 
3.8350302393736919e-08 
3.8350302393736919e-08 
3.8350302393736919e-08 
3.8350302393736919e-08 
3.8350302393736919e-08 
3.8350302393736919e-08 
3.8350302393736919e-08 
3.8350302393736919e-08 
3.8350302393736919e-08 
3.8350302393736919e-08 
3.8350302393736919e-08 
3.8350302393736919e-08 
3.8350302393736919e-08 
3.8350302393736919e-08 
3.8350302393736919e-08 
3.8350302393736919e-08 
3.8350302393736919e-08 
3.8350302393736919e-08 
3.8350302393736919e-08 
3.8350302393736919e-08 
3.8350302393736919e-08 
3.8350302393736919e-08 
3.8350302393736919e-08 
3.8350302393736919e-08 
3.8350302393736919e-08 
3.8350302393736919e-08 
3.8350302393736919e-08 
3.8350302393736919e-08 
3.8350302393736919e-08 
3.8350302393736919e-08 
3.8350302393736919e-08 
3.8350302393736919e-08 
3.8350302393736919e-08 
3.8350302393736919e-08 
3.8350302393736919e-08 
3.8350302393736919e-08 
3.8350302393736919e-08 
3.8350302393736919e-08 
1.7585276550963543e-08 
1.7585276550963543e-08 
1.7585276550963543e-08 
1.7585276550963543e-08 
1.7585276550963543e-08 
1.7585276550963543e-08 
1.7585276550963543e-08 
1.1052242481629452e-08 
1.1052242481629452e-08 
1.1052242481629452e-08 
1.1052242481629452e-08 
1.1052242481629452e-08 
1.1052242481629452e-08 
1.1052242481629452e-08 
8.2147725815712429e-09 
8.2147725815712429e-09 
8.2147725815712429e-09 
8.2147725815712429e-09 
7.1488981815071571e-09 
7.1488981815071571e-09 
7.1488981815071571e-09 
7.1488981815071571e-09 
5.6812078398311832e-09 
5.6812078398311832e-09 
5.6812078398311832e-09 
5.6812078398311832e-09 
5.2796619486488986e-09 
5.2796619486488986e-09 
5.2796619486488986e-09 
5.2796619486488986e-09 
4.5154688044898718e-09 
4.5154688044898718e-09 
4.5154688044898718e-09 
4.5154688044898718e-09 
4.3998157809868621e-09 
4.3998157809868621e-09 
4.3998157809868621e-09 
4.3998157809868621e-09 
3.9974253673581677e-09 
3.9974253673581677e-09 
3.9974253673581677e-09 
3.9974253673581677e-09 
3.9921115739054447e-09 
3.9921115739054447e-09 
3.9921115739054447e-09 
3.9921115739054447e-09 
3.7765242964009606e-09 
3.7765242964009606e-09 
3.7765242964009606e-09 
3.7765242964009606e-09 
3.7765242964009606e-09 
3.7765242964009606e-09 
3.7765242964009606e-09 
3.7489369841099663e-09 
3.7489369841099663e-09 
3.7489369841099663e-09 
3.7489369841099663e-09 
3.658074505474724e-09 
3.658074505474724e-09 
3.658074505474724e-09 
3.658074505474724e-09 
3.658074505474724e-09 
3.658074505474724e-09 
3.658074505474724e-09 
3.6543313534933808e-09 
3.6543313534933808e-09 
3.6543313534933808e-09 
3.6543313534933808e-09 
3.6504642361237337e-09 
3.6504642361237337e-09 
3.6504642361237337e-09 
3.6504642361237337e-09 
3.6457281004181991e-09 
3.6457281004181991e-09 
3.6457281004181991e-09 
3.6457281004181991e-09 
3.6445348265505611e-09 
3.6445348265505611e-09 
3.6445348265505611e-09 
3.6445348265505611e-09 
3.6423749265917879e-09 
3.6423749265917879e-09 
3.6423749265917879e-09 
3.6423749265917879e-09 
3.6421343973597171e-09 
3.6421343973597171e-09 
3.6421343973597171e-09 
3.6421343973597171e-09 
3.6411223266945749e-09 
3.6411223266945749e-09 
3.6411223266945749e-09 
3.6411223266945749e-09 
3.6411223266945749e-09 
3.6411223266945749e-09 
3.6411223266945749e-09 
3.6410908756305376e-09 
3.6410908756305376e-09 
3.6410908756305376e-09 
3.6410908756305376e-09 
3.6405156629742444e-09 
3.6405156629742444e-09 
3.6405156629742444e-09 
3.6405156629742444e-09 
3.6405156629742444e-09 
3.6405156629742444e-09 
3.6405156629742444e-09 
3.6405150476441154e-09 
3.6405150476441154e-09 
3.6405150476441154e-09 
3.6405150476441154e-09 
3.6405150476441154e-09 
3.6405150476441154e-09 
3.6405150476441154e-09 
3.6405150476441154e-09 
3.6405150476441154e-09 
3.6405150476441154e-09 
3.6405150476441154e-09 
3.6404992899987203e-09 
3.6404992899987203e-09 
3.6404992899987203e-09 
3.6404992899987203e-09 
3.6404992899987203e-09 
3.6404992899987203e-09 
3.6404992899987203e-09 
3.6404992899987203e-09 
3.6404992899987203e-09 
3.6404992899987203e-09 
3.6404992899987203e-09 
3.640493491785027e-09 
3.640493491785027e-09 
3.640493491785027e-09 
3.640493491785027e-09 
3.640493491785027e-09 
3.640493491785027e-09 
3.640493491785027e-09 
3.640493491785027e-09 
3.640493491785027e-09 
3.640493491785027e-09 
3.640493491785027e-09 
3.640493491785027e-09 
3.640493491785027e-09 
3.640493491785027e-09 
3.640493491785027e-09 
3.640493491785027e-09 
3.640493491785027e-09 
3.640493491785027e-09 
3.640493191020647e-09 
3.640493191020647e-09 
3.640493191020647e-09 
3.640493191020647e-09 
3.640493191020647e-09 
3.640493191020647e-09 
3.640493191020647e-09 
3.640493191020647e-09 
3.640493191020647e-09 
3.640493191020647e-09 
3.640493191020647e-09 
3.640493191020647e-09 
3.640493191020647e-09 
3.640493191020647e-09 
3.640493191020647e-09 
3.640493191020647e-09 
3.640493191020647e-09 
3.640493191020647e-09 
3.6404931726895864e-09 
3.6404931726895864e-09 
3.6404931726895864e-09 
3.6404931726895864e-09 
3.6404931726895864e-09 
3.6404931726895864e-09 
3.6404931726895864e-09 
3.6404931726895864e-09 
3.6404931726895864e-09 
3.6404931726895864e-09 
3.6404931726895864e-09 
3.6404931726895864e-09 
3.6404931726895864e-09 
3.6404931726895864e-09 
3.6404931726895864e-09 
3.6404931726895864e-09 
3.6404931726895864e-09 
3.6404931726895864e-09 
3.6404931726895864e-09 
3.6404931726895864e-09 
3.6404931726895864e-09 
3.6404931726895864e-09 
3.6404931726895864e-09 
3.6404931726895864e-09 
3.6404931726895864e-09 
3.6404931724872448e-09 
3.6404931724872448e-09 
3.6404931724872448e-09 
3.6404931724872448e-09 
3.6404931724872448e-09 
3.6404931724872448e-09 
3.6404931724872448e-09 
3.6404931724870074e-09 
3.6404931724870074e-09 
3.6404931724870074e-09 
3.6404931724870074e-09 
3.6404931724852534e-09 
3.6404931724852534e-09 
3.6404931724852534e-09 
3.6404931724852534e-09 
3.640493172468175e-09 
3.640493172468175e-09 
3.640493172468175e-09 
3.640493172468175e-09 
3.640493172468175e-09 
3.640493172468175e-09 
3.640493172468175e-09 
3.640493172466933e-09 
3.640493172466933e-09 
3.640493172466933e-09 
3.640493172466933e-09 
3.640493172463671e-09 
3.640493172463671e-09 
3.6404931724592141e-09 
3.6404931724592141e-09 
3.6404931724580528e-09 
3.6404931724578121e-09 
3.6404931724562843e-09 
3.6404931724559203e-09 
3.6404931724559203e-09 
3.6404931724559203e-09 
3.6404931724559203e-09 
3.6404931724521806e-09 
3.6404931724502177e-09 
3.6404931724502177e-09 
3.6404931724502177e-09 
3.6404931724502177e-09 
3.6404931724502177e-09 
3.6404931724502177e-09 
3.6404931724502177e-09 
3.6404931724502177e-09 
3.6404931724502177e-09 
3.6404931724502177e-09 
3.3812283286786411e-09 
3.3812283286786411e-09 
3.3812283286786411e-09 
2.6441798830940998e-09 
2.6441798830940998e-09 
2.6441798830940998e-09 
2.6441798830940998e-09 
2.6441798830940998e-09 
2.6441798830940998e-09 
2.6441798830940998e-09 
2.6441798830940998e-09 
2.6441798830940998e-09 
2.6441798830940998e-09 
2.6441798830940998e-09 
2.6441798830940998e-09 
2.6441798830940998e-09 
2.6441798830940998e-09 
2.6441798830940998e-09 
2.6441798830940998e-09 
2.6441798830940998e-09 
2.6441798830940998e-09 
2.6441798830940998e-09 
2.6441798830940998e-09 
2.6441798830940998e-09 
2.6441798830940998e-09 
2.6441798830940998e-09 
2.6441798830940998e-09 
2.6441798830940998e-09 
2.6441798830940998e-09 
2.6441798830940998e-09 
2.6441798830940998e-09 
2.6441798830940998e-09 
2.6441798830940998e-09 
2.6441798830940998e-09 
2.6441798830940998e-09 
2.6441798830940998e-09 
2.6441798830940998e-09 
2.6441798830940998e-09 
2.6441798830940998e-09 
2.6441798830940998e-09 
2.6441798830940998e-09 
2.6441798830940998e-09 
2.6441798830940998e-09 
2.6441798830940998e-09 
2.6441798830940998e-09 
2.6441798830940998e-09 
2.6441798830940998e-09 
2.6441798830940998e-09 
2.6441798830940998e-09 
2.6441798830940998e-09 
2.6441798830940998e-09 
2.6441798830940998e-09 
2.6441798830940998e-09 
2.6441798830940998e-09 
2.6441798830940998e-09 
2.6441798830940998e-09 
2.6441798830940998e-09 
2.6441798830940998e-09 
2.6441798830940998e-09 
2.6441798830940998e-09 
2.6441798830940998e-09 
2.6441798830940998e-09 
2.6441798830940998e-09 
2.6441798830940998e-09 
2.6441798830940998e-09 
2.6441798830940998e-09 
2.6441798830940998e-09 
2.6441798830940998e-09 
2.6441798830940998e-09 
2.6441798830940998e-09 
2.6441798830940998e-09 
2.6441798830940998e-09 
2.6441798830940998e-09 
2.6441798830940998e-09 
2.6441798830940998e-09 
2.6441798830940998e-09 
2.6441798830940998e-09 
2.6441798830940998e-09 
2.6441798830940998e-09 
2.6441798830940998e-09 
2.6441798830940998e-09 
2.6441798830940998e-09 
2.6441798830940998e-09 
2.6441798830940998e-09 
2.6441798830940998e-09 
2.6441798830940998e-09 
2.419821517489012e-09 
2.419821517489012e-09 
2.419821517489012e-09 
2.419821517489012e-09 
2.419821517489012e-09 
2.419821517489012e-09 
2.05347644528334e-09 
2.05347644528334e-09 
2.05347644528334e-09 
2.05347644528334e-09 
6.4260317126305939e-10 
6.4260317126305939e-10 
6.4260317126305939e-10 
5.4470932425433562e-10 
5.4470932425433562e-10 
5.4470932425433562e-10 
5.3234968495103439e-10 
5.3234968495103439e-10 
5.3234968495103439e-10 
5.2005923533615334e-10 
5.2005923533615334e-10 
5.2005923533615334e-10 
5.2005923533615334e-10 
5.2005923533615334e-10 
5.2005923533615334e-10 
5.2005923533615334e-10 
5.1933728882771737e-10 
5.1933728882771737e-10 
5.1933728882771737e-10 
5.1917733495065762e-10 
5.1917733495065762e-10 
5.1917733495065762e-10 
5.1897788035957765e-10 
5.1897788035957765e-10 
5.1897788035957765e-10 
5.1897788035957765e-10 
5.1897788035957765e-10 
5.1897788035957765e-10 
5.1897788035957765e-10 
5.1896831658316461e-10 
5.1896831658316461e-10 
5.1896831658316461e-10 
5.1896831658316461e-10 
5.1896831658316461e-10 
5.1896831658316461e-10 
5.1896831658316461e-10 
5.1896612049564507e-10 
5.1896612049564507e-10 
5.1896612049564507e-10 
5.1896527378827849e-10 
5.1896527378827849e-10 
5.1896527378827849e-10 
5.1896503039774836e-10 
5.1896503039774836e-10 
5.1896503039774836e-10 
5.1896496261115225e-10 
5.1896496261115225e-10 
5.1896496261115225e-10 
5.1896494269740498e-10 
5.1896494269740498e-10 
5.1896494269740498e-10 
5.1896493743728395e-10 
5.1896493743728395e-10 
5.1896493743728395e-10 
5.189649357523646e-10 
5.189649357523646e-10 
5.189649357523646e-10 
5.1896493538308357e-10 
5.1896493538308357e-10 
5.1896493538308357e-10 
5.1896493522529639e-10 
5.1896493522529639e-10 
5.1896493522529639e-10 
5.1896493521011948e-10 
5.1896493521011948e-10 
5.1896493521011948e-10 
5.1896493519116712e-10 
5.1896493519116712e-10 
5.1896493519116712e-10 
5.1896493519116712e-10 
5.1896493519116712e-10 
5.1896493519116712e-10 
5.1896493519116712e-10 
5.1896493519116712e-10 
5.1896493519116712e-10 
5.1896493519116712e-10 
5.189649351899217e-10 
5.189649351899217e-10 
5.189649351899217e-10 
5.189649351899217e-10 
5.189649351899217e-10 
5.1896493518674584e-10 
5.1896493518093056e-10 
5.1896493518093056e-10 
5.1896493518025289e-10 
5.1896493517682557e-10 
5.1896493517324615e-10 
5.1896493517324615e-10 
5.1896493517324615e-10 
5.1896493517324615e-10 
5.1896493517324615e-10 
5.1896493517324615e-10 
5.1896493517324615e-10 
5.1896493517324615e-10 
5.1896493517324615e-10 
5.1896493517324615e-10 
5.1896493517324615e-10 
5.1896493517324615e-10 
5.1896493517324615e-10 
5.1896493517324615e-10 
5.1896493517324615e-10 
5.1896493517324615e-10 
5.1896493517324615e-10 
5.1896493517324615e-10 
5.1896493517324615e-10 
5.1896493517324615e-10 
5.1896493517324615e-10 
5.1896493517324615e-10 
5.1896493517324615e-10 
5.1896493517324615e-10 
5.1896493517324615e-10 
5.1896493517324615e-10 
5.1896493517324615e-10 
5.1896493517324615e-10 
5.1896493517324615e-10 
5.1896493517324615e-10 
5.1896493517324615e-10 
5.1896493517324615e-10 
5.1896493517324615e-10 
5.1896493517324615e-10 
5.1896493517324615e-10 
5.1896493517324615e-10 
5.1896493517324615e-10 
5.1896493517324615e-10 
5.1896493517324615e-10 
5.1896493517324615e-10 
5.1896493517324615e-10 
5.1896493517324615e-10 
5.1896493517324615e-10 
5.1896493517324615e-10 
5.1896493517324615e-10 
5.1896493517324615e-10 
5.1896493517324615e-10 
5.1896493517324615e-10 
5.1896493517324615e-10 
5.1896493517324615e-10 
5.1896493517324615e-10 
5.1896493517324615e-10 
5.1896493517324615e-10 
5.1896493517324615e-10 
5.1896493517324615e-10 
5.1896493517324615e-10 
5.1896493517324615e-10 
5.1896493517324615e-10 
5.1896493517324615e-10 
5.1896493517324615e-10 
5.1896493517324615e-10 
5.1896493517324615e-10 
5.1896493517324615e-10 
5.1896493517324615e-10 
5.1896493517324615e-10 
5.1896493517324615e-10 
5.1896493517324615e-10 
5.1896493517324615e-10 
5.1896493517324615e-10 
5.1896493517324615e-10 
5.1896493517324615e-10 
5.1896493517324615e-10 
5.1896493517324615e-10 
5.1896493517324615e-10 
5.1896493517324615e-10 
5.1896493517324615e-10 
5.1896493517324615e-10 
5.1896493517324615e-10 
5.1896493517324615e-10 
5.1896493517324615e-10 
5.1896493517324615e-10 
5.1896493517324615e-10 
3.8165297523630279e-10 
3.8165297523630279e-10 
3.8165297523630279e-10 
2.6774232569668984e-10 
2.6774232569668984e-10 
2.6774232569668984e-10 
2.6774232569668984e-10 
2.6774232569668984e-10 
2.6774232569668984e-10 
2.6774232569668984e-10 
2.6774232569668984e-10 
2.6774232569668984e-10 
2.6774232569668984e-10 
2.6774232569668984e-10 
2.6774232569668984e-10 
2.6774232569668984e-10 
2.6774232569668984e-10 
2.6774232569668984e-10 
2.6774232569668984e-10 
2.6774232569668984e-10 
2.6774232569668984e-10 
2.6774232569668984e-10 
2.6774232569668984e-10 
2.6774232569668984e-10 
2.6774232569668984e-10 
2.6774232569668984e-10 
2.6774232569668984e-10 
3.4560787699964684e-11 
3.4560787699964684e-11 
3.4560787699964684e-11 
3.4560787699964684e-11 
3.4560787699964684e-11 
3.4560787699964684e-11 
3.4560787699964684e-11 
3.4560787699964684e-11 
3.4560787699964684e-11 
3.4560787699964684e-11 
3.4560787699964684e-11 
3.4560787699964684e-11 
3.4560787699964684e-11 
3.4142061032854217e-11 
3.4142061032854217e-11 
3.4142061032854217e-11 
3.4142061032854217e-11 
3.4142061032854217e-11 
3.4142061032854217e-11 
3.4142061032854217e-11 
3.4142061032854217e-11 
3.4142061032854217e-11 
3.4142061032854217e-11 
3.4142061032854217e-11 
1.6666625438106999e-11 
1.6666625438106999e-11 
1.6666625438106999e-11 
1.6075266299686966e-11 
1.6075266299686966e-11 
1.6075266299686966e-11 
1.5853167012214742e-11 
1.5853167012214742e-11 
1.5853167012214742e-11 
1.5835468660409319e-11 
1.5835468660409319e-11 
1.5835468660409319e-11 
1.5812534367026375e-11 
1.5812534367026375e-11 
1.5812534367026375e-11 
1.5812534367026375e-11 
1.5812534367026375e-11 
1.5812534367026375e-11 
1.5812534367026375e-11 
1.5811980016553494e-11 
1.5811980016553494e-11 
1.5811980016553494e-11 
1.5811980016553494e-11 
1.5811980016553494e-11 
1.5811980016553494e-11 
1.5811980016553494e-11 
1.5811980016553494e-11 
1.5811980016553494e-11 
1.5811980016553494e-11 
1.5811980016553494e-11 
1.5811980016553494e-11 
1.5811980016553494e-11 
1.5811980016553494e-11 
1.5811980016553494e-11 
1.5811980016553494e-11 
1.5811980016553494e-11 
1.5811976997203411e-11 
1.581197650704287e-11 
1.581197650704287e-11 
1.581197650704287e-11 
1.581197650704287e-11 
1.581197650704287e-11 
1.581197650704287e-11 
1.581197650704287e-11 
1.581197650704287e-11 
1.581197650704287e-11 
1.581197650704287e-11 
1.581197650704287e-11 
1.581197650704287e-11 
1.581197650704287e-11 
1.581197650704287e-11 
1.581197650704287e-11 
1.581197650704287e-11 
1.581197650704287e-11 
1.581197650704287e-11 
1.581197650704287e-11 
1.581197650704287e-11 
1.581197650704287e-11 
1.581197650704287e-11 
1.581197650704287e-11 
1.581197650704287e-11 
1.581197650704287e-11 
1.581197650704287e-11 
1.581197650704287e-11 
1.581197650704287e-11 
1.581197650704287e-11 
1.581197650704287e-11 
1.581197650704287e-11 
1.581197650704287e-11 
1.581197650704287e-11 
1.581197650704287e-11 
1.581197650704287e-11 
1.581197650704287e-11 
1.581197650704287e-11 
1.581197650704287e-11 
1.581197650704287e-11 
1.581197650704287e-11 
1.581197650704287e-11 
1.581197650704287e-11 
1.581197650704287e-11 
1.581197650704287e-11 
1.581197650704287e-11 
1.581197650704287e-11 
1.581197650704287e-11 
1.0975824782274704e-12 
1.0975824782274704e-12 
1.0975824782274704e-12 
1.0975824782274704e-12 
1.0975824782274704e-12 
1.0975824782274704e-12 
1.0975824782274704e-12 
1.0975824782274704e-12 
1.0975824782274704e-12 
1.0975824782274704e-12 
1.0975824782274704e-12 
1.0975824782274704e-12 
1.0975824782274704e-12 
1.0975824782274704e-12 
1.0975824782274704e-12 
1.0975824782274704e-12 
1.0975824782274704e-12 
1.0975824782274704e-12 
1.0975824782274704e-12 
1.0975824782274704e-12 
1.0975824782274704e-12 
1.0975824782274704e-12 
1.0975824782274704e-12 
1.0975824782274704e-12 
1.0975824782274704e-12 
1.0975824782274704e-12 
1.0975824782274704e-12 
1.0975824782274704e-12 
1.0975824782274704e-12 
1.0975824782274704e-12 
1.0975824782274704e-12 
1.0975824782274704e-12 
1.0975824782274704e-12 
1.0975824782274704e-12 
1.0975824782274704e-12 
1.0975824782274704e-12 
1.0975824782274704e-12 
1.0975824782274704e-12 
1.0975824782274704e-12 
1.0975824782274704e-12 
1.0975824782274704e-12 
1.0975824782274704e-12 
1.0975824782274704e-12 
1.0975824782274704e-12 
1.0975824782274704e-12 
1.0975824782274704e-12 
1.0975824782274704e-12 
1.0975824782274704e-12 
1.0975824782274704e-12 
1.0975824782274704e-12 
1.0975824782274704e-12 
1.0975824782274704e-12 
1.0975824782274704e-12 
1.0975824782274704e-12 
1.0975824782274704e-12 
1.0975824782274704e-12 
1.0975824782274704e-12 
1.0975824782274704e-12 
1.0975824782274704e-12 
1.0975824782274704e-12 
1.0975824782274704e-12 
1.0975824782274704e-12 
1.0975824782274704e-12 
1.0975824782274704e-12 
1.0975824782274704e-12 
1.0975824782274704e-12 
1.0975824782274704e-12 
1.0975824782274704e-12 
1.0975824782274704e-12 
1.0975824782274704e-12 
1.0975824782274704e-12 
1.0975824782274704e-12 
1.0975824782274704e-12 
1.0975824782274704e-12 
1.0975824782274704e-12 
1.0975824782274704e-12 
1.0975824782274704e-12 
1.0975824782274704e-12 
1.0975824782274704e-12 
1.0975824782274704e-12 
1.0975824782274704e-12 
1.0975824782274704e-12 
1.0975824782274704e-12 
1.0975824782274704e-12 
1.0975824782274704e-12 
1.0928678247616544e-12 
1.0339039475179201e-12 
1.0003293297299165e-12 
9.8050339824537065e-13 
9.6843309034769195e-13 
9.6090563602680132e-13 
9.5612608442561165e-13 
9.5305191061526873e-13 
9.510568413523671e-13 
9.4975423420715603e-13 
9.489003623538418e-13 
9.48339222903275e-13 
9.4796988691266257e-13 
9.4772658079610149e-13 
9.4756622955212275e-13 
9.4746053404844914e-13 
9.473908714558483e-13 
9.473908714558483e-13 
9.473908714558483e-13 
9.473908714558483e-13 
9.473908714558483e-13 
9.473908714558483e-13 
9.473908714558483e-13 
9.473908714558483e-13 
9.473908714558483e-13 
9.473908714558483e-13 
9.473908714558483e-13 
9.473908714558483e-13 
9.473908714558483e-13 
9.473908714558483e-13 
9.473908714558483e-13 
9.473908714558483e-13 
9.473908714558483e-13 
9.473908714558483e-13 
9.473908714558483e-13 
9.473908714558483e-13 
9.473908714558483e-13 
9.473908714558483e-13 
9.473908714558483e-13 
9.473908714558483e-13 
9.473908714558483e-13 
9.473908714558483e-13 
9.473908714558483e-13 
9.473908714558483e-13 
9.473908714558483e-13 
9.473908714558483e-13 
9.473908714558483e-13 
9.473908714558483e-13 
