0.034113354031764381 
0.025198266265721664 
0.021905147253778325 
0.017817812213482106 
0.01680063592822871 
0.014888864957808503 
0.014679998815835506 
0.013741961398885878 
0.013734832674342811 
0.013331279447586242 
0.013328566195788684 
0.013182517427826449 
0.013181190546268691 
0.01311110052364905 
0.013110608969815741 
0.013088749722455674 
0.013087363686156324 
0.013076143041422381 
0.013075950983003874 
0.013072032043380342 
0.013071874414406034 
0.013069852775015371 
0.013069750684815704 
0.013069044879417985 
0.013068935722375479 
0.013068516317574672 
0.013068419232009774 
0.013068219756153217 
0.013068118239861327 
0.013067972011704471 
0.013067874635699264 
0.013067753758991883 
0.013067654379953837 
0.013067553657637024 
0.013067450394695456 
0.013067351491823649 
0.0130672525386965 
0.0130671525340943 
0.013067053897716507 
0.013066955299580988 
0.01306685673218947 
0.013066758195491565 
0.013066659689487056 
0.013066561214176068 
0.013066462769558708 
0.013066364355635093 
0.013066265972405337 
0.013066167619869569 
0.013066069298027914 
0.013065971006880481 
0.013065872746427379 
0.013065774516668727 
0.013065676317604677 
0.013065578149235308 
0.01306548001156075 
0.013065381904581112 
0.01306528382829652 
0.013065185782707113 
0.013065087767812981 
0.013064989783614249 
0.013064891830111034 
0.013064793907303468 
0.013064696015191654 
0.013064598153775713 
0.013064500323055762 
0.013064402523031909 
0.013064304753704308 
0.013064207015073045 
0.013064109307138243 
0.013064011629900014 
0.013063913983358511 
0.013063816367513813 
0.013063718782366051 
0.013063621227915342 
0.013063523704161799 
0.01306342621110556 
0.013063328748746729 
0.013063231317085417 
0.013063133916121747 
0.013063036545855857 
0.013062939206287844 
0.013062841897417824 
0.013062744619245914 
0.01306264737177224 
0.013062550154996935 
0.013062452968920094 
0.013062355813541839 
0.013062258688862287 
0.013062161594881576 
0.013062064531599804 
0.013061967499017091 
0.013061870497133553 
0.013061773525949325 
0.013061676585464515 
0.01306157967567923 
0.013061482796593589 
0.013061385948207717 
0.013061289130521748 
0.013061192343535782 
0.013061095587249934 
0.013060998861664326 
0.013060902166779093 
0.013060805502594338 
0.01306070886911017 
0.013060612266326708 
0.013060515694244081 
0.013060419152862419 
0.013060322642181823 
0.013060226162202405 
0.013060129712924289 
0.013060033294347611 
0.013059936906472471 
0.013059840549298984 
0.013059744222827267 
0.013059647927057444 
0.013059551661989651 
0.013059455427623984 
0.013059359223960558 
0.0130592630509995 
0.013059166908740939 
0.01305907079718498 
0.013058974716331736 
0.01305887866618133 
0.013058782646733874 
0.013058686657989508 
0.013058590699948334 
0.013058494772610469 
0.013058398875976028 
0.013058303010045149 
0.013058207174817935 
0.013058111370294495 
0.013058015596474959 
0.013057919853359435 
0.013057824140948067 
0.01305772845924095 
0.0130576328082382 
0.013057537187939939 
0.013057441598346309 
0.013057346039457395 
0.013057250511273327 
0.013057155013794222 
0.013057059547020191 
0.013056964110951381 
0.013056868705587883 
0.013056773330929819 
0.013056677986977306 
0.013056582673730471 
0.013056487391189432 
0.013056392139354302 
0.013056296918225185 
0.013056201727802219 
0.013056106568085524 
0.013056011439075215 
0.013055916340771391 
0.013055821273174185 
0.013055726236283732 
0.013055631230100128 
0.013055536254623488 
0.013055441309853935 
0.013055346395791584 
0.013055251512436578 
0.01305515665978901 
0.013055061837849002 
0.013054967046616666 
0.013054872286092147 
0.01305477755627554 
0.013054682857166957 
0.013054588188766529 
0.013054493551074369 
0.01305439894409061 
0.01305430436781535 
0.013054209822248712 
0.013054115307390812 
0.013054020823241794 
0.013053926369801745 
0.013053831947070786 
0.013053737555049041 
0.013053643193736629 
0.013053548863133681 
0.013053454563240295 
0.013053360294056597 
0.013053266055582696 
0.013053171847818736 
0.01305307767076481 
0.013052983524421044 
0.013052889408787549 
0.013052795323864445 
0.013052701269651868 
0.013052607246149921 
0.013052513253358721 
0.013052419291278388 
0.013052325359909049 
0.013052231459250817 
0.013052137589303795 
0.013052043750068113 
0.013051949941543888 
0.013051856163731255 
0.013051762416630306 
0.01305166870024117 
0.013051575014563962 
0.01305148135959882 
0.013051387735345832 
0.013051294141805132 
0.013051200578976827 
0.013051107046861037 
0.013051013545457903 
0.013050920074767526 
0.013050826634790017 
0.013050733225525496 
0.013050639846974103 
0.013050546499135939 
0.013050453182011109 
0.013050359895599753 
0.013050266639901964 
0.013050173414917899 
0.013050080220647652 
0.013049987057091334 
0.013049893924249066 
0.013049800822120998 
0.013049707750707207 
0.013049614710007826 
0.013049521700022968 
0.013049428720752754 
0.013049335772197319 
0.013049242854356765 
0.013049149967231204 
0.013049057110820753 
0.01304896428512556 
0.013048871490145721 
0.013048778725881349 
0.013048685992332557 
0.013048593289499477 
0.013048500617382235 
0.013048407975980938 
0.013048315365295698 
0.013048222785326632 
0.013048130236073882 
0.013048037717537552 
0.01304794522971775 
0.013047852772614594 
0.01304776034622821 
0.013047667950558728 
0.013047575585606251 
0.013047483251370897 
0.013047390947852785 
0.013047298675052046 
0.013047206432968786 
0.01304711422160312 
0.013047022040955163 
0.013046929891025039 
0.01304683777181288 
0.013046745683318792 
0.013046653625542885 
0.013046561598485286 
0.013046469602146123 
0.0130463776365255 
0.013046285701623535 
0.013046193797440341 
0.013046101923976042 
0.013046010081230779 
0.013045918269204634 
0.013045826487897748 
0.013045734737310218 
0.0130456430174422 
0.013045551328293775 
0.013045459669865079 
0.013045368042156212 
0.013045276445167306 
0.013045184878898488 
0.013045093343349867 
0.013045001838521558 
0.013044910364413669 
0.013044818921026357 
0.013044727508359706 
0.013044636126413833 
0.013044544775188857 
0.013044453454684907 
0.013044362164902115 
0.013044270905840573 
0.013044179677500402 
0.013044088479881725 
0.013043997312984676 
0.013043906176809355 
0.013043815071355878 
0.013043723996624368 
0.013043632952614936 
0.01304354193932772 
0.01304345095676283 
0.013043360004920368 
0.013043269083800465 
0.013043178193403246 
0.013043087333728824 
0.013042996504777304 
0.013042905706548818 
0.013042814939043471 
0.013042724202261409 
0.013042633496202724 
0.013042542820867536 
0.013042452176255969 
0.013042361562368156 
0.01304227097920419 
0.013042180426764203 
0.013042089905048296 
0.013041999414056607 
0.013041908953789252 
0.013041818524246343 
0.013041728125427999 
0.013041637757334332 
0.01304154741996548 
0.013041457113321546 
0.013041366837402649 
0.013041276592208894 
0.013041186377740422 
0.013041096193997345 
0.013041006040979778 
0.013040915918687839 
0.013040825827121639 
0.013040735766281323 
0.01304064573616698 
0.013040555736778732 
0.013040465768116703 
0.013040375830181004 
0.013040285922971778 
0.013040196046489117 
0.013040106200733148 
0.013040016385703982 
0.013039926601401753 
0.01303983684782657 
0.013039747124978549 
0.013039657432857798 
0.013039567771464452 
0.013039478140798635 
0.013039388540860446 
0.013039298971650005 
0.013039209433167444 
0.013039119925412875 
0.013039030448386417 
0.013038941002088184 
0.013038851586518288 
0.013038762201676846 
0.013038672847564005 
0.013038583524179855 
0.013038494231524521 
0.013038404969598115 
0.013038315738400781 
0.013038226537932612 
0.013038137368193722 
0.013038048229184243 
0.013037959120904278 
0.013037870043353978 
0.01303778099653344 
0.013037691980442773 
0.013037602995082097 
0.013037514040451547 
0.013037425116551239 
0.01303733622338127 
0.013037247360941768 
0.01303715852923285 
0.013037069728254656 
0.013036980958007286 
0.013036892218490852 
0.013036803509705472 
0.013036714831651287 
0.013036626184328394 
0.013036537567736907 
0.013036448981876954 
0.013036360426748652 
0.013036271902352131 
0.01303618340868749 
0.013036094945754854 
0.013036006513554334 
0.013035918112086075 
0.013035829741350168 
0.013035741401346739 
0.013035653092075898 
0.013035564813537773 
0.013035476565732491 
0.013035388348660151 
0.013035300162320879 
0.013035212006714788 
0.013035123881842017 
0.013035035787702662 
0.01303494772429685 
0.013034859691624691 
0.013034771689686307 
0.013034683718481828 
0.013034595778011356 
0.013034507868275015 
0.013034419989272926 
0.013034332141005205 
0.013034244323471979 
0.013034156536673348 
0.013034068780609432 
0.01303398105528035 
0.013033893360686243 
0.013033805696827211 
0.013033718063703369 
0.013033630461314831 
0.013033542889661741 
0.013033455348744191 
0.01303336783856231 
0.013033280359116207 
0.013033192910406007 
0.013033105492431838 
0.013033018105193809 
0.013032930748692028 
0.013032843422926616 
0.013032756127897716 
0.013032668863605429 
0.013032581630049854 
0.013032494427231136 
0.013032407255149368 
0.013032320113804704 
0.013032233003197242 
0.013032145923327092 
0.013032058874194372 
0.013031971855799228 
0.013031884868141759 
0.013031797911222075 
0.013031710985040294 
0.013031624089596542 
0.013031537224890949 
0.013031450390923622 
0.013031363587694666 
0.013031276815204209 
0.013031190073452386 
0.013031103362439303 
0.013031016682165069 
0.0130309300326298 
0.013030843413833615 
0.013030756825776665 
0.01303067026845903 
0.013030583741880849 
0.013030497246042215 
0.013030410780943283 
0.013030324346584153 
0.013030237942964932 
0.013030151570085741 
0.013030065227946707 
0.013029978916547953 
0.013029892635889594 
0.013029806385971733 
0.013029720166794495 
0.013029633978358027 
0.013029547820662407 
0.013029461693707771 
0.013029375597494225 
0.013029289532021898 
0.013029203497290918 
0.013029117493301393 
0.013029031520053429 
0.01302894557754716 
0.013028859665782707 
0.013028773784760183 
0.013028687934479694 
0.01302860211494136 
0.013028516326145311 
0.013028430568091668 
0.013028344840780543 
0.013028259144212045 
0.013028173478386303 
0.013028087843303442 
0.01302800223896357 
0.013027916665366799 
0.013027831122513246 
0.013027745610403037 
0.013027660129036301 
0.013027574678413145 
0.01302748925853368 
0.013027403869398031 
0.013027318511006327 
0.013027233183358676 
0.01302714788645519 
0.013027062620295984 
0.013026977384881185 
0.013026892180210929 
0.013026807006285309 
0.013026721863104444 
0.013026636750668459 
0.01302655166897748 
0.013026466618031618 
0.013026381597830981 
0.01302629660837569 
0.013026211649665885 
0.01302612672170167 
0.013026041824483154 
0.013025956958010456 
0.013025872122283698 
0.013025787317303012 
0.013025702543068505 
0.013025617799580289 
0.013025533086838478 
0.01302544840484322 
0.013025363753594614 
0.013025279133092767 
0.013025194543337802 
0.013025109984329845 
0.013025025456069018 
0.013024940958555435 
0.013024856491789204 
0.013024772055770451 
0.013024687650499306 
0.013024603275975866 
0.013024518932200259 
0.013024434619172605 
0.013024350336893011 
0.013024266085361611 
0.013024181864578521 
0.013024097674543844 
0.013024013515257702 
0.013023929386720243 
0.013023845288931546 
0.013023761221891746 
0.013023677185600963 
0.013023593180059292 
0.013023509205266898 
0.013023425261223865 
0.01302334134793031 
0.013023257465386353 
0.013023173613592143 
0.013023089792547756 
0.013023006002253333 
0.013022922242708984 
0.013022838513914815 
0.013022754815870986 
0.01302267114857758 
0.013022587512034715 
0.01302250390624252 
0.013022420331201117 
0.01302233678691061 
0.013022253273371137 
0.013022169790582785 
0.013022086338545694 
0.013022002917259988 
0.013021919526725777 
0.01302183616694317 
0.013021752837912294 
0.013021669539633275 
0.013021586272106228 
0.013021503035331254 
0.013021419829308486 
0.013021336654038021 
0.013021253509520025 
0.013021170395754575 
0.013021087312741797 
0.013021004260481809 
0.013020921238974744 
0.013020838248220709 
0.013020755288219818 
0.013020672358972181 
0.013020589460477931 
0.013020506592737201 
0.013020423755750084 
0.013020340949516698 
0.01302025817403717 
0.013020175429311626 
0.013020092715340176 
0.01302001003212293 
0.013019927379660004 
0.013019844757951527 
0.013019762166997635 
0.013019679606798418 
0.013019597077353994 
0.013019514578664492 
0.013019432110730035 
0.013019349673550741 
0.013019267267126709 
0.013019184891458072 
0.013019102546544937 
0.013019020232387438 
0.01301893794898569 
0.013018855696339798 
0.01301877347444989 
0.013018691283316104 
0.013018609122938516 
0.013018526993317269 
0.01301844489445248 
0.013018362826344256 
0.013018280788992741 
0.01301819878239803 
0.013018116806560237 
0.013018034861479493 
0.013017952947155921 
0.013017871063589634 
0.013017789210780742 
0.013017707388729366 
0.013017625597435621 
0.013017543836899639 
0.013017462107121534 
0.013017380408101421 
0.013017298739839409 
0.013017217102335632 
0.013017135495590203 
0.013017053919603231 
0.013016972374374842 
0.013016890859905145 
0.013016809376194274 
0.013016727923242342 
0.013016646501049466 
0.013016565109615746 
0.013016483748941344 
0.013016402419026341 
0.013016321119870859 
0.013016239851475023 
0.013016158613838943 
0.013016077406962753 
0.013015996230846564 
0.013015915085490496 
0.013015833970894656 
0.013015752887059175 
0.013015671833984169 
0.013015590811669748 
0.013015509820116034 
0.013015428859323141 
0.013015347929291208 
0.013015267030020332 
0.013015186161510629 
0.013015105323762226 
0.013015024516775258 
0.01301494374054981 
0.013014862995086024 
0.013014782280383995 
0.013014701596443856 
0.013014620943265743 
0.013014540320849748 
0.013014459729196 
0.013014379168304604 
0.013014298638175699 
0.013014218138809394 
0.013014137670205797 
0.013014057232365038 
0.013013976825287224 
0.013013896448972497 
0.013013816103420953 
0.01301373578863271 
0.013013655504607893 
0.013013575251346637 
0.013013495028849036 
0.013013414837115206 
0.013013334676145277 
0.013013254545939356 
0.013013174446497588 
0.013013094377820065 
0.013013014339906903 
0.013012934332758234 
0.013012854356374188 
0.01301277441075486 
0.013012694495900368 
0.013012614611810839 
0.013012534758486382 
0.013012454935927141 
0.013012375144133207 
0.013012295383104697 
0.013012215652841745 
0.013012135953344477 
0.013012056284612992 
0.013011976646647407 
0.013011897039447847 
0.013011817463014422 
0.013011737917347277 
0.013011658402446502 
0.013011578918312217 
0.013011499464944549 
0.013011420042343633 
0.013011340650509561 
0.013011261289442451 
0.013011181959142431 
0.013011102659609607 
0.013011023390844128 
0.013010944152846081 
0.0130108649456156 
0.013010785769152787 
0.013010706623457781 
0.01301062750853069 
0.013010548424371635 
0.013010469370980715 
0.013010390348358065 
0.01301031135650382 
0.013010232395418073 
0.013010153465100954 
0.013010074565552567 
0.013009995696773059 
0.013009916858762523 
0.013009838051521073 
0.013009759275048839 
0.013009680529345933 
0.013009601814412495 
0.013009523130248618 
0.013009444476854429 
0.013009365854230038 
0.013009287262375579 
0.013009208701291162 
0.013009130170976909 
0.013009051671432917 
0.01300897320265933 
0.013008894764656258 
0.01300881635742383 
0.013008737980962132 
0.01300865963527131 
0.013008581320351488 
0.013008503036202766 
0.013008424782825257 
0.013008346560219092 
0.013008268368384382 
0.013008190207321264 
0.013008112077029834 
0.013008033977510221 
0.013007955908762534 
0.013007877870786912 
0.013007799863583452 
0.013007721887152268 
0.013007643941493494 
0.013007566026607235 
0.013007488142493633 
0.013007410289152784 
0.013007332466584814 
0.013007254674789831 
0.01300717691376798 
0.013007099183519354 
0.013007021484044068 
0.013006943815342252 
0.013006866177414015 
0.013006788570259501 
0.013006710993878802 
0.013006633448272045 
0.013006555933439339 
0.013006478449380828 
0.013006400996096604 
0.013006323573586786 
0.0130062461818515 
0.013006168820890857 
0.013006091490705 
0.013006014191294019 
0.013005936922658046 
0.013005859684797188 
0.013005782477711588 
0.013005705301401337 
0.013005628155866556 
0.013005551041107373 
0.013005473957123894 
0.013005396903916264 
0.013005319881484576 
0.013005242889828957 
0.013005165928949517 
0.013005088998846396 
0.013005012099519691 
0.013004935230969518 
0.013004858393196006 
0.013004781586199273 
0.013004704809979431 
0.013004628064536615 
0.01300455134987091 
0.013004474665982459 
0.013004398012871392 
0.013004321390537801 
0.013004244798981818 
0.013004168238203547 
0.013004091708203111 
0.013004015208980648 
0.013003938740536255 
0.013003862302870057 
0.013003785895982166 
0.01300370951987271 
0.013003633174541817 
0.013003556859989572 
0.013003480576216114 
0.013003404323221555 
0.013003328101006031 
0.013003251909569642 
0.013003175748912512 
0.013003099619034749 
0.013003023519936499 
0.013002947451617853 
0.013002871414078928 
0.013002795407319858 
0.013002719431340756 
0.013002643486141734 
0.013002567571722929 
0.013002491688084426 
0.013002415835226377 
0.013002340013148881 
0.013002264221852062 
0.013002188461336042 
0.013002112731600925 
0.013002037032646832 
0.013001961364473904 
0.013001885727082232 
0.013001810120471951 
0.013001734544643163 
0.013001658999596015 
0.013001583485330597 
0.013001508001847028 
0.013001432549145438 
0.013001357127225945 
0.013001281736088659 
0.013001206375733718 
0.013001131046161206 
0.013001055747371273 
0.013000980479364021 
0.013000905242139574 
0.01300083003569805 
0.01300075486003956 
0.013000679715164217 
0.013000604601072167 
0.013000529517763502 
0.013000454465238353 
0.013000379443496825 
0.013000304452539062 
0.013000229492365161 
0.013000154562975232 
0.01300007966436941 
0.013000004796547813 
0.01299992995951056 
0.012999855153257755 
0.01299978037778953 
0.012999705633105988 
0.012999630919207266 
0.012999556236093487 
0.012999481583764738 
0.012999406962221157 
0.012999332371462852 
0.012999257811489967 
0.012999183282302606 
0.012999108783900863 
0.012999034316284883 
0.012998959879454793 
0.012998885473410689 
0.0129988110981527 
0.012998736753680934 
0.012998662439995505 
0.01299858815709656 
0.012998513904984191 
0.012998439683658528 
0.012998365493119677 
0.012998291333367782 
0.012998217204402935 
0.012998143106225256 
0.012998069038834872 
0.012997995002231892 
0.012997920996416461 
0.012997847021388679 
0.012997773077148642 
0.012997699163696506 
0.012997625281032365 
0.012997551429156349 
0.012997477608068575 
0.012997403817769149 
0.012997330058258188 
0.012997256329535838 
0.012997182631602192 
0.012997108964457381 
0.012997035328101505 
0.012996961722534716 
0.0129968881477571 
0.012996814603768791 
0.012996741090569881 
0.012996667608160525 
0.012996594156540833 
0.012996520735710906 
0.012996447345670875 
0.012996373986420848 
0.012996300657960957 
0.012996227360291325 
0.012996154093412043 
0.012996080857323247 
0.012996007652025068 
0.012995934477517592 
0.012995861333800969 
0.012995788220875283 
0.012995715138740685 
0.012995642087397275 
0.012995569066845179 
0.012995496077084518 
0.012995423118115395 
0.012995350189937941 
0.012995277292552277 
0.012995204425958518 
0.012995131590156759 
0.012995058785147142 
0.012994986010929799 
0.012994913267504821 
0.012994840554872341 
0.012994767873032463 
0.01299469522198532 
0.012994622601731029 
0.012994550012269693 
0.012994477453601445 
0.012994404925726392 
0.012994332428644676 
0.01299425996235639 
0.012994187526861652 
0.012994115122160593 
0.012994042748253342 
0.012993970405139995 
0.012993898092820672 
0.012993825811295495 
0.012993753560564579 
0.012993681340628062 
0.012993609151486039 
0.012993536993138629 
0.01299346486558596 
0.012993392768828164 
0.012993320702865335 
0.012993248667697591 
0.012993176663325052 
0.012993104689747854 
0.012993032746966098 
0.012992960834979911 
0.012992888953789413 
0.012992817103394706 
0.012992745283795928 
0.012992673494993189 
0.0129926017369866 
0.012992530009776288 
0.012992458313362362 
0.012992386647744962 
0.012992315012924185 
0.012992243408900145 
0.012992171835672976 
0.012992100293242808 
0.012992028781609734 
0.012991957300773873 
0.012991885850735352 
0.01299181443149428 
0.012991743043050787 
0.012991671685405003 
0.012991600358557011 
0.012991529062506951 
0.012991457797254942 
0.012991386562801105 
0.012991315359145553 
0.012991244186288385 
0.012991173044229741 
0.012991101932969751 
0.012991030852508511 
0.012990959802846149 
0.01299088878398276 
0.01299081779591851 
0.012990746838653481 
0.012990675912187794 
0.012990605016521573 
0.01299053415165493 
0.012990463317587993 
0.012990392514320879 
0.01299032174185371 
0.012990251000186586 
0.012990180289319645 
0.012990109609252998 
0.012990038959986757 
0.012989968341521047 
0.012989897753855976 
0.012989827196991691 
0.01298975667092828 
0.012989686175665862 
0.012989615711204569 
0.012989545277544531 
0.012989474874685828 
0.012989404502628617 
0.012989334161372981 
0.012989263850919058 
0.012989193571266981 
0.012989123322416845 
0.012989053104368778 
0.012988982917122876 
0.012988912760679303 
0.012988842635038142 
0.012988772540199513 
0.012988702476163546 
0.012988632442930343 
0.01298856244050004 
0.01298849246887275 
0.012988422528048596 
0.012988352618027667 
0.012988282738810135 
0.012988212890396079 
0.012988143072785617 
0.012988073285978877 
0.012988003529975969 
0.012987933804777025 
0.012987864110382157 
0.012987794446791488 
0.012987724814005121 
0.01298765521202319 
0.012987585640845808 
0.012987516100473087 
0.012987446590905154 
0.012987377112142115 
0.0129873076641841 
0.012987238247031229 
0.012987168860683618 
0.012987099505141363 
0.012987030180404631 
0.012986960886473501 
0.012986891623348094 
0.012986822391028524 
0.012986753189514927 
0.012986684018807431 
0.012986614878906129 
0.012986545769811139 
0.012986476691522593 
