0.20604711931438813 
0.20604711931438813 
0.20604711931438813 
0.19888271057412577 
0.17728503568707077 
0.15803248729659281 
0.14116717561894243 
0.12672754666481323 
0.1147483028007612 
0.1052603302300289 
0.098290633537653882 
0.093862277431091212 
0.091994335793706417 
0.091994335793706417 
0.090159718837440117 
0.084174269601426044 
0.080571378521549941 
0.077665830544016101 
0.065606497257893803 
0.04882162831975001 
0.034220415839237628 
0.022231798996867669 
0.012870965455728967 
0.0061496278192528786 
0.0020760068273105725 
0.00065481976917658447 
0.00012480314906526679 
0.00012480314906526679 
0.00010884386982046301 
6.3584397453020358e-05 
6.3584397453020358e-05 
6.3584397453020358e-05 
6.3584397453020358e-05 
5.1718784578214105e-05 
3.4435421236156394e-05 
3.4435421236156394e-05 
6.5149106799333723e-06 
6.5149106799333723e-06 
6.5149106799333723e-06 
6.5149106799333723e-06 
6.5149106799333723e-06 
6.5149106799333723e-06 
6.5149106799333723e-06 
6.5149106799333723e-06 
6.5149106799333723e-06 
6.5149106799333723e-06 
6.5149106799333723e-06 
3.9008027256093314e-06 
3.9008027256093314e-06 
3.9008027256093314e-06 
2.9915779408140608e-06 
2.9915779408140608e-06 
2.9915779408140608e-06 
2.9915779408140608e-06 
2.9915779408140608e-06 
2.9915779408140608e-06 
2.9915779408140608e-06 
2.9915779408140608e-06 
2.9915779408140608e-06 
2.9915779408140608e-06 
2.9915779408140608e-06 
2.9915779408140608e-06 
2.0531541325974345e-06 
2.8200379731391223e-07 
2.8200379731391223e-07 
2.8200379731391223e-07 
2.8200379731391223e-07 
2.8200379731391223e-07 
2.8200379731391223e-07 
2.8200379731391223e-07 
2.8200379731391223e-07 
2.8200379731391223e-07 
2.8200379731391223e-07 
2.8200379731391223e-07 
2.8200379731391223e-07 
2.8200379731391223e-07 
2.8200379731391223e-07 
2.8200379731391223e-07 
2.8200379731391223e-07 
2.8200379731391223e-07 
2.8200379731391223e-07 
2.8200379731391223e-07 
2.8200379731391223e-07 
2.8200379731391223e-07 
2.8200379731391223e-07 
2.8200379731391223e-07 
2.182581617660162e-07 
2.182581617660162e-07 
2.182581617660162e-07 
2.182581617660162e-07 
2.009900811339449e-07 
2.009900811339449e-07 
2.009900811339449e-07 
2.009900811339449e-07 
2.009900811339449e-07 
2.009900811339449e-07 
2.009900811339449e-07 
2.009900811339449e-07 
2.009900811339449e-07 
2.009900811339449e-07 
2.009900811339449e-07 
2.009900811339449e-07 
2.009900811339449e-07 
2.009900811339449e-07 
2.009900811339449e-07 
2.009900811339449e-07 
2.009900811339449e-07 
2.009900811339449e-07 
2.009900811339449e-07 
2.009900811339449e-07 
2.009900811339449e-07 
2.009900811339449e-07 
2.009900811339449e-07 
2.009900811339449e-07 
1.1286814172173365e-07 
1.1286814172173365e-07 
1.1286814172173365e-07 
1.1286814172173365e-07 
1.1286814172173365e-07 
1.1286814172173365e-07 
1.1286814172173365e-07 
1.1286814172173365e-07 
1.1286814172173365e-07 
1.1286814172173365e-07 
1.1286814172173365e-07 
1.1286814172173365e-07 
1.1286814172173365e-07 
1.1286814172173365e-07 
1.1286814172173365e-07 
1.1286814172173365e-07 
1.1286814172173365e-07 
1.1286814172173365e-07 
7.1781801724846162e-08 
7.1781801724846162e-08 
7.1781801724846162e-08 
7.1781801724846162e-08 
7.1781801724846162e-08 
7.1781801724846162e-08 
7.1781801724846162e-08 
7.1781801724846162e-08 
7.1781801724846162e-08 
7.1781801724846162e-08 
7.1781801724846162e-08 
7.1781801724846162e-08 
7.1781801724846162e-08 
7.1781801724846162e-08 
7.1781801724846162e-08 
7.1781801724846162e-08 
7.1781801724846162e-08 
7.1781801724846162e-08 
7.1781801724846162e-08 
7.1781801724846162e-08 
7.1781801724846162e-08 
7.1781801724846162e-08 
7.1781801724846162e-08 
7.1781801724846162e-08 
7.1781801724846162e-08 
7.1781801724846162e-08 
7.1781801724846162e-08 
7.1781801724846162e-08 
7.1781801724846162e-08 
7.1781801724846162e-08 
7.1781801724846162e-08 
7.1781801724846162e-08 
7.1781801724846162e-08 
7.1781801724846162e-08 
7.1781801724846162e-08 
7.1781801724846162e-08 
7.1781801724846162e-08 
7.1781801724846162e-08 
7.1781801724846162e-08 
7.1781801724846162e-08 
7.1781801724846162e-08 
7.1781801724846162e-08 
7.1781801724846162e-08 
7.1781801724846162e-08 
7.1781801724846162e-08 
7.1781801724846162e-08 
7.1781801724846162e-08 
7.1781801724846162e-08 
7.1781801724846162e-08 
7.1781801724846162e-08 
7.1781801724846162e-08 
7.1781801724846162e-08 
7.1781801724846162e-08 
7.1781801724846162e-08 
7.1781801724846162e-08 
7.1781801724846162e-08 
7.1781801724846162e-08 
7.1781801724846162e-08 
7.1781801724846162e-08 
7.1781801724846162e-08 
7.1781801724846162e-08 
7.1781801724846162e-08 
7.1781801724846162e-08 
7.1781801724846162e-08 
7.1781801724846162e-08 
7.1781801724846162e-08 
7.1781801724846162e-08 
7.1781801724846162e-08 
7.1781801724846162e-08 
7.1781801724846162e-08 
7.1781801724846162e-08 
7.1781801724846162e-08 
7.1781801724846162e-08 
7.1781801724846162e-08 
7.1781801724846162e-08 
7.1781801724846162e-08 
7.1781801724846162e-08 
7.1781801724846162e-08 
7.1781801724846162e-08 
7.1781801724846162e-08 
7.1781801724846162e-08 
7.1781801724846162e-08 
7.1781801724846162e-08 
7.1781801724846162e-08 
7.1781801724846162e-08 
7.1781801724846162e-08 
7.1781801724846162e-08 
7.1781801724846162e-08 
7.1781801724846162e-08 
7.1781801724846162e-08 
7.1781801724846162e-08 
7.1781801724846162e-08 
7.1781801724846162e-08 
7.1781801724846162e-08 
7.1781801724846162e-08 
1.2165806029251769e-08 
1.2165806029251769e-08 
1.2165806029251769e-08 
1.2165806029251769e-08 
1.2165806029251769e-08 
1.2165806029251769e-08 
1.2165806029251769e-08 
1.2165806029251769e-08 
1.2165806029251769e-08 
1.2165806029251769e-08 
1.2165806029251769e-08 
1.2165806029251769e-08 
1.2165806029251769e-08 
1.2165806029251769e-08 
1.2165806029251769e-08 
1.2165806029251769e-08 
1.2165806029251769e-08 
1.2165806029251769e-08 
1.2165806029251769e-08 
1.2165806029251769e-08 
1.2165806029251769e-08 
1.2165806029251769e-08 
1.2165806029251769e-08 
1.2165806029251769e-08 
1.2165806029251769e-08 
1.2165806029251769e-08 
1.2165806029251769e-08 
1.2165806029251769e-08 
1.2165806029251769e-08 
1.2165806029251769e-08 
1.2165806029251769e-08 
1.2165806029251769e-08 
1.2165806029251769e-08 
1.2165806029251769e-08 
1.2165806029251769e-08 
1.2165806029251769e-08 
1.2165806029251769e-08 
1.2165806029251769e-08 
1.2165806029251769e-08 
1.2165806029251769e-08 
1.2165806029251769e-08 
1.2165806029251769e-08 
1.2165806029251769e-08 
1.2165806029251769e-08 
1.2165806029251769e-08 
1.2165806029251769e-08 
1.2165806029251769e-08 
1.2165806029251769e-08 
1.2165806029251769e-08 
1.2165806029251769e-08 
1.2165806029251769e-08 
1.2165806029251769e-08 
1.2165806029251769e-08 
1.2165806029251769e-08 
1.2165806029251769e-08 
1.2165806029251769e-08 
1.2165806029251769e-08 
1.2165806029251769e-08 
1.2165806029251769e-08 
1.2165806029251769e-08 
1.2165806029251769e-08 
1.2165806029251769e-08 
1.2165806029251769e-08 
1.2165806029251769e-08 
1.2165806029251769e-08 
1.2165806029251769e-08 
1.2165806029251769e-08 
1.2165806029251769e-08 
1.2165806029251769e-08 
1.2165806029251769e-08 
1.2165806029251769e-08 
1.2165806029251769e-08 
1.2165806029251769e-08 
1.2165806029251769e-08 
1.2165806029251769e-08 
1.2165806029251769e-08 
1.2165806029251769e-08 
1.2165806029251769e-08 
1.2165806029251769e-08 
1.2165806029251769e-08 
1.2165806029251769e-08 
1.2165806029251769e-08 
1.2165806029251769e-08 
1.2165806029251769e-08 
1.2165806029251769e-08 
1.2165806029251769e-08 
1.2165806029251769e-08 
1.2165806029251769e-08 
1.2165806029251769e-08 
1.2165806029251769e-08 
1.2165806029251769e-08 
1.2165806029251769e-08 
1.2165806029251769e-08 
1.2165806029251769e-08 
1.2165806029251769e-08 
1.2165806029251769e-08 
1.2165806029251769e-08 
1.2165806029251769e-08 
1.2165806029251769e-08 
1.2165806029251769e-08 
1.2165806029251769e-08 
1.2165806029251769e-08 
1.2165806029251769e-08 
1.2165806029251769e-08 
1.2165806029251769e-08 
1.2165806029251769e-08 
1.2165806029251769e-08 
1.2165806029251769e-08 
1.2165806029251769e-08 
1.2165806029251769e-08 
1.2165806029251769e-08 
1.2165806029251769e-08 
1.2165806029251769e-08 
1.2165806029251769e-08 
1.2165806029251769e-08 
1.2165806029251769e-08 
1.2165806029251769e-08 
1.2165806029251769e-08 
1.2165806029251769e-08 
1.2165806029251769e-08 
1.2165806029251769e-08 
1.2165806029251769e-08 
1.2165806029251769e-08 
1.2165806029251769e-08 
1.2165806029251769e-08 
1.2165806029251769e-08 
1.2165806029251769e-08 
1.2165806029251769e-08 
1.2165806029251769e-08 
1.2165806029251769e-08 
1.2165806029251769e-08 
1.2165806029251769e-08 
1.2165806029251769e-08 
1.2165806029251769e-08 
1.2165806029251769e-08 
1.2165806029251769e-08 
1.2165806029251769e-08 
1.2165806029251769e-08 
1.2165806029251769e-08 
1.2165806029251769e-08 
1.2165806029251769e-08 
1.2165806029251769e-08 
1.2165806029251769e-08 
1.2165806029251769e-08 
1.2165806029251769e-08 
1.2165806029251769e-08 
1.2165806029251769e-08 
1.2165806029251769e-08 
1.2165806029251769e-08 
1.2165806029251769e-08 
1.2165806029251769e-08 
1.2165806029251769e-08 
1.2165806029251769e-08 
1.2165806029251769e-08 
1.2165806029251769e-08 
1.2165806029251769e-08 
1.2165806029251769e-08 
1.2165806029251769e-08 
1.2165806029251769e-08 
1.2165806029251769e-08 
1.2165806029251769e-08 
1.2165806029251769e-08 
1.2165806029251769e-08 
1.2165806029251769e-08 
1.2165806029251769e-08 
1.2165806029251769e-08 
1.2165806029251769e-08 
1.2165806029251769e-08 
1.2165806029251769e-08 
1.2165806029251769e-08 
1.2165806029251769e-08 
1.2165806029251769e-08 
1.2165806029251769e-08 
1.2165806029251769e-08 
1.2165806029251769e-08 
1.2165806029251769e-08 
1.2165806029251769e-08 
1.2165806029251769e-08 
1.2165806029251769e-08 
1.2165806029251769e-08 
1.2165806029251769e-08 
1.2165806029251769e-08 
1.2165806029251769e-08 
1.2165806029251769e-08 
1.2165806029251769e-08 
1.2165806029251769e-08 
1.2165806029251769e-08 
1.2165806029251769e-08 
1.2165806029251769e-08 
1.2165806029251769e-08 
1.2165806029251769e-08 
1.2165806029251769e-08 
1.2165806029251769e-08 
1.2165806029251769e-08 
1.2165806029251769e-08 
1.2165806029251769e-08 
1.2165806029251769e-08 
1.2165806029251769e-08 
1.2165806029251769e-08 
1.2165806029251769e-08 
1.2165806029251769e-08 
1.2165806029251769e-08 
1.2165806029251769e-08 
1.2165806029251769e-08 
1.2165806029251769e-08 
1.2165806029251769e-08 
1.2165806029251769e-08 
1.2165806029251769e-08 
1.2165806029251769e-08 
1.2165806029251769e-08 
1.2165806029251769e-08 
1.2165806029251769e-08 
1.2165806029251769e-08 
1.2165806029251769e-08 
1.2165806029251769e-08 
1.2165806029251769e-08 
1.2165806029251769e-08 
1.2165806029251769e-08 
1.2165806029251769e-08 
1.2165806029251769e-08 
1.2165806029251769e-08 
1.2165806029251769e-08 
1.2165806029251769e-08 
1.2165806029251769e-08 
1.2165806029251769e-08 
1.2165806029251769e-08 
1.2165806029251769e-08 
1.2165806029251769e-08 
1.2165806029251769e-08 
1.2165806029251769e-08 
1.2165806029251769e-08 
1.2165806029251769e-08 
1.2165806029251769e-08 
1.2165806029251769e-08 
1.2165806029251769e-08 
1.2165806029251769e-08 
1.2165806029251769e-08 
1.2165806029251769e-08 
1.2165806029251769e-08 
1.2165806029251769e-08 
1.2165806029251769e-08 
1.2165806029251769e-08 
1.2165806029251769e-08 
1.2165806029251769e-08 
1.2165806029251769e-08 
1.2165806029251769e-08 
1.2165806029251769e-08 
1.2165806029251769e-08 
1.2165806029251769e-08 
1.2165806029251769e-08 
1.2165806029251769e-08 
1.2165806029251769e-08 
1.2165806029251769e-08 
1.2165806029251769e-08 
1.2165806029251769e-08 
1.2165806029251769e-08 
1.2165806029251769e-08 
1.2165806029251769e-08 
1.2165806029251769e-08 
1.2165806029251769e-08 
1.2165806029251769e-08 
1.2165806029251769e-08 
1.2165806029251769e-08 
1.2165806029251769e-08 
1.2165806029251769e-08 
1.2165806029251769e-08 
1.2165806029251769e-08 
1.2165806029251769e-08 
1.2165806029251769e-08 
1.2165806029251769e-08 
1.2165806029251769e-08 
1.2165806029251769e-08 
1.2165806029251769e-08 
1.2165806029251769e-08 
1.2165806029251769e-08 
1.2165806029251769e-08 
1.2165806029251769e-08 
1.2165806029251769e-08 
1.2165806029251769e-08 
1.2165806029251769e-08 
1.2165806029251769e-08 
1.2165806029251769e-08 
1.2165806029251769e-08 
1.2165806029251769e-08 
1.2165806029251769e-08 
1.2165806029251769e-08 
1.2165806029251769e-08 
1.2165806029251769e-08 
1.2165806029251769e-08 
1.2165806029251769e-08 
1.2165806029251769e-08 
1.2165806029251769e-08 
1.2165806029251769e-08 
1.2165806029251769e-08 
1.2165806029251769e-08 
1.2165806029251769e-08 
1.2165806029251769e-08 
1.2165806029251769e-08 
1.2165806029251769e-08 
1.2165806029251769e-08 
1.2165806029251769e-08 
1.2165806029251769e-08 
1.2165806029251769e-08 
1.2165806029251769e-08 
1.2165806029251769e-08 
1.2165806029251769e-08 
1.2165806029251769e-08 
1.2165806029251769e-08 
1.2165806029251769e-08 
1.2165806029251769e-08 
1.2165806029251769e-08 
1.2165806029251769e-08 
1.2165806029251769e-08 
1.2165806029251769e-08 
1.2165806029251769e-08 
1.2165806029251769e-08 
1.2165806029251769e-08 
1.2165806029251769e-08 
1.2165806029251769e-08 
1.2165806029251769e-08 
1.2165806029251769e-08 
1.2165806029251769e-08 
1.2165806029251769e-08 
1.2165806029251769e-08 
1.2165806029251769e-08 
1.2165806029251769e-08 
1.2165806029251769e-08 
1.2165806029251769e-08 
1.2165806029251769e-08 
1.2165806029251769e-08 
1.2165806029251769e-08 
1.2165806029251769e-08 
1.2165806029251769e-08 
1.2165806029251769e-08 
1.2165806029251769e-08 
1.2165806029251769e-08 
1.2165806029251769e-08 
1.2165806029251769e-08 
1.2165806029251769e-08 
1.2165806029251769e-08 
1.2165806029251769e-08 
1.2165806029251769e-08 
1.2165806029251769e-08 
1.2165806029251769e-08 
1.2165806029251769e-08 
1.2165806029251769e-08 
1.2165806029251769e-08 
1.2165806029251769e-08 
1.2165806029251769e-08 
1.2165806029251769e-08 
1.2165806029251769e-08 
1.2165806029251769e-08 
1.2165806029251769e-08 
1.2165806029251769e-08 
1.2165806029251769e-08 
1.2165806029251769e-08 
1.2165806029251769e-08 
1.2165806029251769e-08 
1.2165806029251769e-08 
1.2165806029251769e-08 
1.2165806029251769e-08 
1.2165806029251769e-08 
1.2165806029251769e-08 
1.2165806029251769e-08 
1.2165806029251769e-08 
1.2165806029251769e-08 
1.2165806029251769e-08 
1.2165806029251769e-08 
1.2165806029251769e-08 
1.2165806029251769e-08 
1.2165806029251769e-08 
1.2165806029251769e-08 
1.2165806029251769e-08 
1.2165806029251769e-08 
1.2165806029251769e-08 
1.2165806029251769e-08 
1.2165806029251769e-08 
1.2165806029251769e-08 
1.2165806029251769e-08 
1.2165806029251769e-08 
1.2165806029251769e-08 
1.2165806029251769e-08 
1.2165806029251769e-08 
1.2165806029251769e-08 
1.2165806029251769e-08 
1.2165806029251769e-08 
1.2165806029251769e-08 
1.2165806029251769e-08 
1.2165806029251769e-08 
1.2165806029251769e-08 
1.2165806029251769e-08 
1.2165806029251769e-08 
1.2165806029251769e-08 
1.2165806029251769e-08 
1.2165806029251769e-08 
1.2165806029251769e-08 
1.2165806029251769e-08 
1.2165806029251769e-08 
1.2165806029251769e-08 
1.2165806029251769e-08 
1.2165806029251769e-08 
1.2165806029251769e-08 
1.2165806029251769e-08 
1.2165806029251769e-08 
1.2165806029251769e-08 
1.2165806029251769e-08 
1.2165806029251769e-08 
1.2165806029251769e-08 
1.2165806029251769e-08 
1.2165806029251769e-08 
1.2165806029251769e-08 
1.2165806029251769e-08 
1.2165806029251769e-08 
1.2165806029251769e-08 
1.2165806029251769e-08 
1.2165806029251769e-08 
1.2165806029251769e-08 
1.2165806029251769e-08 
1.2165806029251769e-08 
1.2165806029251769e-08 
1.2165806029251769e-08 
1.2165806029251769e-08 
1.2165806029251769e-08 
1.2165806029251769e-08 
1.2165806029251769e-08 
1.2165806029251769e-08 
1.2165806029251769e-08 
1.2165806029251769e-08 
1.2165806029251769e-08 
1.2165806029251769e-08 
1.2165806029251769e-08 
1.2165806029251769e-08 
1.2165806029251769e-08 
1.2165806029251769e-08 
1.2165806029251769e-08 
1.2165806029251769e-08 
1.2165806029251769e-08 
1.2165806029251769e-08 
1.2165806029251769e-08 
1.2165806029251769e-08 
1.2165806029251769e-08 
1.2165806029251769e-08 
1.2165806029251769e-08 
1.2165806029251769e-08 
1.2165806029251769e-08 
1.2165806029251769e-08 
1.2165806029251769e-08 
1.2165806029251769e-08 
1.2165806029251769e-08 
1.2165806029251769e-08 
1.2165806029251769e-08 
1.2165806029251769e-08 
1.2165806029251769e-08 
1.2165806029251769e-08 
1.2165806029251769e-08 
1.2165806029251769e-08 
1.2165806029251769e-08 
1.2165806029251769e-08 
1.2165806029251769e-08 
1.2165806029251769e-08 
1.2165806029251769e-08 
1.2165806029251769e-08 
1.2165806029251769e-08 
1.2165806029251769e-08 
1.2165806029251769e-08 
1.2165806029251769e-08 
1.2165806029251769e-08 
1.2165806029251769e-08 
1.2165806029251769e-08 
1.2165806029251769e-08 
1.2165806029251769e-08 
1.2165806029251769e-08 
1.2165806029251769e-08 
1.2165806029251769e-08 
1.2165806029251769e-08 
1.2165806029251769e-08 
1.2165806029251769e-08 
1.2165806029251769e-08 
1.2165806029251769e-08 
1.2165806029251769e-08 
1.2165806029251769e-08 
1.2165806029251769e-08 
1.2165806029251769e-08 
1.2165806029251769e-08 
1.2165806029251769e-08 
1.2165806029251769e-08 
1.2165806029251769e-08 
1.2165806029251769e-08 
1.2165806029251769e-08 
1.2165806029251769e-08 
1.2165806029251769e-08 
1.2165806029251769e-08 
1.2165806029251769e-08 
1.2165806029251769e-08 
1.2165806029251769e-08 
1.2165806029251769e-08 
1.2165806029251769e-08 
1.2165806029251769e-08 
1.2165806029251769e-08 
1.2165806029251769e-08 
1.2165806029251769e-08 
1.2165806029251769e-08 
1.2165806029251769e-08 
1.2165806029251769e-08 
1.2165806029251769e-08 
1.2165806029251769e-08 
1.2165806029251769e-08 
1.2165806029251769e-08 
1.2165806029251769e-08 
1.2165806029251769e-08 
1.2165806029251769e-08 
1.2165806029251769e-08 
1.2165806029251769e-08 
1.2165806029251769e-08 
1.2165806029251769e-08 
1.2165806029251769e-08 
1.2165806029251769e-08 
1.2165806029251769e-08 
1.2165806029251769e-08 
1.2165806029251769e-08 
1.2165806029251769e-08 
1.2165806029251769e-08 
1.2165806029251769e-08 
1.2165806029251769e-08 
1.2165806029251769e-08 
1.2165806029251769e-08 
1.2165806029251769e-08 
1.2165806029251769e-08 
1.2165806029251769e-08 
1.2165806029251769e-08 
1.2165806029251769e-08 
1.2165806029251769e-08 
1.2165806029251769e-08 
1.2165806029251769e-08 
1.2165806029251769e-08 
1.2165806029251769e-08 
1.2165806029251769e-08 
1.2165806029251769e-08 
1.2165806029251769e-08 
1.2165806029251769e-08 
1.2165806029251769e-08 
1.2165806029251769e-08 
1.2165806029251769e-08 
1.2165806029251769e-08 
1.2165806029251769e-08 
1.2165806029251769e-08 
1.2165806029251769e-08 
1.2165806029251769e-08 
1.2165806029251769e-08 
1.2165806029251769e-08 
1.2165806029251769e-08 
1.2165806029251769e-08 
1.2165806029251769e-08 
1.2165806029251769e-08 
1.2165806029251769e-08 
1.2165806029251769e-08 
1.2165806029251769e-08 
1.2165806029251769e-08 
1.2165806029251769e-08 
1.2165806029251769e-08 
1.2165806029251769e-08 
1.2165806029251769e-08 
1.2165806029251769e-08 
1.2165806029251769e-08 
1.2165806029251769e-08 
1.2165806029251769e-08 
1.2165806029251769e-08 
1.2165806029251769e-08 
1.2165806029251769e-08 
1.2165806029251769e-08 
1.2165806029251769e-08 
1.2165806029251769e-08 
1.2165806029251769e-08 
1.2165806029251769e-08 
1.2165806029251769e-08 
1.2165806029251769e-08 
1.2165806029251769e-08 
1.2165806029251769e-08 
1.2165806029251769e-08 
1.2165806029251769e-08 
1.2165806029251769e-08 
1.2165806029251769e-08 
1.2165806029251769e-08 
1.2165806029251769e-08 
1.2165806029251769e-08 
1.2165806029251769e-08 
1.2165806029251769e-08 
1.2165806029251769e-08 
1.2165806029251769e-08 
1.2165806029251769e-08 
1.2165806029251769e-08 
1.2165806029251769e-08 
1.2165806029251769e-08 
1.2165806029251769e-08 
1.2165806029251769e-08 
1.2165806029251769e-08 
1.2165806029251769e-08 
1.2165806029251769e-08 
1.2165806029251769e-08 
1.2165806029251769e-08 
1.2165806029251769e-08 
1.2165806029251769e-08 
1.2165806029251769e-08 
1.2165806029251769e-08 
1.2165806029251769e-08 
9.0800423846459921e-09 
9.0800423846459921e-09 
9.0800423846459921e-09 
9.0800423846459921e-09 
9.0800423846459921e-09 
9.0800423846459921e-09 
9.0800423846459921e-09 
9.0800423846459921e-09 
9.0800423846459921e-09 
9.0800423846459921e-09 
9.0800423846459921e-09 
9.0800423846459921e-09 
9.0800423846459921e-09 
9.0800423846459921e-09 
9.0800423846459921e-09 
9.0800423846459921e-09 
9.0800423846459921e-09 
9.0800423846459921e-09 
9.0800423846459921e-09 
9.0800423846459921e-09 
9.0800423846459921e-09 
9.0800423846459921e-09 
9.0800423846459921e-09 
9.0800423846459921e-09 
9.0800423846459921e-09 
9.0800423846459921e-09 
9.0800423846459921e-09 
9.0800423846459921e-09 
9.0800423846459921e-09 
9.0800423846459921e-09 
9.0800423846459921e-09 
9.0800423846459921e-09 
9.0800423846459921e-09 
9.0800423846459921e-09 
9.0800423846459921e-09 
9.0800423846459921e-09 
9.0800423846459921e-09 
9.0800423846459921e-09 
9.0800423846459921e-09 
9.0800423846459921e-09 
9.0800423846459921e-09 
9.0800423846459921e-09 
9.0800423846459921e-09 
9.0800423846459921e-09 
9.0800423846459921e-09 
9.0800423846459921e-09 
9.0800423846459921e-09 
9.0800423846459921e-09 
9.0800423846459921e-09 
9.0800423846459921e-09 
9.0800423846459921e-09 
9.0800423846459921e-09 
9.0800423846459921e-09 
9.0800423846459921e-09 
9.0800423846459921e-09 
9.0800423846459921e-09 
9.0800423846459921e-09 
9.0800423846459921e-09 
9.0800423846459921e-09 
9.0800423846459921e-09 
9.0800423846459921e-09 
9.0800423846459921e-09 
9.0800423846459921e-09 
9.0800423846459921e-09 
9.0800423846459921e-09 
9.0800423846459921e-09 
9.0800423846459921e-09 
9.0800423846459921e-09 
8.0764755994167103e-09 
8.0764755994167103e-09 
8.0764755994167103e-09 
8.0764755994167103e-09 
8.0764755994167103e-09 
6.8551893050994295e-09 
6.8551893050994295e-09 
6.8551893050994295e-09 
6.8551893050994295e-09 
6.8551893050994295e-09 
6.8551893050994295e-09 
6.8551893050994295e-09 
6.8551893050994295e-09 
6.8551893050994295e-09 
6.8551893050994295e-09 
6.8551893050994295e-09 
6.8551893050994295e-09 
6.8551893050994295e-09 
6.8551893050994295e-09 
6.8551893050994295e-09 
6.8551893050994295e-09 
6.8551893050994295e-09 
6.8551893050994295e-09 
6.8551893050994295e-09 
6.8551893050994295e-09 
6.8551893050994295e-09 
6.8551893050994295e-09 
6.8551893050994295e-09 
6.8551893050994295e-09 
6.8551893050994295e-09 
6.8551893050994295e-09 
6.8551893050994295e-09 
6.8551893050994295e-09 
6.8551893050994295e-09 
6.8551893050994295e-09 
6.8551893050994295e-09 
6.8551893050994295e-09 
6.8551893050994295e-09 
6.8551893050994295e-09 
6.8551893050994295e-09 
6.8551893050994295e-09 
6.8551893050994295e-09 
6.8551893050994295e-09 
6.8551893050994295e-09 
6.8551893050994295e-09 
6.8551893050994295e-09 
6.8551893050994295e-09 
6.8551893050994295e-09 
6.8551893050994295e-09 
6.8551893050994295e-09 
6.8551893050994295e-09 
6.8551893050994295e-09 
6.8551893050994295e-09 
6.8551893050994295e-09 
6.8551893050994295e-09 
6.8551893050994295e-09 
6.8551893050994295e-09 
6.8551893050994295e-09 
6.8551893050994295e-09 
6.8551893050994295e-09 
6.8551893050994295e-09 
6.8551893050994295e-09 
6.8551893050994295e-09 
6.8551893050994295e-09 
6.8551893050994295e-09 
6.8551893050994295e-09 
6.8551893050994295e-09 
6.8551893050994295e-09 
6.8551893050994295e-09 
6.8551893050994295e-09 
6.8551893050994295e-09 
6.8551893050994295e-09 
6.8551893050994295e-09 
6.8551893050994295e-09 
6.8551893050994295e-09 
6.8551893050994295e-09 
6.8551893050994295e-09 
6.8551893050994295e-09 
6.8551893050994295e-09 
6.8551893050994295e-09 
6.8551893050994295e-09 
6.8551893050994295e-09 
6.8551893050994295e-09 
6.8551893050994295e-09 
6.8551893050994295e-09 
6.8551893050994295e-09 
6.8551893050994295e-09 
6.8551893050994295e-09 
6.8551893050994295e-09 
6.8551893050994295e-09 
6.8551893050994295e-09 
6.8551893050994295e-09 
6.8551893050994295e-09 
6.8551893050994295e-09 
6.8551893050994295e-09 
6.8551893050994295e-09 
6.8551893050994295e-09 
6.8551893050994295e-09 
6.8551893050994295e-09 
6.8551893050994295e-09 
