0.22948972429860695 
0.22948972429860695 
0.22948972429860695 
0.21549072722665941 
0.21549072722665941 
0.063359410529830393 
0.040926949600868789 
0.0033986533084838211 
0.0033986533084838211 
0.0033986533084838211 
0.0033986533084838211 
0.0033986533084838211 
0.0033986533084838211 
0.0033986533084838211 
0.0033986533084838211 
0.0030049539199926614 
0.0030049539199926614 
0.0022176559321595317 
0.0022176559321595317 
0.0022176559321595317 
0.0022176559321595317 
0.0022176559321595317 
0.0022077708730991945 
0.0022077708730991945 
0.00085561138123876771 
0.00085561138123876771 
0.00085561138123876771 
0.00085561138123876771 
0.00085561138123876771 
0.00085561138123876771 
0.00085561138123876771 
0.00085561138123876771 
0.00085561138123876771 
0.00085561138123876771 
0.00085561138123876771 
0.00064033707284330164 
0.00064033707284330164 
0.00064033707284330164 
0.00064033707284330164 
0.00064033707284330164 
0.00064033707284330164 
0.00064033707284330164 
0.0004995032200557103 
0.0004995032200557103 
0.0004995032200557103 
0.0004995032200557103 
0.0004995032200557103 
0.0004995032200557103 
0.00028877992919088371 
0.00028877992919088371 
0.00028877992919088371 
0.00028877992919088371 
0.00028877992919088371 
0.00028877992919088371 
0.00028877992919088371 
0.00028877992919088371 
0.00028877992919088371 
0.00028877992919088371 
9.7265497783807675e-05 
9.7265497783807675e-05 
9.7265497783807675e-05 
9.7265497783807675e-05 
9.7265497783807675e-05 
9.7265497783807675e-05 
9.7265497783807675e-05 
9.7265497783807675e-05 
9.7265497783807675e-05 
9.7265497783807675e-05 
9.7265497783807675e-05 
9.7265497783807675e-05 
9.7265497783807675e-05 
9.7265497783807675e-05 
9.7265497783807675e-05 
9.7265497783807675e-05 
9.7265497783807675e-05 
9.7265497783807675e-05 
9.7265497783807675e-05 
9.7265497783807675e-05 
8.0697520558157225e-05 
8.0697520558157225e-05 
8.0697520558157225e-05 
8.0697520558157225e-05 
8.0697520558157225e-05 
8.0697520558157225e-05 
8.0697520558157225e-05 
8.0697520558157225e-05 
8.0697520558157225e-05 
8.0697520558157225e-05 
8.0697520558157225e-05 
8.0697520558157225e-05 
8.0697520558157225e-05 
7.6435366386387737e-05 
7.6435366386387737e-05 
7.6435366386387737e-05 
7.6435366386387737e-05 
7.6435366386387737e-05 
7.6435366386387737e-05 
7.6435366386387737e-05 
7.6435366386387737e-05 
7.6435366386387737e-05 
6.2964324482022349e-05 
6.2964324482022349e-05 
2.3657509824857452e-05 
2.3657509824857452e-05 
1.2191275026719042e-05 
1.2191275026719042e-05 
1.2191275026719042e-05 
1.2191275026719042e-05 
1.2191275026719042e-05 
1.2191275026719042e-05 
1.2191275026719042e-05 
1.0821399096369764e-05 
1.0821399096369764e-05 
1.0821399096369764e-05 
1.0821399096369764e-05 
1.0821399096369764e-05 
1.0821399096369764e-05 
1.0821399096369764e-05 
1.0821399096369764e-05 
1.0821399096369764e-05 
1.0821399096369764e-05 
1.0821399096369764e-05 
1.0821399096369764e-05 
1.0821399096369764e-05 
1.0821399096369764e-05 
1.0821399096369764e-05 
1.0821399096369764e-05 
1.0821399096369764e-05 
1.0821399096369764e-05 
1.0821399096369764e-05 
1.0821399096369764e-05 
1.0821399096369764e-05 
1.0821399096369764e-05 
1.0821399096369764e-05 
3.9192700721693487e-06 
3.9192700721693487e-06 
4.1967813285117098e-07 
4.1967813285117098e-07 
4.1967813285117098e-07 
2.6258601777580449e-07 
2.6258601777580449e-07 
2.6258601777580449e-07 
3.2355983677187628e-08 
3.2355983677187628e-08 
3.2355983677187628e-08 
3.2355983677187628e-08 
3.2355983677187628e-08 
3.2355983677187628e-08 
3.2355983677187628e-08 
3.2355983677187628e-08 
3.2355983677187628e-08 
3.2355983677187628e-08 
3.2355983677187628e-08 
3.2355983677187628e-08 
3.2355983677187628e-08 
3.2355983677187628e-08 
3.2355983677187628e-08 
3.2355983677187628e-08 
3.2355983677187628e-08 
3.2355983677187628e-08 
3.2355983677187628e-08 
3.2355983677187628e-08 
3.2355983677187628e-08 
3.2355983677187628e-08 
3.2355983677187628e-08 
3.2355983677187628e-08 
3.2355983677187628e-08 
3.2355983677187628e-08 
3.2355983677187628e-08 
3.2355983677187628e-08 
3.2355983677187628e-08 
3.2355983677187628e-08 
3.2355983677187628e-08 
3.2355983677187628e-08 
3.2355983677187628e-08 
3.2355983677187628e-08 
3.2355983677187628e-08 
3.2355983677187628e-08 
3.2355983677187628e-08 
3.2355983677187628e-08 
3.2355983677187628e-08 
3.2355983677187628e-08 
3.2355983677187628e-08 
3.2355983677187628e-08 
3.2355983677187628e-08 
3.2355983677187628e-08 
3.2355983677187628e-08 
3.2355983677187628e-08 
3.2355983677187628e-08 
3.2355983677187628e-08 
3.2355983677187628e-08 
3.2355983677187628e-08 
3.2355983677187628e-08 
3.2355983677187628e-08 
3.2355983677187628e-08 
3.2355983677187628e-08 
3.2355983677187628e-08 
3.2355983677187628e-08 
3.2355983677187628e-08 
3.2355983677187628e-08 
3.2355983677187628e-08 
3.2355983677187628e-08 
3.2355983677187628e-08 
3.2355983677187628e-08 
3.2355983677187628e-08 
3.2355983677187628e-08 
3.2355983677187628e-08 
3.2355983677187628e-08 
3.2355983677187628e-08 
3.2355983677187628e-08 
3.2355983677187628e-08 
3.2355983677187628e-08 
3.2355983677187628e-08 
3.2355983677187628e-08 
3.2355983677187628e-08 
3.2355983677187628e-08 
3.2355983677187628e-08 
3.2355983677187628e-08 
3.2355983677187628e-08 
3.2355983677187628e-08 
3.2355983677187628e-08 
3.2355983677187628e-08 
3.2355983677187628e-08 
3.2355983677187628e-08 
3.2355983677187628e-08 
3.2355983677187628e-08 
3.2355983677187628e-08 
3.2355983677187628e-08 
3.2355983677187628e-08 
3.2355983677187628e-08 
3.2355983677187628e-08 
3.2355983677187628e-08 
3.2355983677187628e-08 
3.2355983677187628e-08 
3.2355983677187628e-08 
3.2355983677187628e-08 
3.2355983677187628e-08 
3.2355983677187628e-08 
3.2355983677187628e-08 
3.2355983677187628e-08 
2.95257058069271e-08 
2.95257058069271e-08 
2.95257058069271e-08 
2.95257058069271e-08 
2.3556641147144203e-08 
2.3556641147144203e-08 
2.3556641147144203e-08 
2.3556641147144203e-08 
2.3556641147144203e-08 
2.3556641147144203e-08 
2.3556641147144203e-08 
2.2985848676211849e-08 
2.2985848676211849e-08 
2.2985848676211849e-08 
2.2985848676211849e-08 
2.2985848676211849e-08 
2.2985848676211849e-08 
2.2985848676211849e-08 
2.2728859468493691e-08 
2.2728859468493691e-08 
2.2728859468493691e-08 
2.2728859468493691e-08 
2.2346857772182997e-08 
2.2346857772182997e-08 
2.2346857772182997e-08 
2.2346857772182997e-08 
2.2346857772182997e-08 
2.2346857772182997e-08 
2.2346857772182997e-08 
2.229226934623001e-08 
2.229226934623001e-08 
2.229226934623001e-08 
2.229226934623001e-08 
2.21886473129179e-08 
2.21886473129179e-08 
2.21886473129179e-08 
2.21886473129179e-08 
2.21886473129179e-08 
2.21886473129179e-08 
2.21886473129179e-08 
2.2177972979648084e-08 
2.2177972979648084e-08 
2.2177972979648084e-08 
2.2177972979648084e-08 
2.2153556772150809e-08 
2.2153556772150809e-08 
2.2153556772150809e-08 
2.2153556772150809e-08 
2.2153556772150809e-08 
2.2153556772150809e-08 
2.2153556772150809e-08 
2.2151536374857316e-08 
2.2151536374857316e-08 
2.2151536374857316e-08 
2.2151536374857316e-08 
2.2144934261636023e-08 
2.2144934261636023e-08 
2.2144934261636023e-08 
2.2144934261636023e-08 
2.2144934261636023e-08 
2.2144934261636023e-08 
2.2144934261636023e-08 
2.2144614026940277e-08 
2.2144614026940277e-08 
2.2144614026940277e-08 
2.2144614026940277e-08 
2.2143442804810307e-08 
2.2143442804810307e-08 
2.2143442804810307e-08 
2.2143442804810307e-08 
2.2143442804810307e-08 
2.2143442804810307e-08 
2.2143442804810307e-08 
2.2143388973937226e-08 
2.2143388973937226e-08 
2.2143388973937226e-08 
2.2143388973937226e-08 
2.2142976521985266e-08 
2.2142976521985266e-08 
2.2142976521985266e-08 
2.2142976521985266e-08 
2.2142976521985266e-08 
2.2142976521985266e-08 
2.2142976521985266e-08 
2.2142971768341015e-08 
2.2142971768341015e-08 
2.2142971768341015e-08 
2.2142971768341015e-08 
2.2142953979293635e-08 
2.2142953979293635e-08 
2.2142953979293635e-08 
2.2142953979293635e-08 
2.2142938026000214e-08 
2.2142938026000214e-08 
2.2142938026000214e-08 
2.2142938026000214e-08 
2.214293239658069e-08 
2.214293239658069e-08 
2.214293239658069e-08 
2.214293239658069e-08 
2.2142925970851927e-08 
2.2142925970851927e-08 
2.2142925970851927e-08 
2.2142925970851927e-08 
2.2142924489723799e-08 
2.2142924489723799e-08 
2.2142924489723799e-08 
2.2142924489723799e-08 
2.2142921829656731e-08 
2.2142921829656731e-08 
2.2142921829656731e-08 
2.2142921829656731e-08 
2.2142921626166055e-08 
2.2142921626166055e-08 
2.2142921626166055e-08 
2.2142921626166055e-08 
2.2142920478262912e-08 
2.2142920478262912e-08 
2.2142920478262912e-08 
2.2142920478262912e-08 
2.2142920478262912e-08 
2.2142920478262912e-08 
2.2142920478262912e-08 
2.2142920478262912e-08 
2.2142920478262912e-08 
2.2142920478262912e-08 
2.2142920478262912e-08 
2.2142919961400943e-08 
2.2142919961400943e-08 
2.2142919961400943e-08 
2.2142919961400943e-08 
2.2142919961400943e-08 
2.2142919961400943e-08 
2.2142919961400943e-08 
2.2142919961400943e-08 
2.2142919961400943e-08 
2.2142919961400943e-08 
2.2142919961400943e-08 
2.2142919961400943e-08 
2.2142919961400943e-08 
2.2142919961400943e-08 
2.2142919961400943e-08 
2.2142919961400943e-08 
2.2142919961400943e-08 
2.2142919961400943e-08 
2.214291995001776e-08 
2.214291995001776e-08 
2.214291995001776e-08 
2.214291995001776e-08 
2.2142919949810141e-08 
2.2142919949810141e-08 
2.2142919949810141e-08 
2.2142919949810141e-08 
2.2142919946547019e-08 
2.2142919946547019e-08 
2.2142919946547019e-08 
2.2142919946547019e-08 
2.2142919946547019e-08 
2.2142919946547019e-08 
2.2142919946547019e-08 
2.2142919946547019e-08 
2.2142919946547019e-08 
2.2142919946547019e-08 
2.2142919946547019e-08 
2.2142919945384265e-08 
2.2142919945384265e-08 
2.2142919945384265e-08 
2.2142919945384265e-08 
2.2142919945384265e-08 
2.2142919945384265e-08 
2.2142919945384265e-08 
2.2142919945384265e-08 
2.2142919945384265e-08 
2.2142919945384265e-08 
2.2142919945384265e-08 
2.2142919945384265e-08 
2.2142919945384265e-08 
2.2142919945384265e-08 
2.2142919945384265e-08 
2.2142919945384265e-08 
2.2142919945384265e-08 
2.2142919945384265e-08 
2.2142919945384265e-08 
2.2142919945384265e-08 
2.2142919945384265e-08 
2.2142919945384265e-08 
2.2142919945384265e-08 
2.2142919945384265e-08 
2.2142919945384265e-08 
2.2142919945384265e-08 
2.2142919945384265e-08 
2.2142919945384265e-08 
2.2142919945384265e-08 
2.2142919945384265e-08 
2.2142919945384265e-08 
2.2142919945384265e-08 
2.2142919945384265e-08 
2.2142919945384265e-08 
2.2142919945384265e-08 
2.2142919945384265e-08 
2.2142919945384265e-08 
2.2142919945384265e-08 
2.2142919945384265e-08 
2.2142919945384265e-08 
2.2142919945384265e-08 
2.0606973970436713e-08 
1.9259693153964487e-08 
1.9259693153964487e-08 
1.9259693153964487e-08 
1.9259693153964487e-08 
1.7913393060521579e-08 
1.7913393060521579e-08 
1.7913393060521579e-08 
1.7913393060521579e-08 
1.7913393060521579e-08 
1.7913393060521579e-08 
1.7913393060521579e-08 
1.7913393060521579e-08 
1.7913393060521579e-08 
1.7913393060521579e-08 
1.7913393060521579e-08 
1.7913393060521579e-08 
1.7913393060521579e-08 
1.7913393060521579e-08 
1.7913393060521579e-08 
1.7913393060521579e-08 
1.7913393060521579e-08 
1.7913393060521579e-08 
1.7913393060521579e-08 
1.7913393060521579e-08 
1.7913393060521579e-08 
1.7913393060521579e-08 
3.0018430426617298e-09 
3.0018430426617298e-09 
3.0018430426617298e-09 
3.0018430426617298e-09 
3.0018430426617298e-09 
3.0018430426617298e-09 
3.0018430426617298e-09 
3.0018430426617298e-09 
3.0018430426617298e-09 
3.0018430426617298e-09 
3.0018430426617298e-09 
3.0018430426617298e-09 
3.0018430426617298e-09 
3.0018430426617298e-09 
3.0018430426617298e-09 
3.0018430426617298e-09 
3.0018430426617298e-09 
3.0018430426617298e-09 
3.0018430426617298e-09 
3.0018430426617298e-09 
3.0018430426617298e-09 
3.0018430426617298e-09 
3.0018430426617298e-09 
3.0018430426617298e-09 
3.0018430426617298e-09 
3.0018430426617298e-09 
3.0018430426617298e-09 
3.0018430426617298e-09 
3.0018430426617298e-09 
3.0018430426617298e-09 
3.0018430426617298e-09 
3.0018430426617298e-09 
3.0018430426617298e-09 
3.0018430426617298e-09 
3.0018430426617298e-09 
3.0018430426617298e-09 
3.0018430426617298e-09 
3.0018430426617298e-09 
3.0018430426617298e-09 
3.0018430426617298e-09 
3.0018430426617298e-09 
3.0018430426617298e-09 
3.0018430426617298e-09 
3.0018430426617298e-09 
3.0018430426617298e-09 
3.0018430426617298e-09 
3.0018430426617298e-09 
3.0018430426617298e-09 
3.0018430426617298e-09 
3.0018430426617298e-09 
3.0018430426617298e-09 
3.0018430426617298e-09 
3.0018430426617298e-09 
3.0018430426617298e-09 
3.0018430426617298e-09 
3.0018430426617298e-09 
3.0018430426617298e-09 
3.0018430426617298e-09 
3.0018430426617298e-09 
3.0018430426617298e-09 
3.0018430426617298e-09 
3.0018430426617298e-09 
3.0018430426617298e-09 
3.0018430426617298e-09 
3.0018430426617298e-09 
3.0018430426617298e-09 
3.0018430426617298e-09 
3.0018430426617298e-09 
3.0018430426617298e-09 
3.0018430426617298e-09 
3.0018430426617298e-09 
3.0018430426617298e-09 
6.1022523720458e-10 
6.1022523720458e-10 
6.1022523720458e-10 
6.1022523720458e-10 
6.1022523720458e-10 
6.1022523720458e-10 
6.1022523720458e-10 
6.1022523720458e-10 
6.1022523720458e-10 
6.1022523720458e-10 
6.1022523720458e-10 
6.1022523720458e-10 
6.1022523720458e-10 
6.1022523720458e-10 
6.1022523720458e-10 
6.1022523720458e-10 
4.1226862598865365e-10 
4.1226862598865365e-10 
4.1226862598865365e-10 
4.1226862598865365e-10 
3.1715880681235057e-10 
3.1715880681235057e-10 
3.1715880681235057e-10 
3.1715880681235057e-10 
2.7157082277045298e-10 
2.7157082277045298e-10 
2.7157082277045298e-10 
2.7157082277045298e-10 
2.576768581928077e-10 
2.576768581928077e-10 
2.576768581928077e-10 
2.576768581928077e-10 
2.4933177908986519e-10 
2.4933177908986519e-10 
2.4933177908986519e-10 
2.4933177908986519e-10 
2.4777417026302154e-10 
2.4777417026302154e-10 
2.4777417026302154e-10 
2.4777417026302154e-10 
2.4606775351858527e-10 
2.4606775351858527e-10 
2.4606775351858527e-10 
2.4606775351858527e-10 
2.4606775351858527e-10 
2.4606775351858527e-10 
2.4606775351858527e-10 
2.4606775351858527e-10 
2.4606775351858527e-10 
2.4606775351858527e-10 
2.4606775351858527e-10 
2.4564106488057748e-10 
2.4564106488057748e-10 
2.4564106488057748e-10 
2.4564106488057748e-10 
2.4564106488057748e-10 
2.4564106488057748e-10 
2.4564106488057748e-10 
2.4564106488057748e-10 
2.4564106488057748e-10 
2.4564106488057748e-10 
2.4564106488057748e-10 
2.4564106488057748e-10 
2.4564106488057748e-10 
2.4564106488057748e-10 
2.4564106488057748e-10 
2.4564106488057748e-10 
2.4564106488057748e-10 
2.4564091664287379e-10 
2.4564091664287379e-10 
2.4564091664287379e-10 
2.4564091664287379e-10 
2.4564091664287379e-10 
2.4564091664287379e-10 
2.4564091664287379e-10 
2.4564090127283086e-10 
2.4564090127283086e-10 
2.4564090127283086e-10 
2.4564090127283086e-10 
2.4564090127283086e-10 
2.4564090127283086e-10 
2.4564090127283086e-10 
2.4564090127283086e-10 
2.4564090127283086e-10 
2.4564090127283086e-10 
2.4564090127283086e-10 
2.4564090127283086e-10 
2.4564090127283086e-10 
2.4564090127283086e-10 
2.4564090127283086e-10 
2.4564090127283086e-10 
2.4564090127283086e-10 
2.4564090127283086e-10 
2.4564090116188567e-10 
2.4564090116188567e-10 
2.4564090116188567e-10 
2.4564090116188567e-10 
2.4564089946691272e-10 
2.4564089946691272e-10 
2.4564089946691272e-10 
2.4564089941620257e-10 
2.4564089941620257e-10 
2.4564089941620257e-10 
2.4564089941620257e-10 
2.4564089941620257e-10 
2.4564089941620257e-10 
2.4564089941620257e-10 
2.4564089941620257e-10 
2.4564089941620257e-10 
2.4564089941620257e-10 
2.4564089941620257e-10 
2.4564089941620257e-10 
2.4564089941620257e-10 
2.4564089941620257e-10 
2.4564089941620257e-10 
2.4564089941620257e-10 
2.4564089941620257e-10 
2.4564089941620257e-10 
2.4564089941620257e-10 
2.4564089941620257e-10 
2.4564089941620257e-10 
2.4564089941620257e-10 
2.4564089941620257e-10 
2.4564089941620257e-10 
2.4564089941620257e-10 
2.4564089941620257e-10 
2.4564089941620257e-10 
2.4564089941620257e-10 
2.4564089941620257e-10 
2.4564089941620257e-10 
2.4564089941620257e-10 
2.4564089941620257e-10 
2.4564089941620257e-10 
2.4564089941620257e-10 
2.4564089941620257e-10 
2.4564089941620257e-10 
2.4564089941620257e-10 
2.4564089941620257e-10 
2.4564089941620257e-10 
2.4564089941620257e-10 
2.4564089941620257e-10 
2.4564089941620257e-10 
2.4564089941620257e-10 
2.4564089941620257e-10 
2.4564089941620257e-10 
2.4564089941620257e-10 
2.4564089941620257e-10 
2.4564089941620257e-10 
2.4564089941620257e-10 
2.4564089941620257e-10 
2.4564089941620257e-10 
2.4564089941620257e-10 
2.4564089941620257e-10 
2.4564089941620257e-10 
2.4564089941620257e-10 
2.4564089941620257e-10 
2.4564089941620257e-10 
2.4564089941620257e-10 
2.4564089941620257e-10 
2.4564089941620257e-10 
2.4564089941620257e-10 
2.4564089941620257e-10 
2.4564089941620257e-10 
2.4564089941620257e-10 
2.4564089941620257e-10 
2.4564089941620257e-10 
2.4564089941620257e-10 
2.4564089941620257e-10 
2.4564089941620257e-10 
2.4564089941620257e-10 
2.4564089941620257e-10 
2.4564089941620257e-10 
2.4564089941620257e-10 
2.4564089941620257e-10 
2.4564089941620257e-10 
2.4564089941620257e-10 
2.4564089941620257e-10 
2.4564089941620257e-10 
2.4564089941620257e-10 
2.4564089941620257e-10 
2.4564089941620257e-10 
2.4564089941620257e-10 
2.4564089941620257e-10 
2.4564089941620257e-10 
2.4564089941620257e-10 
2.4564089941620257e-10 
2.4564089941620257e-10 
2.4564089941620257e-10 
2.4564089941620257e-10 
2.4564089941620257e-10 
2.4564089941620257e-10 
2.4564089941620257e-10 
2.4564089941620257e-10 
2.4564089941620257e-10 
2.4564089941620257e-10 
2.4564089941620257e-10 
2.4564089941620257e-10 
2.4564089941620257e-10 
2.4564089941620257e-10 
2.4564089941620257e-10 
2.4564089941620257e-10 
2.4564089941620257e-10 
2.4564089941620257e-10 
2.4564089941620257e-10 
2.4564089941620257e-10 
2.4564089941620257e-10 
2.4564089941620257e-10 
2.4564089941620257e-10 
2.4564089941620257e-10 
2.4564089941620257e-10 
2.4564089941620257e-10 
2.4564089941620257e-10 
2.4564089941620257e-10 
2.4564089941620257e-10 
2.4564089941620257e-10 
2.4564089941620257e-10 
2.4564089941620257e-10 
2.4564089941620257e-10 
2.4564089941620257e-10 
2.4564089941620257e-10 
2.4564089941620257e-10 
2.4564089941620257e-10 
2.4564089941620257e-10 
2.4564089941620257e-10 
2.4564089941620257e-10 
2.4564089941620257e-10 
2.4564089941620257e-10 
2.4564089941620257e-10 
2.4564089941620257e-10 
2.4564089941620257e-10 
2.4564089941620257e-10 
2.4564089941620257e-10 
2.4564089941620257e-10 
2.4564089941620257e-10 
2.9225061223677157e-11 
2.9225061223677157e-11 
2.9225061223677157e-11 
2.9225061223677157e-11 
2.9225061223677157e-11 
2.9225061223677157e-11 
2.9225061223677157e-11 
2.9225061223677157e-11 
2.9225061223677157e-11 
2.9225061223677157e-11 
2.8448819207924164e-11 
2.8448819207924164e-11 
2.8448819207924164e-11 
2.8448819207924164e-11 
2.8448819207924164e-11 
2.8448819207924164e-11 
2.8448819207924164e-11 
2.8448819207924164e-11 
2.8448819207924164e-11 
2.8448819207924164e-11 
2.8448819207924164e-11 
2.8448819207924164e-11 
2.8448819207924164e-11 
2.8448819207924164e-11 
2.8448819207924164e-11 
2.8448819207924164e-11 
2.8448819207924164e-11 
2.8448819207924164e-11 
2.8448819207924164e-11 
2.8448819207924164e-11 
2.8448819207924164e-11 
2.8448819207924164e-11 
2.8448819207924164e-11 
2.8448819207924164e-11 
2.8448819207924164e-11 
2.8448819207924164e-11 
2.8448819207924164e-11 
2.8448819207924164e-11 
2.8448819207924164e-11 
2.8448819207924164e-11 
2.8448819207924164e-11 
2.8448819207924164e-11 
2.8448819207924164e-11 
2.8448819207924164e-11 
2.8448819207924164e-11 
2.8448819207924164e-11 
2.8448819207924164e-11 
2.8448819207924164e-11 
2.8448819207924164e-11 
2.8448819207924164e-11 
2.8448819207924164e-11 
2.8448819207924164e-11 
2.8448819207924164e-11 
2.8448819207924164e-11 
2.8448819207924164e-11 
2.8448819207924164e-11 
2.8448819207924164e-11 
2.8448819207924164e-11 
2.8448819207924164e-11 
2.8448819207924164e-11 
2.8448819207924164e-11 
2.8448819207924164e-11 
2.8448819207924164e-11 
2.8448819207924164e-11 
2.8448819207924164e-11 
2.8448819207924164e-11 
2.8448819207924164e-11 
2.8448819207924164e-11 
2.8448819207924164e-11 
2.8448819207924164e-11 
2.8448819207924164e-11 
2.8448819207924164e-11 
2.8448819207924164e-11 
2.8448819207924164e-11 
2.8448819207924164e-11 
2.8448819207924164e-11 
2.8448819207924164e-11 
2.8448819207924164e-11 
2.8448819207924164e-11 
2.8448819207924164e-11 
2.8448819207924164e-11 
2.8448819207924164e-11 
2.8448819207924164e-11 
2.8448819207924164e-11 
2.8448819207924164e-11 
2.8448819207924164e-11 
2.8448819207924164e-11 
2.8448819207924164e-11 
2.8448819207924164e-11 
2.8448819207924164e-11 
2.8448819207924164e-11 
2.8448819207924164e-11 
2.8448819207924164e-11 
2.8448819207924164e-11 
2.8448819207924164e-11 
2.8448819207924164e-11 
2.8448819207924164e-11 
2.8448819207924164e-11 
2.8448819207924164e-11 
2.8448819207924164e-11 
2.8448819207924164e-11 
2.8448819207924164e-11 
2.8448819207924164e-11 
2.8448819207924164e-11 
2.8448819207924164e-11 
2.8448819207924164e-11 
2.8448819207924164e-11 
2.8448819207924164e-11 
2.8448819207924164e-11 
2.8448819207924164e-11 
2.8448819207924164e-11 
2.8448819207924164e-11 
2.8448819207924164e-11 
2.8448819207924164e-11 
2.8448819207924164e-11 
2.8448819207924164e-11 
2.8448819207924164e-11 
2.8448819207924164e-11 
2.8448819207924164e-11 
2.8448819207924164e-11 
2.8448819207924164e-11 
2.8448819207924164e-11 
2.8448819207924164e-11 
2.8448819207924164e-11 
2.8448819207924164e-11 
2.8448819207924164e-11 
2.8448819207924164e-11 
2.8448819207924164e-11 
2.8448819207924164e-11 
2.8448819207924164e-11 
2.8448819207924164e-11 
2.8448819207924164e-11 
2.8448819207924164e-11 
2.8448819207924164e-11 
2.8448819207924164e-11 
2.8448819207924164e-11 
2.8448819207924164e-11 
2.8448819207924164e-11 
2.8448819207924164e-11 
2.8448819207924164e-11 
2.8448819207924164e-11 
2.8448819207924164e-11 
2.8448819207924164e-11 
2.8448819207924164e-11 
2.8448819207924164e-11 
2.8448819207924164e-11 
2.8448819207924164e-11 
2.8448819207924164e-11 
2.8448819207924164e-11 
2.8448819207924164e-11 
2.8448819207924164e-11 
2.8448819207924164e-11 
2.8448819207924164e-11 
2.8448819207924164e-11 
2.8448819207924164e-11 
2.8448819207924164e-11 
2.8448819207924164e-11 
2.8448819207924164e-11 
2.8448819207924164e-11 
2.8448819207924164e-11 
2.8448819207924164e-11 
2.8448819207924164e-11 
2.4431968825067029e-11 
2.0411110061185873e-11 
2.0411110061185873e-11 
2.0411110061185873e-11 
2.0411110061185873e-11 
2.0411110061185873e-11 
2.0411110061185873e-11 
2.0411110061185873e-11 
2.0404169445632473e-11 
2.0404169445632473e-11 
2.0404169445632473e-11 
2.0404169445632473e-11 
2.0404169445632473e-11 
2.0404169445632473e-11 
2.0404169445632473e-11 
2.0404169445632473e-11 
2.0404169445632473e-11 
2.0404169445632473e-11 
2.0404169445632473e-11 
2.0404169445632473e-11 
2.0404169445632473e-11 
2.0404169445632473e-11 
2.0404169445632473e-11 
2.0404169445632473e-11 
2.0404169445632473e-11 
2.0404169445632473e-11 
2.0404169445632473e-11 
2.0404169445632473e-11 
2.0404169445632473e-11 
2.0404169445632473e-11 
2.0404169445632473e-11 
2.0404169445632473e-11 
2.0404169445632473e-11 
2.0404169445632473e-11 
2.0404169445632473e-11 
2.0404169445632473e-11 
2.0404169445632473e-11 
2.0404169445632473e-11 
2.0404169445632473e-11 
2.0404169445632473e-11 
2.0404169445632473e-11 
2.0404169445632473e-11 
2.0404169445632473e-11 
2.0404169445632473e-11 
2.0404169445632473e-11 
2.0404169445632473e-11 
2.0404169445632473e-11 
2.0404169445632473e-11 
2.0404169445632473e-11 
2.0404169445632473e-11 
2.0404169445632473e-11 
2.0404169445632473e-11 
2.0404169445632473e-11 
2.0404169445632473e-11 
2.0404169445632473e-11 
2.0404169445632473e-11 
2.0404169445632473e-11 
2.0404169445632473e-11 
2.0404169445632473e-11 
2.0404169445632473e-11 
