0.021830008040534588 
0.0008522339917271804 
0.0008522339917271804 
0.0008522339917271804 
0.00017910430889345186 
0.00017910430889345186 
0.00017910430889345186 
0.00017910430889345186 
0.00017910430889345186 
0.00017910430889345186 
0.00017910430889345186 
0.00017910430889345186 
0.00017910430889345186 
0.00017910430889345186 
0.00017910430889345186 
0.00017910430889345186 
0.00017910430889345186 
0.00017910430889345186 
0.00017910430889345186 
7.3426995232828141e-05 
7.3426995232828141e-05 
7.3426995232828141e-05 
1.8038937839803815e-05 
1.8038937839803815e-05 
1.8038937839803815e-05 
1.8038937839803815e-05 
1.8038937839803815e-05 
1.8038937839803815e-05 
1.8038937839803815e-05 
1.8038937839803815e-05 
1.8038937839803815e-05 
1.8038937839803815e-05 
1.8038937839803815e-05 
1.8038937839803815e-05 
1.8038937839803815e-05 
1.8038937839803815e-05 
1.8038937839803815e-05 
1.8038937839803815e-05 
1.8038937839803815e-05 
1.8038937839803815e-05 
1.8038937839803815e-05 
1.8038937839803815e-05 
1.8038937839803815e-05 
1.8038937839803815e-05 
1.8038937839803815e-05 
1.8038937839803815e-05 
1.8038937839803815e-05 
1.8038937839803815e-05 
1.8038937839803815e-05 
1.8038937839803815e-05 
1.8038937839803815e-05 
1.6339429354750301e-05 
1.6339429354750301e-05 
1.6339429354750301e-05 
1.6339429354750301e-05 
1.6339429354750301e-05 
1.6339429354750301e-05 
5.0332118625151523e-06 
5.0332118625151523e-06 
5.0332118625151523e-06 
5.0332118625151523e-06 
5.0332118625151523e-06 
1.5076283730319773e-06 
1.5076283730319773e-06 
2.3148184369325975e-07 
2.3148184369325975e-07 
2.3148184369325975e-07 
2.3148184369325975e-07 
2.3148184369325975e-07 
2.3148184369325975e-07 
2.3148184369325975e-07 
2.3148184369325975e-07 
2.3148184369325975e-07 
2.3148184369325975e-07 
2.3148184369325975e-07 
2.3148184369325975e-07 
2.3148184369325975e-07 
2.3148184369325975e-07 
2.3148184369325975e-07 
2.3148184369325975e-07 
2.3148184369325975e-07 
2.3148184369325975e-07 
2.3148184369325975e-07 
2.3148184369325975e-07 
2.3148184369325975e-07 
2.3148184369325975e-07 
2.3148184369325975e-07 
2.3148184369325975e-07 
2.3148184369325975e-07 
2.3148184369325975e-07 
2.3148184369325975e-07 
2.3148184369325975e-07 
2.3148184369325975e-07 
2.3148184369325975e-07 
2.3148184369325975e-07 
2.3148184369325975e-07 
2.3148184369325975e-07 
2.3148184369325975e-07 
1.6134226987762901e-07 
1.6134226987762901e-07 
1.6134226987762901e-07 
1.6134226987762901e-07 
1.6134226987762901e-07 
1.6134226987762901e-07 
1.6134226987762901e-07 
1.4682022786427495e-07 
1.4682022786427495e-07 
1.4682022786427495e-07 
1.4682022786427495e-07 
1.4682022786427495e-07 
1.4682022786427495e-07 
1.4682022786427495e-07 
2.6620826765189065e-08 
2.6620826765189065e-08 
2.6620826765189065e-08 
2.6620826765189065e-08 
2.6620826765189065e-08 
2.6620826765189065e-08 
2.6620826765189065e-08 
1.1865952553868908e-08 
1.1865952553868908e-08 
1.1865952553868908e-08 
1.1865952553868908e-08 
1.1865952553868908e-08 
1.1865952553868908e-08 
1.1865952553868908e-08 
1.1865952553868908e-08 
1.1865952553868908e-08 
1.1865952553868908e-08 
1.1865952553868908e-08 
1.1865952553868908e-08 
1.1865952553868908e-08 
1.1865952553868908e-08 
1.1865952553868908e-08 
1.1865952553868908e-08 
1.1865952553868908e-08 
1.1865952553868908e-08 
1.1865952553868908e-08 
1.1865952553868908e-08 
1.1865952553868908e-08 
1.1865952553868908e-08 
1.1865952553868908e-08 
1.1865952553868908e-08 
1.1865952553868908e-08 
1.1865952553868908e-08 
1.1865952553868908e-08 
1.1865952553868908e-08 
1.1865952553868908e-08 
1.1865952553868908e-08 
1.1865952553868908e-08 
1.1865952553868908e-08 
1.1117857745546189e-08 
1.1117857745546189e-08 
1.1117857745546189e-08 
9.6245149627804949e-09 
3.3240505903364692e-09 
3.3240505903364692e-09 
2.5513292589707248e-09 
1.0145363438240906e-09 
1.0145363438240906e-09 
1.0145363438240906e-09 
1.0145363438240906e-09 
1.0145363438240906e-09 
1.0145363438240906e-09 
1.0145363438240906e-09 
9.2440133325766283e-10 
9.2440133325766283e-10 
9.2440133325766283e-10 
9.2440133325766283e-10 
7.9127382424104553e-10 
7.9127382424104553e-10 
6.135379981841993e-10 
5.187836826792136e-10 
5.187836826792136e-10 
5.187836826792136e-10 
5.187836826792136e-10 
2.7784186062973504e-10 
2.7784186062973504e-10 
2.6132285224633733e-10 
1.7690104936463058e-10 
1.7690104936463058e-10 
1.7690104936463058e-10 
1.7690104936463058e-10 
7.5219164230588831e-11 
6.9383387923949158e-11 
6.9383387923949158e-11 
6.9383387923949158e-11 
6.9383387923949158e-11 
6.9383387923949158e-11 
6.9383387923949158e-11 
2.0134116596182139e-11 
2.0134116596182139e-11 
2.0134116596182139e-11 
2.0134116596182139e-11 
2.0134116596182139e-11 
2.0134116596182139e-11 
2.0134116596182139e-11 
3.5901281947303687e-12 
3.5901281947303687e-12 
3.5901281947303687e-12 
3.5901281947303687e-12 
3.5901281947303687e-12 
3.5901281947303687e-12 
3.5901281947303687e-12 
1.7318368961127817e-12 
1.7318368961127817e-12 
1.7318368961127817e-12 
1.7318368961127817e-12 
1.7318368961127817e-12 
1.7318368961127817e-12 
1.7318368961127817e-12 
1.7318368961127817e-12 
1.7318368961127817e-12 
1.7318368961127817e-12 
1.7318368961127817e-12 
1.7318368961127817e-12 
1.7318368961127817e-12 
1.7318368961127817e-12 
1.7318368961127817e-12 
1.7318368961127817e-12 
1.7318368961127817e-12 
1.7318368961127817e-12 
1.7318368961127817e-12 
1.7318368961127817e-12 
1.7318368961127817e-12 
1.7318368961127817e-12 
1.7318368961127817e-12 
1.7318368961127817e-12 
1.7318368961127817e-12 
1.7318368961127817e-12 
1.7318368961127817e-12 
1.7318368961127817e-12 
1.7318368961127817e-12 
1.7318368961127817e-12 
1.7318368961127817e-12 
1.2271295091181855e-12 
1.2271295091181855e-12 
1.2271295091181855e-12 
1.2271295091181855e-12 
1.2271295091181855e-12 
1.2271295091181855e-12 
1.2271295091181855e-12 
1.2271295091181855e-12 
1.2271295091181855e-12 
1.2271295091181855e-12 
1.2271295091181855e-12 
1.2271295091181855e-12 
6.1317617650047396e-13 
6.1317617650047396e-13 
6.1317617650047396e-13 
6.1317617650047396e-13 
6.1317617650047396e-13 
6.1317617650047396e-13 
6.1317617650047396e-13 
6.1317617650047396e-13 
6.1317617650047396e-13 
6.1317617650047396e-13 
6.1317617650047396e-13 
6.1317617650047396e-13 
3.0875302314825603e-13 
2.7899904608830184e-13 
2.7899904608830184e-13 
2.7899904608830184e-13 
2.7899904608830184e-13 
2.7899904608830184e-13 
2.7899904608830184e-13 
2.7899904608830184e-13 
2.7899904608830184e-13 
2.7899904608830184e-13 
2.7899904608830184e-13 
2.7899904608830184e-13 
2.7899904608830184e-13 
1.3355982986240633e-13 
1.3355982986240633e-13 
1.3355982986240633e-13 
1.3355982986240633e-13 
1.3355982986240633e-13 
1.3355982986240633e-13 
1.0436096431476471e-14 
1.0436096431476471e-14 
1.0436096431476471e-14 
1.0436096431476471e-14 
1.0436096431476471e-14 
1.0436096431476471e-14 
1.0436096431476471e-14 
1.0436096431476471e-14 
1.0436096431476471e-14 
1.0436096431476471e-14 
1.0436096431476471e-14 
1.0436096431476471e-14 
1.0436096431476471e-14 
1.0436096431476471e-14 
1.0436096431476471e-14 
1.0436096431476471e-14 
1.0436096431476471e-14 
1.0436096431476471e-14 
1.0436096431476471e-14 
1.0436096431476471e-14 
1.0436096431476471e-14 
1.0436096431476471e-14 
1.0436096431476471e-14 
1.0436096431476471e-14 
1.0436096431476471e-14 
1.0436096431476471e-14 
1.0436096431476471e-14 
1.0436096431476471e-14 
1.0436096431476471e-14 
1.0436096431476471e-14 
1.0436096431476471e-14 
1.0436096431476471e-14 
1.0436096431476471e-14 
1.0436096431476471e-14 
1.0436096431476471e-14 
1.0436096431476471e-14 
1.0436096431476471e-14 
1.0436096431476471e-14 
1.0436096431476471e-14 
1.0436096431476471e-14 
1.0436096431476471e-14 
1.0436096431476471e-14 
1.0436096431476471e-14 
1.0436096431476471e-14 
1.0436096431476471e-14 
1.0436096431476471e-14 
1.0436096431476471e-14 
1.0436096431476471e-14 
1.0436096431476471e-14 
1.0436096431476471e-14 
1.0436096431476471e-14 
1.0436096431476471e-14 
1.0436096431476471e-14 
1.0436096431476471e-14 
1.0436096431476471e-14 
1.0436096431476471e-14 
1.0436096431476471e-14 
1.0436096431476471e-14 
1.0436096431476471e-14 
1.0436096431476471e-14 
1.0436096431476471e-14 
1.0436096431476471e-14 
1.0436096431476471e-14 
1.0436096431476471e-14 
1.0436096431476471e-14 
1.0436096431476471e-14 
1.0436096431476471e-14 
1.0436096431476471e-14 
1.0436096431476471e-14 
1.0436096431476471e-14 
1.0436096431476471e-14 
1.0436096431476471e-14 
1.0436096431476471e-14 
1.0436096431476471e-14 
1.0436096431476471e-14 
1.0436096431476471e-14 
1.0436096431476471e-14 
1.0436096431476471e-14 
1.0436096431476471e-14 
1.0436096431476471e-14 
1.0436096431476471e-14 
1.0436096431476471e-14 
1.0436096431476471e-14 
1.0436096431476471e-14 
1.0436096431476471e-14 
1.0436096431476471e-14 
1.0436096431476471e-14 
1.0436096431476471e-14 
1.0436096431476471e-14 
1.0436096431476471e-14 
1.0436096431476471e-14 
1.0436096431476471e-14 
1.0436096431476471e-14 
1.0436096431476471e-14 
1.0436096431476471e-14 
1.0436096431476471e-14 
1.0436096431476471e-14 
1.0436096431476471e-14 
1.0436096431476471e-14 
1.0436096431476471e-14 
1.0436096431476471e-14 
1.0436096431476471e-14 
1.0436096431476471e-14 
1.0436096431476471e-14 
1.0436096431476471e-14 
1.0436096431476471e-14 
1.0436096431476471e-14 
1.0436096431476471e-14 
1.0436096431476471e-14 
1.0436096431476471e-14 
1.0436096431476471e-14 
1.0436096431476471e-14 
1.0436096431476471e-14 
1.0436096431476471e-14 
1.0436096431476471e-14 
1.0436096431476471e-14 
1.0436096431476471e-14 
1.0436096431476471e-14 
1.0436096431476471e-14 
1.0436096431476471e-14 
1.0436096431476471e-14 
1.0436096431476471e-14 
1.0436096431476471e-14 
1.0436096431476471e-14 
1.0436096431476471e-14 
1.0436096431476471e-14 
1.0436096431476471e-14 
1.0436096431476471e-14 
1.0436096431476471e-14 
1.0436096431476471e-14 
1.0436096431476471e-14 
1.0436096431476471e-14 
1.0436096431476471e-14 
1.0436096431476471e-14 
1.0436096431476471e-14 
1.0436096431476471e-14 
1.0436096431476471e-14 
1.0436096431476471e-14 
1.0436096431476471e-14 
1.0436096431476471e-14 
1.0436096431476471e-14 
1.0436096431476471e-14 
1.0436096431476471e-14 
1.0436096431476471e-14 
1.0436096431476471e-14 
1.0436096431476471e-14 
1.0436096431476471e-14 
1.0436096431476471e-14 
1.0436096431476471e-14 
1.0436096431476471e-14 
1.0436096431476471e-14 
1.0436096431476471e-14 
1.0436096431476471e-14 
1.0436096431476471e-14 
1.0436096431476471e-14 
1.0436096431476471e-14 
1.0436096431476471e-14 
1.0436096431476471e-14 
1.0436096431476471e-14 
1.0436096431476471e-14 
1.0436096431476471e-14 
1.0436096431476471e-14 
1.0436096431476471e-14 
1.0436096431476471e-14 
1.0436096431476471e-14 
1.0436096431476471e-14 
1.0436096431476471e-14 
1.0436096431476471e-14 
1.0436096431476471e-14 
1.0436096431476471e-14 
1.0436096431476471e-14 
1.0436096431476471e-14 
1.0436096431476471e-14 
1.0436096431476471e-14 
1.0436096431476471e-14 
1.0436096431476471e-14 
1.0436096431476471e-14 
1.0436096431476471e-14 
1.0436096431476471e-14 
1.0436096431476471e-14 
1.0436096431476471e-14 
1.0436096431476471e-14 
1.0436096431476471e-14 
1.0436096431476471e-14 
1.0436096431476471e-14 
1.0436096431476471e-14 
1.0436096431476471e-14 
1.0436096431476471e-14 
1.0436096431476471e-14 
1.0436096431476471e-14 
1.0436096431476471e-14 
1.0436096431476471e-14 
1.0436096431476471e-14 
1.0436096431476471e-14 
1.0436096431476471e-14 
1.0436096431476471e-14 
1.0436096431476471e-14 
1.0436096431476471e-14 
1.0436096431476471e-14 
1.0436096431476471e-14 
1.0436096431476471e-14 
1.0436096431476471e-14 
1.0436096431476471e-14 
1.0436096431476471e-14 
1.0436096431476471e-14 
1.0436096431476471e-14 
1.0436096431476471e-14 
1.0436096431476471e-14 
1.0436096431476471e-14 
1.0436096431476471e-14 
1.0436096431476471e-14 
1.0436096431476471e-14 
1.0436096431476471e-14 
1.0436096431476471e-14 
1.0436096431476471e-14 
1.0436096431476471e-14 
1.0436096431476471e-14 
1.0436096431476471e-14 
1.0436096431476471e-14 
1.0436096431476471e-14 
1.0436096431476471e-14 
1.0436096431476471e-14 
1.0436096431476471e-14 
1.0436096431476471e-14 
1.0436096431476471e-14 
1.0436096431476471e-14 
1.0436096431476471e-14 
1.0436096431476471e-14 
1.0436096431476471e-14 
1.0436096431476471e-14 
1.0436096431476471e-14 
1.0436096431476471e-14 
1.0436096431476471e-14 
1.0436096431476471e-14 
1.0436096431476471e-14 
1.0436096431476471e-14 
1.0436096431476471e-14 
1.0436096431476471e-14 
1.0436096431476471e-14 
1.0436096431476471e-14 
1.0436096431476471e-14 
1.0436096431476471e-14 
1.0436096431476471e-14 
1.0436096431476471e-14 
1.0436096431476471e-14 
1.0436096431476471e-14 
1.0436096431476471e-14 
1.0436096431476471e-14 
1.0436096431476471e-14 
1.0436096431476471e-14 
1.0436096431476471e-14 
1.0436096431476471e-14 
1.0436096431476471e-14 
1.0436096431476471e-14 
1.0436096431476471e-14 
1.0436096431476471e-14 
1.0436096431476471e-14 
1.0436096431476471e-14 
1.0436096431476471e-14 
1.0436096431476471e-14 
1.0436096431476471e-14 
1.0436096431476471e-14 
1.0436096431476471e-14 
1.0436096431476471e-14 
1.0436096431476471e-14 
1.0436096431476471e-14 
1.0436096431476471e-14 
1.0436096431476471e-14 
1.0436096431476471e-14 
1.0436096431476471e-14 
1.0436096431476471e-14 
1.0436096431476471e-14 
1.0436096431476471e-14 
1.0436096431476471e-14 
1.0436096431476471e-14 
1.0436096431476471e-14 
1.0436096431476471e-14 
1.0436096431476471e-14 
1.0436096431476471e-14 
1.0436096431476471e-14 
1.0436096431476471e-14 
1.0436096431476471e-14 
1.0436096431476471e-14 
1.0436096431476471e-14 
1.0436096431476471e-14 
1.0436096431476471e-14 
1.0436096431476471e-14 
1.0436096431476471e-14 
1.0436096431476471e-14 
1.0436096431476471e-14 
1.0436096431476471e-14 
1.0436096431476471e-14 
1.0436096431476471e-14 
1.0436096431476471e-14 
1.0436096431476471e-14 
1.0436096431476471e-14 
1.0436096431476471e-14 
1.0436096431476471e-14 
1.0436096431476471e-14 
1.0436096431476471e-14 
1.0436096431476471e-14 
1.0436096431476471e-14 
1.0436096431476471e-14 
1.0436096431476471e-14 
1.0436096431476471e-14 
1.0436096431476471e-14 
1.0436096431476471e-14 
1.0436096431476471e-14 
1.0436096431476471e-14 
1.0436096431476471e-14 
1.0436096431476471e-14 
1.0436096431476471e-14 
1.0436096431476471e-14 
1.0436096431476471e-14 
1.0436096431476471e-14 
1.0436096431476471e-14 
1.0436096431476471e-14 
1.0436096431476471e-14 
1.0436096431476471e-14 
1.0436096431476471e-14 
1.0436096431476471e-14 
1.0436096431476471e-14 
1.0436096431476471e-14 
1.0436096431476471e-14 
1.0436096431476471e-14 
1.0436096431476471e-14 
1.0436096431476471e-14 
1.0436096431476471e-14 
1.0436096431476471e-14 
1.0436096431476471e-14 
1.0436096431476471e-14 
1.0436096431476471e-14 
1.0436096431476471e-14 
1.0436096431476471e-14 
1.0436096431476471e-14 
1.0436096431476471e-14 
1.0436096431476471e-14 
1.0436096431476471e-14 
1.0436096431476471e-14 
1.0436096431476471e-14 
1.0436096431476471e-14 
1.0436096431476471e-14 
1.0436096431476471e-14 
1.0436096431476471e-14 
1.0436096431476471e-14 
1.0436096431476471e-14 
1.0436096431476471e-14 
1.0436096431476471e-14 
1.0436096431476471e-14 
1.0436096431476471e-14 
1.0436096431476471e-14 
1.0436096431476471e-14 
1.0436096431476471e-14 
1.0436096431476471e-14 
1.0436096431476471e-14 
1.0436096431476471e-14 
1.0436096431476471e-14 
1.0436096431476471e-14 
1.0436096431476471e-14 
1.0436096431476471e-14 
1.0436096431476471e-14 
1.0436096431476471e-14 
1.0436096431476471e-14 
1.0436096431476471e-14 
1.0436096431476471e-14 
1.0436096431476471e-14 
1.0436096431476471e-14 
1.0436096431476471e-14 
1.0436096431476471e-14 
1.0436096431476471e-14 
1.0436096431476471e-14 
1.0436096431476471e-14 
1.0436096431476471e-14 
1.0436096431476471e-14 
1.0436096431476471e-14 
1.0436096431476471e-14 
1.0436096431476471e-14 
1.0436096431476471e-14 
1.0436096431476471e-14 
1.0436096431476471e-14 
1.0436096431476471e-14 
1.0436096431476471e-14 
1.0436096431476471e-14 
1.0436096431476471e-14 
1.0436096431476471e-14 
1.0436096431476471e-14 
1.0436096431476471e-14 
1.0436096431476471e-14 
1.0436096431476471e-14 
1.0436096431476471e-14 
1.0436096431476471e-14 
1.0436096431476471e-14 
1.0436096431476471e-14 
1.0436096431476471e-14 
1.0436096431476471e-14 
1.0436096431476471e-14 
1.0436096431476471e-14 
1.0436096431476471e-14 
1.0436096431476471e-14 
1.0436096431476471e-14 
1.0436096431476471e-14 
1.0436096431476471e-14 
1.0436096431476471e-14 
1.0436096431476471e-14 
1.0436096431476471e-14 
1.0436096431476471e-14 
1.0436096431476471e-14 
1.0436096431476471e-14 
1.0436096431476471e-14 
1.0436096431476471e-14 
1.0436096431476471e-14 
1.0436096431476471e-14 
1.0436096431476471e-14 
1.0436096431476471e-14 
1.0436096431476471e-14 
1.0436096431476471e-14 
1.0436096431476471e-14 
1.0436096431476471e-14 
1.0436096431476471e-14 
1.0436096431476471e-14 
1.0436096431476471e-14 
1.0436096431476471e-14 
1.0436096431476471e-14 
1.0436096431476471e-14 
1.0436096431476471e-14 
1.0436096431476471e-14 
1.0436096431476471e-14 
1.0436096431476471e-14 
1.0436096431476471e-14 
1.0436096431476471e-14 
1.0436096431476471e-14 
1.0436096431476471e-14 
1.0436096431476471e-14 
1.0436096431476471e-14 
1.0436096431476471e-14 
1.0436096431476471e-14 
1.0436096431476471e-14 
1.0436096431476471e-14 
1.0436096431476471e-14 
1.0436096431476471e-14 
1.0436096431476471e-14 
1.0436096431476471e-14 
1.0436096431476471e-14 
1.0436096431476471e-14 
1.0436096431476471e-14 
1.0436096431476471e-14 
1.0436096431476471e-14 
1.0436096431476471e-14 
1.0436096431476471e-14 
1.0436096431476471e-14 
1.0436096431476471e-14 
1.0436096431476471e-14 
1.0436096431476471e-14 
1.0436096431476471e-14 
1.0436096431476471e-14 
1.0436096431476471e-14 
1.0436096431476471e-14 
1.0436096431476471e-14 
1.0436096431476471e-14 
1.0436096431476471e-14 
1.0436096431476471e-14 
1.0436096431476471e-14 
1.0436096431476471e-14 
1.0436096431476471e-14 
1.0436096431476471e-14 
1.0436096431476471e-14 
1.0436096431476471e-14 
1.0436096431476471e-14 
1.0436096431476471e-14 
1.0436096431476471e-14 
1.0436096431476471e-14 
1.0436096431476471e-14 
1.0436096431476471e-14 
1.0436096431476471e-14 
1.0436096431476471e-14 
1.0436096431476471e-14 
1.0436096431476471e-14 
1.0436096431476471e-14 
1.0436096431476471e-14 
1.0436096431476471e-14 
1.0436096431476471e-14 
1.0436096431476471e-14 
1.0436096431476471e-14 
1.0436096431476471e-14 
1.0436096431476471e-14 
1.0436096431476471e-14 
1.0436096431476471e-14 
1.0436096431476471e-14 
1.0436096431476471e-14 
1.0436096431476471e-14 
1.0436096431476471e-14 
1.0436096431476471e-14 
1.0436096431476471e-14 
1.0436096431476471e-14 
1.0436096431476471e-14 
1.0436096431476471e-14 
1.0436096431476471e-14 
1.0436096431476471e-14 
1.0436096431476471e-14 
1.0436096431476471e-14 
1.0436096431476471e-14 
1.0436096431476471e-14 
1.0436096431476471e-14 
1.0436096431476471e-14 
1.0436096431476471e-14 
1.0436096431476471e-14 
1.0436096431476471e-14 
1.0436096431476471e-14 
1.0436096431476471e-14 
1.0436096431476471e-14 
1.0436096431476471e-14 
1.0436096431476471e-14 
1.0436096431476471e-14 
1.0436096431476471e-14 
1.0436096431476471e-14 
1.0436096431476471e-14 
1.0436096431476471e-14 
1.0436096431476471e-14 
1.0436096431476471e-14 
1.0436096431476471e-14 
1.0436096431476471e-14 
1.0436096431476471e-14 
1.0436096431476471e-14 
1.0436096431476471e-14 
1.0436096431476471e-14 
1.0436096431476471e-14 
1.0436096431476471e-14 
1.0436096431476471e-14 
1.0436096431476471e-14 
1.0436096431476471e-14 
1.0436096431476471e-14 
1.0436096431476471e-14 
1.0436096431476471e-14 
1.0436096431476471e-14 
1.0436096431476471e-14 
1.0436096431476471e-14 
1.0436096431476471e-14 
1.0436096431476471e-14 
1.0436096431476471e-14 
1.0436096431476471e-14 
1.0436096431476471e-14 
1.0436096431476471e-14 
1.0436096431476471e-14 
1.0436096431476471e-14 
1.0436096431476471e-14 
1.0436096431476471e-14 
1.0436096431476471e-14 
1.0436096431476471e-14 
1.0436096431476471e-14 
1.0436096431476471e-14 
1.0436096431476471e-14 
1.0436096431476471e-14 
1.0436096431476471e-14 
1.0436096431476471e-14 
1.0436096431476471e-14 
1.0436096431476471e-14 
1.0436096431476471e-14 
1.0436096431476471e-14 
1.0436096431476471e-14 
1.0436096431476471e-14 
1.0436096431476471e-14 
1.0436096431476471e-14 
1.0436096431476471e-14 
1.0436096431476471e-14 
1.0436096431476471e-14 
1.0436096431476471e-14 
1.0436096431476471e-14 
1.0436096431476471e-14 
1.0436096431476471e-14 
1.0436096431476471e-14 
1.0436096431476471e-14 
1.0436096431476471e-14 
1.0436096431476471e-14 
1.0436096431476471e-14 
1.0436096431476471e-14 
1.0436096431476471e-14 
1.0436096431476471e-14 
1.0436096431476471e-14 
1.0436096431476471e-14 
1.0436096431476471e-14 
1.0436096431476471e-14 
1.0436096431476471e-14 
1.0436096431476471e-14 
1.0436096431476471e-14 
1.0436096431476471e-14 
1.0436096431476471e-14 
1.0436096431476471e-14 
1.0436096431476471e-14 
1.0436096431476471e-14 
1.0436096431476471e-14 
1.0436096431476471e-14 
1.0436096431476471e-14 
1.0436096431476471e-14 
1.0436096431476471e-14 
1.0436096431476471e-14 
1.0436096431476471e-14 
1.0436096431476471e-14 
1.0436096431476471e-14 
1.0436096431476471e-14 
1.0436096431476471e-14 
1.0436096431476471e-14 
1.0436096431476471e-14 
1.0436096431476471e-14 
1.0436096431476471e-14 
1.0436096431476471e-14 
1.0436096431476471e-14 
1.0436096431476471e-14 
1.0436096431476471e-14 
1.0436096431476471e-14 
1.0436096431476471e-14 
1.0436096431476471e-14 
1.0436096431476471e-14 
1.0436096431476471e-14 
1.0436096431476471e-14 
1.0436096431476471e-14 
1.0436096431476471e-14 
1.0436096431476471e-14 
1.0436096431476471e-14 
1.0436096431476471e-14 
1.0436096431476471e-14 
1.0436096431476471e-14 
1.0436096431476471e-14 
1.0436096431476471e-14 
1.0436096431476471e-14 
1.0436096431476471e-14 
1.0436096431476471e-14 
1.0436096431476471e-14 
1.0436096431476471e-14 
1.0436096431476471e-14 
1.0436096431476471e-14 
1.0436096431476471e-14 
1.0436096431476471e-14 
1.0436096431476471e-14 
1.0436096431476471e-14 
1.0436096431476471e-14 
1.0436096431476471e-14 
1.0436096431476471e-14 
1.0436096431476471e-14 
1.0436096431476471e-14 
1.0436096431476471e-14 
1.0436096431476471e-14 
1.0436096431476471e-14 
1.0436096431476471e-14 
1.0436096431476471e-14 
1.0436096431476471e-14 
1.0436096431476471e-14 
1.0436096431476471e-14 
1.0436096431476471e-14 
1.0436096431476471e-14 
1.0436096431476471e-14 
1.0436096431476471e-14 
1.0436096431476471e-14 
1.0436096431476471e-14 
1.0436096431476471e-14 
1.0436096431476471e-14 
1.0436096431476471e-14 
1.0436096431476471e-14 
1.0436096431476471e-14 
1.0436096431476471e-14 
1.0436096431476471e-14 
1.0436096431476471e-14 
1.0436096431476471e-14 
1.0436096431476471e-14 
1.0436096431476471e-14 
1.0436096431476471e-14 
1.0436096431476471e-14 
1.0436096431476471e-14 
1.0436096431476471e-14 
1.0436096431476471e-14 
1.0436096431476471e-14 
1.0436096431476471e-14 
1.0436096431476471e-14 
1.0436096431476471e-14 
1.0436096431476471e-14 
1.0436096431476471e-14 
1.0436096431476471e-14 
1.0436096431476471e-14 
1.0436096431476471e-14 
1.0436096431476471e-14 
1.0436096431476471e-14 
1.0436096431476471e-14 
1.0436096431476471e-14 
1.0436096431476471e-14 
1.0436096431476471e-14 
1.0436096431476471e-14 
1.0436096431476471e-14 
1.0436096431476471e-14 
1.0436096431476471e-14 
1.0436096431476471e-14 
1.0436096431476471e-14 
1.0436096431476471e-14 
1.0436096431476471e-14 
1.0436096431476471e-14 
1.0436096431476471e-14 
1.0436096431476471e-14 
1.0436096431476471e-14 
1.0436096431476471e-14 
1.0436096431476471e-14 
1.0436096431476471e-14 
1.0436096431476471e-14 
1.0436096431476471e-14 
1.0436096431476471e-14 
1.0436096431476471e-14 
1.0436096431476471e-14 
1.0436096431476471e-14 
1.0436096431476471e-14 
1.0436096431476471e-14 
1.0436096431476471e-14 
1.0436096431476471e-14 
1.0436096431476471e-14 
1.0436096431476471e-14 
1.0436096431476471e-14 
1.0436096431476471e-14 
1.0436096431476471e-14 
1.0436096431476471e-14 
1.0436096431476471e-14 
1.0436096431476471e-14 
1.0436096431476471e-14 
1.0436096431476471e-14 
1.0436096431476471e-14 
1.0436096431476471e-14 
1.0436096431476471e-14 
