0.11900628996670352 
0.11702401274215768 
0.11702401274215768 
0.11702401274215768 
0.11702401274215768 
0.1166458636623585 
0.1166458636623585 
0.1166458636623585 
0.1166458636623585 
0.1166458636623585 
0.1166458636623585 
0.1166458636623585 
0.1166458636623585 
0.11576939955974223 
0.11576939955974223 
0.11576939955974223 
0.1156040841663345 
0.1156040841663345 
0.1156040841663345 
0.1156040841663345 
0.11343172078230632 
0.11019463160243687 
0.10701388544912542 
0.10389398799765968 
0.100840781845756 
0.097861446513559505 
0.094964498443643977 
0.092159791001011848 
0.08945851447309433 
0.086873196069751316 
0.084417699923271319 
0.08210722708837169 
0.079958315542198344 
0.077988840184325808 
0.076218012836757665 
0.074666382243925883 
0.073355834072691195 
0.072309590912343014 
0.071552212274599528 
0.070679890269996437 
0.067956188817991411 
0.065216822666844226 
0.062890841638645764 
0.060977591578742177 
0.059476418679345687 
0.058112021317113516 
0.055731180501120463 
0.053474410919421692 
0.051297482291040648 
0.049119811630518352 
0.047049957781521878 
0.0450779876924923 
0.043194632168310418 
0.041391285870296696 
0.039660007316211318 
0.037993518880254019 
0.036385206793064305 
0.034829121141721313 
0.033319975869743834 
0.031853148777090348 
0.03042468152015898 
0.029031279611787541 
0.027670312421253486 
0.02633981317427396 
0.025038478953005767 
0.023765670696045373 
0.02252141319842892 
0.021306395111632199 
0.020121968943570673 
0.018970151058599491 
0.017853621677513455 
0.016775724877547023 
0.015740468592374338 
0.014752524612109194 
0.013817228583305058 
0.012940580008955085 
0.012129242248492062 
0.011390542517788453 
0.010732471889156388 
0.010163685291347669 
0.0096935015095537501 
0.0093319031854058494 
0.0090895368169747019 
0.0089777127587707672 
0.0088798240151354586 
0.0088723546430528807 
0.0088723546430528807 
0.0088723546430528807 
0.0087911075896051367 
0.0087124077198353009 
0.0086448971914434569 
0.0085884232835385186 
0.0085428341612806147 
0.0084504625351326107 
0.0082355757289436036 
0.008054683621628117 
0.0079070870416616864 
0.0077920927768768281 
0.0075670959536583357 
0.0068261332002804232 
0.0065955872340175544 
0.0058360131816664823 
0.0052136812363076613 
0.0047280215844251565 
0.0043784652137859644 
0.0038306434288189303 
0.0032685865856931619 
0.0028719967111650009 
0.0025959625379178902 
0.0023017302357449436 
0.0020378973022557082 
0.0017660220957775273 
0.0015966365283090432 
0.0013225022371213641 
0.001072438289744388 
0.00084839307521213786 
0.0006498549567010084 
0.00047674058084972348 
0.00032939487775939647 
0.00020859106099347115 
0.0001155306275777615 
5.1843358000434979e-05 
1.9587316212021425e-05 
6.3878414430762022e-06 
6.3878414430762022e-06 
3.0259603608079798e-06 
2.7323019981927503e-06 
2.7323019981927503e-06 
1.7933401874046802e-06 
1.7933401874046802e-06 
6.6634971673632872e-07 
9.016787417815146e-08 
9.016787417815146e-08 
9.016787417815146e-08 
9.016787417815146e-08 
9.016787417815146e-08 
9.016787417815146e-08 
9.016787417815146e-08 
9.016787417815146e-08 
9.016787417815146e-08 
9.016787417815146e-08 
9.016787417815146e-08 
9.016787417815146e-08 
8.1609771618506387e-08 
8.1609771618506387e-08 
8.1609771618506387e-08 
8.1609771618506387e-08 
8.1609771618506387e-08 
8.1609771618506387e-08 
8.1609771618506387e-08 
8.1609771618506387e-08 
8.1609771618506387e-08 
8.1609771618506387e-08 
8.1609771618506387e-08 
8.1609771618506387e-08 
8.1609771618506387e-08 
8.1609771618506387e-08 
8.1609771618506387e-08 
8.1609771618506387e-08 
8.1609771618506387e-08 
8.1609771618506387e-08 
8.1609771618506387e-08 
8.1609771618506387e-08 
8.1609771618506387e-08 
8.1609771618506387e-08 
8.1609771618506387e-08 
8.1609771618506387e-08 
8.1609771618506387e-08 
8.1609771618506387e-08 
8.1609771618506387e-08 
8.1609771618506387e-08 
8.1609771618506387e-08 
8.1609771618506387e-08 
8.1609771618506387e-08 
8.1609771618506387e-08 
8.1609771618506387e-08 
8.1609771618506387e-08 
8.1609771618506387e-08 
8.1609771618506387e-08 
8.1609771618506387e-08 
8.1609771618506387e-08 
8.1609771618506387e-08 
8.1609771618506387e-08 
8.1609771618506387e-08 
8.1609771618506387e-08 
8.1609771618506387e-08 
8.1609771618506387e-08 
8.1609771618506387e-08 
8.1609771618506387e-08 
8.1609771618506387e-08 
8.1609771618506387e-08 
8.1609771618506387e-08 
5.085612682303118e-08 
5.085612682303118e-08 
5.085612682303118e-08 
5.085612682303118e-08 
5.085612682303118e-08 
5.085612682303118e-08 
5.085612682303118e-08 
5.085612682303118e-08 
5.085612682303118e-08 
5.085612682303118e-08 
5.085612682303118e-08 
5.085612682303118e-08 
5.085612682303118e-08 
5.085612682303118e-08 
5.085612682303118e-08 
5.085612682303118e-08 
5.085612682303118e-08 
5.085612682303118e-08 
5.085612682303118e-08 
5.085612682303118e-08 
5.085612682303118e-08 
5.085612682303118e-08 
5.085612682303118e-08 
5.085612682303118e-08 
5.085612682303118e-08 
5.085612682303118e-08 
5.085612682303118e-08 
5.085612682303118e-08 
5.085612682303118e-08 
5.085612682303118e-08 
5.085612682303118e-08 
5.085612682303118e-08 
5.085612682303118e-08 
5.085612682303118e-08 
5.085612682303118e-08 
5.085612682303118e-08 
5.085612682303118e-08 
5.085612682303118e-08 
5.085612682303118e-08 
5.085612682303118e-08 
5.085612682303118e-08 
5.085612682303118e-08 
5.085612682303118e-08 
5.085612682303118e-08 
5.085612682303118e-08 
5.085612682303118e-08 
5.085612682303118e-08 
5.085612682303118e-08 
5.085612682303118e-08 
5.085612682303118e-08 
5.085612682303118e-08 
5.085612682303118e-08 
5.085612682303118e-08 
5.085612682303118e-08 
5.085612682303118e-08 
5.085612682303118e-08 
5.085612682303118e-08 
5.085612682303118e-08 
5.085612682303118e-08 
5.085612682303118e-08 
5.085612682303118e-08 
5.085612682303118e-08 
5.085612682303118e-08 
5.085612682303118e-08 
5.085612682303118e-08 
5.085612682303118e-08 
5.085612682303118e-08 
5.085612682303118e-08 
5.085612682303118e-08 
5.085612682303118e-08 
5.085612682303118e-08 
5.085612682303118e-08 
5.085612682303118e-08 
5.085612682303118e-08 
5.085612682303118e-08 
5.085612682303118e-08 
5.085612682303118e-08 
5.085612682303118e-08 
5.085612682303118e-08 
5.085612682303118e-08 
5.085612682303118e-08 
5.085612682303118e-08 
5.085612682303118e-08 
5.085612682303118e-08 
5.085612682303118e-08 
5.085612682303118e-08 
5.085612682303118e-08 
5.085612682303118e-08 
5.085612682303118e-08 
5.085612682303118e-08 
5.085612682303118e-08 
5.085612682303118e-08 
5.085612682303118e-08 
5.085612682303118e-08 
5.085612682303118e-08 
1.643332136784413e-08 
1.643332136784413e-08 
1.643332136784413e-08 
1.643332136784413e-08 
1.643332136784413e-08 
1.643332136784413e-08 
1.643332136784413e-08 
1.643332136784413e-08 
1.643332136784413e-08 
1.643332136784413e-08 
1.643332136784413e-08 
1.643332136784413e-08 
1.643332136784413e-08 
1.643332136784413e-08 
1.643332136784413e-08 
1.643332136784413e-08 
1.643332136784413e-08 
1.643332136784413e-08 
1.643332136784413e-08 
1.643332136784413e-08 
1.643332136784413e-08 
1.643332136784413e-08 
1.643332136784413e-08 
1.643332136784413e-08 
1.643332136784413e-08 
1.643332136784413e-08 
1.643332136784413e-08 
1.643332136784413e-08 
1.643332136784413e-08 
1.643332136784413e-08 
1.643332136784413e-08 
1.643332136784413e-08 
1.643332136784413e-08 
1.643332136784413e-08 
1.643332136784413e-08 
1.643332136784413e-08 
1.643332136784413e-08 
1.643332136784413e-08 
1.643332136784413e-08 
1.643332136784413e-08 
1.643332136784413e-08 
1.643332136784413e-08 
1.643332136784413e-08 
1.643332136784413e-08 
1.643332136784413e-08 
1.643332136784413e-08 
1.643332136784413e-08 
1.643332136784413e-08 
1.643332136784413e-08 
1.643332136784413e-08 
1.643332136784413e-08 
1.643332136784413e-08 
1.643332136784413e-08 
1.643332136784413e-08 
1.643332136784413e-08 
1.643332136784413e-08 
1.643332136784413e-08 
1.643332136784413e-08 
1.643332136784413e-08 
1.643332136784413e-08 
1.643332136784413e-08 
1.643332136784413e-08 
1.643332136784413e-08 
1.643332136784413e-08 
1.643332136784413e-08 
1.643332136784413e-08 
1.643332136784413e-08 
1.643332136784413e-08 
1.643332136784413e-08 
1.643332136784413e-08 
1.643332136784413e-08 
1.643332136784413e-08 
1.643332136784413e-08 
1.643332136784413e-08 
1.643332136784413e-08 
1.643332136784413e-08 
1.643332136784413e-08 
1.643332136784413e-08 
1.643332136784413e-08 
1.643332136784413e-08 
1.643332136784413e-08 
1.643332136784413e-08 
1.643332136784413e-08 
1.643332136784413e-08 
1.643332136784413e-08 
1.643332136784413e-08 
1.643332136784413e-08 
1.643332136784413e-08 
1.643332136784413e-08 
1.643332136784413e-08 
1.643332136784413e-08 
1.1582823168960794e-08 
1.1582823168960794e-08 
1.1582823168960794e-08 
1.1582823168960794e-08 
1.1582823168960794e-08 
1.1582823168960794e-08 
1.1582823168960794e-08 
1.1582823168960794e-08 
1.1582823168960794e-08 
1.1582823168960794e-08 
1.1582823168960794e-08 
1.1582823168960794e-08 
1.1582823168960794e-08 
1.1582823168960794e-08 
1.1582823168960794e-08 
1.1582823168960794e-08 
1.1582823168960794e-08 
1.1582823168960794e-08 
1.1582823168960794e-08 
1.1582823168960794e-08 
1.1582823168960794e-08 
1.1582823168960794e-08 
1.1582823168960794e-08 
1.1582823168960794e-08 
1.1582823168960794e-08 
1.1582823168960794e-08 
1.1582823168960794e-08 
1.1582823168960794e-08 
1.1582823168960794e-08 
1.1582823168960794e-08 
1.1582823168960794e-08 
1.1582823168960794e-08 
1.1582823168960794e-08 
1.1582823168960794e-08 
1.1582823168960794e-08 
1.1582823168960794e-08 
1.1582823168960794e-08 
1.1582823168960794e-08 
1.1582823168960794e-08 
1.1582823168960794e-08 
1.1582823168960794e-08 
1.1582823168960794e-08 
1.1582823168960794e-08 
1.1582823168960794e-08 
1.1582823168960794e-08 
1.1582823168960794e-08 
1.1582823168960794e-08 
1.1582823168960794e-08 
1.1582823168960794e-08 
1.1582823168960794e-08 
1.1582823168960794e-08 
1.1582823168960794e-08 
1.1582823168960794e-08 
1.1582823168960794e-08 
1.1582823168960794e-08 
1.1582823168960794e-08 
1.1582823168960794e-08 
1.1582823168960794e-08 
1.1582823168960794e-08 
1.1582823168960794e-08 
1.1582823168960794e-08 
1.1582823168960794e-08 
1.1582823168960794e-08 
1.1582823168960794e-08 
1.1582823168960794e-08 
1.1582823168960794e-08 
1.1582823168960794e-08 
1.1582823168960794e-08 
1.1582823168960794e-08 
1.1582823168960794e-08 
1.1582823168960794e-08 
1.1582823168960794e-08 
1.1582823168960794e-08 
1.1582823168960794e-08 
1.1582823168960794e-08 
1.1582823168960794e-08 
1.1582823168960794e-08 
1.1582823168960794e-08 
1.1582823168960794e-08 
1.1582823168960794e-08 
1.1582823168960794e-08 
1.1582823168960794e-08 
1.1582823168960794e-08 
1.1582823168960794e-08 
1.1582823168960794e-08 
1.1582823168960794e-08 
1.1582823168960794e-08 
1.1582823168960794e-08 
1.1582823168960794e-08 
1.1582823168960794e-08 
1.1582823168960794e-08 
1.1582823168960794e-08 
1.1582823168960794e-08 
1.1582823168960794e-08 
1.1582823168960794e-08 
1.1582823168960794e-08 
1.1582823168960794e-08 
1.1582823168960794e-08 
1.1582823168960794e-08 
1.1582823168960794e-08 
1.1582823168960794e-08 
1.1582823168960794e-08 
1.1582823168960794e-08 
1.1582823168960794e-08 
1.1582823168960794e-08 
1.1582823168960794e-08 
1.1582823168960794e-08 
1.1582823168960794e-08 
1.1582823168960794e-08 
1.1582823168960794e-08 
1.1582823168960794e-08 
1.1582823168960794e-08 
1.1582823168960794e-08 
1.1582823168960794e-08 
1.1582823168960794e-08 
1.1582823168960794e-08 
1.1582823168960794e-08 
1.1582823168960794e-08 
1.1582823168960794e-08 
1.1582823168960794e-08 
1.1582823168960794e-08 
1.1582823168960794e-08 
1.1582823168960794e-08 
1.1582823168960794e-08 
1.1582823168960794e-08 
1.1582823168960794e-08 
1.1582823168960794e-08 
1.1582823168960794e-08 
1.1582823168960794e-08 
1.1582823168960794e-08 
1.1582823168960794e-08 
1.1582823168960794e-08 
1.1582823168960794e-08 
1.1582823168960794e-08 
1.1582823168960794e-08 
1.1582823168960794e-08 
1.1582823168960794e-08 
1.1582823168960794e-08 
1.1582823168960794e-08 
1.1582823168960794e-08 
1.1582823168960794e-08 
1.1582823168960794e-08 
1.1582823168960794e-08 
1.1582823168960794e-08 
1.1582823168960794e-08 
1.1582823168960794e-08 
1.1582823168960794e-08 
5.199697711857729e-09 
5.199697711857729e-09 
5.199697711857729e-09 
5.199697711857729e-09 
5.199697711857729e-09 
5.199697711857729e-09 
5.199697711857729e-09 
5.199697711857729e-09 
5.199697711857729e-09 
5.199697711857729e-09 
5.199697711857729e-09 
5.199697711857729e-09 
5.199697711857729e-09 
5.199697711857729e-09 
5.199697711857729e-09 
5.199697711857729e-09 
5.199697711857729e-09 
5.199697711857729e-09 
5.199697711857729e-09 
5.199697711857729e-09 
5.199697711857729e-09 
5.199697711857729e-09 
5.199697711857729e-09 
5.199697711857729e-09 
5.199697711857729e-09 
5.199697711857729e-09 
5.199697711857729e-09 
5.199697711857729e-09 
5.199697711857729e-09 
5.199697711857729e-09 
5.199697711857729e-09 
5.199697711857729e-09 
5.199697711857729e-09 
5.199697711857729e-09 
5.199697711857729e-09 
5.199697711857729e-09 
5.199697711857729e-09 
5.199697711857729e-09 
5.199697711857729e-09 
5.199697711857729e-09 
5.199697711857729e-09 
5.199697711857729e-09 
5.199697711857729e-09 
5.199697711857729e-09 
5.199697711857729e-09 
5.199697711857729e-09 
5.199697711857729e-09 
5.199697711857729e-09 
5.199697711857729e-09 
5.199697711857729e-09 
5.199697711857729e-09 
5.199697711857729e-09 
5.199697711857729e-09 
5.199697711857729e-09 
5.199697711857729e-09 
5.199697711857729e-09 
5.199697711857729e-09 
5.199697711857729e-09 
5.199697711857729e-09 
5.199697711857729e-09 
5.199697711857729e-09 
5.199697711857729e-09 
5.199697711857729e-09 
5.199697711857729e-09 
5.199697711857729e-09 
5.199697711857729e-09 
5.199697711857729e-09 
5.199697711857729e-09 
5.199697711857729e-09 
5.199697711857729e-09 
5.199697711857729e-09 
5.199697711857729e-09 
5.199697711857729e-09 
5.199697711857729e-09 
5.199697711857729e-09 
5.199697711857729e-09 
5.199697711857729e-09 
5.199697711857729e-09 
5.199697711857729e-09 
5.199697711857729e-09 
5.199697711857729e-09 
5.199697711857729e-09 
5.199697711857729e-09 
5.199697711857729e-09 
5.199697711857729e-09 
5.199697711857729e-09 
5.199697711857729e-09 
5.199697711857729e-09 
5.199697711857729e-09 
5.199697711857729e-09 
5.199697711857729e-09 
5.199697711857729e-09 
5.199697711857729e-09 
5.199697711857729e-09 
5.199697711857729e-09 
5.199697711857729e-09 
5.199697711857729e-09 
5.199697711857729e-09 
5.199697711857729e-09 
5.199697711857729e-09 
5.199697711857729e-09 
5.199697711857729e-09 
5.199697711857729e-09 
5.199697711857729e-09 
5.199697711857729e-09 
5.199697711857729e-09 
5.199697711857729e-09 
5.199697711857729e-09 
5.199697711857729e-09 
5.199697711857729e-09 
5.199697711857729e-09 
5.199697711857729e-09 
5.199697711857729e-09 
5.199697711857729e-09 
5.199697711857729e-09 
5.199697711857729e-09 
5.199697711857729e-09 
5.199697711857729e-09 
5.199697711857729e-09 
5.199697711857729e-09 
5.199697711857729e-09 
5.199697711857729e-09 
5.199697711857729e-09 
5.199697711857729e-09 
5.199697711857729e-09 
5.199697711857729e-09 
5.199697711857729e-09 
5.199697711857729e-09 
5.199697711857729e-09 
5.199697711857729e-09 
5.199697711857729e-09 
5.199697711857729e-09 
5.199697711857729e-09 
5.199697711857729e-09 
5.199697711857729e-09 
5.199697711857729e-09 
5.199697711857729e-09 
5.199697711857729e-09 
5.199697711857729e-09 
5.199697711857729e-09 
5.199697711857729e-09 
5.199697711857729e-09 
5.199697711857729e-09 
5.199697711857729e-09 
5.199697711857729e-09 
5.199697711857729e-09 
5.199697711857729e-09 
5.199697711857729e-09 
5.199697711857729e-09 
5.199697711857729e-09 
5.199697711857729e-09 
5.199697711857729e-09 
5.199697711857729e-09 
5.199697711857729e-09 
5.199697711857729e-09 
5.199697711857729e-09 
5.199697711857729e-09 
5.199697711857729e-09 
5.199697711857729e-09 
5.199697711857729e-09 
5.199697711857729e-09 
5.199697711857729e-09 
5.199697711857729e-09 
5.199697711857729e-09 
5.199697711857729e-09 
5.199697711857729e-09 
5.199697711857729e-09 
5.199697711857729e-09 
5.199697711857729e-09 
5.199697711857729e-09 
5.199697711857729e-09 
5.199697711857729e-09 
5.199697711857729e-09 
5.199697711857729e-09 
5.199697711857729e-09 
5.199697711857729e-09 
5.199697711857729e-09 
5.199697711857729e-09 
5.199697711857729e-09 
5.199697711857729e-09 
5.199697711857729e-09 
5.199697711857729e-09 
5.199697711857729e-09 
5.199697711857729e-09 
5.199697711857729e-09 
5.199697711857729e-09 
5.199697711857729e-09 
5.199697711857729e-09 
5.199697711857729e-09 
5.199697711857729e-09 
5.199697711857729e-09 
5.199697711857729e-09 
5.199697711857729e-09 
5.199697711857729e-09 
5.199697711857729e-09 
5.199697711857729e-09 
5.199697711857729e-09 
5.199697711857729e-09 
5.199697711857729e-09 
5.199697711857729e-09 
5.199697711857729e-09 
5.199697711857729e-09 
5.199697711857729e-09 
5.199697711857729e-09 
5.199697711857729e-09 
5.199697711857729e-09 
5.199697711857729e-09 
5.199697711857729e-09 
5.199697711857729e-09 
5.199697711857729e-09 
5.199697711857729e-09 
5.199697711857729e-09 
5.199697711857729e-09 
5.199697711857729e-09 
5.199697711857729e-09 
5.199697711857729e-09 
5.199697711857729e-09 
5.199697711857729e-09 
5.199697711857729e-09 
5.199697711857729e-09 
5.199697711857729e-09 
5.199697711857729e-09 
5.199697711857729e-09 
5.199697711857729e-09 
5.199697711857729e-09 
5.199697711857729e-09 
5.199697711857729e-09 
5.199697711857729e-09 
5.199697711857729e-09 
5.199697711857729e-09 
5.199697711857729e-09 
5.199697711857729e-09 
5.199697711857729e-09 
5.199697711857729e-09 
5.199697711857729e-09 
5.199697711857729e-09 
5.199697711857729e-09 
5.199697711857729e-09 
5.199697711857729e-09 
5.199697711857729e-09 
5.199697711857729e-09 
5.199697711857729e-09 
5.199697711857729e-09 
5.199697711857729e-09 
5.199697711857729e-09 
5.199697711857729e-09 
5.199697711857729e-09 
5.199697711857729e-09 
5.199697711857729e-09 
5.199697711857729e-09 
5.199697711857729e-09 
5.199697711857729e-09 
5.199697711857729e-09 
5.199697711857729e-09 
5.199697711857729e-09 
5.199697711857729e-09 
5.199697711857729e-09 
5.199697711857729e-09 
5.199697711857729e-09 
5.199697711857729e-09 
5.199697711857729e-09 
5.199697711857729e-09 
5.199697711857729e-09 
5.199697711857729e-09 
5.199697711857729e-09 
5.199697711857729e-09 
5.199697711857729e-09 
5.199697711857729e-09 
5.199697711857729e-09 
5.199697711857729e-09 
5.199697711857729e-09 
5.199697711857729e-09 
5.199697711857729e-09 
5.199697711857729e-09 
5.199697711857729e-09 
5.199697711857729e-09 
5.199697711857729e-09 
5.199697711857729e-09 
5.199697711857729e-09 
5.199697711857729e-09 
5.199697711857729e-09 
5.199697711857729e-09 
5.199697711857729e-09 
5.199697711857729e-09 
5.199697711857729e-09 
5.199697711857729e-09 
5.199697711857729e-09 
5.199697711857729e-09 
5.199697711857729e-09 
5.199697711857729e-09 
5.199697711857729e-09 
5.199697711857729e-09 
5.199697711857729e-09 
5.199697711857729e-09 
5.199697711857729e-09 
5.199697711857729e-09 
5.199697711857729e-09 
5.199697711857729e-09 
5.199697711857729e-09 
5.199697711857729e-09 
5.199697711857729e-09 
5.199697711857729e-09 
5.199697711857729e-09 
5.199697711857729e-09 
5.199697711857729e-09 
5.199697711857729e-09 
5.199697711857729e-09 
5.199697711857729e-09 
5.199697711857729e-09 
5.199697711857729e-09 
5.199697711857729e-09 
5.199697711857729e-09 
5.199697711857729e-09 
5.199697711857729e-09 
5.199697711857729e-09 
5.199697711857729e-09 
5.199697711857729e-09 
5.199697711857729e-09 
5.199697711857729e-09 
5.199697711857729e-09 
5.199697711857729e-09 
5.199697711857729e-09 
5.199697711857729e-09 
5.199697711857729e-09 
5.199697711857729e-09 
5.199697711857729e-09 
5.199697711857729e-09 
5.199697711857729e-09 
5.199697711857729e-09 
5.199697711857729e-09 
5.199697711857729e-09 
5.199697711857729e-09 
5.199697711857729e-09 
5.199697711857729e-09 
5.199697711857729e-09 
5.199697711857729e-09 
5.199697711857729e-09 
5.199697711857729e-09 
5.199697711857729e-09 
5.199697711857729e-09 
5.199697711857729e-09 
5.199697711857729e-09 
5.199697711857729e-09 
5.199697711857729e-09 
5.199697711857729e-09 
5.199697711857729e-09 
5.199697711857729e-09 
5.199697711857729e-09 
5.199697711857729e-09 
5.199697711857729e-09 
5.199697711857729e-09 
5.199697711857729e-09 
5.199697711857729e-09 
5.199697711857729e-09 
5.199697711857729e-09 
5.199697711857729e-09 
5.199697711857729e-09 
5.199697711857729e-09 
5.199697711857729e-09 
5.199697711857729e-09 
5.199697711857729e-09 
5.199697711857729e-09 
5.199697711857729e-09 
5.199697711857729e-09 
5.199697711857729e-09 
5.199697711857729e-09 
5.199697711857729e-09 
5.199697711857729e-09 
5.199697711857729e-09 
5.199697711857729e-09 
5.199697711857729e-09 
5.199697711857729e-09 
5.199697711857729e-09 
5.199697711857729e-09 
5.199697711857729e-09 
5.199697711857729e-09 
5.199697711857729e-09 
5.199697711857729e-09 
5.199697711857729e-09 
5.199697711857729e-09 
5.199697711857729e-09 
5.199697711857729e-09 
5.199697711857729e-09 
5.199697711857729e-09 
5.199697711857729e-09 
5.199697711857729e-09 
5.199697711857729e-09 
5.199697711857729e-09 
5.199697711857729e-09 
5.199697711857729e-09 
5.199697711857729e-09 
5.199697711857729e-09 
5.199697711857729e-09 
5.199697711857729e-09 
5.199697711857729e-09 
5.199697711857729e-09 
5.199697711857729e-09 
5.199697711857729e-09 
5.199697711857729e-09 
5.199697711857729e-09 
5.199697711857729e-09 
5.199697711857729e-09 
5.199697711857729e-09 
5.199697711857729e-09 
5.199697711857729e-09 
5.199697711857729e-09 
5.199697711857729e-09 
5.199697711857729e-09 
5.199697711857729e-09 
5.199697711857729e-09 
5.199697711857729e-09 
5.199697711857729e-09 
5.199697711857729e-09 
5.199697711857729e-09 
5.199697711857729e-09 
5.199697711857729e-09 
5.199697711857729e-09 
5.199697711857729e-09 
5.199697711857729e-09 
5.199697711857729e-09 
5.199697711857729e-09 
5.199697711857729e-09 
5.199697711857729e-09 
5.199697711857729e-09 
5.199697711857729e-09 
5.199697711857729e-09 
5.199697711857729e-09 
5.199697711857729e-09 
5.199697711857729e-09 
5.199697711857729e-09 
5.199697711857729e-09 
5.199697711857729e-09 
5.199697711857729e-09 
5.199697711857729e-09 
5.199697711857729e-09 
5.199697711857729e-09 
5.199697711857729e-09 
5.199697711857729e-09 
5.199697711857729e-09 
5.199697711857729e-09 
5.199697711857729e-09 
5.199697711857729e-09 
5.199697711857729e-09 
5.199697711857729e-09 
5.199697711857729e-09 
5.199697711857729e-09 
5.199697711857729e-09 
5.199697711857729e-09 
5.199697711857729e-09 
5.199697711857729e-09 
5.199697711857729e-09 
5.199697711857729e-09 
5.199697711857729e-09 
5.199697711857729e-09 
5.199697711857729e-09 
5.199697711857729e-09 
5.199697711857729e-09 
5.199697711857729e-09 
5.199697711857729e-09 
5.199697711857729e-09 
5.199697711857729e-09 
5.199697711857729e-09 
5.199697711857729e-09 
5.199697711857729e-09 
5.199697711857729e-09 
5.199697711857729e-09 
5.199697711857729e-09 
5.199697711857729e-09 
5.199697711857729e-09 
5.199697711857729e-09 
5.199697711857729e-09 
5.199697711857729e-09 
5.199697711857729e-09 
5.199697711857729e-09 
5.199697711857729e-09 
