0.13510839416288167 
0.13510839416288167 
0.13510839416288167 
0.13239598211201928 
0.12498954352416483 
0.11960398084212677 
0.11620063457983792 
0.11474109941497142 
0.11474109941497142 
0.11474109941497142 
0.11474109941497142 
0.11291172328219325 
0.11023166466998496 
0.10780160538170468 
0.10564959873556183 
0.10380541669065209 
0.1023005498469572 
0.10116820744534562 
0.10044331736757144 
0.10016252613627563 
0.099592753475124363 
0.09943950191217843 
0.099151024072719224 
0.098646280575632128 
0.098327781332193512 
0.098188818587436652 
0.098188818587436652 
0.096823363719825251 
0.09455392492643222 
0.092420214616302135 
0.090427105084744566 
0.088580460376922202 
0.086887136287850636 
0.085354980362397526 
0.083992831895284059 
0.082810521931084041 
0.074344669435554817 
0.074344669435554817 
0.071962910619401341 
0.068316757450411547 
0.065893995090632845 
0.063309358104099545 
0.062106625339586996 
0.062106625339586996 
0.062106625339586996 
0.061338336507728124 
0.059081977550429515 
0.057000690954904364 
0.055116288972698907 
0.053451816654953729 
0.051321937176120769 
0.050480639157074916 
0.049037565599572071 
0.047712086805936499 
0.046514794608868773 
0.045457117047729409 
0.044551318368538192 
0.043330948948124663 
0.041768259020594813 
0.040298381531477835 
0.038865922621061304 
0.036699202316349898 
0.034815017429749615 
0.033280166211923146 
0.032077263403972232 
0.030934617507766084 
0.029885141880980012 
0.028961013742978162 
0.02814968013017383 
0.027439089812139834 
0.026817693291608692 
0.02571294653375011 
0.024158037220191105 
0.022645591068901526 
0.02118426840879566 
0.019783498514105279 
0.018453479604379364 
0.017205178844484147 
0.016050332344603215 
0.015001445160237359 
0.014071791292204662 
0.013275413686640524 
0.012627124234997586 
0.012142503774045767 
0.011813054199576853 
0.011139142075580512 
0.010527865005008638 
0.0099835168926398089 
0.0095109895512839708 
0.0091157727017827928 
0.008803953973009291 
0.0081404927648377947 
0.0073728249588613636 
0.0066657426515546025 
0.0060159160218061277 
0.0054204706910036884 
0.0048769877230345118 
0.0040610952952919843 
0.0032715652176574066 
0.002637819100307096 
0.0021491321993392545 
0.0017951033498657769 
0.0014964663242994544 
0.0013636847960780132 
0.0012935888954134982 
0.0012390074038049622 
0.0012321377462814302 
0.0011958335283296492 
0.0011243575988541797 
0.001003901883509135 
0.00087470062107104795 
0.00076267295462762634 
0.00064299806080712549 
0.00049694884704962704 
0.00036753106640801444 
0.00025564043023554924 
0.00016237325587582281 
8.9026466662702307e-05 
3.7097591920374919e-05 
5.1967466560242688e-06 
3.3321090773096719e-06 
3.3321090773096719e-06 
3.3321090773096719e-06 
3.3321090773096719e-06 
2.4067609495088119e-06 
2.4067609495088119e-06 
2.4067609495088119e-06 
2.4067609495088119e-06 
2.4067609495088119e-06 
2.4067609495088119e-06 
1.6482572164235649e-06 
1.6482572164235649e-06 
1.6482572164235649e-06 
1.6482572164235649e-06 
1.6482572164235649e-06 
1.6482572164235649e-06 
1.6482572164235649e-06 
1.6482572164235649e-06 
1.6482572164235649e-06 
1.6482572164235649e-06 
4.7469554893874717e-07 
4.7469554893874717e-07 
4.7469554893874717e-07 
4.7469554893874717e-07 
3.0383238417849457e-07 
3.0383238417849457e-07 
3.0383238417849457e-07 
3.0383238417849457e-07 
3.0383238417849457e-07 
3.0383238417849457e-07 
3.0383238417849457e-07 
3.0383238417849457e-07 
3.0383238417849457e-07 
3.0383238417849457e-07 
3.0383238417849457e-07 
3.0383238417849457e-07 
3.0383238417849457e-07 
3.0383238417849457e-07 
3.0383238417849457e-07 
6.4553567828400937e-08 
6.4553567828400937e-08 
6.4553567828400937e-08 
6.4553567828400937e-08 
6.4553567828400937e-08 
6.4553567828400937e-08 
6.4553567828400937e-08 
6.4553567828400937e-08 
6.4553567828400937e-08 
6.4553567828400937e-08 
6.4553567828400937e-08 
6.4553567828400937e-08 
6.4553567828400937e-08 
6.4553567828400937e-08 
6.4553567828400937e-08 
6.4553567828400937e-08 
6.4553567828400937e-08 
6.4553567828400937e-08 
6.4553567828400937e-08 
6.4553567828400937e-08 
6.4553567828400937e-08 
6.4553567828400937e-08 
6.4553567828400937e-08 
6.4553567828400937e-08 
6.4553567828400937e-08 
6.4553567828400937e-08 
6.4553567828400937e-08 
6.4553567828400937e-08 
6.4553567828400937e-08 
6.4553567828400937e-08 
6.4553567828400937e-08 
6.4553567828400937e-08 
6.4553567828400937e-08 
6.4553567828400937e-08 
6.4553567828400937e-08 
6.4553567828400937e-08 
6.4553567828400937e-08 
6.4553567828400937e-08 
6.4553567828400937e-08 
6.4553567828400937e-08 
6.4553567828400937e-08 
6.4553567828400937e-08 
6.4553567828400937e-08 
6.4553567828400937e-08 
6.4553567828400937e-08 
6.4553567828400937e-08 
6.4553567828400937e-08 
6.4553567828400937e-08 
4.5942606416229618e-08 
4.5942606416229618e-08 
4.5942606416229618e-08 
4.5942606416229618e-08 
4.5942606416229618e-08 
4.5942606416229618e-08 
4.5942606416229618e-08 
4.5942606416229618e-08 
4.5942606416229618e-08 
4.5942606416229618e-08 
4.5942606416229618e-08 
4.5942606416229618e-08 
4.5942606416229618e-08 
4.5942606416229618e-08 
4.5942606416229618e-08 
4.5942606416229618e-08 
4.5942606416229618e-08 
4.5942606416229618e-08 
4.5942606416229618e-08 
4.5942606416229618e-08 
4.5942606416229618e-08 
4.5942606416229618e-08 
4.5942606416229618e-08 
4.5942606416229618e-08 
4.5942606416229618e-08 
4.5942606416229618e-08 
4.5942606416229618e-08 
4.5942606416229618e-08 
4.5942606416229618e-08 
4.5942606416229618e-08 
4.5942606416229618e-08 
4.5942606416229618e-08 
4.5942606416229618e-08 
4.5942606416229618e-08 
4.5942606416229618e-08 
4.5942606416229618e-08 
4.5942606416229618e-08 
4.5942606416229618e-08 
4.5942606416229618e-08 
4.5942606416229618e-08 
3.6827566266366416e-08 
3.6827566266366416e-08 
3.6827566266366416e-08 
3.6827566266366416e-08 
3.6827566266366416e-08 
3.6827566266366416e-08 
3.6827566266366416e-08 
3.6827566266366416e-08 
3.6827566266366416e-08 
3.6827566266366416e-08 
3.6827566266366416e-08 
3.6827566266366416e-08 
3.6827566266366416e-08 
3.6827566266366416e-08 
3.6827566266366416e-08 
3.6827566266366416e-08 
3.6827566266366416e-08 
3.6827566266366416e-08 
3.6827566266366416e-08 
3.6827566266366416e-08 
3.6827566266366416e-08 
3.6827566266366416e-08 
3.6827566266366416e-08 
3.6827566266366416e-08 
3.6827566266366416e-08 
3.6827566266366416e-08 
3.6827566266366416e-08 
3.6827566266366416e-08 
3.6827566266366416e-08 
3.6827566266366416e-08 
3.6827566266366416e-08 
3.6827566266366416e-08 
3.6827566266366416e-08 
3.6827566266366416e-08 
3.6827566266366416e-08 
3.6827566266366416e-08 
3.2388408637435488e-08 
3.2388408637435488e-08 
3.2388408637435488e-08 
3.2388408637435488e-08 
3.2388408637435488e-08 
3.2388408637435488e-08 
3.2388408637435488e-08 
3.2388408637435488e-08 
3.2388408637435488e-08 
3.2388408637435488e-08 
3.2388408637435488e-08 
3.2388408637435488e-08 
3.2388408637435488e-08 
3.2388408637435488e-08 
3.2388408637435488e-08 
3.2388408637435488e-08 
3.2388408637435488e-08 
3.2388408637435488e-08 
3.2388408637435488e-08 
3.2388408637435488e-08 
3.2388408637435488e-08 
3.2388408637435488e-08 
3.2388408637435488e-08 
3.2388408637435488e-08 
3.2388408637435488e-08 
3.2388408637435488e-08 
3.2388408637435488e-08 
3.2388408637435488e-08 
2.872299147636037e-08 
2.872299147636037e-08 
2.872299147636037e-08 
2.872299147636037e-08 
2.872299147636037e-08 
2.872299147636037e-08 
2.872299147636037e-08 
2.872299147636037e-08 
2.872299147636037e-08 
2.872299147636037e-08 
2.872299147636037e-08 
2.872299147636037e-08 
2.4579272627911167e-08 
2.4579272627911167e-08 
2.4579272627911167e-08 
2.4579272627911167e-08 
2.4579272627911167e-08 
2.4579272627911167e-08 
2.4579272627911167e-08 
2.4579272627911167e-08 
2.4579272627911167e-08 
2.4579272627911167e-08 
2.4579272627911167e-08 
2.4579272627911167e-08 
2.4579272627911167e-08 
9.2587335460189623e-09 
9.2587335460189623e-09 
9.2587335460189623e-09 
9.2587335460189623e-09 
9.2587335460189623e-09 
9.2587335460189623e-09 
9.2587335460189623e-09 
9.2587335460189623e-09 
9.2587335460189623e-09 
9.2587335460189623e-09 
9.2587335460189623e-09 
9.2587335460189623e-09 
9.2587335460189623e-09 
9.2587335460189623e-09 
9.2587335460189623e-09 
9.2587335460189623e-09 
9.2587335460189623e-09 
9.2587335460189623e-09 
9.2587335460189623e-09 
9.2587335460189623e-09 
9.2587335460189623e-09 
9.2587335460189623e-09 
9.2587335460189623e-09 
9.2587335460189623e-09 
9.2587335460189623e-09 
9.2587335460189623e-09 
9.2587335460189623e-09 
9.2587335460189623e-09 
9.2587335460189623e-09 
9.2587335460189623e-09 
9.2587335460189623e-09 
9.2587335460189623e-09 
9.2587335460189623e-09 
9.2587335460189623e-09 
9.2587335460189623e-09 
9.2587335460189623e-09 
9.2587335460189623e-09 
9.2587335460189623e-09 
9.2587335460189623e-09 
9.2587335460189623e-09 
9.2587335460189623e-09 
9.2587335460189623e-09 
9.2587335460189623e-09 
9.2587335460189623e-09 
9.2587335460189623e-09 
9.2587335460189623e-09 
9.2587335460189623e-09 
9.2587335460189623e-09 
9.2587335460189623e-09 
9.2587335460189623e-09 
9.2587335460189623e-09 
6.7870195795192772e-09 
6.7870195795192772e-09 
6.7870195795192772e-09 
6.7870195795192772e-09 
6.7870195795192772e-09 
6.7870195795192772e-09 
6.7870195795192772e-09 
6.7870195795192772e-09 
6.7870195795192772e-09 
6.7870195795192772e-09 
6.7870195795192772e-09 
6.7870195795192772e-09 
6.7870195795192772e-09 
6.7870195795192772e-09 
6.7870195795192772e-09 
6.7870195795192772e-09 
6.7870195795192772e-09 
6.7870195795192772e-09 
6.7870195795192772e-09 
6.7870195795192772e-09 
6.7870195795192772e-09 
6.7870195795192772e-09 
6.7870195795192772e-09 
6.7870195795192772e-09 
6.7870195795192772e-09 
6.7870195795192772e-09 
6.7870195795192772e-09 
6.7870195795192772e-09 
6.7870195795192772e-09 
6.7870195795192772e-09 
6.7870195795192772e-09 
6.7870195795192772e-09 
6.7870195795192772e-09 
6.7870195795192772e-09 
6.7870195795192772e-09 
6.7870195795192772e-09 
6.7870195795192772e-09 
6.7870195795192772e-09 
6.7870195795192772e-09 
6.7870195795192772e-09 
6.7870195795192772e-09 
6.7870195795192772e-09 
6.7870195795192772e-09 
6.7870195795192772e-09 
6.7870195795192772e-09 
6.7870195795192772e-09 
6.7870195795192772e-09 
6.7870195795192772e-09 
6.7870195795192772e-09 
6.7870195795192772e-09 
6.7870195795192772e-09 
6.7870195795192772e-09 
6.7870195795192772e-09 
6.7870195795192772e-09 
6.7870195795192772e-09 
6.7870195795192772e-09 
6.7870195795192772e-09 
6.7870195795192772e-09 
6.7870195795192772e-09 
6.7870195795192772e-09 
6.7870195795192772e-09 
6.7870195795192772e-09 
6.7870195795192772e-09 
6.7870195795192772e-09 
6.7870195795192772e-09 
6.7870195795192772e-09 
6.7870195795192772e-09 
6.7870195795192772e-09 
6.7870195795192772e-09 
6.7870195795192772e-09 
6.7870195795192772e-09 
6.7870195795192772e-09 
6.7870195795192772e-09 
6.7870195795192772e-09 
6.7870195795192772e-09 
6.7870195795192772e-09 
6.7870195795192772e-09 
6.7870195795192772e-09 
6.7870195795192772e-09 
6.7870195795192772e-09 
6.7870195795192772e-09 
6.7870195795192772e-09 
6.7870195795192772e-09 
6.7870195795192772e-09 
6.7870195795192772e-09 
6.7870195795192772e-09 
6.7870195795192772e-09 
6.7870195795192772e-09 
6.7870195795192772e-09 
6.7870195795192772e-09 
6.7870195795192772e-09 
6.7870195795192772e-09 
4.2117506133518149e-09 
4.2117506133518149e-09 
4.2117506133518149e-09 
4.2117506133518149e-09 
4.2117506133518149e-09 
4.2117506133518149e-09 
4.2117506133518149e-09 
4.2117506133518149e-09 
4.2117506133518149e-09 
4.2117506133518149e-09 
4.2117506133518149e-09 
4.2117506133518149e-09 
4.2117506133518149e-09 
4.2117506133518149e-09 
4.2117506133518149e-09 
4.2117506133518149e-09 
4.2117506133518149e-09 
4.2117506133518149e-09 
4.2117506133518149e-09 
4.2117506133518149e-09 
4.2117506133518149e-09 
4.2117506133518149e-09 
4.2117506133518149e-09 
4.2117506133518149e-09 
4.2117506133518149e-09 
4.2117506133518149e-09 
4.2117506133518149e-09 
4.2117506133518149e-09 
4.2117506133518149e-09 
4.2117506133518149e-09 
4.2117506133518149e-09 
4.2117506133518149e-09 
4.2117506133518149e-09 
4.2117506133518149e-09 
4.2117506133518149e-09 
4.2117506133518149e-09 
4.2117506133518149e-09 
4.2117506133518149e-09 
4.2117506133518149e-09 
4.2117506133518149e-09 
4.2117506133518149e-09 
4.2117506133518149e-09 
4.2117506133518149e-09 
4.2117506133518149e-09 
4.2117506133518149e-09 
4.2117506133518149e-09 
4.2117506133518149e-09 
4.2117506133518149e-09 
4.2117506133518149e-09 
4.2117506133518149e-09 
4.2117506133518149e-09 
4.2117506133518149e-09 
4.2117506133518149e-09 
4.2117506133518149e-09 
4.2117506133518149e-09 
4.2117506133518149e-09 
4.2117506133518149e-09 
4.2117506133518149e-09 
4.2117506133518149e-09 
4.2117506133518149e-09 
4.2117506133518149e-09 
4.2117506133518149e-09 
4.2117506133518149e-09 
4.2117506133518149e-09 
4.2117506133518149e-09 
4.2117506133518149e-09 
4.2117506133518149e-09 
4.2117506133518149e-09 
4.2117506133518149e-09 
4.2117506133518149e-09 
4.2117506133518149e-09 
4.2117506133518149e-09 
4.2117506133518149e-09 
4.2117506133518149e-09 
4.2117506133518149e-09 
4.2117506133518149e-09 
4.2117506133518149e-09 
4.2117506133518149e-09 
4.2117506133518149e-09 
4.2117506133518149e-09 
4.2117506133518149e-09 
4.2117506133518149e-09 
4.2117506133518149e-09 
4.2117506133518149e-09 
4.2117506133518149e-09 
4.2117506133518149e-09 
4.2117506133518149e-09 
4.2117506133518149e-09 
4.2117506133518149e-09 
4.2117506133518149e-09 
4.2117506133518149e-09 
4.2117506133518149e-09 
4.2117506133518149e-09 
4.2117506133518149e-09 
4.2117506133518149e-09 
4.2117506133518149e-09 
4.2117506133518149e-09 
4.2117506133518149e-09 
4.2117506133518149e-09 
4.2117506133518149e-09 
4.2117506133518149e-09 
4.2117506133518149e-09 
4.2117506133518149e-09 
4.2117506133518149e-09 
4.2117506133518149e-09 
4.2117506133518149e-09 
4.2117506133518149e-09 
4.2117506133518149e-09 
4.2117506133518149e-09 
4.2117506133518149e-09 
4.2117506133518149e-09 
4.2117506133518149e-09 
4.2117506133518149e-09 
4.2117506133518149e-09 
4.2117506133518149e-09 
4.2117506133518149e-09 
4.2117506133518149e-09 
4.2117506133518149e-09 
4.2117506133518149e-09 
4.2117506133518149e-09 
4.2117506133518149e-09 
4.2117506133518149e-09 
4.2117506133518149e-09 
4.2117506133518149e-09 
4.2117506133518149e-09 
4.2117506133518149e-09 
4.2117506133518149e-09 
4.2117506133518149e-09 
4.2117506133518149e-09 
4.2117506133518149e-09 
4.2117506133518149e-09 
4.2117506133518149e-09 
4.2117506133518149e-09 
4.2117506133518149e-09 
4.2117506133518149e-09 
4.2117506133518149e-09 
4.2117506133518149e-09 
4.2117506133518149e-09 
4.2117506133518149e-09 
4.2117506133518149e-09 
4.2117506133518149e-09 
4.2117506133518149e-09 
4.2117506133518149e-09 
4.2117506133518149e-09 
4.2117506133518149e-09 
4.2117506133518149e-09 
4.2117506133518149e-09 
4.2117506133518149e-09 
4.2117506133518149e-09 
4.2117506133518149e-09 
4.2117506133518149e-09 
4.2117506133518149e-09 
4.2117506133518149e-09 
4.2117506133518149e-09 
4.2117506133518149e-09 
4.2117506133518149e-09 
4.2117506133518149e-09 
4.2117506133518149e-09 
4.2117506133518149e-09 
4.2117506133518149e-09 
4.2117506133518149e-09 
4.2117506133518149e-09 
4.2117506133518149e-09 
4.2117506133518149e-09 
4.2117506133518149e-09 
4.2117506133518149e-09 
4.2117506133518149e-09 
4.2117506133518149e-09 
4.2117506133518149e-09 
4.2117506133518149e-09 
4.2117506133518149e-09 
4.2117506133518149e-09 
4.2117506133518149e-09 
4.2117506133518149e-09 
4.2117506133518149e-09 
4.2117506133518149e-09 
4.2117506133518149e-09 
4.2117506133518149e-09 
4.2117506133518149e-09 
4.2117506133518149e-09 
4.2117506133518149e-09 
4.2117506133518149e-09 
4.2117506133518149e-09 
4.2117506133518149e-09 
4.2117506133518149e-09 
4.2117506133518149e-09 
4.2117506133518149e-09 
4.2117506133518149e-09 
4.2117506133518149e-09 
4.2117506133518149e-09 
4.2117506133518149e-09 
4.2117506133518149e-09 
4.2117506133518149e-09 
4.2117506133518149e-09 
4.2117506133518149e-09 
4.2117506133518149e-09 
4.2117506133518149e-09 
4.2117506133518149e-09 
4.2117506133518149e-09 
4.2117506133518149e-09 
4.2117506133518149e-09 
4.2117506133518149e-09 
4.2117506133518149e-09 
4.2117506133518149e-09 
4.2117506133518149e-09 
4.2117506133518149e-09 
4.2117506133518149e-09 
4.2117506133518149e-09 
4.2117506133518149e-09 
4.2117506133518149e-09 
4.2117506133518149e-09 
4.2117506133518149e-09 
4.2117506133518149e-09 
4.2117506133518149e-09 
4.2117506133518149e-09 
4.2117506133518149e-09 
4.2117506133518149e-09 
4.2117506133518149e-09 
4.2117506133518149e-09 
4.2117506133518149e-09 
4.2117506133518149e-09 
4.2117506133518149e-09 
4.2117506133518149e-09 
4.2117506133518149e-09 
4.2117506133518149e-09 
4.2117506133518149e-09 
4.2117506133518149e-09 
4.2117506133518149e-09 
4.2117506133518149e-09 
4.2117506133518149e-09 
4.2117506133518149e-09 
4.2117506133518149e-09 
4.2117506133518149e-09 
4.2117506133518149e-09 
4.2117506133518149e-09 
4.2117506133518149e-09 
4.2117506133518149e-09 
4.2117506133518149e-09 
4.2117506133518149e-09 
4.2117506133518149e-09 
4.2117506133518149e-09 
4.2117506133518149e-09 
4.2117506133518149e-09 
4.2117506133518149e-09 
4.2117506133518149e-09 
4.2117506133518149e-09 
4.2117506133518149e-09 
4.2117506133518149e-09 
4.2117506133518149e-09 
4.2117506133518149e-09 
4.2117506133518149e-09 
4.2117506133518149e-09 
4.2117506133518149e-09 
4.2117506133518149e-09 
4.2117506133518149e-09 
4.2117506133518149e-09 
4.2117506133518149e-09 
4.2117506133518149e-09 
4.2117506133518149e-09 
4.2117506133518149e-09 
4.2117506133518149e-09 
4.2117506133518149e-09 
4.2117506133518149e-09 
4.2117506133518149e-09 
4.2117506133518149e-09 
4.2117506133518149e-09 
4.2117506133518149e-09 
4.2117506133518149e-09 
3.7136987923092148e-09 
3.7136987923092148e-09 
3.7136987923092148e-09 
3.7136987923092148e-09 
3.7136987923092148e-09 
3.7136987923092148e-09 
3.7136987923092148e-09 
3.7136987923092148e-09 
3.7136987923092148e-09 
3.7136987923092148e-09 
3.7136987923092148e-09 
3.7136987923092148e-09 
3.7136987923092148e-09 
3.7136987923092148e-09 
3.7136987923092148e-09 
3.7136987923092148e-09 
3.7136987923092148e-09 
3.7136987923092148e-09 
3.7136987923092148e-09 
3.7136987923092148e-09 
3.7136987923092148e-09 
3.7136987923092148e-09 
3.7136987923092148e-09 
3.7136987923092148e-09 
3.7136987923092148e-09 
3.7136987923092148e-09 
3.7136987923092148e-09 
3.7136987923092148e-09 
3.7136987923092148e-09 
3.7136987923092148e-09 
3.7136987923092148e-09 
3.7136987923092148e-09 
3.7136987923092148e-09 
3.7136987923092148e-09 
3.7136987923092148e-09 
3.7136987923092148e-09 
3.7136987923092148e-09 
3.7136987923092148e-09 
3.7136987923092148e-09 
3.7136987923092148e-09 
3.7136987923092148e-09 
3.7136987923092148e-09 
3.7136987923092148e-09 
3.7136987923092148e-09 
3.7136987923092148e-09 
3.7136987923092148e-09 
3.7136987923092148e-09 
3.7136987923092148e-09 
3.7136987923092148e-09 
3.7136987923092148e-09 
3.7136987923092148e-09 
3.7136987923092148e-09 
3.7136987923092148e-09 
3.7136987923092148e-09 
3.7136987923092148e-09 
3.7136987923092148e-09 
3.7136987923092148e-09 
3.7136987923092148e-09 
3.7136987923092148e-09 
3.7136987923092148e-09 
3.7136987923092148e-09 
3.7136987923092148e-09 
3.7136987923092148e-09 
3.7136987923092148e-09 
3.7136987923092148e-09 
3.7136987923092148e-09 
3.7136987923092148e-09 
3.7136987923092148e-09 
3.7136987923092148e-09 
3.7136987923092148e-09 
3.7136987923092148e-09 
3.7136987923092148e-09 
3.7136987923092148e-09 
3.7136987923092148e-09 
3.7136987923092148e-09 
3.7136987923092148e-09 
3.7136987923092148e-09 
3.7136987923092148e-09 
3.7136987923092148e-09 
3.7136987923092148e-09 
3.7136987923092148e-09 
3.7136987923092148e-09 
3.7136987923092148e-09 
3.7136987923092148e-09 
3.7136987923092148e-09 
3.7136987923092148e-09 
3.7136987923092148e-09 
3.7136987923092148e-09 
3.7136987923092148e-09 
3.7136987923092148e-09 
3.7136987923092148e-09 
3.7136987923092148e-09 
3.7136987923092148e-09 
3.7136987923092148e-09 
3.7136987923092148e-09 
3.7136987923092148e-09 
3.7136987923092148e-09 
3.7136987923092148e-09 
3.7136987923092148e-09 
3.7136987923092148e-09 
3.7136987923092148e-09 
3.7136987923092148e-09 
3.7136987923092148e-09 
3.7136987923092148e-09 
3.7136987923092148e-09 
3.7136987923092148e-09 
3.7136987923092148e-09 
3.7136987923092148e-09 
3.7136987923092148e-09 
3.7136987923092148e-09 
3.7136987923092148e-09 
3.7136987923092148e-09 
3.7136987923092148e-09 
3.7136987923092148e-09 
3.7136987923092148e-09 
3.7136987923092148e-09 
3.7136987923092148e-09 
3.7136987923092148e-09 
3.7136987923092148e-09 
3.7136987923092148e-09 
3.7136987923092148e-09 
3.7136987923092148e-09 
3.7136987923092148e-09 
3.7136987923092148e-09 
3.7136987923092148e-09 
3.7136987923092148e-09 
3.7136987923092148e-09 
3.7136987923092148e-09 
3.7136987923092148e-09 
3.7136987923092148e-09 
3.7136987923092148e-09 
3.7136987923092148e-09 
3.7136987923092148e-09 
3.7136987923092148e-09 
3.7136987923092148e-09 
3.7136987923092148e-09 
3.7136987923092148e-09 
3.7136987923092148e-09 
3.7136987923092148e-09 
3.7136987923092148e-09 
3.7136987923092148e-09 
3.7136987923092148e-09 
3.7136987923092148e-09 
3.7136987923092148e-09 
3.7136987923092148e-09 
3.7136987923092148e-09 
3.7136987923092148e-09 
3.7136987923092148e-09 
3.7136987923092148e-09 
3.7136987923092148e-09 
3.7136987923092148e-09 
3.7136987923092148e-09 
3.7136987923092148e-09 
3.7136987923092148e-09 
3.7136987923092148e-09 
3.7136987923092148e-09 
3.7136987923092148e-09 
3.7136987923092148e-09 
3.7136987923092148e-09 
3.7136987923092148e-09 
3.7136987923092148e-09 
3.7136987923092148e-09 
3.7136987923092148e-09 
3.7136987923092148e-09 
3.7136987923092148e-09 
3.7136987923092148e-09 
3.7136987923092148e-09 
3.7136987923092148e-09 
3.7136987923092148e-09 
3.7136987923092148e-09 
3.7136987923092148e-09 
3.7136987923092148e-09 
3.7136987923092148e-09 
3.7136987923092148e-09 
3.7136987923092148e-09 
3.7136987923092148e-09 
3.7136987923092148e-09 
3.7136987923092148e-09 
3.7136987923092148e-09 
3.7136987923092148e-09 
3.7136987923092148e-09 
3.7136987923092148e-09 
3.7136987923092148e-09 
3.7136987923092148e-09 
3.7136987923092148e-09 
3.7136987923092148e-09 
3.7136987923092148e-09 
3.7136987923092148e-09 
3.7136987923092148e-09 
3.7136987923092148e-09 
3.7136987923092148e-09 
3.7136987923092148e-09 
3.7136987923092148e-09 
3.7136987923092148e-09 
3.7136987923092148e-09 
3.7136987923092148e-09 
3.7136987923092148e-09 
3.7136987923092148e-09 
3.7136987923092148e-09 
3.7136987923092148e-09 
3.7136987923092148e-09 
3.7136987923092148e-09 
3.7136987923092148e-09 
3.7136987923092148e-09 
3.7136987923092148e-09 
3.7136987923092148e-09 
3.7136987923092148e-09 
3.7136987923092148e-09 
3.7136987923092148e-09 
3.7136987923092148e-09 
3.7136987923092148e-09 
3.7136987923092148e-09 
3.7136987923092148e-09 
3.7136987923092148e-09 
3.7136987923092148e-09 
3.7136987923092148e-09 
3.7136987923092148e-09 
3.7136987923092148e-09 
3.7136987923092148e-09 
3.7136987923092148e-09 
3.7136987923092148e-09 
3.7136987923092148e-09 
1.5637373900091593e-09 
1.5637373900091593e-09 
1.5637373900091593e-09 
1.5637373900091593e-09 
1.5637373900091593e-09 
1.5637373900091593e-09 
1.5637373900091593e-09 
1.5637373900091593e-09 
1.5637373900091593e-09 
1.5637373900091593e-09 
1.5637373900091593e-09 
1.5637373900091593e-09 
1.5637373900091593e-09 
1.5637373900091593e-09 
1.5637373900091593e-09 
1.5637373900091593e-09 
1.5637373900091593e-09 
1.5637373900091593e-09 
1.5637373900091593e-09 
1.5637373900091593e-09 
1.5637373900091593e-09 
1.5637373900091593e-09 
1.5637373900091593e-09 
1.5637373900091593e-09 
1.5637373900091593e-09 
1.5637373900091593e-09 
1.5637373900091593e-09 
1.5637373900091593e-09 
1.5637373900091593e-09 
1.5637373900091593e-09 
1.5637373900091593e-09 
