0.32851974161379149 
0.21343461287840582 
0.17469649358325534 
0.11813136272090508 
0.058219076709852602 
0.052187448674578585 
0.022244696806852038 
0.022029039028334529 
0.0094601323327352382 
0.0071250956835605672 
0.0051649320353882588 
0.0024948846689000215 
0.0023019911464192688 
0.00096684700796545453 
0.00081184267171763302 
0.00056415242177487723 
0.00023526870502810215 
0.00023290972377409958 
9.504085641476312e-05 
9.4048891969844561e-05 
4.1747384527890397e-05 
3.7020742523652395e-05 
2.3776731336133672e-05 
9.9167789722187649e-06 
9.8072740506438549e-06 
3.9156143154528422e-06 
3.878648291433251e-06 
1.6646783218554617e-06 
1.6440258739924829e-06 
6.4954792577953668e-07 
6.4393226484327215e-07 
2.920504637016208e-07 
2.7499304611211528e-07 
1.750760805219187e-07 
6.2519322940879363e-08 
6.1334300083260018e-08 
3.2349208867188395e-08 
2.5880238507802744e-08 
1.30337235448863e-08 
1.1083639450681915e-08 
5.5600102299990795e-09 
4.1876082601532971e-09 
2.4800943521086083e-09 
1.7976246047268774e-09 
1.195253007679753e-09 
5.056129959157829e-10 
3.2738922683961391e-10 
2.4668822540263591e-10 
6.1684213292778622e-11 
3.3274938360250417e-11 
2.6653013129873671e-11 
2.6653013129873671e-11 
1.7221668535682966e-11 
7.2527539529687601e-12 
3.1430413827138182e-12 
2.2170043578739751e-12 
2.2170043578739751e-12 
2.2170043578739751e-12 
2.2170043578739751e-12 
2.2170043578739751e-12 
2.2170043578739751e-12 
2.2170043578739751e-12 
2.2170043578739751e-12 
2.2170043578739751e-12 
2.2170043578739751e-12 
2.2170043578739751e-12 
2.2170043578739751e-12 
2.2170043578739751e-12 
2.2170043578739751e-12 
2.2170043578739751e-12 
2.2170043578739751e-12 
2.2170043578739751e-12 
2.2170043578739751e-12 
2.2170043578739751e-12 
2.2170043578739751e-12 
2.2170043578739751e-12 
2.2170043578739751e-12 
2.2170043578739751e-12 
2.2170043578739751e-12 
2.2170043578739751e-12 
2.2170043578739751e-12 
2.2170043578739751e-12 
2.2170043578739751e-12 
2.2170043578739751e-12 
2.2170043578739751e-12 
2.2170043578739751e-12 
2.2170043578739751e-12 
2.2170043578739751e-12 
2.2170043578739751e-12 
2.2170043578739751e-12 
2.2170043578739751e-12 
2.2170043578739751e-12 
2.2170043578739751e-12 
2.2170043578739751e-12 
2.2170043578739751e-12 
2.2170043578739751e-12 
2.2170043578739751e-12 
2.2170043578739751e-12 
2.2170043578739751e-12 
2.2170043578739751e-12 
2.2170043578739751e-12 
2.2170043578739751e-12 
2.2170043578739751e-12 
2.2170043578739751e-12 
2.2170043578739751e-12 
2.2170043578739751e-12 
2.2170043578739751e-12 
2.2170043578739751e-12 
2.2170043578739751e-12 
2.2170043578739751e-12 
2.2170043578739751e-12 
2.2170043578739751e-12 
2.2170043578739751e-12 
2.2170043578739751e-12 
2.2170043578739751e-12 
2.2170043578739751e-12 
2.2170043578739751e-12 
2.2170043578739751e-12 
2.2170043578739751e-12 
2.2170043578739751e-12 
2.2170043578739751e-12 
2.2170043578739751e-12 
2.2170043578739751e-12 
2.2170043578739751e-12 
2.2170043578739751e-12 
2.2170043578739751e-12 
2.2170043578739751e-12 
2.2170043578739751e-12 
2.2170043578739751e-12 
2.2170043578739751e-12 
2.2170043578739751e-12 
2.2170043578739751e-12 
2.2170043578739751e-12 
2.2170043578739751e-12 
2.2170043578739751e-12 
2.2170043578739751e-12 
2.2170043578739751e-12 
2.2170043578739751e-12 
2.2170043578739751e-12 
2.2170043578739751e-12 
2.2170043578739751e-12 
2.2170043578739751e-12 
2.2170043578739751e-12 
2.2170043578739751e-12 
2.2170043578739751e-12 
2.2170043578739751e-12 
2.2170043578739751e-12 
2.2170043578739751e-12 
2.2170043578739751e-12 
2.2170043578739751e-12 
2.2170043578739751e-12 
2.2170043578739751e-12 
2.2170043578739751e-12 
2.2170043578739751e-12 
2.2170043578739751e-12 
2.2170043578739751e-12 
2.2170043578739751e-12 
2.2170043578739751e-12 
2.2170043578739751e-12 
2.2170043578739751e-12 
2.2170043578739751e-12 
2.2170043578739751e-12 
2.2170043578739751e-12 
2.2170043578739751e-12 
2.2170043578739751e-12 
2.2170043578739751e-12 
2.2170043578739751e-12 
2.2170043578739751e-12 
2.2170043578739751e-12 
2.2170043578739751e-12 
2.2170043578739751e-12 
2.2170043578739751e-12 
2.2170043578739751e-12 
2.2170043578739751e-12 
2.2170043578739751e-12 
2.2170043578739751e-12 
2.2170043578739751e-12 
2.2170043578739751e-12 
2.2170043578739751e-12 
2.2170043578739751e-12 
2.2170043578739751e-12 
2.2170043578739751e-12 
2.2170043578739751e-12 
2.2170043578739751e-12 
2.2170043578739751e-12 
2.2170043578739751e-12 
2.2170043578739751e-12 
2.2170043578739751e-12 
2.2170043578739751e-12 
2.2170043578739751e-12 
2.2170043578739751e-12 
2.2170043578739751e-12 
2.2170043578739751e-12 
2.2170043578739751e-12 
2.2170043578739751e-12 
2.2170043578739751e-12 
2.2170043578739751e-12 
2.2170043578739751e-12 
2.2170043578739751e-12 
2.2170043578739751e-12 
2.2170043578739751e-12 
2.2170043578739751e-12 
2.2170043578739751e-12 
2.2170043578739751e-12 
2.2170043578739751e-12 
2.2170043578739751e-12 
2.2170043578739751e-12 
2.2170043578739751e-12 
2.2170043578739751e-12 
2.2170043578739751e-12 
2.2170043578739751e-12 
2.2170043578739751e-12 
2.2170043578739751e-12 
2.2170043578739751e-12 
2.2170043578739751e-12 
2.2170043578739751e-12 
2.2170043578739751e-12 
2.2170043578739751e-12 
2.2170043578739751e-12 
2.2170043578739751e-12 
2.2170043578739751e-12 
2.2170043578739751e-12 
2.2170043578739751e-12 
2.2170043578739751e-12 
2.2170043578739751e-12 
2.2170043578739751e-12 
2.2170043578739751e-12 
2.2170043578739751e-12 
2.2170043578739751e-12 
2.2170043578739751e-12 
2.2170043578739751e-12 
2.2170043578739751e-12 
2.2170043578739751e-12 
2.2170043578739751e-12 
2.2170043578739751e-12 
2.2170043578739751e-12 
2.2170043578739751e-12 
2.2170043578739751e-12 
2.2170043578739751e-12 
2.2170043578739751e-12 
2.2170043578739751e-12 
2.2170043578739751e-12 
2.2170043578739751e-12 
2.2170043578739751e-12 
2.2170043578739751e-12 
2.2170043578739751e-12 
2.2170043578739751e-12 
2.2170043578739751e-12 
2.2170043578739751e-12 
2.2170043578739751e-12 
2.2170043578739751e-12 
2.2170043578739751e-12 
2.2170043578739751e-12 
2.2170043578739751e-12 
2.2170043578739751e-12 
2.2170043578739751e-12 
2.2170043578739751e-12 
2.2170043578739751e-12 
2.2170043578739751e-12 
2.2170043578739751e-12 
2.2170043578739751e-12 
2.2170043578739751e-12 
2.2170043578739751e-12 
2.2170043578739751e-12 
2.2170043578739751e-12 
2.2170043578739751e-12 
2.2170043578739751e-12 
2.2170043578739751e-12 
2.2170043578739751e-12 
2.2170043578739751e-12 
2.2170043578739751e-12 
2.2170043578739751e-12 
2.2170043578739751e-12 
2.2170043578739751e-12 
2.2170043578739751e-12 
2.2170043578739751e-12 
2.2170043578739751e-12 
2.2170043578739751e-12 
2.2170043578739751e-12 
2.2170043578739751e-12 
2.2170043578739751e-12 
2.2170043578739751e-12 
2.2170043578739751e-12 
2.2170043578739751e-12 
2.2170043578739751e-12 
2.2170043578739751e-12 
2.2170043578739751e-12 
2.2170043578739751e-12 
2.2170043578739751e-12 
2.2170043578739751e-12 
2.2170043578739751e-12 
2.2170043578739751e-12 
2.2170043578739751e-12 
2.2170043578739751e-12 
2.2170043578739751e-12 
2.2170043578739751e-12 
2.2170043578739751e-12 
2.2170043578739751e-12 
2.2170043578739751e-12 
2.2170043578739751e-12 
2.2170043578739751e-12 
2.2170043578739751e-12 
2.2170043578739751e-12 
2.2170043578739751e-12 
2.2170043578739751e-12 
2.2170043578739751e-12 
2.2170043578739751e-12 
2.2170043578739751e-12 
2.2170043578739751e-12 
2.2170043578739751e-12 
2.2170043578739751e-12 
2.2170043578739751e-12 
2.2170043578739751e-12 
2.2170043578739751e-12 
2.2170043578739751e-12 
2.2170043578739751e-12 
2.2170043578739751e-12 
2.2170043578739751e-12 
2.2170043578739751e-12 
2.2170043578739751e-12 
2.2170043578739751e-12 
2.2170043578739751e-12 
2.2170043578739751e-12 
2.2170043578739751e-12 
2.2170043578739751e-12 
2.2170043578739751e-12 
2.2170043578739751e-12 
2.2170043578739751e-12 
2.2170043578739751e-12 
2.2170043578739751e-12 
2.2170043578739751e-12 
2.2170043578739751e-12 
2.2170043578739751e-12 
2.2170043578739751e-12 
2.2170043578739751e-12 
2.2170043578739751e-12 
2.2170043578739751e-12 
2.2170043578739751e-12 
2.2170043578739751e-12 
2.2170043578739751e-12 
2.2170043578739751e-12 
2.2170043578739751e-12 
2.2170043578739751e-12 
2.2170043578739751e-12 
2.2170043578739751e-12 
2.2170043578739751e-12 
2.2170043578739751e-12 
2.2170043578739751e-12 
2.2170043578739751e-12 
2.2170043578739751e-12 
2.2170043578739751e-12 
2.2170043578739751e-12 
2.2170043578739751e-12 
2.2170043578739751e-12 
2.2170043578739751e-12 
2.2170043578739751e-12 
2.2170043578739751e-12 
2.2170043578739751e-12 
2.2170043578739751e-12 
2.2170043578739751e-12 
2.2170043578739751e-12 
2.2170043578739751e-12 
2.2170043578739751e-12 
2.2170043578739751e-12 
2.2170043578739751e-12 
2.2170043578739751e-12 
2.2170043578739751e-12 
2.2170043578739751e-12 
2.2170043578739751e-12 
2.2170043578739751e-12 
2.2170043578739751e-12 
2.2170043578739751e-12 
2.2170043578739751e-12 
2.2170043578739751e-12 
2.2170043578739751e-12 
2.2170043578739751e-12 
2.2170043578739751e-12 
2.2170043578739751e-12 
2.2170043578739751e-12 
2.2170043578739751e-12 
2.2170043578739751e-12 
2.2170043578739751e-12 
2.2170043578739751e-12 
2.2170043578739751e-12 
2.2170043578739751e-12 
2.2170043578739751e-12 
2.2170043578739751e-12 
2.2170043578739751e-12 
2.2170043578739751e-12 
2.2170043578739751e-12 
2.2170043578739751e-12 
2.2170043578739751e-12 
2.2170043578739751e-12 
2.2170043578739751e-12 
2.2170043578739751e-12 
2.2170043578739751e-12 
2.2170043578739751e-12 
2.2170043578739751e-12 
2.2170043578739751e-12 
2.2170043578739751e-12 
2.2170043578739751e-12 
2.2170043578739751e-12 
2.2170043578739751e-12 
2.2170043578739751e-12 
2.2170043578739751e-12 
2.2170043578739751e-12 
2.2170043578739751e-12 
2.2170043578739751e-12 
2.2170043578739751e-12 
2.2170043578739751e-12 
2.2170043578739751e-12 
2.2170043578739751e-12 
2.2170043578739751e-12 
2.2170043578739751e-12 
2.2170043578739751e-12 
2.2170043578739751e-12 
2.2170043578739751e-12 
2.2170043578739751e-12 
2.2170043578739751e-12 
2.2170043578739751e-12 
2.2170043578739751e-12 
2.2170043578739751e-12 
2.2170043578739751e-12 
2.2170043578739751e-12 
2.2170043578739751e-12 
2.2170043578739751e-12 
2.2170043578739751e-12 
2.2170043578739751e-12 
2.2170043578739751e-12 
2.2170043578739751e-12 
2.2170043578739751e-12 
2.2170043578739751e-12 
2.2170043578739751e-12 
2.2170043578739751e-12 
2.2170043578739751e-12 
2.2170043578739751e-12 
2.2170043578739751e-12 
2.2170043578739751e-12 
2.2170043578739751e-12 
2.2170043578739751e-12 
2.2170043578739751e-12 
2.2170043578739751e-12 
2.2170043578739751e-12 
2.2170043578739751e-12 
2.2170043578739751e-12 
2.2170043578739751e-12 
2.2170043578739751e-12 
2.2170043578739751e-12 
2.2170043578739751e-12 
2.2170043578739751e-12 
2.2170043578739751e-12 
2.2170043578739751e-12 
2.2170043578739751e-12 
2.2170043578739751e-12 
2.2170043578739751e-12 
2.2170043578739751e-12 
2.2170043578739751e-12 
2.2170043578739751e-12 
2.2170043578739751e-12 
2.2170043578739751e-12 
2.2170043578739751e-12 
2.2170043578739751e-12 
2.2170043578739751e-12 
2.2170043578739751e-12 
2.2170043578739751e-12 
2.2170043578739751e-12 
2.2170043578739751e-12 
2.2170043578739751e-12 
2.2170043578739751e-12 
2.2170043578739751e-12 
2.2170043578739751e-12 
2.2170043578739751e-12 
2.2170043578739751e-12 
2.2170043578739751e-12 
2.2170043578739751e-12 
2.2170043578739751e-12 
2.2170043578739751e-12 
2.2170043578739751e-12 
2.2170043578739751e-12 
2.2170043578739751e-12 
2.2170043578739751e-12 
2.2170043578739751e-12 
2.2170043578739751e-12 
2.2170043578739751e-12 
2.2170043578739751e-12 
2.2170043578739751e-12 
2.2170043578739751e-12 
2.2170043578739751e-12 
2.2170043578739751e-12 
2.2170043578739751e-12 
2.2170043578739751e-12 
2.2170043578739751e-12 
2.2170043578739751e-12 
2.2170043578739751e-12 
2.2170043578739751e-12 
2.2170043578739751e-12 
2.2170043578739751e-12 
2.2170043578739751e-12 
2.2170043578739751e-12 
2.2170043578739751e-12 
2.2170043578739751e-12 
2.2170043578739751e-12 
2.2170043578739751e-12 
2.2170043578739751e-12 
2.2170043578739751e-12 
2.2170043578739751e-12 
2.2170043578739751e-12 
2.2170043578739751e-12 
2.2170043578739751e-12 
2.2170043578739751e-12 
2.2170043578739751e-12 
2.2170043578739751e-12 
2.2170043578739751e-12 
2.2170043578739751e-12 
2.2170043578739751e-12 
2.2170043578739751e-12 
2.2170043578739751e-12 
2.2170043578739751e-12 
2.2170043578739751e-12 
2.2170043578739751e-12 
2.2170043578739751e-12 
2.2170043578739751e-12 
2.2170043578739751e-12 
2.2170043578739751e-12 
2.2170043578739751e-12 
2.2170043578739751e-12 
2.2170043578739751e-12 
2.2170043578739751e-12 
2.2170043578739751e-12 
2.2170043578739751e-12 
2.2170043578739751e-12 
2.2170043578739751e-12 
2.2170043578739751e-12 
2.2170043578739751e-12 
2.2170043578739751e-12 
2.2170043578739751e-12 
2.2170043578739751e-12 
2.2170043578739751e-12 
2.2170043578739751e-12 
2.2170043578739751e-12 
2.2170043578739751e-12 
2.2170043578739751e-12 
2.2170043578739751e-12 
2.2170043578739751e-12 
2.2170043578739751e-12 
2.2170043578739751e-12 
2.2170043578739751e-12 
2.2170043578739751e-12 
2.2170043578739751e-12 
2.2170043578739751e-12 
2.2170043578739751e-12 
2.2170043578739751e-12 
2.2170043578739751e-12 
2.2170043578739751e-12 
2.2170043578739751e-12 
2.2170043578739751e-12 
2.2170043578739751e-12 
2.2170043578739751e-12 
2.2170043578739751e-12 
2.2170043578739751e-12 
2.2170043578739751e-12 
2.2170043578739751e-12 
2.2170043578739751e-12 
2.2170043578739751e-12 
2.2170043578739751e-12 
2.2170043578739751e-12 
2.2170043578739751e-12 
2.2170043578739751e-12 
2.2170043578739751e-12 
2.2170043578739751e-12 
2.2170043578739751e-12 
2.2170043578739751e-12 
2.2170043578739751e-12 
2.2170043578739751e-12 
2.2170043578739751e-12 
2.2170043578739751e-12 
2.2170043578739751e-12 
2.2170043578739751e-12 
2.2170043578739751e-12 
2.2170043578739751e-12 
2.2170043578739751e-12 
2.2170043578739751e-12 
2.2170043578739751e-12 
2.2170043578739751e-12 
2.2170043578739751e-12 
2.2170043578739751e-12 
2.2170043578739751e-12 
2.2170043578739751e-12 
2.2170043578739751e-12 
2.2170043578739751e-12 
2.2170043578739751e-12 
2.2170043578739751e-12 
2.2170043578739751e-12 
2.2170043578739751e-12 
2.2170043578739751e-12 
2.2170043578739751e-12 
2.2170043578739751e-12 
2.2170043578739751e-12 
2.2170043578739751e-12 
2.2170043578739751e-12 
2.2170043578739751e-12 
2.2170043578739751e-12 
2.2170043578739751e-12 
2.2170043578739751e-12 
2.2170043578739751e-12 
2.2170043578739751e-12 
2.2170043578739751e-12 
2.2170043578739751e-12 
2.2170043578739751e-12 
2.2170043578739751e-12 
2.2170043578739751e-12 
2.2170043578739751e-12 
2.2170043578739751e-12 
2.2170043578739751e-12 
2.2170043578739751e-12 
2.2170043578739751e-12 
2.2170043578739751e-12 
2.2170043578739751e-12 
2.2170043578739751e-12 
2.2170043578739751e-12 
2.2170043578739751e-12 
2.2170043578739751e-12 
2.2170043578739751e-12 
2.2170043578739751e-12 
2.2170043578739751e-12 
2.2170043578739751e-12 
2.2170043578739751e-12 
2.2170043578739751e-12 
2.2170043578739751e-12 
2.2170043578739751e-12 
2.2170043578739751e-12 
2.2170043578739751e-12 
2.2170043578739751e-12 
2.2170043578739751e-12 
2.2170043578739751e-12 
2.2170043578739751e-12 
2.2170043578739751e-12 
2.2170043578739751e-12 
2.2170043578739751e-12 
2.2170043578739751e-12 
2.2170043578739751e-12 
2.2170043578739751e-12 
2.2170043578739751e-12 
2.2170043578739751e-12 
2.2170043578739751e-12 
2.2170043578739751e-12 
2.2170043578739751e-12 
2.2170043578739751e-12 
2.2170043578739751e-12 
2.2170043578739751e-12 
2.2170043578739751e-12 
2.2170043578739751e-12 
2.2170043578739751e-12 
2.2170043578739751e-12 
2.2170043578739751e-12 
2.2170043578739751e-12 
2.2170043578739751e-12 
2.2170043578739751e-12 
2.2170043578739751e-12 
2.2170043578739751e-12 
2.2170043578739751e-12 
2.2170043578739751e-12 
2.2170043578739751e-12 
2.2170043578739751e-12 
2.2170043578739751e-12 
2.2170043578739751e-12 
2.2170043578739751e-12 
2.2170043578739751e-12 
2.2170043578739751e-12 
2.2170043578739751e-12 
2.2170043578739751e-12 
2.2170043578739751e-12 
2.2170043578739751e-12 
2.2170043578739751e-12 
2.2170043578739751e-12 
2.2170043578739751e-12 
2.2170043578739751e-12 
2.2170043578739751e-12 
2.2170043578739751e-12 
2.2170043578739751e-12 
2.2170043578739751e-12 
2.2170043578739751e-12 
2.2170043578739751e-12 
2.2170043578739751e-12 
2.2170043578739751e-12 
2.2170043578739751e-12 
2.2170043578739751e-12 
2.2170043578739751e-12 
2.2170043578739751e-12 
2.2170043578739751e-12 
2.2170043578739751e-12 
2.2170043578739751e-12 
2.2170043578739751e-12 
2.2170043578739751e-12 
2.2170043578739751e-12 
2.2170043578739751e-12 
2.2170043578739751e-12 
2.2170043578739751e-12 
2.2170043578739751e-12 
2.2170043578739751e-12 
2.2170043578739751e-12 
2.2170043578739751e-12 
2.2170043578739751e-12 
2.2170043578739751e-12 
2.2170043578739751e-12 
2.2170043578739751e-12 
2.2170043578739751e-12 
2.2170043578739751e-12 
2.2170043578739751e-12 
2.2170043578739751e-12 
2.2170043578739751e-12 
2.2170043578739751e-12 
2.2170043578739751e-12 
2.2170043578739751e-12 
2.2170043578739751e-12 
2.2170043578739751e-12 
2.2170043578739751e-12 
2.2170043578739751e-12 
2.2170043578739751e-12 
2.2170043578739751e-12 
2.2170043578739751e-12 
2.2170043578739751e-12 
2.2170043578739751e-12 
2.2170043578739751e-12 
2.2170043578739751e-12 
2.2170043578739751e-12 
2.2170043578739751e-12 
2.2170043578739751e-12 
2.2170043578739751e-12 
2.2170043578739751e-12 
2.2170043578739751e-12 
2.2170043578739751e-12 
2.2170043578739751e-12 
2.2170043578739751e-12 
2.2170043578739751e-12 
2.2170043578739751e-12 
2.2170043578739751e-12 
2.2170043578739751e-12 
2.2170043578739751e-12 
2.2170043578739751e-12 
2.2170043578739751e-12 
2.2170043578739751e-12 
2.2170043578739751e-12 
2.2170043578739751e-12 
2.2170043578739751e-12 
2.2170043578739751e-12 
2.2170043578739751e-12 
2.2170043578739751e-12 
2.2170043578739751e-12 
2.2170043578739751e-12 
2.2170043578739751e-12 
2.2170043578739751e-12 
2.2170043578739751e-12 
2.2170043578739751e-12 
2.2170043578739751e-12 
2.2170043578739751e-12 
2.2170043578739751e-12 
2.2170043578739751e-12 
2.2170043578739751e-12 
2.2170043578739751e-12 
2.2170043578739751e-12 
2.2170043578739751e-12 
2.2170043578739751e-12 
2.2170043578739751e-12 
2.2170043578739751e-12 
2.2170043578739751e-12 
2.2170043578739751e-12 
2.2170043578739751e-12 
2.2170043578739751e-12 
2.2170043578739751e-12 
2.2170043578739751e-12 
2.2170043578739751e-12 
2.2170043578739751e-12 
2.2170043578739751e-12 
2.2170043578739751e-12 
2.2170043578739751e-12 
2.2170043578739751e-12 
2.2170043578739751e-12 
2.2170043578739751e-12 
2.2170043578739751e-12 
2.2170043578739751e-12 
2.2170043578739751e-12 
2.2170043578739751e-12 
2.2170043578739751e-12 
2.2170043578739751e-12 
2.2170043578739751e-12 
2.2170043578739751e-12 
2.2170043578739751e-12 
2.2170043578739751e-12 
2.2170043578739751e-12 
2.2170043578739751e-12 
2.2170043578739751e-12 
2.2170043578739751e-12 
2.2170043578739751e-12 
2.2170043578739751e-12 
2.2170043578739751e-12 
2.2170043578739751e-12 
2.2170043578739751e-12 
2.2170043578739751e-12 
2.2170043578739751e-12 
2.2170043578739751e-12 
2.2170043578739751e-12 
2.2170043578739751e-12 
2.2170043578739751e-12 
2.2170043578739751e-12 
2.2170043578739751e-12 
2.2170043578739751e-12 
2.2170043578739751e-12 
2.2170043578739751e-12 
2.2170043578739751e-12 
2.2170043578739751e-12 
2.2170043578739751e-12 
2.2170043578739751e-12 
2.2170043578739751e-12 
2.2170043578739751e-12 
2.2170043578739751e-12 
2.2170043578739751e-12 
2.2170043578739751e-12 
2.2170043578739751e-12 
2.2170043578739751e-12 
2.2170043578739751e-12 
2.2170043578739751e-12 
2.2170043578739751e-12 
2.2170043578739751e-12 
2.2170043578739751e-12 
2.2170043578739751e-12 
2.2170043578739751e-12 
2.2170043578739751e-12 
2.2170043578739751e-12 
2.2170043578739751e-12 
2.2170043578739751e-12 
2.2170043578739751e-12 
2.2170043578739751e-12 
2.2170043578739751e-12 
2.2170043578739751e-12 
2.2170043578739751e-12 
2.2170043578739751e-12 
2.2170043578739751e-12 
2.2170043578739751e-12 
2.2170043578739751e-12 
2.2170043578739751e-12 
2.2170043578739751e-12 
2.2170043578739751e-12 
2.2170043578739751e-12 
2.2170043578739751e-12 
2.2170043578739751e-12 
2.2170043578739751e-12 
2.2170043578739751e-12 
2.2170043578739751e-12 
2.2170043578739751e-12 
2.2170043578739751e-12 
2.2170043578739751e-12 
2.2170043578739751e-12 
2.2170043578739751e-12 
2.2170043578739751e-12 
2.2170043578739751e-12 
2.2170043578739751e-12 
2.2170043578739751e-12 
2.2170043578739751e-12 
2.2170043578739751e-12 
2.2170043578739751e-12 
2.2170043578739751e-12 
2.2170043578739751e-12 
2.2170043578739751e-12 
2.2170043578739751e-12 
2.2170043578739751e-12 
2.2170043578739751e-12 
2.2170043578739751e-12 
2.2170043578739751e-12 
2.2170043578739751e-12 
2.2170043578739751e-12 
2.2170043578739751e-12 
2.2170043578739751e-12 
2.2170043578739751e-12 
2.2170043578739751e-12 
2.2170043578739751e-12 
2.2170043578739751e-12 
2.2170043578739751e-12 
2.2170043578739751e-12 
2.2170043578739751e-12 
2.2170043578739751e-12 
2.2170043578739751e-12 
2.2170043578739751e-12 
2.2170043578739751e-12 
2.2170043578739751e-12 
2.2170043578739751e-12 
2.2170043578739751e-12 
2.2170043578739751e-12 
2.2170043578739751e-12 
2.2170043578739751e-12 
2.2170043578739751e-12 
2.2170043578739751e-12 
2.2170043578739751e-12 
2.2170043578739751e-12 
2.2170043578739751e-12 
2.2170043578739751e-12 
2.2170043578739751e-12 
2.2170043578739751e-12 
2.2170043578739751e-12 
2.2170043578739751e-12 
2.2170043578739751e-12 
2.2170043578739751e-12 
2.2170043578739751e-12 
2.2170043578739751e-12 
2.2170043578739751e-12 
2.2170043578739751e-12 
2.2170043578739751e-12 
2.2170043578739751e-12 
2.2170043578739751e-12 
2.2170043578739751e-12 
2.2170043578739751e-12 
2.2170043578739751e-12 
2.2170043578739751e-12 
2.2170043578739751e-12 
2.2170043578739751e-12 
2.2170043578739751e-12 
2.2170043578739751e-12 
2.2170043578739751e-12 
2.2170043578739751e-12 
2.2170043578739751e-12 
2.2170043578739751e-12 
2.2170043578739751e-12 
2.2170043578739751e-12 
2.2170043578739751e-12 
2.2170043578739751e-12 
2.2170043578739751e-12 
2.2170043578739751e-12 
2.2170043578739751e-12 
2.2170043578739751e-12 
2.2170043578739751e-12 
2.2170043578739751e-12 
2.2170043578739751e-12 
2.2170043578739751e-12 
2.2170043578739751e-12 
2.2170043578739751e-12 
2.2170043578739751e-12 
2.2170043578739751e-12 
2.2170043578739751e-12 
2.2170043578739751e-12 
2.2170043578739751e-12 
2.2170043578739751e-12 
2.2170043578739751e-12 
2.2170043578739751e-12 
2.2170043578739751e-12 
2.2170043578739751e-12 
2.2170043578739751e-12 
2.2170043578739751e-12 
2.2170043578739751e-12 
2.2170043578739751e-12 
2.2170043578739751e-12 
2.2170043578739751e-12 
2.2170043578739751e-12 
2.2170043578739751e-12 
2.2170043578739751e-12 
2.2170043578739751e-12 
2.2170043578739751e-12 
2.2170043578739751e-12 
2.2170043578739751e-12 
2.2170043578739751e-12 
2.2170043578739751e-12 
2.2170043578739751e-12 
2.2170043578739751e-12 
2.2170043578739751e-12 
2.2170043578739751e-12 
2.2170043578739751e-12 
2.2170043578739751e-12 
2.2170043578739751e-12 
2.2170043578739751e-12 
2.2170043578739751e-12 
2.2170043578739751e-12 
2.2170043578739751e-12 
2.2170043578739751e-12 
2.2170043578739751e-12 
2.2170043578739751e-12 
2.2170043578739751e-12 
2.2170043578739751e-12 
2.2170043578739751e-12 
2.2170043578739751e-12 
2.2170043578739751e-12 
2.2170043578739751e-12 
2.2170043578739751e-12 
2.2170043578739751e-12 
2.2170043578739751e-12 
2.2170043578739751e-12 
2.2170043578739751e-12 
2.2170043578739751e-12 
2.2170043578739751e-12 
2.2170043578739751e-12 
2.2170043578739751e-12 
2.2170043578739751e-12 
2.2170043578739751e-12 
2.2170043578739751e-12 
2.2170043578739751e-12 
2.2170043578739751e-12 
2.2170043578739751e-12 
2.2170043578739751e-12 
2.2170043578739751e-12 
2.2170043578739751e-12 
2.2170043578739751e-12 
2.2170043578739751e-12 
