0.13678104192447038 
0.10126792958116948 
0.0408511447701837 
0.0060323318797447234 
0.0060323318797447234 
0.0060323318797447234 
0.0060323318797447234 
0.0060323318797447234 
0.0060323318797447234 
0.0060323318797447234 
0.0044315739694551493 
0.0044315739694551493 
0.0044315739694551493 
0.0044315739694551493 
0.0044315739694551493 
0.0031349862509544302 
0.0031349862509544302 
0.0021784154745067008 
0.0010457798939299545 
0.0010457798939299545 
0.0010457798939299545 
0.0010457798939299545 
0.00065790589810121869 
0.00065790589810121869 
0.00065790589810121869 
0.00054103231601310142 
0.00054103231601310142 
0.00054103231601310142 
0.00054103231601310142 
0.00054103231601310142 
0.00054103231601310142 
0.00054103231601310142 
0.00054103231601310142 
0.00054103231601310142 
0.0001811111016052358 
7.9170687362406511e-05 
7.9170687362406511e-05 
7.9170687362406511e-05 
7.9170687362406511e-05 
2.882695247685696e-05 
2.882695247685696e-05 
2.882695247685696e-05 
2.882695247685696e-05 
2.882695247685696e-05 
2.882695247685696e-05 
2.882695247685696e-05 
9.6183479628697555e-06 
9.6183479628697555e-06 
9.6183479628697555e-06 
9.6183479628697555e-06 
9.6183479628697555e-06 
9.6183479628697555e-06 
9.6183479628697555e-06 
9.6183479628697555e-06 
9.6183479628697555e-06 
9.6183479628697555e-06 
9.6183479628697555e-06 
9.6183479628697555e-06 
9.6183479628697555e-06 
9.6183479628697555e-06 
9.6183479628697555e-06 
9.6183479628697555e-06 
9.6183479628697555e-06 
9.6183479628697555e-06 
7.2639147473685384e-06 
7.2639147473685384e-06 
7.2639147473685384e-06 
7.2639147473685384e-06 
7.2639147473685384e-06 
7.2639147473685384e-06 
7.2639147473685384e-06 
7.2639147473685384e-06 
7.2639147473685384e-06 
7.1342646396077569e-06 
7.1342646396077569e-06 
7.1342646396077569e-06 
7.1342646396077569e-06 
7.1342646396077569e-06 
7.1342646396077569e-06 
7.1342646396077569e-06 
7.1342646396077569e-06 
7.1342646396077569e-06 
7.1342646396077569e-06 
7.1342646396077569e-06 
7.1342646396077569e-06 
7.1342646396077569e-06 
7.1342646396077569e-06 
7.1342646396077569e-06 
7.1342646396077569e-06 
3.5319815111511943e-06 
3.0702815119187932e-06 
3.0702815119187932e-06 
3.0702815119187932e-06 
3.0702815119187932e-06 
3.0702815119187932e-06 
3.0702815119187932e-06 
3.0049991579517155e-06 
3.0049991579517155e-06 
1.8009260672746663e-06 
1.8009260672746663e-06 
1.8009260672746663e-06 
1.8009260672746663e-06 
1.8009260672746663e-06 
1.8009260672746663e-06 
1.8009260672746663e-06 
1.8009260672746663e-06 
1.8009260672746663e-06 
1.8009260672746663e-06 
7.3891926077873649e-07 
7.3891926077873649e-07 
7.3891926077873649e-07 
7.3891926077873649e-07 
7.3891926077873649e-07 
7.3891926077873649e-07 
7.3891926077873649e-07 
5.1683839430438638e-09 
5.1683839430438638e-09 
5.1683839430438638e-09 
5.1683839430438638e-09 
5.1683839430438638e-09 
5.1683839430438638e-09 
5.1683839430438638e-09 
5.1683839430438638e-09 
5.1683839430438638e-09 
5.1683839430438638e-09 
5.1683839430438638e-09 
5.1683839430438638e-09 
5.1683839430438638e-09 
5.1683839430438638e-09 
5.1683839430438638e-09 
5.1683839430438638e-09 
5.1683839430438638e-09 
5.1683839430438638e-09 
5.1683839430438638e-09 
5.1683839430438638e-09 
5.1683839430438638e-09 
5.1683839430438638e-09 
5.1683839430438638e-09 
5.1683839430438638e-09 
5.1683839430438638e-09 
5.1683839430438638e-09 
5.1683839430438638e-09 
5.1683839430438638e-09 
5.1683839430438638e-09 
5.1683839430438638e-09 
5.1683839430438638e-09 
5.1683839430438638e-09 
5.1683839430438638e-09 
5.1683839430438638e-09 
5.1683839430438638e-09 
5.1683839430438638e-09 
5.1683839430438638e-09 
5.1683839430438638e-09 
5.1683839430438638e-09 
5.1683839430438638e-09 
5.1683839430438638e-09 
5.1683839430438638e-09 
5.1683839430438638e-09 
5.1683839430438638e-09 
5.1683839430438638e-09 
5.1683839430438638e-09 
5.1683839430438638e-09 
5.1683839430438638e-09 
5.1683839430438638e-09 
5.1683839430438638e-09 
5.1683839430438638e-09 
5.1683839430438638e-09 
5.1683839430438638e-09 
5.1683839430438638e-09 
5.1683839430438638e-09 
5.1683839430438638e-09 
5.1683839430438638e-09 
5.1683839430438638e-09 
5.1683839430438638e-09 
5.1683839430438638e-09 
5.1683839430438638e-09 
5.1683839430438638e-09 
5.1683839430438638e-09 
5.1683839430438638e-09 
5.1683839430438638e-09 
5.1683839430438638e-09 
5.1683839430438638e-09 
5.1683839430438638e-09 
5.1683839430438638e-09 
5.1683839430438638e-09 
5.1683839430438638e-09 
5.1683839430438638e-09 
5.1683839430438638e-09 
5.1683839430438638e-09 
5.1683839430438638e-09 
5.1683839430438638e-09 
5.1683839430438638e-09 
5.1683839430438638e-09 
5.1683839430438638e-09 
5.1683839430438638e-09 
5.1683839430438638e-09 
5.1683839430438638e-09 
5.1683839430438638e-09 
5.1683839430438638e-09 
5.1683839430438638e-09 
5.1683839430438638e-09 
5.1683839430438638e-09 
5.1683839430438638e-09 
5.1683839430438638e-09 
5.1683839430438638e-09 
5.1683839430438638e-09 
5.1683839430438638e-09 
5.1683839430438638e-09 
5.1683839430438638e-09 
5.1683839430438638e-09 
5.1683839430438638e-09 
5.1683839430438638e-09 
5.1683839430438638e-09 
5.1683839430438638e-09 
5.1683839430438638e-09 
5.1683839430438638e-09 
5.1683839430438638e-09 
5.1683839430438638e-09 
5.1683839430438638e-09 
5.1683839430438638e-09 
5.1683839430438638e-09 
5.1683839430438638e-09 
5.1683839430438638e-09 
5.1683839430438638e-09 
5.1683839430438638e-09 
5.1683839430438638e-09 
5.1683839430438638e-09 
5.1683839430438638e-09 
5.1683839430438638e-09 
5.1683839430438638e-09 
5.1683839430438638e-09 
5.1683839430438638e-09 
5.1683839430438638e-09 
5.1683839430438638e-09 
5.1683839430438638e-09 
5.1683839430438638e-09 
5.1683839430438638e-09 
5.1683839430438638e-09 
5.1683839430438638e-09 
5.1683839430438638e-09 
5.1683839430438638e-09 
5.1683839430438638e-09 
5.1683839430438638e-09 
5.1683839430438638e-09 
5.1683839430438638e-09 
5.1683839430438638e-09 
5.1683839430438638e-09 
5.1683839430438638e-09 
5.1683839430438638e-09 
5.1683839430438638e-09 
5.1683839430438638e-09 
5.1683839430438638e-09 
3.796461922611627e-09 
3.796461922611627e-09 
3.796461922611627e-09 
3.796461922611627e-09 
4.1278036544412089e-10 
4.1278036544412089e-10 
4.1278036544412089e-10 
4.1278036544412089e-10 
4.1278036544412089e-10 
4.1278036544412089e-10 
4.1278036544412089e-10 
2.8026514442558437e-10 
2.8026514442558437e-10 
2.8026514442558437e-10 
2.8026514442558437e-10 
2.8026514442558437e-10 
2.8026514442558437e-10 
2.8026514442558437e-10 
2.250224451216809e-10 
2.250224451216809e-10 
2.250224451216809e-10 
2.250224451216809e-10 
2.250224451216809e-10 
2.250224451216809e-10 
2.250224451216809e-10 
2.0036239334331185e-10 
2.0036239334331185e-10 
2.0036239334331185e-10 
2.0036239334331185e-10 
1.5944212616858522e-10 
1.5944212616858522e-10 
1.5944212616858522e-10 
1.5944212616858522e-10 
1.5944212616858522e-10 
1.5944212616858522e-10 
1.5944212616858522e-10 
1.5383461171580848e-10 
1.5383461171580848e-10 
1.5383461171580848e-10 
1.5383461171580848e-10 
1.31450517137921e-10 
1.31450517137921e-10 
1.31450517137921e-10 
1.31450517137921e-10 
1.31450517137921e-10 
1.31450517137921e-10 
1.31450517137921e-10 
1.3083634176069836e-10 
1.3083634176069836e-10 
1.3083634176069836e-10 
1.3083634176069836e-10 
1.3083634176069836e-10 
1.3083634176069836e-10 
1.3083634176069836e-10 
1.3056655756571445e-10 
1.3056655756571445e-10 
1.3056655756571445e-10 
1.3056655756571445e-10 
1.2887324540855616e-10 
1.2887324540855616e-10 
1.2887324540855616e-10 
1.2887324540855616e-10 
1.2887324540855616e-10 
1.2887324540855616e-10 
1.2887324540855616e-10 
1.2884804334589717e-10 
1.2884804334589717e-10 
1.2884804334589717e-10 
1.2884804334589717e-10 
1.288408268962371e-10 
1.288408268962371e-10 
1.288408268962371e-10 
1.288408268962371e-10 
1.287294715268672e-10 
1.287294715268672e-10 
1.287294715268672e-10 
1.287294715268672e-10 
1.287294715268672e-10 
1.287294715268672e-10 
1.287294715268672e-10 
1.2872780619233026e-10 
1.2872780619233026e-10 
1.2872780619233026e-10 
1.2872780619233026e-10 
1.2867740206701228e-10 
1.2867740206701228e-10 
1.2867740206701228e-10 
1.2867740206701228e-10 
1.2867740206701228e-10 
1.2867740206701228e-10 
1.2867740206701228e-10 
1.2867740206701228e-10 
1.2867740206701228e-10 
1.2867740206701228e-10 
1.2867740206701228e-10 
1.2867740206701228e-10 
1.2867740206701228e-10 
1.2867740206701228e-10 
1.2867740206701228e-10 
1.2867740206701228e-10 
1.2867740206701228e-10 
1.2867740206701228e-10 
1.2867518162096303e-10 
1.2867518162096303e-10 
1.2867518162096303e-10 
1.2867518162096303e-10 
1.2867518162096303e-10 
1.2867518162096303e-10 
1.2867518162096303e-10 
1.2867495957635811e-10 
1.2867495957635811e-10 
1.2867495957635811e-10 
1.2867495957635811e-10 
1.2867495957635811e-10 
1.2867495957635811e-10 
1.2867495957635811e-10 
1.2867495957635811e-10 
1.2867495957635811e-10 
1.2867495957635811e-10 
1.2867495957635811e-10 
1.2867495957635811e-10 
1.2867495957635811e-10 
1.2867484855405564e-10 
1.2867462650945072e-10 
1.2867462650945072e-10 
1.2867462650945072e-10 
1.2867462650945072e-10 
1.2867462650945072e-10 
1.2867462650945072e-10 
1.2867462650945072e-10 
1.2867462650945072e-10 
1.2867462650945072e-10 
1.2867462650945072e-10 
1.2867462650945072e-10 
1.2867462650945072e-10 
1.2867462650945072e-10 
1.2867462650945072e-10 
1.2867462650945072e-10 
1.2867462650945072e-10 
1.2867462650945072e-10 
1.2867462650945072e-10 
1.2867462650945072e-10 
1.2867462650945072e-10 
1.2867462650945072e-10 
1.2867462650945072e-10 
1.2867462650945072e-10 
1.2867462650945072e-10 
1.2867462650945072e-10 
1.2867462650945072e-10 
1.2867462650945072e-10 
1.2867462650945072e-10 
1.2867462650945072e-10 
1.2867462650945072e-10 
1.2867462650945072e-10 
1.2867462650945072e-10 
1.2867462650945072e-10 
1.2867462650945072e-10 
1.2867462650945072e-10 
1.2867462650945072e-10 
1.2867462650945072e-10 
1.2867462650945072e-10 
1.2867462650945072e-10 
1.2867462650945072e-10 
1.2867462650945072e-10 
1.2867462650945072e-10 
1.2867462650945072e-10 
1.2867462650945072e-10 
1.2867462650945072e-10 
1.2867462650945072e-10 
1.2867462650945072e-10 
1.2867462650945072e-10 
1.2867462650945072e-10 
1.2867462650945072e-10 
1.2867462650945072e-10 
1.2867462650945072e-10 
1.2867462650945072e-10 
1.2867462650945072e-10 
1.2867462650945072e-10 
1.2867462650945072e-10 
1.2867462650945072e-10 
1.2867462650945072e-10 
1.2867462650945072e-10 
1.2867462650945072e-10 
1.2867462650945072e-10 
1.2867462650945072e-10 
1.2867462650945072e-10 
1.2867462650945072e-10 
1.2867462650945072e-10 
1.2867462650945072e-10 
1.2867462650945072e-10 
1.2867462650945072e-10 
1.2867462650945072e-10 
1.2867462650945072e-10 
1.2867462650945072e-10 
1.2867462650945072e-10 
1.2867462650945072e-10 
1.2867462650945072e-10 
1.2867462650945072e-10 
1.2867462650945072e-10 
1.2867462650945072e-10 
1.2867462650945072e-10 
1.2867462650945072e-10 
1.2867462650945072e-10 
1.2867462650945072e-10 
1.2867462650945072e-10 
1.2867462650945072e-10 
1.2867462650945072e-10 
1.2867462650945072e-10 
1.2867462650945072e-10 
1.2867462650945072e-10 
1.2867462650945072e-10 
1.2867462650945072e-10 
1.2867462650945072e-10 
1.2867462650945072e-10 
1.2867462650945072e-10 
1.2867462650945072e-10 
1.2867462650945072e-10 
1.2867462650945072e-10 
1.2867462650945072e-10 
1.2867462650945072e-10 
1.2867462650945072e-10 
1.2867462650945072e-10 
1.2867462650945072e-10 
1.2867462650945072e-10 
1.2867462650945072e-10 
1.2867462650945072e-10 
1.2867462650945072e-10 
1.2867462650945072e-10 
1.2867462650945072e-10 
1.2867462650945072e-10 
1.2867462650945072e-10 
1.2867462650945072e-10 
1.2867462650945072e-10 
1.2867462650945072e-10 
1.2867462650945072e-10 
1.2867462650945072e-10 
1.2867462650945072e-10 
1.2867462650945072e-10 
1.2867462650945072e-10 
1.2867462650945072e-10 
1.2867462650945072e-10 
1.2867462650945072e-10 
1.2867462650945072e-10 
1.2867462650945072e-10 
1.2867462650945072e-10 
1.2867462650945072e-10 
1.2867462650945072e-10 
1.2867462650945072e-10 
1.2867462650945072e-10 
1.2867462650945072e-10 
1.2867462650945072e-10 
1.2867462650945072e-10 
1.2867462650945072e-10 
1.2867462650945072e-10 
1.2867462650945072e-10 
1.2867462650945072e-10 
1.2867462650945072e-10 
1.2867462650945072e-10 
1.2867462650945072e-10 
1.2867462650945072e-10 
1.2867462650945072e-10 
1.2867462650945072e-10 
1.2867462650945072e-10 
1.2867462650945072e-10 
1.2867462650945072e-10 
1.2867462650945072e-10 
1.2867462650945072e-10 
1.2867462650945072e-10 
1.2867462650945072e-10 
1.2867462650945072e-10 
1.2867462650945072e-10 
1.2867462650945072e-10 
1.2867462650945072e-10 
1.2867462650945072e-10 
1.2867462650945072e-10 
1.2867462650945072e-10 
1.2867462650945072e-10 
1.2867462650945072e-10 
1.2867462650945072e-10 
1.2867462650945072e-10 
1.2867462650945072e-10 
1.2867462650945072e-10 
1.2867462650945072e-10 
1.2867462650945072e-10 
1.2867462650945072e-10 
1.2867462650945072e-10 
1.2867462650945072e-10 
1.2867462650945072e-10 
1.2867462650945072e-10 
1.2867462650945072e-10 
1.2867462650945072e-10 
1.2867462650945072e-10 
1.2867462650945072e-10 
1.2867462650945072e-10 
1.2867462650945072e-10 
1.2867462650945072e-10 
1.2867462650945072e-10 
1.2867462650945072e-10 
1.2867462650945072e-10 
1.2867462650945072e-10 
1.2867462650945072e-10 
1.2867462650945072e-10 
1.2867462650945072e-10 
1.2867462650945072e-10 
1.2867462650945072e-10 
1.2867462650945072e-10 
1.2867462650945072e-10 
1.2867462650945072e-10 
1.2867462650945072e-10 
1.2867462650945072e-10 
1.2867462650945072e-10 
1.2867462650945072e-10 
1.2867462650945072e-10 
1.2867462650945072e-10 
1.2867462650945072e-10 
1.2867462650945072e-10 
1.023759965690374e-10 
1.023759965690374e-10 
1.023759965690374e-10 
1.0183998089274837e-10 
1.0183998089274837e-10 
1.0183998089274837e-10 
9.8587249475201588e-11 
9.8587249475201588e-11 
9.8587249475201588e-11 
9.8587249475201588e-11 
9.8587249475201588e-11 
9.8587249475201588e-11 
9.8587249475201588e-11 
9.8541286241982107e-11 
9.8541286241982107e-11 
9.8541286241982107e-11 
9.8541286241982107e-11 
9.8541286241982107e-11 
9.8541286241982107e-11 
9.8541286241982107e-11 
9.8541286241982107e-11 
9.8541286241982107e-11 
9.8541286241982107e-11 
9.8541286241982107e-11 
9.8541286241982107e-11 
9.8541286241982107e-11 
9.8541286241982107e-11 
9.8541286241982107e-11 
9.8541286241982107e-11 
9.8541286241982107e-11 
9.8540287041259944e-11 
9.8540287041259944e-11 
9.8540287041259944e-11 
9.8540287041259944e-11 
9.8540287041259944e-11 
9.8540287041259944e-11 
9.8540287041259944e-11 
9.8540287041259944e-11 
9.8540287041259944e-11 
9.8540287041259944e-11 
9.8540287041259944e-11 
9.8540287041259944e-11 
9.8540287041259944e-11 
9.8540287041259944e-11 
9.8540287041259944e-11 
9.8540287041259944e-11 
9.8540287041259944e-11 
9.8540287041259944e-11 
9.8540287041259944e-11 
9.8540287041259944e-11 
9.8540287041259944e-11 
9.8540287041259944e-11 
9.8540287041259944e-11 
9.8540287041259944e-11 
9.8540287041259944e-11 
9.8540287041259944e-11 
9.8540287041259944e-11 
9.8540287041259944e-11 
9.8540287041259944e-11 
9.8540287041259944e-11 
9.8540287041259944e-11 
9.8540287041259944e-11 
9.8540287041259944e-11 
9.8540287041259944e-11 
9.8540287041259944e-11 
9.8540287041259944e-11 
9.8540287041259944e-11 
9.8540287041259944e-11 
9.8540287041259944e-11 
9.8540287041259944e-11 
9.8540176018957482e-11 
9.8540176018957482e-11 
9.8540176018957482e-11 
9.8540176018957482e-11 
9.8540176018957482e-11 
9.8540176018957482e-11 
9.8540176018957482e-11 
9.8540176018957482e-11 
9.8540176018957482e-11 
9.8540176018957482e-11 
9.8540176018957482e-11 
9.8540176018957482e-11 
9.8540176018957482e-11 
9.8540176018957482e-11 
9.8540176018957482e-11 
9.8540176018957482e-11 
9.8540176018957482e-11 
9.8540176018957482e-11 
9.8540176018957482e-11 
9.8540176018957482e-11 
9.8540176018957482e-11 
9.8540176018957482e-11 
9.8540176018957482e-11 
9.8540176018957482e-11 
9.8540176018957482e-11 
9.8540176018957482e-11 
9.8540176018957482e-11 
9.8540176018957482e-11 
9.8540176018957482e-11 
9.8540176018957482e-11 
9.8540176018957482e-11 
9.8540176018957482e-11 
9.8540176018957482e-11 
9.8540176018957482e-11 
9.8540176018957482e-11 
9.8540176018957482e-11 
9.8540176018957482e-11 
9.8540176018957482e-11 
9.8540176018957482e-11 
9.8540176018957482e-11 
9.8540176018957482e-11 
9.8540176018957482e-11 
9.8540176018957482e-11 
9.8540176018957482e-11 
9.8540176018957482e-11 
9.8540176018957482e-11 
9.8540176018957482e-11 
9.8540176018957482e-11 
9.8540176018957482e-11 
9.8540176018957482e-11 
9.8540176018957482e-11 
9.8540176018957482e-11 
9.8540176018957482e-11 
9.8540176018957482e-11 
9.8540176018957482e-11 
9.8540176018957482e-11 
9.8540176018957482e-11 
9.8540176018957482e-11 
9.8540176018957482e-11 
9.8540176018957482e-11 
9.8540176018957482e-11 
9.8540176018957482e-11 
9.8540176018957482e-11 
9.8540176018957482e-11 
9.8540176018957482e-11 
9.8540176018957482e-11 
9.8540176018957482e-11 
9.8540176018957482e-11 
9.8540176018957482e-11 
9.8540176018957482e-11 
9.8540176018957482e-11 
9.8540176018957482e-11 
9.8540176018957482e-11 
9.8540176018957482e-11 
9.8540176018957482e-11 
9.8540176018957482e-11 
9.8540176018957482e-11 
9.8540176018957482e-11 
9.8540176018957482e-11 
9.8540176018957482e-11 
9.8540176018957482e-11 
9.8540176018957482e-11 
9.8540176018957482e-11 
9.8540176018957482e-11 
9.8540176018957482e-11 
9.8540176018957482e-11 
9.8540176018957482e-11 
9.8540176018957482e-11 
9.8540176018957482e-11 
9.8540176018957482e-11 
9.8540176018957482e-11 
9.8540176018957482e-11 
9.8540176018957482e-11 
9.8540176018957482e-11 
9.8540176018957482e-11 
9.8540176018957482e-11 
9.8540176018957482e-11 
9.8540176018957482e-11 
9.8540176018957482e-11 
9.8540176018957482e-11 
9.8540176018957482e-11 
9.8540176018957482e-11 
9.8540176018957482e-11 
9.8540176018957482e-11 
9.8540176018957482e-11 
9.8540176018957482e-11 
9.8540176018957482e-11 
9.8540176018957482e-11 
9.8540176018957482e-11 
9.8540176018957482e-11 
9.8540176018957482e-11 
9.8540176018957482e-11 
9.8540176018957482e-11 
9.8540176018957482e-11 
9.8540176018957482e-11 
9.8540176018957482e-11 
9.8540176018957482e-11 
9.8540176018957482e-11 
9.8540176018957482e-11 
9.8540176018957482e-11 
9.8540176018957482e-11 
9.2023610953617663e-11 
4.2399195265829803e-11 
4.2399195265829803e-11 
4.2399195265829803e-11 
4.2399195265829803e-11 
3.8186453998889647e-11 
3.8186453998889647e-11 
3.8186453998889647e-11 
3.8186453998889647e-11 
3.8186453998889647e-11 
3.8186453998889647e-11 
3.8186453998889647e-11 
3.8186453998889647e-11 
3.8186453998889647e-11 
3.8186453998889647e-11 
3.8186453998889647e-11 
3.7769010141630588e-11 
3.7769010141630588e-11 
3.7769010141630588e-11 
3.7769010141630588e-11 
3.7769010141630588e-11 
3.7769010141630588e-11 
3.7769010141630588e-11 
3.7766345606371488e-11 
3.7766345606371488e-11 
3.7766345606371488e-11 
3.7766345606371488e-11 
3.7766345606371488e-11 
3.7766345606371488e-11 
3.7766345606371488e-11 
3.7766345606371488e-11 
3.7766345606371488e-11 
3.7766345606371488e-11 
3.7766345606371488e-11 
3.7766345606371488e-11 
3.7766345606371488e-11 
3.7766345606371488e-11 
3.7766345606371488e-11 
3.7766345606371488e-11 
3.7766345606371488e-11 
3.7766345606371488e-11 
3.7766345606371488e-11 
3.7766345606371488e-11 
3.7766345606371488e-11 
3.7766345606371488e-11 
3.7766345606371488e-11 
3.7766345606371488e-11 
3.7766345606371488e-11 
3.7766345606371488e-11 
3.7766345606371488e-11 
3.7766345606371488e-11 
3.7766345606371488e-11 
3.7766345606371488e-11 
3.7766345606371488e-11 
3.7766345606371488e-11 
3.7766345606371488e-11 
3.7766345606371488e-11 
3.7766345606371488e-11 
3.7766345606371488e-11 
3.7766345606371488e-11 
3.7766345606371488e-11 
3.7766345606371488e-11 
3.7766345606371488e-11 
3.7766345606371488e-11 
3.7766345606371488e-11 
3.7766345606371488e-11 
3.7766345606371488e-11 
3.7766345606371488e-11 
3.7766345606371488e-11 
3.7766345606371488e-11 
3.7766345606371488e-11 
3.7766345606371488e-11 
3.7766345606371488e-11 
3.7766345606371488e-11 
3.7766345606371488e-11 
3.7766345606371488e-11 
3.7766345606371488e-11 
3.7766345606371488e-11 
3.7766345606371488e-11 
3.7766345606371488e-11 
3.7766345606371488e-11 
3.7766345606371488e-11 
3.7766345606371488e-11 
3.7766345606371488e-11 
3.7766345606371488e-11 
3.7766345606371488e-11 
3.7766345606371488e-11 
3.7766345606371488e-11 
3.7766345606371488e-11 
3.7766345606371488e-11 
3.7766345606371488e-11 
3.7766345606371488e-11 
3.7766345606371488e-11 
3.7766345606371488e-11 
3.7766345606371488e-11 
3.7766345606371488e-11 
3.7766345606371488e-11 
3.7766345606371488e-11 
3.7766345606371488e-11 
3.7766345606371488e-11 
3.7766345606371488e-11 
3.7766345606371488e-11 
3.7766345606371488e-11 
3.7766345606371488e-11 
3.7766345606371488e-11 
3.7766345606371488e-11 
3.7766345606371488e-11 
3.7766345606371488e-11 
3.7766345606371488e-11 
3.7766345606371488e-11 
3.7766345606371488e-11 
3.7766345606371488e-11 
3.7766345606371488e-11 
3.7766345606371488e-11 
3.7766345606371488e-11 
3.7766345606371488e-11 
3.7766345606371488e-11 
3.7766345606371488e-11 
3.7766345606371488e-11 
3.7766345606371488e-11 
3.7766345606371488e-11 
3.7766345606371488e-11 
3.7766345606371488e-11 
3.7766345606371488e-11 
3.7766345606371488e-11 
3.7766345606371488e-11 
3.7766345606371488e-11 
3.7766345606371488e-11 
3.7766345606371488e-11 
3.7766345606371488e-11 
3.7766345606371488e-11 
3.7766345606371488e-11 
3.7766345606371488e-11 
3.7766345606371488e-11 
3.7766345606371488e-11 
3.7766345606371488e-11 
3.7766345606371488e-11 
3.7766345606371488e-11 
3.7766345606371488e-11 
3.7766345606371488e-11 
3.7766345606371488e-11 
3.7766345606371488e-11 
3.7766345606371488e-11 
3.7766345606371488e-11 
3.7766345606371488e-11 
3.7766345606371488e-11 
3.7766345606371488e-11 
3.7766345606371488e-11 
3.7766345606371488e-11 
3.7766345606371488e-11 
3.7766345606371488e-11 
6.439515587430833e-12 
6.439515587430833e-12 
6.439515587430833e-12 
6.439515587430833e-12 
6.439515587430833e-12 
6.439515587430833e-12 
6.439515587430833e-12 
4.8069326297195403e-12 
4.8069326297195403e-12 
4.8069326297195403e-12 
4.8069326297195403e-12 
4.8069326297195403e-12 
4.8069326297195403e-12 
4.8069326297195403e-12 
4.8069326297195403e-12 
4.8069326297195403e-12 
4.8069326297195403e-12 
4.8069326297195403e-12 
4.8069326297195403e-12 
4.8069326297195403e-12 
4.7912784850723256e-12 
4.7912784850723256e-12 
4.7912784850723256e-12 
4.7906123512575505e-12 
4.7906123512575505e-12 
4.7906123512575505e-12 
4.7897241728378503e-12 
4.7897241728378503e-12 
4.7897241728378503e-12 
4.7897241728378503e-12 
4.7897241728378503e-12 
4.7897241728378503e-12 
4.7897241728378503e-12 
4.7897241728378503e-12 
4.7897241728378503e-12 
4.7897241728378503e-12 
4.7897241728378503e-12 
4.7897241728378503e-12 
4.7897241728378503e-12 
4.7897241728378503e-12 
4.7897241728378503e-12 
4.7897241728378503e-12 
4.7897241728378503e-12 
4.7897241728378503e-12 
4.7897241728378503e-12 
4.7897241728378503e-12 
4.7897241728378503e-12 
4.7897241728378503e-12 
4.7897241728378503e-12 
4.7897241728378503e-12 
4.7897241728378503e-12 
4.7897241728378503e-12 
4.7897241728378503e-12 
4.7897241728378503e-12 
4.7897241728378503e-12 
4.7897241728378503e-12 
4.7897241728378503e-12 
4.7897241728378503e-12 
4.7897241728378503e-12 
4.7897241728378503e-12 
4.7897241728378503e-12 
4.7897241728378503e-12 
4.7897241728378503e-12 
4.7897241728378503e-12 
4.7897241728378503e-12 
4.7897241728378503e-12 
4.7897241728378503e-12 
4.7897241728378503e-12 
4.7897241728378503e-12 
4.7897241728378503e-12 
4.7897241728378503e-12 
4.7897241728378503e-12 
4.7897241728378503e-12 
4.7897241728378503e-12 
4.7897241728378503e-12 
4.7897241728378503e-12 
4.7897241728378503e-12 
4.7897241728378503e-12 
4.7897241728378503e-12 
4.7897241728378503e-12 
4.7897241728378503e-12 
4.7897241728378503e-12 
4.7897241728378503e-12 
4.7897241728378503e-12 
4.7897241728378503e-12 
4.7897241728378503e-12 
4.7897241728378503e-12 
4.7897241728378503e-12 
4.7897241728378503e-12 
4.7897241728378503e-12 
