0.087748857769695543 
0.058984785939185436 
0.050186030066510678 
0.018356201997270061 
0.018356201997270061 
0.018356201997270061 
0.018356201997270061 
0.018356201997270061 
0.018356201997270061 
0.015091955309870508 
0.0038774232161805644 
0.0038774232161805644 
0.0038774232161805644 
0.0038774232161805644 
0.0038774232161805644 
0.00035828303303075959 
0.00035828303303075959 
0.00035828303303075959 
0.00035828303303075959 
0.00035828303303075959 
0.00035828303303075959 
0.00035828303303075959 
0.00035828303303075959 
0.00035828303303075959 
0.00035828303303075959 
0.00035828303303075959 
0.00035828303303075959 
0.00035828303303075959 
0.00035828303303075959 
0.00035828303303075959 
0.00035828303303075959 
0.00035828303303075959 
0.00035828303303075959 
0.00035828303303075959 
0.00035828303303075959 
0.00035828303303075959 
0.00035828303303075959 
0.00035828303303075959 
0.00011667042857765875 
0.00011667042857765875 
0.00011667042857765875 
0.00011667042857765875 
3.4345559382087387e-06 
3.4345559382087387e-06 
3.4345559382087387e-06 
3.4345559382087387e-06 
3.4345559382087387e-06 
3.4345559382087387e-06 
3.4345559382087387e-06 
3.4345559382087387e-06 
3.4345559382087387e-06 
3.4345559382087387e-06 
3.4345559382087387e-06 
3.4345559382087387e-06 
3.4345559382087387e-06 
3.4345559382087387e-06 
3.4345559382087387e-06 
3.4345559382087387e-06 
3.4345559382087387e-06 
3.4345559382087387e-06 
3.4345559382087387e-06 
3.4345559382087387e-06 
3.4345559382087387e-06 
3.4345559382087387e-06 
3.4345559382087387e-06 
3.4345559382087387e-06 
3.4345559382087387e-06 
3.4345559382087387e-06 
3.4345559382087387e-06 
3.4345559382087387e-06 
3.4345559382087387e-06 
3.4345559382087387e-06 
3.4345559382087387e-06 
3.4345559382087387e-06 
3.4345559382087387e-06 
3.4345559382087387e-06 
3.4345559382087387e-06 
3.4345559382087387e-06 
3.4345559382087387e-06 
3.4345559382087387e-06 
3.4345559382087387e-06 
3.4345559382087387e-06 
3.4345559382087387e-06 
3.4345559382087387e-06 
3.4345559382087387e-06 
3.4345559382087387e-06 
3.4345559382087387e-06 
3.4345559382087387e-06 
3.4345559382087387e-06 
3.4345559382087387e-06 
3.4345559382087387e-06 
3.4345559382087387e-06 
3.4345559382087387e-06 
3.4345559382087387e-06 
3.4345559382087387e-06 
3.4345559382087387e-06 
3.4345559382087387e-06 
3.4345559382087387e-06 
3.4345559382087387e-06 
3.0838851562409175e-06 
3.0838851562409175e-06 
1.1723936406138336e-06 
1.1723936406138336e-06 
1.1723936406138336e-06 
1.1723936406138336e-06 
1.1723936406138336e-06 
1.1723936406138336e-06 
1.1723936406138336e-06 
1.1723936406138336e-06 
1.1723936406138336e-06 
1.1723936406138336e-06 
1.1723936406138336e-06 
1.1723936406138336e-06 
1.1723936406138336e-06 
1.1723936406138336e-06 
1.1723936406138336e-06 
1.1723936406138336e-06 
2.0733884031898242e-07 
2.0733884031898242e-07 
2.0733884031898242e-07 
2.0733884031898242e-07 
2.0733884031898242e-07 
2.0733884031898242e-07 
2.0733884031898242e-07 
2.0733884031898242e-07 
2.0733884031898242e-07 
2.0733884031898242e-07 
2.0733884031898242e-07 
2.0733884031898242e-07 
2.0733884031898242e-07 
2.0733884031898242e-07 
2.0733884031898242e-07 
2.0733884031898242e-07 
5.0716261412731001e-08 
5.0716261412731001e-08 
5.0716261412731001e-08 
5.0716261412731001e-08 
5.0716261412731001e-08 
5.0716261412731001e-08 
5.0716261412731001e-08 
5.0716261412731001e-08 
5.0716261412731001e-08 
5.0716261412731001e-08 
5.0716261412731001e-08 
5.0716261412731001e-08 
5.0716261412731001e-08 
5.0716261412731001e-08 
5.0716261412731001e-08 
5.0716261412731001e-08 
5.0716261412731001e-08 
5.0716261412731001e-08 
5.0716261412731001e-08 
5.0716261412731001e-08 
5.0716261412731001e-08 
5.0716261412731001e-08 
5.0716261412731001e-08 
5.0716261412731001e-08 
5.0716261412731001e-08 
5.0716261412731001e-08 
2.7601801066978737e-08 
2.7601801066978737e-08 
2.7601801066978737e-08 
2.7601801066978737e-08 
2.7601801066978737e-08 
2.7601801066978737e-08 
2.7601801066978737e-08 
2.7601801066978737e-08 
2.7601801066978737e-08 
2.7601801066978737e-08 
2.7601801066978737e-08 
2.7601801066978737e-08 
2.7601801066978737e-08 
2.7601801066978737e-08 
2.7601801066978737e-08 
2.7601801066978737e-08 
2.7601801066978737e-08 
2.7601801066978737e-08 
2.7601801066978737e-08 
2.7601801066978737e-08 
2.7601801066978737e-08 
2.7601801066978737e-08 
2.7601801066978737e-08 
2.7601801066978737e-08 
2.7601801066978737e-08 
2.7601801066978737e-08 
2.7601801066978737e-08 
2.7601801066978737e-08 
2.7601801066978737e-08 
2.7601801066978737e-08 
2.7601801066978737e-08 
2.7601801066978737e-08 
2.7601801066978737e-08 
2.7601801066978737e-08 
2.7601801066978737e-08 
2.7601801066978737e-08 
2.7601801066978737e-08 
2.7601801066978737e-08 
2.7601801066978737e-08 
2.7601801066978737e-08 
2.7601801066978737e-08 
2.7601801066978737e-08 
2.7601801066978737e-08 
2.7601801066978737e-08 
2.7601801066978737e-08 
2.7601801066978737e-08 
2.7601801066978737e-08 
2.7601801066978737e-08 
2.7601801066978737e-08 
2.7601801066978737e-08 
2.7601801066978737e-08 
2.7601801066978737e-08 
2.7601801066978737e-08 
2.7601801066978737e-08 
2.7601801066978737e-08 
2.7601801066978737e-08 
2.7601801066978737e-08 
2.7601801066978737e-08 
2.7601801066978737e-08 
2.7601801066978737e-08 
2.7601801066978737e-08 
2.7601801066978737e-08 
2.7601801066978737e-08 
2.7601801066978737e-08 
2.7601801066978737e-08 
2.7601801066978737e-08 
2.7601801066978737e-08 
2.7601801066978737e-08 
2.7601801066978737e-08 
2.7601801066978737e-08 
2.7601801066978737e-08 
2.7601801066978737e-08 
2.7601801066978737e-08 
2.7601801066978737e-08 
2.7601801066978737e-08 
2.7601801066978737e-08 
2.7601801066978737e-08 
2.7601801066978737e-08 
2.7601801066978737e-08 
2.7601801066978737e-08 
2.7601801066978737e-08 
2.7601801066978737e-08 
2.7601801066978737e-08 
2.7601801066978737e-08 
2.5214087151503861e-08 
2.5214087151503861e-08 
2.5214087151503861e-08 
2.5214087151503861e-08 
2.2363859097929151e-08 
2.2363859097929151e-08 
2.2363859097929151e-08 
2.2363859097929151e-08 
2.2363859097929151e-08 
2.2363859097929151e-08 
2.2363859097929151e-08 
2.2285559952983647e-08 
2.2285559952983647e-08 
2.2285559952983647e-08 
2.2285559952983647e-08 
2.2285559952983647e-08 
2.2285559952983647e-08 
2.2285559952983647e-08 
2.2258436316313635e-08 
2.2258436316313635e-08 
2.2258436316313635e-08 
2.2258436316313635e-08 
2.2258436316313635e-08 
2.2258436316313635e-08 
2.2258436316313635e-08 
2.2248613062991751e-08 
2.2248613062991751e-08 
2.2248613062991751e-08 
2.2248613062991751e-08 
2.2248613062991751e-08 
2.2248613062991751e-08 
2.2248613062991751e-08 
2.2244813102645367e-08 
2.2244813102645367e-08 
2.2244813102645367e-08 
2.2244813102645367e-08 
2.2244813102645367e-08 
2.2244813102645367e-08 
2.2244813102645367e-08 
2.2243228481322319e-08 
2.2243228481322319e-08 
2.2243228481322319e-08 
2.2243228481322319e-08 
2.2243228481322319e-08 
2.2243228481322319e-08 
2.2243228481322319e-08 
2.2242523711746287e-08 
2.2242523711746287e-08 
2.2242523711746287e-08 
2.2242523711746287e-08 
2.2240890684699366e-08 
2.2240890684699366e-08 
2.2240890684699366e-08 
2.2240890684699366e-08 
2.2240890684699366e-08 
2.2240890684699366e-08 
2.2240890684699366e-08 
2.2240746688773072e-08 
2.2240746688773072e-08 
2.2240746688773072e-08 
2.2240746688773072e-08 
2.2239980634886081e-08 
2.2239980634886081e-08 
2.2239980634886081e-08 
2.2239980634886081e-08 
2.2239980634886081e-08 
2.2239980634886081e-08 
2.2239980634886081e-08 
2.2239966313009063e-08 
2.2239966313009063e-08 
2.2239966313009063e-08 
2.2239966313009063e-08 
2.2239966313009063e-08 
2.2239966313009063e-08 
2.2239966313009063e-08 
2.223996031780473e-08 
2.223996031780473e-08 
2.223996031780473e-08 
2.223996031780473e-08 
2.2239894814646277e-08 
2.2239894814646277e-08 
2.2239894814646277e-08 
2.2239894814646277e-08 
2.2239894814646277e-08 
2.2239894814646277e-08 
2.2239894814646277e-08 
2.223989448157937e-08 
2.223989448157937e-08 
2.223989448157937e-08 
2.223989448157937e-08 
2.223989448157937e-08 
2.223989448157937e-08 
2.223989448157937e-08 
2.223989448157937e-08 
2.223989448157937e-08 
2.223989448157937e-08 
2.223989448157937e-08 
2.2239892039088716e-08 
2.2239892039088716e-08 
2.2239892039088716e-08 
2.2239892039088716e-08 
2.2239892039088716e-08 
2.2239892039088716e-08 
2.2239892039088716e-08 
2.2239891706021808e-08 
2.2239891706021808e-08 
2.2239891706021808e-08 
2.2239891706021808e-08 
2.2239891261932598e-08 
2.2239891261932598e-08 
2.2239891261932598e-08 
2.2239891261932598e-08 
2.2239891261932598e-08 
2.2239891261932598e-08 
2.2239891261932598e-08 
2.2239891261932598e-08 
2.2239891261932598e-08 
2.2239891261932598e-08 
2.2239891261932598e-08 
2.2239891261932598e-08 
2.2239891261932598e-08 
2.2239891261932598e-08 
2.2239891261932598e-08 
2.2239891261932598e-08 
2.2239891261932598e-08 
2.2239891261932598e-08 
2.2239891261932598e-08 
2.2239891261932598e-08 
2.2239891261932598e-08 
2.2239891261932598e-08 
2.2239891261932598e-08 
2.2239891261932598e-08 
2.2239891261932598e-08 
2.2239891261932598e-08 
2.2239891261932598e-08 
2.2239891261932598e-08 
2.2239891261932598e-08 
2.2239891261932598e-08 
2.2239891261932598e-08 
2.2239891261932598e-08 
2.2239891261932598e-08 
2.2239891261932598e-08 
2.2239891261932598e-08 
2.2239891261932598e-08 
2.2239891261932598e-08 
2.2239891261932598e-08 
2.2239891261932598e-08 
2.2239891261932598e-08 
2.2239891261932598e-08 
2.2239891261932598e-08 
2.2239891261932598e-08 
2.2239891261932598e-08 
2.2239891261932598e-08 
2.2239891261932598e-08 
2.2239891261932598e-08 
2.2239891261932598e-08 
2.2239891261932598e-08 
2.2239891261932598e-08 
2.2239891261932598e-08 
2.2239891261932598e-08 
2.2239891261932598e-08 
2.2239891261932598e-08 
2.2239891261932598e-08 
2.2239891261932598e-08 
2.2239891261932598e-08 
2.2239891261932598e-08 
2.2239891261932598e-08 
2.2239891261932598e-08 
2.2239891261932598e-08 
2.2239891261932598e-08 
2.2239891261932598e-08 
2.2239891261932598e-08 
2.2239891261932598e-08 
2.2239891261932598e-08 
2.2239891261932598e-08 
2.2239891261932598e-08 
2.2239891261932598e-08 
2.2239891261932598e-08 
2.2239891261932598e-08 
2.2239891261932598e-08 
2.2239891261932598e-08 
2.2239891261932598e-08 
2.2239891261932598e-08 
2.2239891261932598e-08 
2.2239891261932598e-08 
2.2239891261932598e-08 
2.2239891261932598e-08 
2.2239891261932598e-08 
2.2239891261932598e-08 
2.2239891261932598e-08 
2.2239891261932598e-08 
2.2239891261932598e-08 
2.2239891261932598e-08 
2.2239891261932598e-08 
2.2239891261932598e-08 
2.2239891261932598e-08 
2.2239891261932598e-08 
2.2239891261932598e-08 
2.2239891261932598e-08 
2.2239891261932598e-08 
2.2239891261932598e-08 
2.2239891261932598e-08 
2.2239891261932598e-08 
2.2239891261932598e-08 
2.2239891261932598e-08 
2.2239891261932598e-08 
2.2239891261932598e-08 
2.2239891261932598e-08 
2.2239891261932598e-08 
2.2239891261932598e-08 
2.2239891261932598e-08 
2.2239891261932598e-08 
2.2239891261932598e-08 
2.2239891261932598e-08 
2.2239891261932598e-08 
2.2239891261932598e-08 
2.2239891261932598e-08 
2.2239891261932598e-08 
2.2239891261932598e-08 
2.2239891261932598e-08 
2.2239891261932598e-08 
2.2239891261932598e-08 
2.2239891261932598e-08 
2.2239891261932598e-08 
2.2239891261932598e-08 
2.2239891261932598e-08 
2.2239891261932598e-08 
2.2239891261932598e-08 
2.2239891261932598e-08 
2.2239891261932598e-08 
2.2239891261932598e-08 
2.2239891261932598e-08 
2.2239891261932598e-08 
2.2239891261932598e-08 
2.2239891261932598e-08 
2.2239891261932598e-08 
2.2239891261932598e-08 
2.2239891261932598e-08 
2.2239891261932598e-08 
2.2239891261932598e-08 
2.2239891261932598e-08 
2.2239891261932598e-08 
2.2239891261932598e-08 
2.2239891261932598e-08 
2.2239891261932598e-08 
2.2239891261932598e-08 
2.2239891261932598e-08 
2.2239891261932598e-08 
2.2239891261932598e-08 
2.2239891261932598e-08 
2.2239891261932598e-08 
2.2239891261932598e-08 
2.2239891261932598e-08 
2.2239891261932598e-08 
2.2239891261932598e-08 
2.2239891261932598e-08 
2.2239891261932598e-08 
2.2239891261932598e-08 
2.2239891261932598e-08 
2.2239891261932598e-08 
2.2239891261932598e-08 
2.2239891261932598e-08 
2.2239891261932598e-08 
2.2239891261932598e-08 
2.2239891261932598e-08 
2.2239891261932598e-08 
2.2239891261932598e-08 
2.2239891261932598e-08 
2.2239891261932598e-08 
2.2239891261932598e-08 
2.2239891261932598e-08 
1.7335251345507174e-08 
1.7335251345507174e-08 
1.7335251345507174e-08 
1.7335251345507174e-08 
1.7335251345507174e-08 
1.7335251345507174e-08 
1.7335251345507174e-08 
1.7335251345507174e-08 
1.7335251345507174e-08 
1.7335251345507174e-08 
1.7335251345507174e-08 
1.7335251345507174e-08 
1.7335251345507174e-08 
1.7335251345507174e-08 
1.7335251345507174e-08 
1.7335251345507174e-08 
1.7335251345507174e-08 
1.7335251345507174e-08 
1.7335251345507174e-08 
1.7335251345507174e-08 
1.7335251345507174e-08 
1.7335251345507174e-08 
1.7335251345507174e-08 
1.7335251345507174e-08 
1.3701213941175183e-08 
1.3701213941175183e-08 
1.3701213941175183e-08 
4.1969735464775226e-09 
4.1969735464775226e-09 
4.1969735464775226e-09 
4.1969735464775226e-09 
4.1969735464775226e-09 
4.1969735464775226e-09 
4.1969735464775226e-09 
3.7674647845875597e-09 
3.7674647845875597e-09 
3.7674647845875597e-09 
3.7496300508976788e-09 
3.7496300508976788e-09 
3.7496300508976788e-09 
3.5308704848802108e-09 
3.5308704848802108e-09 
3.5308704848802108e-09 
3.5308704848802108e-09 
3.5308704848802108e-09 
3.5308704848802108e-09 
3.5308704848802108e-09 
3.5284354327203005e-09 
3.5284354327203005e-09 
3.5284354327203005e-09 
3.5284354327203005e-09 
3.5284354327203005e-09 
3.5284354327203005e-09 
3.5284354327203005e-09 
3.5284354327203005e-09 
3.5284354327203005e-09 
3.5284354327203005e-09 
3.5284354327203005e-09 
3.5284354327203005e-09 
3.5284354327203005e-09 
3.5284354327203005e-09 
3.5284354327203005e-09 
3.5284354327203005e-09 
3.5284354327203005e-09 
3.5284354327203005e-09 
3.5284354327203005e-09 
3.5284354327203005e-09 
3.5284354327203005e-09 
3.5284354327203005e-09 
3.5284354327203005e-09 
3.5284354327203005e-09 
3.5284236643562394e-09 
3.5284236643562394e-09 
3.5284236643562394e-09 
3.5284236643562394e-09 
3.5284236643562394e-09 
3.5284236643562394e-09 
3.5284236643562394e-09 
3.5284236643562394e-09 
3.5284236643562394e-09 
3.5284236643562394e-09 
3.5284236643562394e-09 
3.5284140054159252e-09 
3.5284140054159252e-09 
3.5284140054159252e-09 
3.5284140054159252e-09 
3.5284140054159252e-09 
3.5284140054159252e-09 
3.5284140054159252e-09 
3.5284140054159252e-09 
3.5284140054159252e-09 
3.5284140054159252e-09 
3.5284140054159252e-09 
3.5284140054159252e-09 
3.5284140054159252e-09 
3.5284140054159252e-09 
3.5284140054159252e-09 
3.5284140054159252e-09 
3.5284140054159252e-09 
3.5284140054159252e-09 
3.5284140054159252e-09 
3.5284140054159252e-09 
3.5284140054159252e-09 
3.5284140054159252e-09 
3.5284140054159252e-09 
3.5284138943936227e-09 
3.5284138943936227e-09 
3.5284138943936227e-09 
3.5284138943936227e-09 
3.5284138943936227e-09 
3.5284138943936227e-09 
3.5284138943936227e-09 
3.5284138943936227e-09 
3.5284138943936227e-09 
3.5284138943936227e-09 
3.5284138943936227e-09 
3.5284138943936227e-09 
3.5284138943936227e-09 
3.5284138943936227e-09 
3.5284138943936227e-09 
3.5284138943936227e-09 
3.5284138943936227e-09 
3.5284138943936227e-09 
3.5284138943936227e-09 
3.5284138943936227e-09 
3.5284138943936227e-09 
3.5284138943936227e-09 
3.5284138943936227e-09 
3.5284138943936227e-09 
3.5284138943936227e-09 
3.5284138943936227e-09 
3.5284138943936227e-09 
3.5284138943936227e-09 
3.5284138943936227e-09 
3.5284138943936227e-09 
3.5284138943936227e-09 
3.5284138943936227e-09 
3.5284138943936227e-09 
3.5284138943936227e-09 
3.5284138943936227e-09 
3.5284138943936227e-09 
3.5284138943936227e-09 
3.5284138943936227e-09 
3.5284138943936227e-09 
3.5284138943936227e-09 
3.5284138943936227e-09 
3.5284138943936227e-09 
3.5284138943936227e-09 
3.5284138943936227e-09 
3.5284138943936227e-09 
3.5284138943936227e-09 
3.5284138943936227e-09 
3.5284138943936227e-09 
3.5284138943936227e-09 
3.5284138943936227e-09 
3.5284138943936227e-09 
3.5284138943936227e-09 
3.5284138943936227e-09 
3.5284138943936227e-09 
3.5284138943936227e-09 
3.5284138943936227e-09 
3.5284138943936227e-09 
3.5284138943936227e-09 
3.5284138943936227e-09 
3.5284138943936227e-09 
3.5284138943936227e-09 
3.5284138943936227e-09 
3.5284138943936227e-09 
3.5284138943936227e-09 
3.5284138943936227e-09 
3.5284138943936227e-09 
3.5284138943936227e-09 
3.5284138943936227e-09 
3.5284138943936227e-09 
3.5284138943936227e-09 
3.5284138943936227e-09 
3.5284138943936227e-09 
3.5284138943936227e-09 
3.5284138943936227e-09 
3.5284138943936227e-09 
3.5284138943936227e-09 
3.5284138943936227e-09 
3.5284138943936227e-09 
3.5284138943936227e-09 
3.5284138943936227e-09 
3.5284138943936227e-09 
3.5284138943936227e-09 
3.5284138943936227e-09 
3.5284138943936227e-09 
3.5284138943936227e-09 
3.5284138943936227e-09 
3.5284138943936227e-09 
3.5284138943936227e-09 
3.5284138943936227e-09 
3.5284138943936227e-09 
3.5284138943936227e-09 
3.5284138943936227e-09 
3.5284138943936227e-09 
3.5284138943936227e-09 
3.5284138943936227e-09 
3.5284138943936227e-09 
3.5284138943936227e-09 
3.5284138943936227e-09 
3.5284138943936227e-09 
3.5284138943936227e-09 
3.5284138943936227e-09 
3.5284138943936227e-09 
3.5284138943936227e-09 
3.5284138943936227e-09 
3.5284138943936227e-09 
3.5284138943936227e-09 
3.5284138943936227e-09 
3.5284138943936227e-09 
3.5284138943936227e-09 
3.5284138943936227e-09 
3.5284138943936227e-09 
3.5284138943936227e-09 
3.5284138943936227e-09 
3.5284138943936227e-09 
3.5284138943936227e-09 
3.5284138943936227e-09 
3.5284138943936227e-09 
1.4550414206837559e-09 
1.4550414206837559e-09 
1.4550414206837559e-09 
1.4550414206837559e-09 
1.3276427734965068e-09 
1.3276427734965068e-09 
1.3276427734965068e-09 
1.3276427734965068e-09 
1.3276427734965068e-09 
1.3276427734965068e-09 
1.3276427734965068e-09 
1.3276427734965068e-09 
1.3276427734965068e-09 
1.3276427734965068e-09 
1.3276427734965068e-09 
1.3276427734965068e-09 
1.3276427734965068e-09 
1.3276427734965068e-09 
1.3276427734965068e-09 
1.3276427734965068e-09 
1.3276427734965068e-09 
1.3276427734965068e-09 
1.3276427734965068e-09 
1.3276427734965068e-09 
1.3276427734965068e-09 
1.3276427734965068e-09 
1.3276427734965068e-09 
1.3276427734965068e-09 
9.9992614188693096e-10 
9.9992614188693096e-10 
9.9992614188693096e-10 
9.9992614188693096e-10 
9.9992614188693096e-10 
9.9992614188693096e-10 
9.9992614188693096e-10 
7.9793849305787035e-10 
7.9793849305787035e-10 
7.9793849305787035e-10 
7.7233430761936006e-10 
7.7233430761936006e-10 
7.7233430761936006e-10 
7.5804595933703922e-10 
7.5804595933703922e-10 
7.5804595933703922e-10 
7.5804595933703922e-10 
7.5804595933703922e-10 
7.5804595933703922e-10 
7.5804595933703922e-10 
7.5673967092626526e-10 
7.5673967092626526e-10 
7.5673967092626526e-10 
7.5665385068646174e-10 
7.5665385068646174e-10 
7.5665385068646174e-10 
7.5652251130264858e-10 
7.5652251130264858e-10 
7.5652251130264858e-10 
7.5652251130264858e-10 
7.5652251130264858e-10 
7.5652251130264858e-10 
7.5652251130264858e-10 
7.5652029085659933e-10 
7.5652029085659933e-10 
7.5652029085659933e-10 
7.5652029085659933e-10 
7.5652029085659933e-10 
7.5652029085659933e-10 
7.5652029085659933e-10 
7.5652029085659933e-10 
7.5652029085659933e-10 
7.5652029085659933e-10 
7.5652029085659933e-10 
7.5652029085659933e-10 
7.5652029085659933e-10 
7.5651984676738948e-10 
7.5651984676738948e-10 
7.5651984676738948e-10 
7.5651984676738948e-10 
7.5651984676738948e-10 
7.5651984676738948e-10 
7.5651984676738948e-10 
7.5651984676738948e-10 
7.5651984676738948e-10 
7.5651984676738948e-10 
7.5651984676738948e-10 
7.5651984676738948e-10 
7.5651984676738948e-10 
7.5651984676738948e-10 
4.488601712537843e-10 
4.488601712537843e-10 
4.488601712537843e-10 
4.488601712537843e-10 
4.488601712537843e-10 
4.488601712537843e-10 
4.488601712537843e-10 
4.488601712537843e-10 
4.488601712537843e-10 
4.488601712537843e-10 
4.488601712537843e-10 
4.488601712537843e-10 
4.488601712537843e-10 
4.488601712537843e-10 
4.488601712537843e-10 
4.488601712537843e-10 
4.488601712537843e-10 
4.488601712537843e-10 
4.488601712537843e-10 
4.488601712537843e-10 
4.488601712537843e-10 
4.488601712537843e-10 
4.488601712537843e-10 
4.488601712537843e-10 
4.488601712537843e-10 
4.488601712537843e-10 
4.488601712537843e-10 
4.488601712537843e-10 
4.488601712537843e-10 
4.488601712537843e-10 
4.488601712537843e-10 
4.488601712537843e-10 
4.488601712537843e-10 
4.488601712537843e-10 
4.488601712537843e-10 
4.488601712537843e-10 
4.488601712537843e-10 
4.488601712537843e-10 
4.488601712537843e-10 
4.488601712537843e-10 
4.488601712537843e-10 
4.488601712537843e-10 
4.488601712537843e-10 
4.488601712537843e-10 
4.488601712537843e-10 
4.488601712537843e-10 
4.488601712537843e-10 
4.488601712537843e-10 
4.488601712537843e-10 
4.488601712537843e-10 
4.488601712537843e-10 
4.488601712537843e-10 
4.488601712537843e-10 
4.488601712537843e-10 
4.488601712537843e-10 
4.488601712537843e-10 
4.488601712537843e-10 
4.488601712537843e-10 
4.488601712537843e-10 
4.488601712537843e-10 
4.488601712537843e-10 
4.488601712537843e-10 
4.488601712537843e-10 
4.488601712537843e-10 
4.488601712537843e-10 
4.488601712537843e-10 
4.488601712537843e-10 
4.488601712537843e-10 
4.488601712537843e-10 
4.488601712537843e-10 
4.488601712537843e-10 
4.488601712537843e-10 
4.488601712537843e-10 
4.488601712537843e-10 
4.488601712537843e-10 
4.488601712537843e-10 
4.488601712537843e-10 
4.488601712537843e-10 
4.488601712537843e-10 
4.488601712537843e-10 
4.488601712537843e-10 
4.488601712537843e-10 
4.488601712537843e-10 
4.488601712537843e-10 
4.488601712537843e-10 
4.488601712537843e-10 
4.488601712537843e-10 
4.488601712537843e-10 
4.488601712537843e-10 
4.488601712537843e-10 
4.488601712537843e-10 
4.488601712537843e-10 
4.488601712537843e-10 
4.488601712537843e-10 
4.488601712537843e-10 
4.488601712537843e-10 
4.488601712537843e-10 
4.488601712537843e-10 
4.488601712537843e-10 
4.488601712537843e-10 
4.488601712537843e-10 
4.488601712537843e-10 
4.488601712537843e-10 
4.488601712537843e-10 
4.488601712537843e-10 
4.488601712537843e-10 
4.488601712537843e-10 
4.488601712537843e-10 
4.4660630749149277e-10 
4.4464798509835646e-10 
4.4464798509835646e-10 
4.4464798509835646e-10 
4.4464798509835646e-10 
4.4440340296603154e-10 
4.4440340296603154e-10 
4.4440340296603154e-10 
4.4440340296603154e-10 
4.4440340296603154e-10 
4.4440340296603154e-10 
4.4440340296603154e-10 
4.4440340296603154e-10 
4.4440340296603154e-10 
4.4440340296603154e-10 
4.4440340296603154e-10 
4.4440340296603154e-10 
4.4440340296603154e-10 
4.4440318092142661e-10 
4.4440318092142661e-10 
4.4440318092142661e-10 
4.4440318092142661e-10 
4.4440318092142661e-10 
4.4440318092142661e-10 
4.4440318092142661e-10 
4.4440318092142661e-10 
4.4440318092142661e-10 
4.4440318092142661e-10 
4.4440318092142661e-10 
4.4440318092142661e-10 
4.4440318092142661e-10 
2.167847013012647e-10 
2.167847013012647e-10 
2.167847013012647e-10 
2.167847013012647e-10 
2.167847013012647e-10 
2.167847013012647e-10 
2.167847013012647e-10 
2.167847013012647e-10 
2.167847013012647e-10 
2.167847013012647e-10 
2.167847013012647e-10 
2.167847013012647e-10 
2.167847013012647e-10 
2.167847013012647e-10 
2.167847013012647e-10 
2.167847013012647e-10 
2.167847013012647e-10 
2.167847013012647e-10 
2.167847013012647e-10 
2.167847013012647e-10 
2.167847013012647e-10 
2.167847013012647e-10 
2.167847013012647e-10 
2.167847013012647e-10 
2.167847013012647e-10 
2.167847013012647e-10 
2.167847013012647e-10 
2.167847013012647e-10 
2.167847013012647e-10 
2.167847013012647e-10 
2.167847013012647e-10 
2.167847013012647e-10 
2.167847013012647e-10 
2.167847013012647e-10 
2.167847013012647e-10 
2.167847013012647e-10 
2.167847013012647e-10 
