0.41301185798018675 
0.25602068874879391 
0.091474920322718575 
0.091474920322718575 
0.091474920322718575 
0.091474920322718575 
0.013598590508579195 
0.013598590508579195 
0.013598590508579195 
0.013598590508579195 
0.013598590508579195 
0.013598590508579195 
0.013598590508579195 
0.00094731832154331373 
0.00094731832154331373 
0.00094731832154331373 
0.00088842459840961794 
0.00088842459840961794 
0.00088842459840961794 
0.00088842459840961794 
0.00039023586205143984 
0.00039023586205143984 
0.00039023586205143984 
0.00039023586205143984 
0.00039023586205143984 
0.00038178239603848087 
0.00026913134973117933 
1.9741845373153092e-05 
1.9741845373153092e-05 
1.9741845373153092e-05 
1.9741845373153092e-05 
1.9741845373153092e-05 
1.9741845373153092e-05 
1.9741845373153092e-05 
1.9741845373153092e-05 
1.9741845373153092e-05 
1.9741845373153092e-05 
1.9741845373153092e-05 
1.9741845373153092e-05 
1.9741845373153092e-05 
1.9741845373153092e-05 
1.9741845373153092e-05 
1.9741845373153092e-05 
1.9741845373153092e-05 
1.9741845373153092e-05 
1.9741845373153092e-05 
1.9741845373153092e-05 
1.9741845373153092e-05 
1.9741845373153092e-05 
1.9741845373153092e-05 
1.6869886151767751e-06 
1.6869886151767751e-06 
1.6869886151767751e-06 
1.6869886151767751e-06 
1.6869886151767751e-06 
1.6869886151767751e-06 
1.6869886151767751e-06 
1.6869886151767751e-06 
1.6869886151767751e-06 
1.6869886151767751e-06 
1.6869886151767751e-06 
1.6869886151767751e-06 
1.6869886151767751e-06 
1.6869886151767751e-06 
1.6869886151767751e-06 
1.6869886151767751e-06 
1.6869886151767751e-06 
1.6869886151767751e-06 
1.6869886151767751e-06 
1.6869886151767751e-06 
1.6869886151767751e-06 
1.6869886151767751e-06 
1.6869886151767751e-06 
1.6869886151767751e-06 
1.6869886151767751e-06 
1.6869886151767751e-06 
1.6869886151767751e-06 
1.6869886151767751e-06 
1.6869886151767751e-06 
1.6869886151767751e-06 
1.6869886151767751e-06 
1.6869886151767751e-06 
1.6869886151767751e-06 
1.6869886151767751e-06 
1.6869886151767751e-06 
1.6869886151767751e-06 
1.6869886151767751e-06 
1.6869886151767751e-06 
1.6869886151767751e-06 
1.6869886151767751e-06 
1.6869886151767751e-06 
1.6869886151767751e-06 
1.6869886151767751e-06 
1.6869886151767751e-06 
1.6869886151767751e-06 
1.6869886151767751e-06 
1.6869886151767751e-06 
1.6869886151767751e-06 
1.6869886151767751e-06 
1.6869886151767751e-06 
1.0263296796663629e-06 
1.0263296796663629e-06 
1.0263296796663629e-06 
1.0263296796663629e-06 
1.0263296796663629e-06 
1.0263296796663629e-06 
1.0263296796663629e-06 
7.4201281369740812e-07 
7.4201281369740812e-07 
7.4201281369740812e-07 
7.4201281369740812e-07 
7.4201281369740812e-07 
6.5507034393154511e-07 
6.5507034393154511e-07 
1.0988478796119948e-07 
8.5902782303025575e-08 
8.5902782303025575e-08 
8.5902782303025575e-08 
4.2552153829954515e-08 
4.2552153829954515e-08 
4.2552153829954515e-08 
1.5226928167909235e-08 
1.5226928167909235e-08 
1.5226928167909235e-08 
1.5226928167909235e-08 
1.5226928167909235e-08 
1.5226928167909235e-08 
1.5226928167909235e-08 
1.5226928167909235e-08 
1.5226928167909235e-08 
1.5226928167909235e-08 
1.5226928167909235e-08 
1.5226928167909235e-08 
1.5226928167909235e-08 
1.5226928167909235e-08 
1.5226928167909235e-08 
1.3880107846114635e-08 
1.3880107846114635e-08 
1.3880107846114635e-08 
1.3880107846114635e-08 
1.1518992563503851e-08 
1.1518992563503851e-08 
1.1518992563503851e-08 
1.1518992563503851e-08 
1.1518992563503851e-08 
1.1518992563503851e-08 
1.1518992563503851e-08 
8.6147514062833449e-09 
8.6147514062833449e-09 
8.6147514062833449e-09 
8.6147514062833449e-09 
3.5715189909777163e-09 
8.0669475303765722e-10 
8.0669475303765722e-10 
1.1523434694262832e-10 
1.1523434694262832e-10 
1.1523434694262832e-10 
1.1523434694262832e-10 
1.1523434694262832e-10 
1.1523434694262832e-10 
1.1523434694262832e-10 
1.1523434694262832e-10 
1.1523434694262832e-10 
1.1523434694262832e-10 
1.1523434694262832e-10 
1.1523434694262832e-10 
4.4459617957482929e-11 
4.4459617957482929e-11 
4.4459617957482929e-11 
4.4459617957482929e-11 
1.6064091356111261e-11 
1.6064091356111261e-11 
1.6064091356111261e-11 
4.7250646111192658e-12 
4.7250646111192658e-12 
4.7250646111192658e-12 
4.7250646111192658e-12 
4.7250646111192658e-12 
4.7250646111192658e-12 
4.7250646111192658e-12 
1.92404087551687e-12 
1.92404087551687e-12 
1.92404087551687e-12 
1.92404087551687e-12 
1.92404087551687e-12 
1.92404087551687e-12 
1.92404087551687e-12 
1.0824857640084617e-12 
1.0824857640084617e-12 
1.0824857640084617e-12 
1.0824857640084617e-12 
1.0824857640084617e-12 
1.0824857640084617e-12 
1.0824857640084617e-12 
1.0824857640084617e-12 
1.0824857640084617e-12 
1.0824857640084617e-12 
1.0824857640084617e-12 
1.0824857640084617e-12 
1.0824857640084617e-12 
1.0824857640084617e-12 
1.0824857640084617e-12 
1.0824857640084617e-12 
1.0824857640084617e-12 
1.0824857640084617e-12 
1.0824857640084617e-12 
1.0824857640084617e-12 
1.0824857640084617e-12 
1.0824857640084617e-12 
1.0824857640084617e-12 
1.0824857640084617e-12 
1.0824857640084617e-12 
1.0824857640084617e-12 
1.0824857640084617e-12 
1.0824857640084617e-12 
1.0824857640084617e-12 
1.0824857640084617e-12 
1.0824857640084617e-12 
1.0824857640084617e-12 
1.0824857640084617e-12 
1.0824857640084617e-12 
1.0824857640084617e-12 
1.0824857640084617e-12 
1.0824857640084617e-12 
1.0824857640084617e-12 
1.0824857640084617e-12 
1.0824857640084617e-12 
1.0824857640084617e-12 
1.0824857640084617e-12 
1.0824857640084617e-12 
1.0824857640084617e-12 
1.0824857640084617e-12 
1.0824857640084617e-12 
1.0824857640084617e-12 
1.0824857640084617e-12 
1.0824857640084617e-12 
1.0824857640084617e-12 
1.0824857640084617e-12 
1.0824857640084617e-12 
1.0824857640084617e-12 
1.0824857640084617e-12 
1.0824857640084617e-12 
1.0824857640084617e-12 
1.0824857640084617e-12 
1.0824857640084617e-12 
1.0824857640084617e-12 
1.0824857640084617e-12 
1.0824857640084617e-12 
1.0824857640084617e-12 
1.0824857640084617e-12 
1.0824857640084617e-12 
1.0824857640084617e-12 
1.0824857640084617e-12 
3.7349993944801932e-13 
3.7349993944801932e-13 
3.7349993944801932e-13 
3.7349993944801932e-13 
3.7349993944801932e-13 
3.7349993944801932e-13 
3.7349993944801932e-13 
3.7349993944801932e-13 
3.7349993944801932e-13 
3.7349993944801932e-13 
3.7349993944801932e-13 
3.7349993944801932e-13 
3.7349993944801932e-13 
3.7349993944801932e-13 
3.7349993944801932e-13 
3.7349993944801932e-13 
2.6991580408442866e-13 
2.6991580408442866e-13 
2.6991580408442866e-13 
2.6991580408442866e-13 
2.6991580408442866e-13 
2.6991580408442866e-13 
2.6991580408442866e-13 
2.3754099368200315e-13 
2.6692121703437336e-14 
2.6692121703437336e-14 
2.6692121703437336e-14 
2.6692121703437336e-14 
2.6692121703437336e-14 
2.6692121703437336e-14 
2.6692121703437336e-14 
2.6692121703437336e-14 
2.6692121703437336e-14 
2.6692121703437336e-14 
2.6692121703437336e-14 
2.6692121703437336e-14 
2.6692121703437336e-14 
2.6692121703437336e-14 
2.6692121703437336e-14 
2.6692121703437336e-14 
2.6692121703437336e-14 
2.6692121703437336e-14 
2.6692121703437336e-14 
8.9205586792150126e-15 
8.9205586792150126e-15 
8.9205586792150126e-15 
8.9205586792150126e-15 
8.9205586792150126e-15 
8.9205586792150126e-15 
8.9205586792150126e-15 
8.9205586792150126e-15 
8.9205586792150126e-15 
8.9205586792150126e-15 
8.9205586792150126e-15 
8.9205586792150126e-15 
8.9205586792150126e-15 
8.9205586792150126e-15 
8.9205586792150126e-15 
8.9205586792150126e-15 
8.9205586792150126e-15 
8.9205586792150126e-15 
8.9205586792150126e-15 
8.9205586792150126e-15 
8.9205586792150126e-15 
8.9205586792150126e-15 
8.9205586792150126e-15 
8.9205586792150126e-15 
8.9205586792150126e-15 
8.9205586792150126e-15 
8.9205586792150126e-15 
8.9205586792150126e-15 
8.9205586792150126e-15 
8.9205586792150126e-15 
8.9205586792150126e-15 
8.9205586792150126e-15 
8.9205586792150126e-15 
8.9205586792150126e-15 
8.9205586792150126e-15 
8.9205586792150126e-15 
8.9205586792150126e-15 
8.9205586792150126e-15 
8.9205586792150126e-15 
8.9205586792150126e-15 
8.9205586792150126e-15 
8.9205586792150126e-15 
8.9205586792150126e-15 
8.9205586792150126e-15 
8.9205586792150126e-15 
8.9205586792150126e-15 
8.9205586792150126e-15 
8.9205586792150126e-15 
8.9205586792150126e-15 
8.9205586792150126e-15 
8.9205586792150126e-15 
8.9205586792150126e-15 
8.9205586792150126e-15 
8.9205586792150126e-15 
8.9205586792150126e-15 
8.9205586792150126e-15 
8.9205586792150126e-15 
8.9205586792150126e-15 
8.9205586792150126e-15 
8.9205586792150126e-15 
8.9205586792150126e-15 
8.9205586792150126e-15 
8.9205586792150126e-15 
8.9205586792150126e-15 
8.9205586792150126e-15 
8.9205586792150126e-15 
8.9205586792150126e-15 
8.9205586792150126e-15 
8.9205586792150126e-15 
8.9205586792150126e-15 
8.9205586792150126e-15 
8.9205586792150126e-15 
8.9205586792150126e-15 
8.9205586792150126e-15 
8.9205586792150126e-15 
8.9205586792150126e-15 
8.9205586792150126e-15 
8.9205586792150126e-15 
8.9205586792150126e-15 
8.9205586792150126e-15 
8.9205586792150126e-15 
8.9205586792150126e-15 
8.9205586792150126e-15 
8.9205586792150126e-15 
8.9205586792150126e-15 
8.9205586792150126e-15 
8.9205586792150126e-15 
8.9205586792150126e-15 
8.9205586792150126e-15 
8.9205586792150126e-15 
8.9205586792150126e-15 
8.9205586792150126e-15 
8.9205586792150126e-15 
8.9205586792150126e-15 
8.9205586792150126e-15 
8.9205586792150126e-15 
8.9205586792150126e-15 
8.9205586792150126e-15 
8.9205586792150126e-15 
8.9205586792150126e-15 
8.9205586792150126e-15 
8.9205586792150126e-15 
8.9205586792150126e-15 
8.9205586792150126e-15 
8.9205586792150126e-15 
8.9205586792150126e-15 
8.9205586792150126e-15 
8.9205586792150126e-15 
8.9205586792150126e-15 
8.9205586792150126e-15 
8.9205586792150126e-15 
8.9205586792150126e-15 
8.9205586792150126e-15 
8.9205586792150126e-15 
8.9205586792150126e-15 
8.9205586792150126e-15 
8.9205586792150126e-15 
8.9205586792150126e-15 
8.9205586792150126e-15 
8.9205586792150126e-15 
8.9205586792150126e-15 
8.9205586792150126e-15 
8.9205586792150126e-15 
8.9205586792150126e-15 
8.9205586792150126e-15 
8.9205586792150126e-15 
8.9205586792150126e-15 
8.9205586792150126e-15 
8.9205586792150126e-15 
8.9205586792150126e-15 
8.9205586792150126e-15 
8.9205586792150126e-15 
8.9205586792150126e-15 
8.9205586792150126e-15 
8.9205586792150126e-15 
8.9205586792150126e-15 
8.9205586792150126e-15 
8.9205586792150126e-15 
8.9205586792150126e-15 
8.9205586792150126e-15 
8.9205586792150126e-15 
8.9205586792150126e-15 
8.9205586792150126e-15 
8.9205586792150126e-15 
8.9205586792150126e-15 
8.9205586792150126e-15 
8.9205586792150126e-15 
8.9205586792150126e-15 
8.9205586792150126e-15 
8.9205586792150126e-15 
8.9205586792150126e-15 
8.9205586792150126e-15 
8.9205586792150126e-15 
8.9205586792150126e-15 
8.9205586792150126e-15 
8.9205586792150126e-15 
8.9205586792150126e-15 
8.9205586792150126e-15 
8.9205586792150126e-15 
8.9205586792150126e-15 
8.9205586792150126e-15 
8.9205586792150126e-15 
8.9205586792150126e-15 
8.9205586792150126e-15 
8.9205586792150126e-15 
8.9205586792150126e-15 
8.9205586792150126e-15 
8.9205586792150126e-15 
8.9205586792150126e-15 
8.9205586792150126e-15 
8.9205586792150126e-15 
8.9205586792150126e-15 
8.9205586792150126e-15 
8.9205586792150126e-15 
8.9205586792150126e-15 
8.9205586792150126e-15 
8.9205586792150126e-15 
8.9205586792150126e-15 
8.9205586792150126e-15 
8.9205586792150126e-15 
8.9205586792150126e-15 
8.9205586792150126e-15 
8.9205586792150126e-15 
8.9205586792150126e-15 
8.9205586792150126e-15 
8.9205586792150126e-15 
8.9205586792150126e-15 
8.9205586792150126e-15 
8.9205586792150126e-15 
8.9205586792150126e-15 
8.9205586792150126e-15 
8.9205586792150126e-15 
8.9205586792150126e-15 
8.9205586792150126e-15 
8.9205586792150126e-15 
8.9205586792150126e-15 
8.9205586792150126e-15 
8.9205586792150126e-15 
8.9205586792150126e-15 
8.9205586792150126e-15 
8.9205586792150126e-15 
8.9205586792150126e-15 
8.9205586792150126e-15 
8.9205586792150126e-15 
8.9205586792150126e-15 
8.9205586792150126e-15 
8.9205586792150126e-15 
8.9205586792150126e-15 
8.9205586792150126e-15 
8.9205586792150126e-15 
8.9205586792150126e-15 
8.9205586792150126e-15 
8.9205586792150126e-15 
8.9205586792150126e-15 
8.9205586792150126e-15 
8.9205586792150126e-15 
8.9205586792150126e-15 
8.9205586792150126e-15 
8.9205586792150126e-15 
8.9205586792150126e-15 
8.9205586792150126e-15 
8.9205586792150126e-15 
8.9205586792150126e-15 
8.9205586792150126e-15 
8.9205586792150126e-15 
8.9205586792150126e-15 
8.9205586792150126e-15 
8.9205586792150126e-15 
8.9205586792150126e-15 
8.9205586792150126e-15 
8.9205586792150126e-15 
8.9205586792150126e-15 
8.9205586792150126e-15 
8.9205586792150126e-15 
8.9205586792150126e-15 
8.9205586792150126e-15 
8.9205586792150126e-15 
8.9205586792150126e-15 
8.9205586792150126e-15 
8.9205586792150126e-15 
8.9205586792150126e-15 
8.9205586792150126e-15 
8.9205586792150126e-15 
8.9205586792150126e-15 
8.9205586792150126e-15 
8.9205586792150126e-15 
8.9205586792150126e-15 
8.9205586792150126e-15 
8.9205586792150126e-15 
8.9205586792150126e-15 
8.9205586792150126e-15 
8.9205586792150126e-15 
8.9205586792150126e-15 
8.9205586792150126e-15 
8.9205586792150126e-15 
8.9205586792150126e-15 
8.9205586792150126e-15 
8.9205586792150126e-15 
8.9205586792150126e-15 
8.9205586792150126e-15 
8.9205586792150126e-15 
8.9205586792150126e-15 
8.9205586792150126e-15 
8.9205586792150126e-15 
8.9205586792150126e-15 
8.9205586792150126e-15 
8.9205586792150126e-15 
8.9205586792150126e-15 
8.9205586792150126e-15 
8.9205586792150126e-15 
8.9205586792150126e-15 
8.9205586792150126e-15 
8.9205586792150126e-15 
8.9205586792150126e-15 
8.9205586792150126e-15 
8.9205586792150126e-15 
8.9205586792150126e-15 
8.9205586792150126e-15 
8.9205586792150126e-15 
8.9205586792150126e-15 
8.9205586792150126e-15 
8.9205586792150126e-15 
8.9205586792150126e-15 
8.9205586792150126e-15 
8.9205586792150126e-15 
8.9205586792150126e-15 
8.9205586792150126e-15 
8.9205586792150126e-15 
8.9205586792150126e-15 
8.9205586792150126e-15 
8.9205586792150126e-15 
8.9205586792150126e-15 
8.9205586792150126e-15 
8.9205586792150126e-15 
8.9205586792150126e-15 
8.9205586792150126e-15 
8.9205586792150126e-15 
8.9205586792150126e-15 
8.9205586792150126e-15 
8.9205586792150126e-15 
8.9205586792150126e-15 
8.9205586792150126e-15 
8.9205586792150126e-15 
8.9205586792150126e-15 
8.9205586792150126e-15 
8.9205586792150126e-15 
8.9205586792150126e-15 
8.9205586792150126e-15 
8.9205586792150126e-15 
8.9205586792150126e-15 
8.9205586792150126e-15 
8.9205586792150126e-15 
8.9205586792150126e-15 
8.9205586792150126e-15 
8.9205586792150126e-15 
8.9205586792150126e-15 
8.9205586792150126e-15 
8.9205586792150126e-15 
8.9205586792150126e-15 
8.9205586792150126e-15 
8.9205586792150126e-15 
8.9205586792150126e-15 
8.9205586792150126e-15 
8.9205586792150126e-15 
8.9205586792150126e-15 
8.9205586792150126e-15 
8.9205586792150126e-15 
8.9205586792150126e-15 
8.9205586792150126e-15 
8.9205586792150126e-15 
8.9205586792150126e-15 
8.9205586792150126e-15 
8.9205586792150126e-15 
8.9205586792150126e-15 
8.9205586792150126e-15 
8.9205586792150126e-15 
8.9205586792150126e-15 
8.9205586792150126e-15 
8.9205586792150126e-15 
8.9205586792150126e-15 
8.9205586792150126e-15 
8.9205586792150126e-15 
8.9205586792150126e-15 
8.9205586792150126e-15 
8.9205586792150126e-15 
8.9205586792150126e-15 
8.9205586792150126e-15 
8.9205586792150126e-15 
8.9205586792150126e-15 
8.9205586792150126e-15 
8.9205586792150126e-15 
8.9205586792150126e-15 
8.9205586792150126e-15 
8.9205586792150126e-15 
8.9205586792150126e-15 
8.9205586792150126e-15 
8.9205586792150126e-15 
8.9205586792150126e-15 
8.9205586792150126e-15 
8.9205586792150126e-15 
8.9205586792150126e-15 
8.9205586792150126e-15 
8.9205586792150126e-15 
8.9205586792150126e-15 
8.9205586792150126e-15 
8.9205586792150126e-15 
8.9205586792150126e-15 
8.9205586792150126e-15 
8.9205586792150126e-15 
8.9205586792150126e-15 
8.9205586792150126e-15 
8.9205586792150126e-15 
8.9205586792150126e-15 
8.9205586792150126e-15 
8.9205586792150126e-15 
8.9205586792150126e-15 
8.9205586792150126e-15 
8.9205586792150126e-15 
8.9205586792150126e-15 
8.9205586792150126e-15 
8.9205586792150126e-15 
8.9205586792150126e-15 
8.9205586792150126e-15 
8.9205586792150126e-15 
8.9205586792150126e-15 
8.9205586792150126e-15 
8.9205586792150126e-15 
8.9205586792150126e-15 
8.9205586792150126e-15 
8.9205586792150126e-15 
8.9205586792150126e-15 
8.9205586792150126e-15 
8.9205586792150126e-15 
8.9205586792150126e-15 
8.9205586792150126e-15 
8.9205586792150126e-15 
8.9205586792150126e-15 
8.9205586792150126e-15 
8.9205586792150126e-15 
8.9205586792150126e-15 
8.9205586792150126e-15 
8.9205586792150126e-15 
8.9205586792150126e-15 
8.9205586792150126e-15 
8.9205586792150126e-15 
8.9205586792150126e-15 
8.9205586792150126e-15 
8.9205586792150126e-15 
8.9205586792150126e-15 
8.9205586792150126e-15 
8.9205586792150126e-15 
8.9205586792150126e-15 
8.9205586792150126e-15 
8.9205586792150126e-15 
8.9205586792150126e-15 
8.9205586792150126e-15 
8.9205586792150126e-15 
8.9205586792150126e-15 
8.9205586792150126e-15 
8.9205586792150126e-15 
8.9205586792150126e-15 
8.9205586792150126e-15 
8.9205586792150126e-15 
8.9205586792150126e-15 
8.9205586792150126e-15 
8.9205586792150126e-15 
8.9205586792150126e-15 
8.9205586792150126e-15 
8.9205586792150126e-15 
8.9205586792150126e-15 
8.9205586792150126e-15 
8.9205586792150126e-15 
8.9205586792150126e-15 
8.9205586792150126e-15 
8.9205586792150126e-15 
8.9205586792150126e-15 
8.9205586792150126e-15 
8.9205586792150126e-15 
8.9205586792150126e-15 
8.9205586792150126e-15 
8.9205586792150126e-15 
8.9205586792150126e-15 
8.9205586792150126e-15 
8.9205586792150126e-15 
8.9205586792150126e-15 
8.9205586792150126e-15 
8.9205586792150126e-15 
8.9205586792150126e-15 
8.9205586792150126e-15 
8.9205586792150126e-15 
8.9205586792150126e-15 
8.9205586792150126e-15 
8.9205586792150126e-15 
8.9205586792150126e-15 
8.9205586792150126e-15 
8.9205586792150126e-15 
8.9205586792150126e-15 
8.9205586792150126e-15 
8.9205586792150126e-15 
8.9205586792150126e-15 
8.9205586792150126e-15 
8.9205586792150126e-15 
8.9205586792150126e-15 
8.9205586792150126e-15 
8.9205586792150126e-15 
8.9205586792150126e-15 
8.9205586792150126e-15 
8.9205586792150126e-15 
8.9205586792150126e-15 
8.9205586792150126e-15 
8.9205586792150126e-15 
8.9205586792150126e-15 
8.9205586792150126e-15 
8.9205586792150126e-15 
8.9205586792150126e-15 
8.9205586792150126e-15 
8.9205586792150126e-15 
8.9205586792150126e-15 
8.9205586792150126e-15 
8.9205586792150126e-15 
8.9205586792150126e-15 
8.9205586792150126e-15 
8.9205586792150126e-15 
8.9205586792150126e-15 
8.9205586792150126e-15 
8.9205586792150126e-15 
8.9205586792150126e-15 
8.9205586792150126e-15 
8.9205586792150126e-15 
8.9205586792150126e-15 
8.9205586792150126e-15 
8.9205586792150126e-15 
8.9205586792150126e-15 
8.9205586792150126e-15 
8.9205586792150126e-15 
8.9205586792150126e-15 
8.9205586792150126e-15 
8.9205586792150126e-15 
8.9205586792150126e-15 
8.9205586792150126e-15 
8.9205586792150126e-15 
8.9205586792150126e-15 
8.9205586792150126e-15 
8.9205586792150126e-15 
8.9205586792150126e-15 
8.9205586792150126e-15 
8.9205586792150126e-15 
8.9205586792150126e-15 
8.9205586792150126e-15 
8.9205586792150126e-15 
8.9205586792150126e-15 
8.9205586792150126e-15 
8.9205586792150126e-15 
8.9205586792150126e-15 
8.9205586792150126e-15 
8.9205586792150126e-15 
8.9205586792150126e-15 
8.9205586792150126e-15 
8.9205586792150126e-15 
8.9205586792150126e-15 
8.9205586792150126e-15 
8.9205586792150126e-15 
8.9205586792150126e-15 
8.9205586792150126e-15 
8.9205586792150126e-15 
8.9205586792150126e-15 
8.9205586792150126e-15 
8.9205586792150126e-15 
8.9205586792150126e-15 
8.9205586792150126e-15 
8.9205586792150126e-15 
8.9205586792150126e-15 
8.9205586792150126e-15 
8.9205586792150126e-15 
8.9205586792150126e-15 
8.9205586792150126e-15 
8.9205586792150126e-15 
8.9205586792150126e-15 
8.9205586792150126e-15 
8.9205586792150126e-15 
8.9205586792150126e-15 
8.9205586792150126e-15 
8.9205586792150126e-15 
8.9205586792150126e-15 
8.9205586792150126e-15 
8.9205586792150126e-15 
8.9205586792150126e-15 
8.9205586792150126e-15 
8.9205586792150126e-15 
8.9205586792150126e-15 
8.9205586792150126e-15 
8.9205586792150126e-15 
8.9205586792150126e-15 
8.9205586792150126e-15 
8.9205586792150126e-15 
8.9205586792150126e-15 
8.9205586792150126e-15 
8.9205586792150126e-15 
8.9205586792150126e-15 
8.9205586792150126e-15 
8.9205586792150126e-15 
8.9205586792150126e-15 
8.9205586792150126e-15 
8.9205586792150126e-15 
8.9205586792150126e-15 
8.9205586792150126e-15 
8.9205586792150126e-15 
8.9205586792150126e-15 
8.9205586792150126e-15 
8.9205586792150126e-15 
8.9205586792150126e-15 
8.9205586792150126e-15 
8.9205586792150126e-15 
8.9205586792150126e-15 
8.9205586792150126e-15 
8.9205586792150126e-15 
8.9205586792150126e-15 
8.9205586792150126e-15 
8.9205586792150126e-15 
8.9205586792150126e-15 
8.9205586792150126e-15 
8.9205586792150126e-15 
8.9205586792150126e-15 
8.9205586792150126e-15 
8.9205586792150126e-15 
8.9205586792150126e-15 
8.9205586792150126e-15 
8.9205586792150126e-15 
8.9205586792150126e-15 
8.9205586792150126e-15 
8.9205586792150126e-15 
8.9205586792150126e-15 
8.9205586792150126e-15 
8.9205586792150126e-15 
8.9205586792150126e-15 
8.9205586792150126e-15 
8.9205586792150126e-15 
8.9205586792150126e-15 
8.9205586792150126e-15 
8.9205586792150126e-15 
8.9205586792150126e-15 
8.9205586792150126e-15 
8.9205586792150126e-15 
8.9205586792150126e-15 
8.9205586792150126e-15 
8.9205586792150126e-15 
8.9205586792150126e-15 
8.9205586792150126e-15 
8.9205586792150126e-15 
8.9205586792150126e-15 
8.9205586792150126e-15 
8.9205586792150126e-15 
8.9205586792150126e-15 
8.9205586792150126e-15 
8.9205586792150126e-15 
8.9205586792150126e-15 
8.9205586792150126e-15 
8.9205586792150126e-15 
8.9205586792150126e-15 
8.9205586792150126e-15 
8.9205586792150126e-15 
8.9205586792150126e-15 
8.9205586792150126e-15 
8.9205586792150126e-15 
8.9205586792150126e-15 
8.9205586792150126e-15 
8.9205586792150126e-15 
8.9205586792150126e-15 
8.9205586792150126e-15 
8.9205586792150126e-15 
8.9205586792150126e-15 
8.9205586792150126e-15 
8.9205586792150126e-15 
8.9205586792150126e-15 
8.9205586792150126e-15 
8.9205586792150126e-15 
8.9205586792150126e-15 
8.9205586792150126e-15 
8.9205586792150126e-15 
8.9205586792150126e-15 
8.9205586792150126e-15 
8.9205586792150126e-15 
8.9205586792150126e-15 
8.9205586792150126e-15 
8.9205586792150126e-15 
8.9205586792150126e-15 
8.9205586792150126e-15 
8.9205586792150126e-15 
8.9205586792150126e-15 
8.9205586792150126e-15 
8.9205586792150126e-15 
8.9205586792150126e-15 
8.9205586792150126e-15 
8.9205586792150126e-15 
8.9205586792150126e-15 
8.9205586792150126e-15 
8.9205586792150126e-15 
8.9205586792150126e-15 
8.9205586792150126e-15 
8.9205586792150126e-15 
8.9205586792150126e-15 
8.9205586792150126e-15 
8.9205586792150126e-15 
8.9205586792150126e-15 
8.9205586792150126e-15 
8.9205586792150126e-15 
8.9205586792150126e-15 
8.9205586792150126e-15 
8.9205586792150126e-15 
8.9205586792150126e-15 
8.9205586792150126e-15 
8.9205586792150126e-15 
8.9205586792150126e-15 
8.9205586792150126e-15 
8.9205586792150126e-15 
8.9205586792150126e-15 
8.9205586792150126e-15 
8.9205586792150126e-15 
8.9205586792150126e-15 
8.9205586792150126e-15 
8.9205586792150126e-15 
8.9205586792150126e-15 
8.9205586792150126e-15 
8.9205586792150126e-15 
8.9205586792150126e-15 
8.9205586792150126e-15 
8.9205586792150126e-15 
8.9205586792150126e-15 
8.9205586792150126e-15 
8.9205586792150126e-15 
8.9205586792150126e-15 
8.9205586792150126e-15 
8.9205586792150126e-15 
8.9205586792150126e-15 
8.9205586792150126e-15 
8.9205586792150126e-15 
8.9205586792150126e-15 
8.9205586792150126e-15 
8.9205586792150126e-15 
8.9205586792150126e-15 
8.9205586792150126e-15 
8.9205586792150126e-15 
8.9205586792150126e-15 
8.9205586792150126e-15 
