0.10748719384100225 
0.10748719384100225 
0.10748719384100225 
0.10037383038810688 
0.079022314326365972 
0.060142869678468602 
0.043779115082623665 
0.029968850550758375 
0.018743963687394394 
0.010130350578052116 
0.0041478515435316998 
0.00081020191952541065 
0.00012499798372067605 
0.00012499798372067605 
0.00012499798372067605 
0.00012499798372067605 
5.3523873124516896e-05 
5.3523873124516896e-05 
5.3523873124516896e-05 
5.3523873124516896e-05 
5.3523873124516896e-05 
8.9885736583861231e-06 
8.9885736583861231e-06 
8.9885736583861231e-06 
8.9885736583861231e-06 
8.9885736583861231e-06 
8.9885736583861231e-06 
8.9885736583861231e-06 
8.9885736583861231e-06 
8.9885736583861231e-06 
8.9885736583861231e-06 
8.9885736583861231e-06 
5.3169924035811889e-06 
5.3169924035811889e-06 
5.3169924035811889e-06 
5.3169924035811889e-06 
5.3169924035811889e-06 
5.3169924035811889e-06 
5.3169924035811889e-06 
5.3169924035811889e-06 
5.3169924035811889e-06 
1.0483155717944115e-06 
1.0483155717944115e-06 
1.0483155717944115e-06 
1.0483155717944115e-06 
1.0483155717944115e-06 
1.0483155717944115e-06 
1.0483155717944115e-06 
1.0483155717944115e-06 
1.0483155717944115e-06 
1.0483155717944115e-06 
1.0483155717944115e-06 
1.0483155717944115e-06 
1.0483155717944115e-06 
1.0483155717944115e-06 
1.0483155717944115e-06 
1.0483155717944115e-06 
1.0483155717944115e-06 
5.696507755503788e-07 
5.696507755503788e-07 
5.696507755503788e-07 
5.696507755503788e-07 
5.696507755503788e-07 
5.696507755503788e-07 
5.696507755503788e-07 
5.696507755503788e-07 
5.696507755503788e-07 
5.696507755503788e-07 
5.696507755503788e-07 
5.696507755503788e-07 
5.696507755503788e-07 
5.696507755503788e-07 
5.5532427167825915e-07 
5.5532427167825915e-07 
5.5532427167825915e-07 
5.5532427167825915e-07 
5.5532427167825915e-07 
5.5532427167825915e-07 
5.5532427167825915e-07 
4.4735829296538299e-07 
4.4735829296538299e-07 
4.4735829296538299e-07 
4.4735829296538299e-07 
4.4735829296538299e-07 
4.4735829296538299e-07 
4.4735829296538299e-07 
4.4735829296538299e-07 
4.4735829296538299e-07 
4.4735829296538299e-07 
4.4735829296538299e-07 
4.4735829296538299e-07 
4.4735829296538299e-07 
4.4735829296538299e-07 
4.4735829296538299e-07 
4.4735829296538299e-07 
4.4735829296538299e-07 
4.4735829296538299e-07 
4.4735829296538299e-07 
4.4735829296538299e-07 
4.4735829296538299e-07 
4.4735829296538299e-07 
4.4140249044755109e-07 
4.4140249044755109e-07 
4.4140249044755109e-07 
4.4140249044755109e-07 
4.4140249044755109e-07 
4.4140249044755109e-07 
4.4140249044755109e-07 
4.4140249044755109e-07 
4.4140249044755109e-07 
4.4140249044755109e-07 
4.4140249044755109e-07 
3.3631080575968753e-07 
3.3631080575968753e-07 
3.3631080575968753e-07 
3.3631080575968753e-07 
3.3631080575968753e-07 
3.3631080575968753e-07 
3.3631080575968753e-07 
3.3631080575968753e-07 
3.3631080575968753e-07 
3.3631080575968753e-07 
3.3631080575968753e-07 
3.3631080575968753e-07 
3.3631080575968753e-07 
3.3631080575968753e-07 
3.3631080575968753e-07 
6.845186517612234e-08 
6.845186517612234e-08 
6.845186517612234e-08 
3.0992398980522751e-08 
3.0992398980522751e-08 
3.0992398980522751e-08 
3.0992398980522751e-08 
3.0992398980522751e-08 
3.0992398980522751e-08 
3.0992398980522751e-08 
3.0992398980522751e-08 
3.0992398980522751e-08 
3.0992398980522751e-08 
3.0992398980522751e-08 
3.0992398980522751e-08 
3.0992398980522751e-08 
3.0992398980522751e-08 
3.0992398980522751e-08 
3.0992398980522751e-08 
7.3693812163710959e-09 
7.3693812163710959e-09 
7.3693812163710959e-09 
7.3693812163710959e-09 
7.3693812163710959e-09 
7.3693812163710959e-09 
7.3693812163710959e-09 
7.3693812163710959e-09 
7.3693812163710959e-09 
7.3693812163710959e-09 
7.3693812163710959e-09 
7.3693812163710959e-09 
7.3693812163710959e-09 
7.3693812163710959e-09 
7.3693812163710959e-09 
7.3693812163710959e-09 
7.3693812163710959e-09 
7.3693812163710959e-09 
7.3693812163710959e-09 
7.3693812163710959e-09 
7.3693812163710959e-09 
7.3693812163710959e-09 
7.3693812163710959e-09 
7.3693812163710959e-09 
7.3693812163710959e-09 
7.3693812163710959e-09 
7.3693812163710959e-09 
7.3693812163710959e-09 
7.3693812163710959e-09 
7.3693812163710959e-09 
7.3693812163710959e-09 
7.3693812163710959e-09 
7.3693812163710959e-09 
7.3693812163710959e-09 
7.3693812163710959e-09 
7.3693812163710959e-09 
7.3693812163710959e-09 
7.3693812163710959e-09 
7.3693812163710959e-09 
7.3693812163710959e-09 
7.3693812163710959e-09 
7.3693812163710959e-09 
7.3693812163710959e-09 
7.3693812163710959e-09 
7.3693812163710959e-09 
7.3693812163710959e-09 
7.3693812163710959e-09 
7.3693812163710959e-09 
7.3693812163710959e-09 
7.3693812163710959e-09 
7.3693812163710959e-09 
7.3693812163710959e-09 
7.3693812163710959e-09 
7.3693812163710959e-09 
7.3693812163710959e-09 
7.3693812163710959e-09 
7.3693812163710959e-09 
7.3693812163710959e-09 
7.3693812163710959e-09 
7.3693812163710959e-09 
7.3693812163710959e-09 
7.3693812163710959e-09 
7.3693812163710959e-09 
7.3693812163710959e-09 
7.3693812163710959e-09 
7.3693812163710959e-09 
7.3693812163710959e-09 
7.3693812163710959e-09 
7.3693812163710959e-09 
7.3693812163710959e-09 
7.3693812163710959e-09 
7.3693812163710959e-09 
7.3693812163710959e-09 
7.3693812163710959e-09 
7.3693812163710959e-09 
7.3693812163710959e-09 
7.3693812163710959e-09 
7.3693812163710959e-09 
7.3693812163710959e-09 
7.3693812163710959e-09 
7.3693812163710959e-09 
7.3693812163710959e-09 
7.3693812163710959e-09 
7.3693812163710959e-09 
7.3693812163710959e-09 
7.3693812163710959e-09 
7.3693812163710959e-09 
7.3693812163710959e-09 
7.3693812163710959e-09 
7.3693812163710959e-09 
7.3693812163710959e-09 
7.3693812163710959e-09 
7.3693812163710959e-09 
7.3693812163710959e-09 
7.3693812163710959e-09 
7.3693812163710959e-09 
7.3693812163710959e-09 
6.7864602826261944e-12 
6.7864602826261944e-12 
6.7864602826261944e-12 
6.7864602826261944e-12 
6.7864602826261944e-12 
6.7864602826261944e-12 
6.7864602826261944e-12 
6.7864602826261944e-12 
6.7864602826261944e-12 
6.7864602826261944e-12 
6.7864602826261944e-12 
6.7864602826261944e-12 
6.7864602826261944e-12 
6.7864602826261944e-12 
6.7864602826261944e-12 
6.7864602826261944e-12 
6.7864602826261944e-12 
6.7864602826261944e-12 
6.7864602826261944e-12 
6.7864602826261944e-12 
6.7864602826261944e-12 
6.7864602826261944e-12 
6.7864602826261944e-12 
6.7864602826261944e-12 
6.7864602826261944e-12 
6.7864602826261944e-12 
6.7864602826261944e-12 
6.7864602826261944e-12 
6.7864602826261944e-12 
6.7864602826261944e-12 
6.7864602826261944e-12 
6.7864602826261944e-12 
6.7864602826261944e-12 
6.7864602826261944e-12 
6.7864602826261944e-12 
6.7864602826261944e-12 
6.7864602826261944e-12 
6.7864602826261944e-12 
6.7864602826261944e-12 
6.7864602826261944e-12 
6.7864602826261944e-12 
6.7864602826261944e-12 
6.7864602826261944e-12 
6.7864602826261944e-12 
6.7864602826261944e-12 
6.7864602826261944e-12 
6.7864602826261944e-12 
6.7864602826261944e-12 
6.7864602826261944e-12 
6.7864602826261944e-12 
6.7864602826261944e-12 
6.7864602826261944e-12 
6.7864602826261944e-12 
6.7864602826261944e-12 
6.7864602826261944e-12 
6.7864602826261944e-12 
6.7864602826261944e-12 
6.7864602826261944e-12 
6.7864602826261944e-12 
6.7864602826261944e-12 
6.7864602826261944e-12 
6.7864602826261944e-12 
6.7864602826261944e-12 
6.7864602826261944e-12 
6.7864602826261944e-12 
6.7864602826261944e-12 
6.7864602826261944e-12 
6.7864602826261944e-12 
6.7864602826261944e-12 
6.7864602826261944e-12 
6.7864602826261944e-12 
6.7864602826261944e-12 
6.7864602826261944e-12 
6.7864602826261944e-12 
6.7864602826261944e-12 
6.7864602826261944e-12 
6.7864602826261944e-12 
6.7864602826261944e-12 
6.7864602826261944e-12 
6.7864602826261944e-12 
6.7864602826261944e-12 
6.7864602826261944e-12 
6.7864602826261944e-12 
6.7864602826261944e-12 
6.7864602826261944e-12 
6.7864602826261944e-12 
6.7864602826261944e-12 
6.7864602826261944e-12 
6.7864602826261944e-12 
6.7864602826261944e-12 
6.7864602826261944e-12 
6.7864602826261944e-12 
6.7864602826261944e-12 
6.7864602826261944e-12 
6.7864602826261944e-12 
6.7864602826261944e-12 
6.7864602826261944e-12 
6.7864602826261944e-12 
6.7864602826261944e-12 
6.7864602826261944e-12 
6.7864602826261944e-12 
6.7864602826261944e-12 
6.7864602826261944e-12 
6.7864602826261944e-12 
6.7864602826261944e-12 
6.7864602826261944e-12 
6.7864602826261944e-12 
6.7864602826261944e-12 
6.7864602826261944e-12 
6.7864602826261944e-12 
6.7864602826261944e-12 
6.7864602826261944e-12 
6.7864602826261944e-12 
6.7864602826261944e-12 
6.7864602826261944e-12 
6.7864602826261944e-12 
6.7864602826261944e-12 
6.7864602826261944e-12 
6.7864602826261944e-12 
6.7864602826261944e-12 
6.7864602826261944e-12 
6.7864602826261944e-12 
6.7864602826261944e-12 
6.7864602826261944e-12 
6.7864602826261944e-12 
6.7864602826261944e-12 
6.7864602826261944e-12 
6.7864602826261944e-12 
6.7864602826261944e-12 
6.7864602826261944e-12 
6.7864602826261944e-12 
6.7864602826261944e-12 
6.7864602826261944e-12 
6.7864602826261944e-12 
6.7864602826261944e-12 
6.7864602826261944e-12 
6.7864602826261944e-12 
6.7864602826261944e-12 
6.7864602826261944e-12 
6.7864602826261944e-12 
6.7864602826261944e-12 
6.7864602826261944e-12 
6.7864602826261944e-12 
6.7864602826261944e-12 
6.7864602826261944e-12 
6.7864602826261944e-12 
6.7864602826261944e-12 
6.7864602826261944e-12 
6.7864602826261944e-12 
6.7864602826261944e-12 
6.7864602826261944e-12 
6.7864602826261944e-12 
6.7864602826261944e-12 
6.7864602826261944e-12 
6.7864602826261944e-12 
6.7864602826261944e-12 
6.7864602826261944e-12 
6.7864602826261944e-12 
6.7864602826261944e-12 
6.7864602826261944e-12 
6.7864602826261944e-12 
6.7864602826261944e-12 
6.7864602826261944e-12 
6.7864602826261944e-12 
6.7864602826261944e-12 
6.7864602826261944e-12 
6.7864602826261944e-12 
6.7864602826261944e-12 
6.7864602826261944e-12 
6.7864602826261944e-12 
6.7864602826261944e-12 
6.7864602826261944e-12 
6.7864602826261944e-12 
6.7864602826261944e-12 
6.7864602826261944e-12 
6.7864602826261944e-12 
6.7864602826261944e-12 
6.7864602826261944e-12 
6.7864602826261944e-12 
6.7864602826261944e-12 
6.7864602826261944e-12 
6.7864602826261944e-12 
6.7864602826261944e-12 
6.7864602826261944e-12 
6.7864602826261944e-12 
6.7864602826261944e-12 
6.7864602826261944e-12 
6.7864602826261944e-12 
6.7864602826261944e-12 
6.7864602826261944e-12 
6.7864602826261944e-12 
6.7864602826261944e-12 
6.7864602826261944e-12 
6.7864602826261944e-12 
6.7864602826261944e-12 
6.7864602826261944e-12 
6.7864602826261944e-12 
6.7864602826261944e-12 
6.7864602826261944e-12 
6.7864602826261944e-12 
6.7864602826261944e-12 
6.7864602826261944e-12 
6.7864602826261944e-12 
6.7864602826261944e-12 
6.7864602826261944e-12 
6.7864602826261944e-12 
6.7864602826261944e-12 
6.7864602826261944e-12 
6.7864602826261944e-12 
6.7864602826261944e-12 
6.7864602826261944e-12 
6.7864602826261944e-12 
6.7864602826261944e-12 
6.7864602826261944e-12 
6.7864602826261944e-12 
6.7864602826261944e-12 
6.7864602826261944e-12 
6.7864602826261944e-12 
6.7864602826261944e-12 
6.7864602826261944e-12 
6.7864602826261944e-12 
6.7864602826261944e-12 
6.7864602826261944e-12 
6.7864602826261944e-12 
6.7864602826261944e-12 
6.7864602826261944e-12 
6.7864602826261944e-12 
6.7864602826261944e-12 
6.7864602826261944e-12 
6.7864602826261944e-12 
6.7864602826261944e-12 
6.7864602826261944e-12 
6.7864602826261944e-12 
6.7864602826261944e-12 
6.7864602826261944e-12 
6.7864602826261944e-12 
6.7864602826261944e-12 
6.7864602826261944e-12 
6.7864602826261944e-12 
6.7864602826261944e-12 
6.7864602826261944e-12 
6.7864602826261944e-12 
6.7864602826261944e-12 
6.7864602826261944e-12 
6.7864602826261944e-12 
6.7864602826261944e-12 
6.7864602826261944e-12 
6.7864602826261944e-12 
6.7864602826261944e-12 
6.7864602826261944e-12 
6.7864602826261944e-12 
6.7864602826261944e-12 
6.7864602826261944e-12 
6.7864602826261944e-12 
6.7864602826261944e-12 
6.7864602826261944e-12 
6.7864602826261944e-12 
6.7864602826261944e-12 
6.7864602826261944e-12 
6.7864602826261944e-12 
6.7864602826261944e-12 
6.7864602826261944e-12 
6.7864602826261944e-12 
6.7864602826261944e-12 
6.7864602826261944e-12 
6.7864602826261944e-12 
6.7864602826261944e-12 
6.7864602826261944e-12 
6.7864602826261944e-12 
6.7864602826261944e-12 
6.7864602826261944e-12 
6.7864602826261944e-12 
6.7864602826261944e-12 
6.7864602826261944e-12 
6.7864602826261944e-12 
6.7864602826261944e-12 
6.7864602826261944e-12 
6.7864602826261944e-12 
6.7864602826261944e-12 
6.7864602826261944e-12 
6.7864602826261944e-12 
6.7864602826261944e-12 
6.7864602826261944e-12 
6.7864602826261944e-12 
6.7864602826261944e-12 
6.7864602826261944e-12 
6.7864602826261944e-12 
6.7864602826261944e-12 
6.7864602826261944e-12 
6.7864602826261944e-12 
6.7864602826261944e-12 
6.7864602826261944e-12 
6.7864602826261944e-12 
6.7864602826261944e-12 
6.7864602826261944e-12 
6.7864602826261944e-12 
6.7864602826261944e-12 
6.7864602826261944e-12 
6.7864602826261944e-12 
6.7864602826261944e-12 
6.7864602826261944e-12 
6.7864602826261944e-12 
6.7864602826261944e-12 
6.7864602826261944e-12 
6.7864602826261944e-12 
6.7864602826261944e-12 
6.7864602826261944e-12 
6.7864602826261944e-12 
6.7864602826261944e-12 
6.7864602826261944e-12 
6.7864602826261944e-12 
6.7864602826261944e-12 
6.7864602826261944e-12 
6.7864602826261944e-12 
6.7864602826261944e-12 
6.7864602826261944e-12 
6.7864602826261944e-12 
6.7864602826261944e-12 
6.7864602826261944e-12 
6.7864602826261944e-12 
6.7864602826261944e-12 
6.7864602826261944e-12 
6.7864602826261944e-12 
6.7864602826261944e-12 
6.7864602826261944e-12 
6.7864602826261944e-12 
6.7864602826261944e-12 
6.7864602826261944e-12 
6.7864602826261944e-12 
6.7864602826261944e-12 
6.7864602826261944e-12 
6.7864602826261944e-12 
6.7864602826261944e-12 
6.7864602826261944e-12 
6.7864602826261944e-12 
6.7864602826261944e-12 
6.7864602826261944e-12 
6.7864602826261944e-12 
6.7864602826261944e-12 
6.7864602826261944e-12 
6.7864602826261944e-12 
6.7864602826261944e-12 
6.7864602826261944e-12 
6.7864602826261944e-12 
6.7864602826261944e-12 
6.7864602826261944e-12 
6.7864602826261944e-12 
6.7864602826261944e-12 
6.7864602826261944e-12 
6.7864602826261944e-12 
6.7864602826261944e-12 
6.7864602826261944e-12 
6.7864602826261944e-12 
6.7864602826261944e-12 
6.7864602826261944e-12 
6.7864602826261944e-12 
6.7864602826261944e-12 
6.7864602826261944e-12 
6.7864602826261944e-12 
6.7864602826261944e-12 
6.7864602826261944e-12 
6.7864602826261944e-12 
6.7864602826261944e-12 
6.7864602826261944e-12 
6.7864602826261944e-12 
6.7864602826261944e-12 
6.7864602826261944e-12 
6.7864602826261944e-12 
6.7864602826261944e-12 
6.7864602826261944e-12 
6.7864602826261944e-12 
6.7864602826261944e-12 
6.7864602826261944e-12 
6.7864602826261944e-12 
6.7864602826261944e-12 
6.7864602826261944e-12 
6.7864602826261944e-12 
6.7864602826261944e-12 
6.7864602826261944e-12 
6.7864602826261944e-12 
6.7864602826261944e-12 
6.7864602826261944e-12 
6.7864602826261944e-12 
6.7864602826261944e-12 
6.7864602826261944e-12 
6.7864602826261944e-12 
6.7864602826261944e-12 
6.7864602826261944e-12 
6.7864602826261944e-12 
6.7864602826261944e-12 
6.7864602826261944e-12 
6.7864602826261944e-12 
6.7864602826261944e-12 
6.7864602826261944e-12 
6.7864602826261944e-12 
6.7864602826261944e-12 
6.7864602826261944e-12 
6.7864602826261944e-12 
6.7864602826261944e-12 
6.7864602826261944e-12 
6.7864602826261944e-12 
6.7864602826261944e-12 
6.7864602826261944e-12 
6.7864602826261944e-12 
6.7864602826261944e-12 
6.7864602826261944e-12 
6.7864602826261944e-12 
6.7864602826261944e-12 
6.7864602826261944e-12 
6.7864602826261944e-12 
6.7864602826261944e-12 
6.7864602826261944e-12 
6.7864602826261944e-12 
6.7864602826261944e-12 
6.7864602826261944e-12 
6.7864602826261944e-12 
6.7864602826261944e-12 
6.7864602826261944e-12 
6.7864602826261944e-12 
6.7864602826261944e-12 
6.7864602826261944e-12 
6.7864602826261944e-12 
6.7864602826261944e-12 
6.7864602826261944e-12 
6.7864602826261944e-12 
6.7864602826261944e-12 
6.7864602826261944e-12 
6.7864602826261944e-12 
6.7864602826261944e-12 
6.7864602826261944e-12 
6.7864602826261944e-12 
6.7864602826261944e-12 
6.7864602826261944e-12 
6.7864602826261944e-12 
6.7864602826261944e-12 
6.7864602826261944e-12 
6.7864602826261944e-12 
6.7864602826261944e-12 
6.7864602826261944e-12 
6.7864602826261944e-12 
6.7864602826261944e-12 
6.7864602826261944e-12 
6.7864602826261944e-12 
6.7864602826261944e-12 
6.7864602826261944e-12 
6.7864602826261944e-12 
6.7864602826261944e-12 
6.7864602826261944e-12 
6.7864602826261944e-12 
6.7864602826261944e-12 
6.7864602826261944e-12 
6.7864602826261944e-12 
6.7864602826261944e-12 
6.7864602826261944e-12 
6.7864602826261944e-12 
6.7864602826261944e-12 
6.7864602826261944e-12 
6.7864602826261944e-12 
6.7864602826261944e-12 
6.7864602826261944e-12 
6.7864602826261944e-12 
6.7864602826261944e-12 
6.7864602826261944e-12 
6.7864602826261944e-12 
6.7864602826261944e-12 
6.7864602826261944e-12 
6.7864602826261944e-12 
6.7864602826261944e-12 
6.7864602826261944e-12 
6.7864602826261944e-12 
6.7864602826261944e-12 
6.7864602826261944e-12 
6.7864602826261944e-12 
6.7864602826261944e-12 
6.7864602826261944e-12 
6.7864602826261944e-12 
6.7864602826261944e-12 
6.7864602826261944e-12 
6.7864602826261944e-12 
6.7864602826261944e-12 
6.7864602826261944e-12 
6.7864602826261944e-12 
6.7864602826261944e-12 
6.7864602826261944e-12 
6.7864602826261944e-12 
6.7864602826261944e-12 
6.7864602826261944e-12 
6.7864602826261944e-12 
6.7864602826261944e-12 
6.7864602826261944e-12 
6.7864602826261944e-12 
6.7864602826261944e-12 
6.7864602826261944e-12 
6.7864602826261944e-12 
6.7864602826261944e-12 
6.7864602826261944e-12 
6.7864602826261944e-12 
6.7864602826261944e-12 
6.7864602826261944e-12 
6.7864602826261944e-12 
6.7864602826261944e-12 
6.7864602826261944e-12 
6.7864602826261944e-12 
6.7864602826261944e-12 
6.7864602826261944e-12 
6.7864602826261944e-12 
6.7864602826261944e-12 
6.7864602826261944e-12 
6.7864602826261944e-12 
6.7864602826261944e-12 
6.7864602826261944e-12 
6.7864602826261944e-12 
6.7864602826261944e-12 
6.7864602826261944e-12 
6.7864602826261944e-12 
6.7864602826261944e-12 
6.7864602826261944e-12 
6.7864602826261944e-12 
6.7864602826261944e-12 
6.7864602826261944e-12 
6.7864602826261944e-12 
6.7864602826261944e-12 
6.7864602826261944e-12 
6.7864602826261944e-12 
6.7864602826261944e-12 
6.7864602826261944e-12 
6.7864602826261944e-12 
6.7864602826261944e-12 
6.7864602826261944e-12 
6.7864602826261944e-12 
6.7864602826261944e-12 
6.7864602826261944e-12 
6.7864602826261944e-12 
6.7864602826261944e-12 
6.7864602826261944e-12 
6.7864602826261944e-12 
6.7864602826261944e-12 
6.7864602826261944e-12 
6.7864602826261944e-12 
6.7864602826261944e-12 
6.7864602826261944e-12 
6.7864602826261944e-12 
6.7864602826261944e-12 
6.7864602826261944e-12 
6.7864602826261944e-12 
6.7864602826261944e-12 
6.7864602826261944e-12 
6.7864602826261944e-12 
6.7864602826261944e-12 
6.7864602826261944e-12 
6.7864602826261944e-12 
6.7864602826261944e-12 
6.7864602826261944e-12 
6.7864602826261944e-12 
6.7864602826261944e-12 
6.7864602826261944e-12 
6.7864602826261944e-12 
6.7864602826261944e-12 
6.7864602826261944e-12 
6.7864602826261944e-12 
6.7864602826261944e-12 
6.7864602826261944e-12 
6.7864602826261944e-12 
6.7864602826261944e-12 
6.7864602826261944e-12 
6.7864602826261944e-12 
6.7864602826261944e-12 
6.7864602826261944e-12 
6.7864602826261944e-12 
6.7864602826261944e-12 
6.7864602826261944e-12 
6.7864602826261944e-12 
6.7864602826261944e-12 
6.7864602826261944e-12 
6.7864602826261944e-12 
6.7864602826261944e-12 
6.7864602826261944e-12 
6.7864602826261944e-12 
6.7864602826261944e-12 
6.7864602826261944e-12 
6.7864602826261944e-12 
6.7864602826261944e-12 
6.7864602826261944e-12 
6.7864602826261944e-12 
6.7864602826261944e-12 
6.7864602826261944e-12 
6.7864602826261944e-12 
6.7864602826261944e-12 
6.7864602826261944e-12 
6.7864602826261944e-12 
6.7864602826261944e-12 
6.7864602826261944e-12 
6.7864602826261944e-12 
6.7864602826261944e-12 
6.7864602826261944e-12 
6.7864602826261944e-12 
6.7864602826261944e-12 
6.7864602826261944e-12 
6.7864602826261944e-12 
6.7864602826261944e-12 
6.7864602826261944e-12 
6.7864602826261944e-12 
6.7864602826261944e-12 
6.7864602826261944e-12 
6.7864602826261944e-12 
6.7864602826261944e-12 
6.7864602826261944e-12 
6.7864602826261944e-12 
6.7864602826261944e-12 
6.7864602826261944e-12 
6.7864602826261944e-12 
6.7864602826261944e-12 
6.7864602826261944e-12 
6.7864602826261944e-12 
6.7864602826261944e-12 
6.7864602826261944e-12 
6.7864602826261944e-12 
6.7864602826261944e-12 
6.7864602826261944e-12 
6.7864602826261944e-12 
6.7864602826261944e-12 
6.7864602826261944e-12 
6.7864602826261944e-12 
6.7864602826261944e-12 
6.7864602826261944e-12 
6.7864602826261944e-12 
6.7864602826261944e-12 
6.7864602826261944e-12 
6.7864602826261944e-12 
6.7864602826261944e-12 
6.7864602826261944e-12 
6.7864602826261944e-12 
6.7864602826261944e-12 
6.7864602826261944e-12 
6.7864602826261944e-12 
6.7864602826261944e-12 
6.7864602826261944e-12 
6.7864602826261944e-12 
6.7864602826261944e-12 
6.7864602826261944e-12 
6.7864602826261944e-12 
6.7864602826261944e-12 
6.7864602826261944e-12 
6.7864602826261944e-12 
6.7864602826261944e-12 
6.7864602826261944e-12 
6.7864602826261944e-12 
6.7864602826261944e-12 
6.7864602826261944e-12 
6.7864602826261944e-12 
6.7864602826261944e-12 
6.7864602826261944e-12 
6.7864602826261944e-12 
6.7864602826261944e-12 
6.7864602826261944e-12 
6.7864602826261944e-12 
6.7864602826261944e-12 
6.7864602826261944e-12 
6.7864602826261944e-12 
6.7864602826261944e-12 
6.7864602826261944e-12 
6.7864602826261944e-12 
6.7864602826261944e-12 
6.7864602826261944e-12 
6.7864602826261944e-12 
6.7864602826261944e-12 
6.7864602826261944e-12 
6.7864602826261944e-12 
6.7864602826261944e-12 
6.7864602826261944e-12 
6.7864602826261944e-12 
6.7864602826261944e-12 
6.7864602826261944e-12 
6.7864602826261944e-12 
6.7864602826261944e-12 
6.7864602826261944e-12 
6.7864602826261944e-12 
6.7864602826261944e-12 
6.7864602826261944e-12 
6.7864602826261944e-12 
6.7864602826261944e-12 
6.7864602826261944e-12 
6.7864602826261944e-12 
6.7864602826261944e-12 
6.7864602826261944e-12 
6.7864602826261944e-12 
6.7864602826261944e-12 
6.7864602826261944e-12 
6.7864602826261944e-12 
6.7864602826261944e-12 
6.7864602826261944e-12 
6.7864602826261944e-12 
6.7864602826261944e-12 
6.7864602826261944e-12 
6.7864602826261944e-12 
6.7864602826261944e-12 
6.7864602826261944e-12 
6.7864602826261944e-12 
6.7864602826261944e-12 
6.7864602826261944e-12 
6.7864602826261944e-12 
6.7864602826261944e-12 
6.7864602826261944e-12 
6.7864602826261944e-12 
6.7864602826261944e-12 
6.7864602826261944e-12 
6.7864602826261944e-12 
6.7864602826261944e-12 
6.7864602826261944e-12 
6.7864602826261944e-12 
6.7864602826261944e-12 
6.7864602826261944e-12 
6.7864602826261944e-12 
6.7864602826261944e-12 
6.7864602826261944e-12 
6.7864602826261944e-12 
6.7864602826261944e-12 
6.7864602826261944e-12 
6.7864602826261944e-12 
6.7864602826261944e-12 
6.7864602826261944e-12 
6.7864602826261944e-12 
6.7864602826261944e-12 
6.7864602826261944e-12 
6.7864602826261944e-12 
6.7864602826261944e-12 
6.7864602826261944e-12 
6.7864602826261944e-12 
6.7864602826261944e-12 
6.7864602826261944e-12 
6.7864602826261944e-12 
6.7864602826261944e-12 
6.7864602826261944e-12 
6.7864602826261944e-12 
6.7864602826261944e-12 
6.7864602826261944e-12 
6.7864602826261944e-12 
6.7864602826261944e-12 
6.7864602826261944e-12 
6.7864602826261944e-12 
6.7864602826261944e-12 
6.7864602826261944e-12 
6.7864602826261944e-12 
6.7864602826261944e-12 
6.7864602826261944e-12 
6.7864602826261944e-12 
6.7864602826261944e-12 
6.7864602826261944e-12 
6.7864602826261944e-12 
6.7864602826261944e-12 
6.7864602826261944e-12 
6.7864602826261944e-12 
6.7864602826261944e-12 
6.7864602826261944e-12 
6.7864602826261944e-12 
6.7864602826261944e-12 
6.7864602826261944e-12 
