0.22402005696600391 
0.085540085207683747 
0.085540085207683747 
0.0040781969307163157 
0.0040781969307163157 
0.0040781969307163157 
0.0032136518629646282 
0.0032136518629646282 
0.0032136518629646282 
0.0032136518629646282 
0.0032136518629646282 
4.4651896727643248e-05 
4.4651896727643248e-05 
4.4651896727643248e-05 
4.4651896727643248e-05 
4.4651896727643248e-05 
4.4651896727643248e-05 
4.4651896727643248e-05 
4.4651896727643248e-05 
4.4651896727643248e-05 
4.4651896727643248e-05 
4.4651896727643248e-05 
4.4651896727643248e-05 
4.4651896727643248e-05 
4.4651896727643248e-05 
4.4651896727643248e-05 
4.4651896727643248e-05 
4.4651896727643248e-05 
4.4651896727643248e-05 
4.4651896727643248e-05 
4.4651896727643248e-05 
4.4651896727643248e-05 
4.4651896727643248e-05 
4.4651896727643248e-05 
4.4651896727643248e-05 
2.5082633976936108e-05 
2.5082633976936108e-05 
2.5082633976936108e-05 
2.5082633976936108e-05 
2.5082633976936108e-05 
2.5082633976936108e-05 
2.5082633976936108e-05 
2.5082633976936108e-05 
2.5082633976936108e-05 
2.5082633976936108e-05 
2.5082633976936108e-05 
2.5082633976936108e-05 
2.5082633976936108e-05 
2.5082633976936108e-05 
2.5082633976936108e-05 
2.5082633976936108e-05 
2.5082633976936108e-05 
2.5082633976936108e-05 
2.5082633976936108e-05 
2.5082633976936108e-05 
1.6489321561063974e-05 
1.6489321561063974e-05 
1.6489321561063974e-05 
1.6489321561063974e-05 
1.6489321561063974e-05 
1.6489321561063974e-05 
1.6489321561063974e-05 
1.6489321561063974e-05 
1.6489321561063974e-05 
1.6489321561063974e-05 
1.6489321561063974e-05 
1.6489321561063974e-05 
1.6489321561063974e-05 
1.6489321561063974e-05 
1.6489321561063974e-05 
1.6489321561063974e-05 
1.6489321561063974e-05 
1.6489321561063974e-05 
1.6489321561063974e-05 
1.6489321561063974e-05 
1.6489321561063974e-05 
1.6489321561063974e-05 
1.2988402225189155e-05 
1.2515517150424316e-05 
6.34363409357519e-07 
6.34363409357519e-07 
6.34363409357519e-07 
6.34363409357519e-07 
6.34363409357519e-07 
6.34363409357519e-07 
6.34363409357519e-07 
6.34363409357519e-07 
6.34363409357519e-07 
6.34363409357519e-07 
6.34363409357519e-07 
6.34363409357519e-07 
6.34363409357519e-07 
6.34363409357519e-07 
6.34363409357519e-07 
6.34363409357519e-07 
6.34363409357519e-07 
6.34363409357519e-07 
6.34363409357519e-07 
6.34363409357519e-07 
6.34363409357519e-07 
6.34363409357519e-07 
6.34363409357519e-07 
6.34363409357519e-07 
6.34363409357519e-07 
5.8492684296140851e-07 
5.2000419781261797e-07 
5.2000419781261797e-07 
5.2000419781261797e-07 
5.2000419781261797e-07 
5.2000419781261797e-07 
5.2000419781261797e-07 
5.2000419781261797e-07 
3.0165645448221312e-07 
3.0165645448221312e-07 
3.0165645448221312e-07 
3.0165645448221312e-07 
3.0165645448221312e-07 
3.0165645448221312e-07 
3.0165645448221312e-07 
3.0165645448221312e-07 
3.0165645448221312e-07 
3.0165645448221312e-07 
3.0165645448221312e-07 
3.0165645448221312e-07 
3.0165645448221312e-07 
3.0165645448221312e-07 
3.0165645448221312e-07 
3.0165645448221312e-07 
3.0165645448221312e-07 
3.0165645448221312e-07 
3.0165645448221312e-07 
3.0165645448221312e-07 
3.0165645448221312e-07 
3.0165645448221312e-07 
3.0165645448221312e-07 
3.0165645448221312e-07 
3.0165645448221312e-07 
3.0165645448221312e-07 
3.0165645448221312e-07 
3.0165645448221312e-07 
3.0165645448221312e-07 
2.1233774760709423e-07 
2.1233774760709423e-07 
2.1233774760709423e-07 
1.3561221390290257e-07 
1.3561221390290257e-07 
1.3561221390290257e-07 
1.3561221390290257e-07 
1.3561221390290257e-07 
1.3561221390290257e-07 
1.3561221390290257e-07 
1.3561221390290257e-07 
3.8001927604724983e-08 
3.8001927604724983e-08 
3.8001927604724983e-08 
3.8001927604724983e-08 
3.8001927604724983e-08 
3.8001927604724983e-08 
3.8001927604724983e-08 
3.8001927604724983e-08 
3.8001927604724983e-08 
3.8001927604724983e-08 
3.8001927604724983e-08 
3.8001927604724983e-08 
3.8001927604724983e-08 
3.8001927604724983e-08 
3.8001927604724983e-08 
3.8001927604724983e-08 
3.8001927604724983e-08 
3.8001927604724983e-08 
3.8001927604724983e-08 
3.8001927604724983e-08 
3.8001927604724983e-08 
3.8001927604724983e-08 
3.8001927604724983e-08 
3.8001927604724983e-08 
3.8001927604724983e-08 
3.8001927604724983e-08 
3.8001927604724983e-08 
3.8001927604724983e-08 
3.8001927604724983e-08 
3.8001927604724983e-08 
3.8001927604724983e-08 
3.8001927604724983e-08 
3.536314630014914e-08 
3.536314630014914e-08 
3.536314630014914e-08 
3.536314630014914e-08 
3.536314630014914e-08 
3.536314630014914e-08 
3.536314630014914e-08 
1.4758872679543344e-08 
1.4758872679543344e-08 
1.4758872679543344e-08 
1.4758872679543344e-08 
1.4758872679543344e-08 
1.4758872679543344e-08 
1.4758872679543344e-08 
6.8415634268959025e-09 
6.8415634268959025e-09 
6.8415634268959025e-09 
6.8415634268959025e-09 
6.8415634268959025e-09 
6.8415634268959025e-09 
6.8415634268959025e-09 
3.8049362549585908e-09 
3.8049362549585908e-09 
3.8049362549585908e-09 
3.8049362549585908e-09 
3.8049362549585908e-09 
3.8049362549585908e-09 
3.8049362549585908e-09 
2.632020712489691e-09 
2.632020712489691e-09 
2.632020712489691e-09 
2.632020712489691e-09 
2.632020712489691e-09 
2.632020712489691e-09 
2.632020712489691e-09 
2.632020712489691e-09 
2.632020712489691e-09 
2.632020712489691e-09 
2.632020712489691e-09 
2.632020712489691e-09 
2.632020712489691e-09 
2.632020712489691e-09 
2.632020712489691e-09 
2.632020712489691e-09 
2.632020712489691e-09 
2.632020712489691e-09 
2.632020712489691e-09 
2.632020712489691e-09 
2.632020712489691e-09 
2.632020712489691e-09 
2.632020712489691e-09 
2.632020712489691e-09 
2.632020712489691e-09 
2.632020712489691e-09 
2.632020712489691e-09 
2.632020712489691e-09 
2.632020712489691e-09 
2.632020712489691e-09 
2.632020712489691e-09 
2.632020712489691e-09 
2.632020712489691e-09 
2.632020712489691e-09 
2.632020712489691e-09 
2.632020712489691e-09 
2.632020712489691e-09 
2.632020712489691e-09 
2.632020712489691e-09 
2.632020712489691e-09 
2.632020712489691e-09 
2.632020712489691e-09 
2.632020712489691e-09 
2.632020712489691e-09 
2.632020712489691e-09 
2.632020712489691e-09 
2.632020712489691e-09 
2.632020712489691e-09 
2.632020712489691e-09 
2.632020712489691e-09 
2.632020712489691e-09 
2.632020712489691e-09 
2.632020712489691e-09 
2.632020712489691e-09 
2.632020712489691e-09 
2.632020712489691e-09 
2.632020712489691e-09 
2.632020712489691e-09 
2.1193186094947691e-09 
2.1193186094947691e-09 
2.1193186094947691e-09 
2.1193186094947691e-09 
2.1193186094947691e-09 
2.1193186094947691e-09 
2.1193186094947691e-09 
2.1147691375844602e-09 
2.1147691375844602e-09 
2.1147691375844602e-09 
2.1147691375844602e-09 
2.1147691375844602e-09 
2.1147691375844602e-09 
2.1147691375844602e-09 
2.1138991668223639e-09 
2.1138991668223639e-09 
2.1138991668223639e-09 
2.1138991668223639e-09 
2.1138991668223639e-09 
2.1138991668223639e-09 
2.1138991668223639e-09 
2.1138685246668842e-09 
2.1138685246668842e-09 
2.1138685246668842e-09 
2.1138685246668842e-09 
2.1138685246668842e-09 
2.1138685246668842e-09 
2.1138685246668842e-09 
2.1138685246668842e-09 
2.1138685246668842e-09 
2.1138685246668842e-09 
2.1138685246668842e-09 
2.1138685246668842e-09 
2.1138685246668842e-09 
2.1138685246668842e-09 
2.1138685246668842e-09 
2.1138685246668842e-09 
2.1138685246668842e-09 
2.1138685246668842e-09 
2.1138685246668842e-09 
2.1138685246668842e-09 
2.1138685246668842e-09 
2.1138685246668842e-09 
2.1138685246668842e-09 
2.1138685246668842e-09 
2.1138685246668842e-09 
2.1138685246668842e-09 
2.1138685246668842e-09 
2.1138685246668842e-09 
2.1138685246668842e-09 
2.1138685246668842e-09 
2.1138685246668842e-09 
2.1138685246668842e-09 
2.1138685246668842e-09 
2.1138685246668842e-09 
2.1138685246668842e-09 
2.1138685246668842e-09 
2.1138685246668842e-09 
2.1138685246668842e-09 
2.1138685246668842e-09 
2.1138685246668842e-09 
2.1138685246668842e-09 
2.1138685246668842e-09 
2.1138685246668842e-09 
2.1138685246668842e-09 
2.1138685246668842e-09 
2.113854313812169e-09 
2.113854313812169e-09 
2.113854313812169e-09 
2.1138467642956016e-09 
2.1138467642956016e-09 
2.1138467642956016e-09 
2.1138467642956016e-09 
2.1138467642956016e-09 
2.1138467642956016e-09 
2.1138467642956016e-09 
2.1138467642956016e-09 
2.1138467642956016e-09 
2.1138467642956016e-09 
2.1138465422509967e-09 
2.1138465422509967e-09 
2.1138465422509967e-09 
2.1138462091840893e-09 
2.1138462091840893e-09 
2.1138462091840893e-09 
2.1138462091840893e-09 
2.1138462091840893e-09 
2.1138462091840893e-09 
2.1138462091840893e-09 
2.1138462091840893e-09 
2.1138462091840893e-09 
2.1138462091840893e-09 
2.1138462091840893e-09 
2.1138462091840893e-09 
2.1138462091840893e-09 
2.1138462091840893e-09 
2.1138462091840893e-09 
2.1138462091840893e-09 
2.1138462091840893e-09 
2.1138462091840893e-09 
2.1138462091840893e-09 
2.1138462091840893e-09 
2.1138462091840893e-09 
2.1138462091840893e-09 
2.1138462091840893e-09 
2.1138462091840893e-09 
2.1138462091840893e-09 
2.1138462091840893e-09 
2.1138462091840893e-09 
2.1138462091840893e-09 
2.1138462091840893e-09 
2.1138462091840893e-09 
2.1138462091840893e-09 
2.1138462091840893e-09 
2.1138462091840893e-09 
2.1138462091840893e-09 
2.1138462091840893e-09 
2.1138462091840893e-09 
2.1138462091840893e-09 
2.1138462091840893e-09 
2.1138462091840893e-09 
2.1138462091840893e-09 
2.1138462091840893e-09 
2.1138462091840893e-09 
2.1138462091840893e-09 
2.1138462091840893e-09 
2.1138462091840893e-09 
2.1138462091840893e-09 
2.1138462091840893e-09 
2.1138462091840893e-09 
2.1138462091840893e-09 
2.1138462091840893e-09 
2.1138462091840893e-09 
2.1138462091840893e-09 
2.1138460981617868e-09 
2.1138460981617868e-09 
2.1138460981617868e-09 
2.1138460981617868e-09 
2.1138460981617868e-09 
2.1138460981617868e-09 
2.1138460981617868e-09 
2.1138460981617868e-09 
2.1138460981617868e-09 
2.1138460981617868e-09 
2.1138460981617868e-09 
2.1138460981617868e-09 
2.1138460981617868e-09 
2.1138460981617868e-09 
2.1138460981617868e-09 
2.1138460981617868e-09 
2.1138460981617868e-09 
2.1138460981617868e-09 
2.1138460981617868e-09 
2.1138460981617868e-09 
2.1138460981617868e-09 
2.1138460981617868e-09 
2.1138460981617868e-09 
2.1138460981617868e-09 
2.1138460981617868e-09 
2.1138460981617868e-09 
2.1138460981617868e-09 
2.1138460981617868e-09 
2.1138460981617868e-09 
2.1138460981617868e-09 
2.1138460981617868e-09 
2.1138460981617868e-09 
2.1138460981617868e-09 
2.1138460981617868e-09 
2.1138460981617868e-09 
2.1138460981617868e-09 
2.1138460981617868e-09 
2.1138460981617868e-09 
2.1138460981617868e-09 
2.1138460981617868e-09 
2.1138460981617868e-09 
2.1138460981617868e-09 
2.1138460981617868e-09 
2.1138460981617868e-09 
2.1138460981617868e-09 
2.1138460981617868e-09 
2.1138460981617868e-09 
2.1138460981617868e-09 
2.1138460981617868e-09 
2.1138460981617868e-09 
2.1138460981617868e-09 
2.1138460981617868e-09 
2.1138460981617868e-09 
2.1138460981617868e-09 
2.1138460981617868e-09 
2.1138460981617868e-09 
2.1138460981617868e-09 
2.1138460981617868e-09 
2.1138460981617868e-09 
2.1138460981617868e-09 
2.1138460981617868e-09 
2.1138460981617868e-09 
2.1138460981617868e-09 
2.1138460981617868e-09 
2.1138460981617868e-09 
2.1138460981617868e-09 
2.1138460981617868e-09 
2.1138460981617868e-09 
2.1138460981617868e-09 
2.1138460981617868e-09 
2.1138460981617868e-09 
2.1138460981617868e-09 
2.1138460981617868e-09 
2.1138460981617868e-09 
2.1138460981617868e-09 
2.1138460981617868e-09 
2.1138460981617868e-09 
2.1138460981617868e-09 
2.1138460981617868e-09 
2.1138460981617868e-09 
2.1138460981617868e-09 
2.1138460981617868e-09 
2.1138460981617868e-09 
2.1138460981617868e-09 
2.1138460981617868e-09 
2.1138460981617868e-09 
2.1138460981617868e-09 
2.1138460981617868e-09 
2.1138460981617868e-09 
2.1138460981617868e-09 
2.1138460981617868e-09 
2.1138460981617868e-09 
2.1138460981617868e-09 
2.1138460981617868e-09 
2.1138460981617868e-09 
2.1138460981617868e-09 
2.1138460981617868e-09 
2.1138460981617868e-09 
2.1138460981617868e-09 
2.1138460981617868e-09 
2.1138460981617868e-09 
2.1138460981617868e-09 
2.1138460981617868e-09 
2.1138460981617868e-09 
2.1138460981617868e-09 
2.1138460981617868e-09 
2.1138460981617868e-09 
2.1138460981617868e-09 
2.1138460981617868e-09 
2.1138460981617868e-09 
2.1138460981617868e-09 
2.1138460981617868e-09 
2.1138460981617868e-09 
2.1138460981617868e-09 
2.1138460981617868e-09 
2.1138460981617868e-09 
2.1138460981617868e-09 
2.1138460981617868e-09 
2.1138460981617868e-09 
2.1138460981617868e-09 
2.1138460981617868e-09 
2.1138460981617868e-09 
2.1138460981617868e-09 
2.1138460981617868e-09 
2.1138460981617868e-09 
2.1138460981617868e-09 
2.1138460981617868e-09 
2.1138460981617868e-09 
2.1138460981617868e-09 
2.1138460981617868e-09 
2.1138460981617868e-09 
2.1138460981617868e-09 
2.1138460981617868e-09 
2.1138460981617868e-09 
2.1138460981617868e-09 
2.1138460981617868e-09 
2.1138460981617868e-09 
2.1138460981617868e-09 
2.1138460981617868e-09 
2.1138460981617868e-09 
2.1138460981617868e-09 
2.1138460981617868e-09 
2.1138460981617868e-09 
2.1138460981617868e-09 
2.1138460981617868e-09 
2.1138460981617868e-09 
2.1138460981617868e-09 
2.1138460981617868e-09 
2.1138460981617868e-09 
2.1138460981617868e-09 
2.1138460981617868e-09 
2.1138460981617868e-09 
2.1138460981617868e-09 
2.1138460981617868e-09 
2.1138460981617868e-09 
2.1138460981617868e-09 
2.1138460981617868e-09 
2.1138460981617868e-09 
2.1138460981617868e-09 
2.1138460981617868e-09 
2.0926845811786166e-09 
2.0926845811786166e-09 
2.0926845811786166e-09 
2.0926845811786166e-09 
2.0926845811786166e-09 
2.0926845811786166e-09 
2.0926845811786166e-09 
2.0926845811786166e-09 
2.0926845811786166e-09 
2.0926845811786166e-09 
2.0926845811786166e-09 
2.0926845811786166e-09 
2.0926845811786166e-09 
2.0926845811786166e-09 
2.0926845811786166e-09 
2.0926845811786166e-09 
2.0926845811786166e-09 
2.0926845811786166e-09 
2.0926845811786166e-09 
2.0926845811786166e-09 
2.0926845811786166e-09 
2.0926845811786166e-09 
2.0926845811786166e-09 
2.0926845811786166e-09 
2.0926814725541476e-09 
2.0926814725541476e-09 
2.0926814725541476e-09 
2.0926814725541476e-09 
2.0926814725541476e-09 
2.0926814725541476e-09 
2.0926814725541476e-09 
2.0926814725541476e-09 
2.0926814725541476e-09 
2.0926814725541476e-09 
2.0926814725541476e-09 
2.0926808064203328e-09 
2.0926808064203328e-09 
2.0926808064203328e-09 
2.0926808064203328e-09 
2.0926802513088205e-09 
2.0926802513088205e-09 
2.0926802513088205e-09 
2.0926802513088205e-09 
2.0926802513088205e-09 
2.0926802513088205e-09 
2.0926802513088205e-09 
2.0926802513088205e-09 
2.0926802513088205e-09 
2.0926802513088205e-09 
2.0926802513088205e-09 
2.0926801402865181e-09 
2.0926801402865181e-09 
2.0926801402865181e-09 
2.0926801402865181e-09 
2.0926800292642156e-09 
2.0926800292642156e-09 
2.0926800292642156e-09 
2.0926800292642156e-09 
2.0926800292642156e-09 
2.0926800292642156e-09 
2.0926800292642156e-09 
2.0926800292642156e-09 
2.0926800292642156e-09 
2.0926800292642156e-09 
2.0926800292642156e-09 
2.0926800292642156e-09 
2.0926800292642156e-09 
2.0926799182419131e-09 
2.0926799182419131e-09 
2.0926799182419131e-09 
2.0926799182419131e-09 
2.0926799182419131e-09 
2.0926799182419131e-09 
2.0926799182419131e-09 
2.0926799182419131e-09 
2.0926799182419131e-09 
2.0926799182419131e-09 
2.0926799182419131e-09 
2.0926799182419131e-09 
2.0926799182419131e-09 
2.0926799182419131e-09 
2.0926799182419131e-09 
2.0926799182419131e-09 
2.0926799182419131e-09 
2.0926799182419131e-09 
2.0926799182419131e-09 
2.0926799182419131e-09 
2.0926799182419131e-09 
2.0926799182419131e-09 
2.0926799182419131e-09 
2.0926799182419131e-09 
2.0926799182419131e-09 
2.0926799182419131e-09 
2.0926799182419131e-09 
2.0926799182419131e-09 
2.0926799182419131e-09 
2.0926799182419131e-09 
2.0926799182419131e-09 
2.0926799182419131e-09 
2.0926799182419131e-09 
2.0926799182419131e-09 
2.0926799182419131e-09 
2.0926799182419131e-09 
2.0926799182419131e-09 
2.0926799182419131e-09 
2.0926799182419131e-09 
2.0926799182419131e-09 
2.0926799182419131e-09 
2.0926799182419131e-09 
2.0926799182419131e-09 
2.0926799182419131e-09 
2.0926799182419131e-09 
2.0926799182419131e-09 
2.0926799182419131e-09 
2.0926799182419131e-09 
2.0926799182419131e-09 
2.0926799182419131e-09 
2.0926799182419131e-09 
2.0926799182419131e-09 
2.0926799182419131e-09 
2.0926799182419131e-09 
2.0926799182419131e-09 
2.0926799182419131e-09 
2.0926799182419131e-09 
2.0926799182419131e-09 
2.0926799182419131e-09 
2.0926799182419131e-09 
2.0926799182419131e-09 
2.0926799182419131e-09 
2.0926799182419131e-09 
2.0926799182419131e-09 
2.0926799182419131e-09 
2.0926799182419131e-09 
2.0926799182419131e-09 
2.0926799182419131e-09 
2.0926799182419131e-09 
2.0926799182419131e-09 
2.0926799182419131e-09 
2.0926799182419131e-09 
2.0926799182419131e-09 
2.0926799182419131e-09 
2.0926799182419131e-09 
2.0926799182419131e-09 
2.0926799182419131e-09 
2.0926799182419131e-09 
2.0926799182419131e-09 
2.0926799182419131e-09 
2.0926799182419131e-09 
2.0926799182419131e-09 
2.0926799182419131e-09 
2.0926799182419131e-09 
2.0926799182419131e-09 
2.0926799182419131e-09 
2.0926799182419131e-09 
2.0926799182419131e-09 
2.0926799182419131e-09 
2.0926799182419131e-09 
2.0926799182419131e-09 
2.0926799182419131e-09 
2.0926799182419131e-09 
2.0926799182419131e-09 
2.0926799182419131e-09 
2.0926799182419131e-09 
2.0926799182419131e-09 
2.0926799182419131e-09 
2.0926799182419131e-09 
2.0926799182419131e-09 
2.0926799182419131e-09 
2.0926799182419131e-09 
2.0926799182419131e-09 
2.0926799182419131e-09 
2.0926799182419131e-09 
2.0926799182419131e-09 
2.0926799182419131e-09 
2.0926799182419131e-09 
2.0926799182419131e-09 
2.0926799182419131e-09 
2.0926799182419131e-09 
2.0926799182419131e-09 
2.0926799182419131e-09 
2.0926799182419131e-09 
2.0926799182419131e-09 
2.0926799182419131e-09 
2.0926799182419131e-09 
2.0926799182419131e-09 
2.0926799182419131e-09 
2.0926799182419131e-09 
8.7054219388704723e-10 
8.7054219388704723e-10 
8.7054219388704723e-10 
1.416886608041068e-10 
1.416886608041068e-10 
1.416886608041068e-10 
1.416886608041068e-10 
1.416886608041068e-10 
1.416886608041068e-10 
1.416886608041068e-10 
1.3134104914769296e-10 
1.3134104914769296e-10 
1.3134104914769296e-10 
1.3134104914769296e-10 
1.3134104914769296e-10 
1.3134104914769296e-10 
1.3134104914769296e-10 
1.3134104914769296e-10 
1.3134104914769296e-10 
1.3134104914769296e-10 
1.3134104914769296e-10 
1.3134104914769296e-10 
1.3134104914769296e-10 
1.3054146652535792e-10 
1.3054146652535792e-10 
1.3054146652535792e-10 
1.303780416961331e-10 
1.303780416961331e-10 
1.303780416961331e-10 
1.303780416961331e-10 
1.303780416961331e-10 
1.303780416961331e-10 
1.303780416961331e-10 
1.303780416961331e-10 
1.303780416961331e-10 
1.303780416961331e-10 
1.3037793067383063e-10 
1.3037793067383063e-10 
1.3037793067383063e-10 
1.3037793067383063e-10 
1.3037793067383063e-10 
1.3037793067383063e-10 
1.3037793067383063e-10 
1.3037770862922571e-10 
1.3037770862922571e-10 
1.3037770862922571e-10 
1.3037770862922571e-10 
1.3037770862922571e-10 
1.3037770862922571e-10 
1.3037770862922571e-10 
1.3037770862922571e-10 
1.3037770862922571e-10 
1.3037770862922571e-10 
1.3037770862922571e-10 
1.3037770862922571e-10 
1.3037770862922571e-10 
1.3037770862922571e-10 
1.3037770862922571e-10 
1.3037770862922571e-10 
1.3037770862922571e-10 
1.3037770862922571e-10 
1.3037770862922571e-10 
1.3037770862922571e-10 
1.3037770862922571e-10 
1.3037770862922571e-10 
1.3037770862922571e-10 
1.3037770862922571e-10 
1.3037770862922571e-10 
1.3037770862922571e-10 
1.3037770862922571e-10 
1.3037770862922571e-10 
1.3037770862922571e-10 
1.3037770862922571e-10 
1.3037770862922571e-10 
1.3037770862922571e-10 
1.3037770862922571e-10 
1.3037770862922571e-10 
1.3037770862922571e-10 
1.3037770862922571e-10 
1.3037770862922571e-10 
1.3037770862922571e-10 
1.3037770862922571e-10 
1.3037770862922571e-10 
1.3037770862922571e-10 
1.3037770862922571e-10 
1.3037770862922571e-10 
1.3037770862922571e-10 
1.3037770862922571e-10 
1.3037770862922571e-10 
1.3037770862922571e-10 
1.3037770862922571e-10 
1.3037770862922571e-10 
1.3037770862922571e-10 
1.3037770862922571e-10 
1.3037770862922571e-10 
1.3037770862922571e-10 
1.3037770862922571e-10 
1.3037770862922571e-10 
1.3037770862922571e-10 
1.3037770862922571e-10 
1.3037770862922571e-10 
1.3037770862922571e-10 
1.3037770862922571e-10 
1.3037770862922571e-10 
1.3037770862922571e-10 
1.3037770862922571e-10 
1.3037770862922571e-10 
1.3037770862922571e-10 
1.3037770862922571e-10 
1.3037770862922571e-10 
1.3037770862922571e-10 
1.3037770862922571e-10 
1.3037770862922571e-10 
1.3037770862922571e-10 
1.3037770862922571e-10 
1.3037770862922571e-10 
1.3037770862922571e-10 
1.3037770862922571e-10 
1.3037770862922571e-10 
1.3037770862922571e-10 
1.3037770862922571e-10 
1.3037770862922571e-10 
1.3037770862922571e-10 
1.3037770862922571e-10 
1.3037770862922571e-10 
1.3037770862922571e-10 
1.3037770862922571e-10 
1.3037770862922571e-10 
1.3037770862922571e-10 
1.3037770862922571e-10 
1.3037770862922571e-10 
1.3037770862922571e-10 
1.3037770862922571e-10 
1.3037770862922571e-10 
1.3037770862922571e-10 
1.3037770862922571e-10 
1.3037770862922571e-10 
1.3037770862922571e-10 
1.3037770862922571e-10 
1.3037770862922571e-10 
1.3037770862922571e-10 
1.3037770862922571e-10 
1.0185829957265469e-10 
1.0185829957265469e-10 
1.0185829957265469e-10 
1.0185829957265469e-10 
1.0185829957265469e-10 
1.0185829957265469e-10 
1.0185829957265469e-10 
1.0185829957265469e-10 
1.0185829957265469e-10 
1.0185829957265469e-10 
1.0185829957265469e-10 
1.0185829957265469e-10 
1.0185829957265469e-10 
1.0185829957265469e-10 
1.0185829957265469e-10 
5.2004622830281733e-11 
5.2004622830281733e-11 
5.2004622830281733e-11 
5.2004622830281733e-11 
3.941258430728567e-11 
3.941258430728567e-11 
3.941258430728567e-11 
3.941258430728567e-11 
3.3272162802688854e-11 
3.3272162802688854e-11 
3.3272162802688854e-11 
3.3272162802688854e-11 
3.3272162802688854e-11 
3.3272162802688854e-11 
3.3160030277201713e-11 
3.2990277176736527e-11 
3.2990277176736527e-11 
3.2990277176736527e-11 
3.2990277176736527e-11 
3.2948088701800771e-11 
3.2948088701800771e-11 
3.2948088701800771e-11 
3.2947533590288458e-11 
3.2947533590288458e-11 
3.2947533590288458e-11 
3.2947089501078608e-11 
3.2947089501078608e-11 
3.2947089501078608e-11 
3.2947089501078608e-11 
3.2947089501078608e-11 
3.2947089501078608e-11 
3.2947089501078608e-11 
3.2947089501078608e-11 
3.2947089501078608e-11 
3.2947089501078608e-11 
3.2947089501078608e-11 
3.2947089501078608e-11 
3.2947089501078608e-11 
3.2947089501078608e-11 
3.2947089501078608e-11 
3.2947089501078608e-11 
3.2947089501078608e-11 
3.2947089501078608e-11 
3.2947089501078608e-11 
3.2947089501078608e-11 
3.2947089501078608e-11 
3.2947089501078608e-11 
3.2947089501078608e-11 
3.2947089501078608e-11 
3.2947089501078608e-11 
3.2947089501078608e-11 
3.2947089501078608e-11 
3.2947089501078608e-11 
3.2947089501078608e-11 
3.2947089501078608e-11 
3.2947089501078608e-11 
3.2947089501078608e-11 
3.2947089501078608e-11 
3.2947089501078608e-11 
3.2947089501078608e-11 
3.2947089501078608e-11 
3.2947089501078608e-11 
3.2947089501078608e-11 
3.2947089501078608e-11 
3.2947089501078608e-11 
3.2947089501078608e-11 
3.2947089501078608e-11 
3.2947089501078608e-11 
3.2947089501078608e-11 
3.2947089501078608e-11 
3.2947089501078608e-11 
3.2947089501078608e-11 
3.2947089501078608e-11 
3.2947089501078608e-11 
3.2947089501078608e-11 
3.2947089501078608e-11 
3.2947089501078608e-11 
3.2947089501078608e-11 
3.2947089501078608e-11 
3.2947089501078608e-11 
3.2947089501078608e-11 
3.2947089501078608e-11 
3.2947089501078608e-11 
3.2947089501078608e-11 
3.2947089501078608e-11 
3.2947089501078608e-11 
3.2947089501078608e-11 
3.2947089501078608e-11 
3.2947089501078608e-11 
3.2947089501078608e-11 
3.2947089501078608e-11 
3.2947089501078608e-11 
