0.80289090110827988 
0.75768423491374304 
0.71411535070299481 
0.67224093927774542 
0.63211581257499971 
0.59379282694336455 
0.55732280881587737 
0.52275448288419235 
0.4901344028758301 
0.45950688503291481 
0.41620685193272311 
0.37447963287416064 
0.33481173214772075 
0.29727483179209402 
0.26193649674468522 
0.22886002412510864 
0.19810430213918917 
0.16972367892442108 
0.1437678416351913 
0.12028170604274646 
0.099305316900947127 
0.080873759304318504 
0.065017081239873042 
0.051760227508688472 
0.041122985167316495 
0.033119940612870602 
0.027642801533350747 
0.023517185918923933 
0.022023085187032554 
0.022023085187032554 
0.022023085187032554 
0.022023085187032554 
0.021445647591894268 
0.021445647591894268 
0.021445647591894268 
0.02132332192580666 
0.02132332192580666 
0.02132332192580666 
0.019534045488901253 
0.015674043755856015 
0.0099301565223605115 
0.0046171660126048675 
0.0019500031401524787 
0.001286427106448329 
0.00015409773079788636 
0.00015409773079788636 
0.00015409773079788636 
1.3036153000856032e-05 
1.3036153000856032e-05 
1.3036153000856032e-05 
1.3036153000856032e-05 
1.3036153000856032e-05 
1.3036153000856032e-05 
1.3036153000856032e-05 
1.3036153000856032e-05 
1.3036153000856032e-05 
3.7945859396870674e-06 
3.7945859396870674e-06 
3.5754835931989248e-06 
3.5754835931989248e-06 
1.4076965371145889e-07 
1.4076965371145889e-07 
8.7525405811916812e-08 
8.7525405811916812e-08 
8.7525405811916812e-08 
8.7525405811916812e-08 
8.7525405811916812e-08 
8.7525405811916812e-08 
8.7525405811916812e-08 
8.7525405811916812e-08 
8.7525405811916812e-08 
8.7525405811916812e-08 
8.7525405811916812e-08 
8.7525405811916812e-08 
8.7525405811916812e-08 
8.7525405811916812e-08 
8.7525405811916812e-08 
8.7525405811916812e-08 
8.7525405811916812e-08 
8.7525405811916812e-08 
8.7525405811916812e-08 
8.7525405811916812e-08 
8.7525405811916812e-08 
8.7525405811916812e-08 
8.7525405811916812e-08 
8.7525405811916812e-08 
8.7525405811916812e-08 
8.7525405811916812e-08 
8.7525405811916812e-08 
8.7525405811916812e-08 
8.7525405811916812e-08 
8.7525405811916812e-08 
8.7525405811916812e-08 
8.7525405811916812e-08 
8.7525405811916812e-08 
8.7525405811916812e-08 
8.7525405811916812e-08 
8.7525405811916812e-08 
8.7525405811916812e-08 
8.7525405811916812e-08 
8.7525405811916812e-08 
8.7525405811916812e-08 
8.7525405811916812e-08 
8.7525405811916812e-08 
8.7525405811916812e-08 
8.7525405811916812e-08 
8.7525405811916812e-08 
8.7525405811916812e-08 
8.7525405811916812e-08 
8.7525405811916812e-08 
8.7525405811916812e-08 
8.7525405811916812e-08 
8.7525405811916812e-08 
8.7525405811916812e-08 
8.7525405811916812e-08 
8.7525405811916812e-08 
8.7525405811916812e-08 
8.7525405811916812e-08 
8.7525405811916812e-08 
8.7525405811916812e-08 
8.7525405811916812e-08 
8.7525405811916812e-08 
8.7525405811916812e-08 
8.7525405811916812e-08 
8.7525405811916812e-08 
8.7525405811916812e-08 
8.7525405811916812e-08 
8.7525405811916812e-08 
8.7525405811916812e-08 
8.7525405811916812e-08 
8.7525405811916812e-08 
8.7525405811916812e-08 
8.7525405811916812e-08 
8.7525405811916812e-08 
8.7525405811916812e-08 
8.7525405811916812e-08 
8.7525405811916812e-08 
8.7525405811916812e-08 
8.7525405811916812e-08 
8.7525405811916812e-08 
8.7525405811916812e-08 
8.7525405811916812e-08 
8.7525405811916812e-08 
8.7525405811916812e-08 
8.7525405811916812e-08 
8.7525405811916812e-08 
8.7525405811916812e-08 
8.7525405811916812e-08 
8.7525405811916812e-08 
8.7525405811916812e-08 
8.7290894956737475e-08 
8.7290894956737475e-08 
8.7290894956737475e-08 
8.7290894956737475e-08 
8.7290894956737475e-08 
8.7290894956737475e-08 
8.7290894956737475e-08 
8.7290894956737475e-08 
8.7290894956737475e-08 
8.7290894956737475e-08 
8.7290894956737475e-08 
8.7290894956737475e-08 
8.7290894956737475e-08 
8.7290894956737475e-08 
8.7290894956737475e-08 
8.7290894956737475e-08 
8.7290894956737475e-08 
8.7290894956737475e-08 
8.7290894956737475e-08 
8.7290894956737475e-08 
8.7290894956737475e-08 
8.7290894956737475e-08 
8.7290894956737475e-08 
8.7290894956737475e-08 
8.7290894956737475e-08 
8.7290894956737475e-08 
8.7290894956737475e-08 
8.7290894956737475e-08 
8.7290894956737475e-08 
8.7290894956737475e-08 
8.7290894956737475e-08 
8.7290894956737475e-08 
8.7290894956737475e-08 
8.7290894956737475e-08 
8.7290894956737475e-08 
8.7290894956737475e-08 
8.7290894956737475e-08 
8.7290894956737475e-08 
8.7290894956737475e-08 
8.7290894956737475e-08 
8.7290894956737475e-08 
8.7290894956737475e-08 
8.7290894956737475e-08 
8.7290894956737475e-08 
8.7290894956737475e-08 
8.7290894956737475e-08 
8.7290894956737475e-08 
8.7290894956737475e-08 
8.7290894956737475e-08 
8.7290894956737475e-08 
8.7290894956737475e-08 
8.7290894956737475e-08 
8.7290894956737475e-08 
1.2126685988711472e-08 
1.2126685988711472e-08 
1.2126685988711472e-08 
1.2126685988711472e-08 
1.2126685988711472e-08 
1.2126685988711472e-08 
1.2126685988711472e-08 
1.2010280547869456e-08 
1.2010280547869456e-08 
1.2010280547869456e-08 
1.2010280547869456e-08 
1.2010280547869456e-08 
1.2010280547869456e-08 
1.2010280547869456e-08 
1.2010280547869456e-08 
1.2010280547869456e-08 
5.037157913001522e-09 
5.037157913001522e-09 
5.037157913001522e-09 
5.037157913001522e-09 
5.037157913001522e-09 
5.037157913001522e-09 
5.037157913001522e-09 
5.037157913001522e-09 
5.037157913001522e-09 
5.037157913001522e-09 
5.037157913001522e-09 
5.037157913001522e-09 
5.037157913001522e-09 
5.037157913001522e-09 
5.037157913001522e-09 
5.037157913001522e-09 
5.037157913001522e-09 
5.037157913001522e-09 
5.037157913001522e-09 
5.037157913001522e-09 
5.037157913001522e-09 
5.037157913001522e-09 
5.037157913001522e-09 
5.037157913001522e-09 
5.037157913001522e-09 
5.037157913001522e-09 
5.037157913001522e-09 
5.037157913001522e-09 
5.037157913001522e-09 
5.037157913001522e-09 
5.037157913001522e-09 
5.037157913001522e-09 
5.037157913001522e-09 
5.037157913001522e-09 
5.037157913001522e-09 
5.037157913001522e-09 
5.037157913001522e-09 
5.037157913001522e-09 
5.037157913001522e-09 
5.037157913001522e-09 
5.037157913001522e-09 
5.037157913001522e-09 
5.037157913001522e-09 
5.037157913001522e-09 
5.037157913001522e-09 
5.037157913001522e-09 
5.037157913001522e-09 
5.037157913001522e-09 
5.037157913001522e-09 
5.037157913001522e-09 
5.037157913001522e-09 
5.037157913001522e-09 
5.037157913001522e-09 
5.037157913001522e-09 
5.037157913001522e-09 
5.037157913001522e-09 
5.037157913001522e-09 
5.037157913001522e-09 
5.037157913001522e-09 
5.037157913001522e-09 
5.037157913001522e-09 
5.037157913001522e-09 
5.037157913001522e-09 
5.037157913001522e-09 
5.037157913001522e-09 
5.037157913001522e-09 
5.037157913001522e-09 
5.037157913001522e-09 
5.037157913001522e-09 
5.037157913001522e-09 
5.037157913001522e-09 
5.037157913001522e-09 
5.037157913001522e-09 
5.037157913001522e-09 
5.037157913001522e-09 
5.037157913001522e-09 
5.037157913001522e-09 
5.037157913001522e-09 
5.037157913001522e-09 
5.037157913001522e-09 
5.037157913001522e-09 
5.037157913001522e-09 
5.037157913001522e-09 
5.037157913001522e-09 
5.037157913001522e-09 
5.037157913001522e-09 
5.037157913001522e-09 
5.037157913001522e-09 
5.037157913001522e-09 
5.037157913001522e-09 
5.037157913001522e-09 
5.037157913001522e-09 
5.037157913001522e-09 
5.037157913001522e-09 
5.037157913001522e-09 
5.037157913001522e-09 
5.037157913001522e-09 
5.037157913001522e-09 
5.037157913001522e-09 
5.037157913001522e-09 
5.037157913001522e-09 
5.037157913001522e-09 
5.037157913001522e-09 
5.037157913001522e-09 
5.037157913001522e-09 
5.037157913001522e-09 
5.037157913001522e-09 
5.037157913001522e-09 
5.037157913001522e-09 
5.037157913001522e-09 
5.037157913001522e-09 
5.037157913001522e-09 
5.037157913001522e-09 
5.037157913001522e-09 
5.037157913001522e-09 
5.037157913001522e-09 
5.037157913001522e-09 
5.037157913001522e-09 
5.037157913001522e-09 
5.037157913001522e-09 
5.037157913001522e-09 
5.037157913001522e-09 
5.037157913001522e-09 
5.037157913001522e-09 
5.037157913001522e-09 
5.037157913001522e-09 
5.037157913001522e-09 
5.037157913001522e-09 
5.037157913001522e-09 
5.037157913001522e-09 
5.037157913001522e-09 
5.037157913001522e-09 
5.037157913001522e-09 
5.037157913001522e-09 
5.037157913001522e-09 
5.037157913001522e-09 
5.037157913001522e-09 
5.037157913001522e-09 
5.037157913001522e-09 
5.037157913001522e-09 
5.037157913001522e-09 
5.037157913001522e-09 
5.037157913001522e-09 
5.037157913001522e-09 
5.037157913001522e-09 
5.037157913001522e-09 
5.037157913001522e-09 
5.037157913001522e-09 
5.037157913001522e-09 
5.037157913001522e-09 
5.037157913001522e-09 
5.037157913001522e-09 
5.037157913001522e-09 
5.037157913001522e-09 
5.037157913001522e-09 
5.037157913001522e-09 
5.037157913001522e-09 
5.037157913001522e-09 
5.037157913001522e-09 
5.037157913001522e-09 
5.037157913001522e-09 
5.037157913001522e-09 
5.037157913001522e-09 
5.037157913001522e-09 
5.037157913001522e-09 
5.037157913001522e-09 
5.037157913001522e-09 
5.037157913001522e-09 
5.037157913001522e-09 
5.037157913001522e-09 
5.037157913001522e-09 
5.037157913001522e-09 
5.037157913001522e-09 
5.037157913001522e-09 
5.037157913001522e-09 
5.037157913001522e-09 
5.037157913001522e-09 
5.037157913001522e-09 
5.037157913001522e-09 
5.037157913001522e-09 
5.037157913001522e-09 
5.037157913001522e-09 
5.037157913001522e-09 
5.037157913001522e-09 
5.037157913001522e-09 
5.037157913001522e-09 
5.037157913001522e-09 
5.037157913001522e-09 
5.037157913001522e-09 
5.037157913001522e-09 
5.037157913001522e-09 
5.037157913001522e-09 
5.037157913001522e-09 
5.037157913001522e-09 
5.037157913001522e-09 
5.037157913001522e-09 
5.037157913001522e-09 
5.037157913001522e-09 
5.037157913001522e-09 
5.037157913001522e-09 
5.037157913001522e-09 
5.037157913001522e-09 
5.037157913001522e-09 
5.037157913001522e-09 
5.037157913001522e-09 
5.037157913001522e-09 
5.037157913001522e-09 
5.037157913001522e-09 
5.037157913001522e-09 
5.037157913001522e-09 
5.037157913001522e-09 
5.037157913001522e-09 
5.037157913001522e-09 
5.037157913001522e-09 
5.037157913001522e-09 
2.4754827077089203e-09 
2.4754827077089203e-09 
2.4754827077089203e-09 
2.4754827077089203e-09 
2.4754827077089203e-09 
2.4754827077089203e-09 
2.4754827077089203e-09 
2.4754827077089203e-09 
2.4754827077089203e-09 
2.4754827077089203e-09 
2.4754827077089203e-09 
2.4754827077089203e-09 
2.4754827077089203e-09 
2.4754827077089203e-09 
2.4754827077089203e-09 
2.4754827077089203e-09 
2.4754827077089203e-09 
2.4754827077089203e-09 
2.4754827077089203e-09 
2.4754827077089203e-09 
2.4754827077089203e-09 
2.4754827077089203e-09 
2.4754827077089203e-09 
2.4754827077089203e-09 
2.4754827077089203e-09 
2.4754827077089203e-09 
2.4754827077089203e-09 
2.4754827077089203e-09 
2.4754827077089203e-09 
2.4754827077089203e-09 
2.4754827077089203e-09 
2.4754827077089203e-09 
2.4754827077089203e-09 
2.4754827077089203e-09 
2.4754827077089203e-09 
2.4754827077089203e-09 
2.4754827077089203e-09 
2.4754827077089203e-09 
2.4754827077089203e-09 
2.4754827077089203e-09 
2.4754827077089203e-09 
2.4754827077089203e-09 
2.4754827077089203e-09 
2.4754827077089203e-09 
2.4754827077089203e-09 
2.4754827077089203e-09 
2.4754827077089203e-09 
2.4754827077089203e-09 
2.4754827077089203e-09 
2.4754827077089203e-09 
2.4754827077089203e-09 
2.4754827077089203e-09 
2.4754827077089203e-09 
2.4754827077089203e-09 
2.4754827077089203e-09 
2.4754827077089203e-09 
2.4754827077089203e-09 
2.4754827077089203e-09 
2.4754827077089203e-09 
2.4754827077089203e-09 
2.4754827077089203e-09 
2.4754827077089203e-09 
2.4754827077089203e-09 
2.4754827077089203e-09 
2.4754827077089203e-09 
2.4754827077089203e-09 
2.4754827077089203e-09 
2.4754827077089203e-09 
2.4754827077089203e-09 
2.4754827077089203e-09 
2.4754827077089203e-09 
2.4754827077089203e-09 
2.4754827077089203e-09 
2.4754827077089203e-09 
2.4754827077089203e-09 
2.4754827077089203e-09 
2.4754827077089203e-09 
2.4754827077089203e-09 
2.4754827077089203e-09 
2.4754827077089203e-09 
2.4754827077089203e-09 
2.4754827077089203e-09 
2.4754827077089203e-09 
2.4754827077089203e-09 
2.4754827077089203e-09 
2.4754827077089203e-09 
2.4754827077089203e-09 
2.4754827077089203e-09 
2.4754827077089203e-09 
2.4754827077089203e-09 
2.4754827077089203e-09 
2.4754827077089203e-09 
2.4754827077089203e-09 
2.4754827077089203e-09 
2.4754827077089203e-09 
2.4754827077089203e-09 
2.4754827077089203e-09 
2.4754827077089203e-09 
2.4754827077089203e-09 
2.4754827077089203e-09 
2.4754827077089203e-09 
2.4754827077089203e-09 
2.4754827077089203e-09 
2.4754827077089203e-09 
2.4754827077089203e-09 
2.4754827077089203e-09 
2.4754827077089203e-09 
2.4754827077089203e-09 
2.4754827077089203e-09 
2.4754827077089203e-09 
2.4754827077089203e-09 
2.4754827077089203e-09 
2.4754827077089203e-09 
2.4754827077089203e-09 
2.4754827077089203e-09 
2.4754827077089203e-09 
2.4754827077089203e-09 
2.4754827077089203e-09 
2.4754827077089203e-09 
2.4754827077089203e-09 
2.4754827077089203e-09 
2.4754827077089203e-09 
2.4754827077089203e-09 
2.4754827077089203e-09 
2.4754827077089203e-09 
2.4754827077089203e-09 
2.4754827077089203e-09 
2.4754827077089203e-09 
2.4754827077089203e-09 
2.4754827077089203e-09 
2.4754827077089203e-09 
2.4754827077089203e-09 
2.4754827077089203e-09 
2.4754827077089203e-09 
2.4754827077089203e-09 
2.4754827077089203e-09 
2.4754827077089203e-09 
2.4754827077089203e-09 
2.4754827077089203e-09 
2.4754827077089203e-09 
2.4754827077089203e-09 
2.4754827077089203e-09 
2.4754827077089203e-09 
2.4754827077089203e-09 
2.4754827077089203e-09 
2.4754827077089203e-09 
2.4754827077089203e-09 
2.4754827077089203e-09 
2.4754827077089203e-09 
2.4754827077089203e-09 
2.4754827077089203e-09 
2.4754827077089203e-09 
2.4754827077089203e-09 
2.4754827077089203e-09 
2.4754827077089203e-09 
2.4754827077089203e-09 
2.4754827077089203e-09 
2.4754827077089203e-09 
2.4754827077089203e-09 
2.4754827077089203e-09 
2.4754827077089203e-09 
2.4754827077089203e-09 
2.4754827077089203e-09 
2.4754827077089203e-09 
2.4754827077089203e-09 
2.4754827077089203e-09 
2.4754827077089203e-09 
1.7963227572082019e-09 
1.7963227572082019e-09 
1.7963227572082019e-09 
1.7963227572082019e-09 
1.7963227572082019e-09 
1.7963227572082019e-09 
1.7963227572082019e-09 
1.7963227572082019e-09 
1.7963227572082019e-09 
1.7963227572082019e-09 
1.7963227572082019e-09 
1.7963227572082019e-09 
1.7963227572082019e-09 
1.7963227572082019e-09 
1.7963227572082019e-09 
1.7963227572082019e-09 
1.7963227572082019e-09 
1.7963227572082019e-09 
1.7963227572082019e-09 
1.7963227572082019e-09 
1.7963227572082019e-09 
1.7963227572082019e-09 
1.7963227572082019e-09 
1.7963227572082019e-09 
1.7963227572082019e-09 
1.7963227572082019e-09 
1.7963227572082019e-09 
1.7963227572082019e-09 
1.7963227572082019e-09 
1.7963227572082019e-09 
1.7963227572082019e-09 
1.7963227572082019e-09 
1.7963227572082019e-09 
1.7963227572082019e-09 
1.7963227572082019e-09 
1.7963227572082019e-09 
1.7963227572082019e-09 
1.7963227572082019e-09 
1.7963227572082019e-09 
1.7963227572082019e-09 
1.7963227572082019e-09 
1.7963227572082019e-09 
1.7963227572082019e-09 
1.7963227572082019e-09 
1.7963227572082019e-09 
1.7963227572082019e-09 
1.7963227572082019e-09 
1.7963227572082019e-09 
1.7963227572082019e-09 
1.7963227572082019e-09 
1.7963227572082019e-09 
1.7963227572082019e-09 
1.7963227572082019e-09 
1.7963227572082019e-09 
1.7963227572082019e-09 
1.7963227572082019e-09 
1.7963227572082019e-09 
1.7963227572082019e-09 
1.7963227572082019e-09 
1.7963227572082019e-09 
1.7963227572082019e-09 
1.7963227572082019e-09 
1.7963227572082019e-09 
1.7963227572082019e-09 
1.7963227572082019e-09 
1.7963227572082019e-09 
1.7963227572082019e-09 
1.7963227572082019e-09 
1.7963227572082019e-09 
1.7963227572082019e-09 
1.7963227572082019e-09 
1.7963227572082019e-09 
1.7963227572082019e-09 
1.7963227572082019e-09 
1.7963227572082019e-09 
1.7963227572082019e-09 
1.7963227572082019e-09 
1.7963227572082019e-09 
1.7963227572082019e-09 
1.7963227572082019e-09 
1.7963227572082019e-09 
1.7963227572082019e-09 
1.7963227572082019e-09 
1.7963227572082019e-09 
1.7963227572082019e-09 
1.7963227572082019e-09 
1.7963227572082019e-09 
1.7963227572082019e-09 
1.7963227572082019e-09 
1.7963227572082019e-09 
1.7963227572082019e-09 
1.7963227572082019e-09 
1.7963227572082019e-09 
1.7963227572082019e-09 
1.7963227572082019e-09 
1.7963227572082019e-09 
1.7963227572082019e-09 
1.7963227572082019e-09 
1.7963227572082019e-09 
1.7963227572082019e-09 
1.7963227572082019e-09 
1.7963227572082019e-09 
1.7963227572082019e-09 
1.7963227572082019e-09 
1.7963227572082019e-09 
1.7963227572082019e-09 
1.7963227572082019e-09 
1.7963227572082019e-09 
1.7963227572082019e-09 
1.7963227572082019e-09 
1.7963227572082019e-09 
1.7963227572082019e-09 
1.7963227572082019e-09 
1.7963227572082019e-09 
1.7963227572082019e-09 
1.7963227572082019e-09 
1.7963227572082019e-09 
1.7963227572082019e-09 
1.7963227572082019e-09 
1.7963227572082019e-09 
1.7963227572082019e-09 
1.7963227572082019e-09 
1.7963227572082019e-09 
1.7963227572082019e-09 
1.7963227572082019e-09 
1.7963227572082019e-09 
1.7963227572082019e-09 
1.7963227572082019e-09 
1.7963227572082019e-09 
1.7963227572082019e-09 
1.7963227572082019e-09 
1.7963227572082019e-09 
1.7963227572082019e-09 
1.7963227572082019e-09 
1.7963227572082019e-09 
1.7963227572082019e-09 
1.7963227572082019e-09 
1.7963227572082019e-09 
1.7963227572082019e-09 
1.7963227572082019e-09 
1.7963227572082019e-09 
1.7963227572082019e-09 
1.7963227572082019e-09 
1.7963227572082019e-09 
1.7963227572082019e-09 
1.7963227572082019e-09 
1.7963227572082019e-09 
1.7963227572082019e-09 
1.7963227572082019e-09 
1.7963227572082019e-09 
1.7963227572082019e-09 
1.7963227572082019e-09 
1.7963227572082019e-09 
1.7963227572082019e-09 
1.7963227572082019e-09 
1.7963227572082019e-09 
1.7963227572082019e-09 
1.7963227572082019e-09 
1.7963227572082019e-09 
1.7963227572082019e-09 
1.7963227572082019e-09 
1.7963227572082019e-09 
1.7963227572082019e-09 
1.7963227572082019e-09 
1.7963227572082019e-09 
1.7963227572082019e-09 
1.7963227572082019e-09 
1.7963227572082019e-09 
1.7963227572082019e-09 
1.7963227572082019e-09 
1.7963227572082019e-09 
1.7963227572082019e-09 
1.7963227572082019e-09 
1.7963227572082019e-09 
1.7963227572082019e-09 
1.7963227572082019e-09 
1.7963227572082019e-09 
1.7963227572082019e-09 
1.7963227572082019e-09 
1.7963227572082019e-09 
1.7963227572082019e-09 
1.7963227572082019e-09 
1.7963227572082019e-09 
1.7963227572082019e-09 
1.7963227572082019e-09 
1.7963227572082019e-09 
1.7963227572082019e-09 
1.7963227572082019e-09 
1.7963227572082019e-09 
1.7963227572082019e-09 
1.7963227572082019e-09 
1.7963227572082019e-09 
1.7963227572082019e-09 
1.7963227572082019e-09 
1.7963227572082019e-09 
1.7963227572082019e-09 
1.7963227572082019e-09 
1.7963227572082019e-09 
1.7963227572082019e-09 
1.7963227572082019e-09 
1.7963227572082019e-09 
1.7963227572082019e-09 
1.7963227572082019e-09 
1.7963227572082019e-09 
1.7963227572082019e-09 
1.7963227572082019e-09 
1.7963227572082019e-09 
1.7963227572082019e-09 
1.7963227572082019e-09 
1.7963227572082019e-09 
1.7963227572082019e-09 
1.7963227572082019e-09 
1.7963227572082019e-09 
1.7963227572082019e-09 
1.7963227572082019e-09 
1.7963227572082019e-09 
1.7963227572082019e-09 
1.7963227572082019e-09 
1.7963227572082019e-09 
1.7963227572082019e-09 
1.7963227572082019e-09 
1.7963227572082019e-09 
1.7963227572082019e-09 
1.7963227572082019e-09 
1.7963227572082019e-09 
1.7963227572082019e-09 
1.7963227572082019e-09 
1.7963227572082019e-09 
1.7963227572082019e-09 
1.7963227572082019e-09 
1.7963227572082019e-09 
1.7963227572082019e-09 
1.7963227572082019e-09 
1.7963227572082019e-09 
1.7963227572082019e-09 
1.7963227572082019e-09 
1.7963227572082019e-09 
1.7963227572082019e-09 
1.7963227572082019e-09 
1.7963227572082019e-09 
1.7963227572082019e-09 
1.7963227572082019e-09 
1.7963227572082019e-09 
1.7963227572082019e-09 
1.7963227572082019e-09 
1.7963227572082019e-09 
1.7963227572082019e-09 
1.7963227572082019e-09 
1.7963227572082019e-09 
1.7963227572082019e-09 
1.7963227572082019e-09 
1.7963227572082019e-09 
1.7963227572082019e-09 
1.7963227572082019e-09 
1.7963227572082019e-09 
1.7963227572082019e-09 
1.7963227572082019e-09 
1.7963227572082019e-09 
1.7963227572082019e-09 
1.7963227572082019e-09 
1.7963227572082019e-09 
1.7963227572082019e-09 
1.7963227572082019e-09 
1.7963227572082019e-09 
1.7963227572082019e-09 
1.7963227572082019e-09 
1.7963227572082019e-09 
1.7963227572082019e-09 
1.7963227572082019e-09 
1.7963227572082019e-09 
1.7963227572082019e-09 
1.7963227572082019e-09 
1.7963227572082019e-09 
1.7963227572082019e-09 
1.7963227572082019e-09 
1.7963227572082019e-09 
1.7963227572082019e-09 
1.7963227572082019e-09 
1.7963227572082019e-09 
1.7963227572082019e-09 
1.7963227572082019e-09 
1.7963227572082019e-09 
1.7963227572082019e-09 
1.7963227572082019e-09 
1.7963227572082019e-09 
1.7963227572082019e-09 
1.7963227572082019e-09 
1.7963227572082019e-09 
1.7963227572082019e-09 
1.7963227572082019e-09 
1.7963227572082019e-09 
1.7963227572082019e-09 
1.7963227572082019e-09 
1.7963227572082019e-09 
1.7963227572082019e-09 
1.7963227572082019e-09 
1.7963227572082019e-09 
1.7963227572082019e-09 
1.7963227572082019e-09 
1.7963227572082019e-09 
1.7963227572082019e-09 
1.7963227572082019e-09 
1.7963227572082019e-09 
1.7963227572082019e-09 
1.7963227572082019e-09 
1.7963227572082019e-09 
1.7963227572082019e-09 
1.7963227572082019e-09 
1.7963227572082019e-09 
1.7963227572082019e-09 
1.7963227572082019e-09 
1.7963227572082019e-09 
1.7963227572082019e-09 
1.7963227572082019e-09 
1.7963227572082019e-09 
1.7963227572082019e-09 
1.7963227572082019e-09 
1.7963227572082019e-09 
1.7963227572082019e-09 
1.7963227572082019e-09 
1.7963227572082019e-09 
1.7963227572082019e-09 
1.7963227572082019e-09 
1.7963227572082019e-09 
1.7963227572082019e-09 
1.7963227572082019e-09 
1.7963227572082019e-09 
1.7963227572082019e-09 
1.7963227572082019e-09 
1.7963227572082019e-09 
1.7963227572082019e-09 
1.7963227572082019e-09 
1.7963227572082019e-09 
1.7963227572082019e-09 
1.7963227572082019e-09 
1.7963227572082019e-09 
1.7963227572082019e-09 
1.7963227572082019e-09 
1.7963227572082019e-09 
1.7963227572082019e-09 
1.7963227572082019e-09 
1.7963227572082019e-09 
1.7963227572082019e-09 
1.7963227572082019e-09 
1.7963227572082019e-09 
1.7963227572082019e-09 
1.7963227572082019e-09 
1.7963227572082019e-09 
1.7963227572082019e-09 
1.7963227572082019e-09 
1.7963227572082019e-09 
1.7963227572082019e-09 
1.7963227572082019e-09 
1.7963227572082019e-09 
1.7963227572082019e-09 
1.7963227572082019e-09 
1.7963227572082019e-09 
1.7963227572082019e-09 
1.7963227572082019e-09 
1.7963227572082019e-09 
1.7963227572082019e-09 
1.7963227572082019e-09 
1.7963227572082019e-09 
1.7963227572082019e-09 
1.7963227572082019e-09 
1.7963227572082019e-09 
1.7963227572082019e-09 
1.7963227572082019e-09 
1.7963227572082019e-09 
1.7963227572082019e-09 
1.7963227572082019e-09 
1.7963227572082019e-09 
1.7963227572082019e-09 
1.7963227572082019e-09 
1.7963227572082019e-09 
1.7963227572082019e-09 
1.7963227572082019e-09 
1.7963227572082019e-09 
1.7963227572082019e-09 
1.7963227572082019e-09 
1.7963227572082019e-09 
1.7963227572082019e-09 
1.7963227572082019e-09 
1.7963227572082019e-09 
1.7963227572082019e-09 
1.7963227572082019e-09 
1.7963227572082019e-09 
1.7963227572082019e-09 
1.7963227572082019e-09 
1.7963227572082019e-09 
1.7963227572082019e-09 
1.7963227572082019e-09 
1.7963227572082019e-09 
1.7963227572082019e-09 
1.7963227572082019e-09 
1.7963227572082019e-09 
1.7963227572082019e-09 
1.7963227572082019e-09 
1.7963227572082019e-09 
