0.14795406372844611 
0.14795335185930361 
0.14428085877368851 
0.037727104065109394 
0.018109733802429313 
0.0020599243498593783 
0.0020599243498593783 
0.0020599243498593783 
0.0020599243498593783 
0.0020599243498593783 
0.0020599243498593783 
0.0020599243498593783 
0.0020599243498593783 
0.0020599243498593783 
7.1311749071613828e-05 
7.1311749071613828e-05 
7.1311749071613828e-05 
7.1311749071613828e-05 
7.1311749071613828e-05 
7.1311749071613828e-05 
7.1311749071613828e-05 
7.1311749071613828e-05 
7.1311749071613828e-05 
7.1311749071613828e-05 
7.1311749071613828e-05 
7.1311749071613828e-05 
7.1311749071613828e-05 
7.1311749071613828e-05 
7.1311749071613828e-05 
7.1311749071613828e-05 
7.1311749071613828e-05 
7.1311749071613828e-05 
7.1311749071613828e-05 
7.1311749071613828e-05 
7.1311749071613828e-05 
7.1311749071613828e-05 
7.1311749071613828e-05 
7.1311749071613828e-05 
7.1311749071613828e-05 
5.1578307412125635e-05 
5.1578307412125635e-05 
5.1578307412125635e-05 
5.1578307412125635e-05 
5.1578307412125635e-05 
5.1578307412125635e-05 
5.1578307412125635e-05 
5.1578307412125635e-05 
5.1578307412125635e-05 
2.0229673431915144e-05 
2.0229673431915144e-05 
2.0229673431915144e-05 
2.0229673431915144e-05 
2.0229673431915144e-05 
2.0229673431915144e-05 
2.0229673431915144e-05 
2.0229673431915144e-05 
2.0229673431915144e-05 
2.0229673431915144e-05 
2.0229673431915144e-05 
2.0229673431915144e-05 
2.0229673431915144e-05 
2.0229673431915144e-05 
2.0229673431915144e-05 
2.0229673431915144e-05 
2.0229673431915144e-05 
2.0229673431915144e-05 
2.0229673431915144e-05 
2.0229673431915144e-05 
2.0229673431915144e-05 
2.0229673431915144e-05 
2.0229673431915144e-05 
2.0229673431915144e-05 
1.7095169009649623e-05 
1.2593029987859118e-05 
1.2593029987859118e-05 
1.2593029987859118e-05 
1.2593029987859118e-05 
1.2593029987859118e-05 
1.2593029987859118e-05 
1.1454173052889759e-05 
9.2688734207704834e-07 
9.2688734207704834e-07 
9.2688734207704834e-07 
9.2688734207704834e-07 
9.2688734207704834e-07 
9.2688734207704834e-07 
9.2688734207704834e-07 
9.2688734207704834e-07 
9.2688734207704834e-07 
9.2688734207704834e-07 
9.2688734207704834e-07 
9.2688734207704834e-07 
9.2688734207704834e-07 
9.2688734207704834e-07 
9.2688734207704834e-07 
9.2688734207704834e-07 
9.2688734207704834e-07 
9.2688734207704834e-07 
9.2688734207704834e-07 
9.2688734207704834e-07 
9.2688734207704834e-07 
9.2688734207704834e-07 
9.2688734207704834e-07 
9.2688734207704834e-07 
9.2688734207704834e-07 
9.2688734207704834e-07 
9.2688734207704834e-07 
9.2688734207704834e-07 
3.8902569181684329e-07 
3.8902569181684329e-07 
3.8902569181684329e-07 
3.8902569181684329e-07 
1.2184070138004533e-07 
1.2184070138004533e-07 
1.1286955361560629e-07 
1.1286955361560629e-07 
1.1286955361560629e-07 
1.1286955361560629e-07 
1.1286955361560629e-07 
1.1286955361560629e-07 
1.1286955361560629e-07 
3.7475160061279182e-08 
3.7475160061279182e-08 
3.7475160061279182e-08 
3.7475160061279182e-08 
3.7475160061279182e-08 
3.7475160061279182e-08 
3.7475160061279182e-08 
3.7475160061279182e-08 
3.7475160061279182e-08 
3.7475160061279182e-08 
3.7475160061279182e-08 
3.7475160061279182e-08 
3.7475160061279182e-08 
5.7833931795191197e-09 
5.7833931795191197e-09 
5.7833931795191197e-09 
5.7833931795191197e-09 
5.7833931795191197e-09 
5.7833931795191197e-09 
5.7833931795191197e-09 
5.7833931795191197e-09 
5.7833931795191197e-09 
5.7833931795191197e-09 
5.7833931795191197e-09 
5.7833931795191197e-09 
5.7833931795191197e-09 
5.7833931795191197e-09 
5.7833931795191197e-09 
5.7833931795191197e-09 
5.7833931795191197e-09 
5.7833931795191197e-09 
5.7833931795191197e-09 
5.7833931795191197e-09 
5.7833931795191197e-09 
5.7833931795191197e-09 
5.7833931795191197e-09 
5.7833931795191197e-09 
5.7833931795191197e-09 
4.5608760535673467e-09 
4.5608760535673467e-09 
4.5608760535673467e-09 
4.5608760535673467e-09 
4.5608760535673467e-09 
4.5608760535673467e-09 
4.240242189169853e-09 
2.229823046135024e-09 
2.229823046135024e-09 
2.229823046135024e-09 
2.229823046135024e-09 
2.229823046135024e-09 
2.229823046135024e-09 
1.711071909974254e-09 
1.6438197068487508e-09 
2.2147805064665761e-10 
2.2147805064665761e-10 
2.2147805064665761e-10 
2.2147805064665761e-10 
2.2147805064665761e-10 
2.2147805064665761e-10 
2.2147805064665761e-10 
1.7339873950485226e-10 
1.7339873950485226e-10 
1.7339873950485226e-10 
1.7339873950485226e-10 
1.7339873950485226e-10 
1.7339873950485226e-10 
1.7339873950485226e-10 
1.7339873950485226e-10 
1.7339873950485226e-10 
7.885153713057707e-11 
7.885153713057707e-11 
7.885153713057707e-11 
7.885153713057707e-11 
7.885153713057707e-11 
7.885153713057707e-11 
7.885153713057707e-11 
3.9894633147873795e-12 
3.9894633147873795e-12 
3.9894633147873795e-12 
3.9894633147873795e-12 
3.9894633147873795e-12 
3.9894633147873795e-12 
3.9894633147873795e-12 
3.9894633147873795e-12 
3.9894633147873795e-12 
3.9894633147873795e-12 
3.9894633147873795e-12 
3.9894633147873795e-12 
3.9894633147873795e-12 
3.9894633147873795e-12 
3.9894633147873795e-12 
3.9894633147873795e-12 
3.9894633147873795e-12 
3.9894633147873795e-12 
3.9894633147873795e-12 
3.9894633147873795e-12 
3.9894633147873795e-12 
4.1251501060707027e-13 
4.1251501060707027e-13 
4.1251501060707027e-13 
4.1251501060707027e-13 
4.1251501060707027e-13 
4.1251501060707027e-13 
4.1251501060707027e-13 
4.1251501060707027e-13 
4.1251501060707027e-13 
4.1251501060707027e-13 
4.1251501060707027e-13 
4.1251501060707027e-13 
4.1251501060707027e-13 
4.1251501060707027e-13 
4.1251501060707027e-13 
4.1251501060707027e-13 
4.1251501060707027e-13 
4.1251501060707027e-13 
4.1251501060707027e-13 
4.1251501060707027e-13 
4.1251501060707027e-13 
4.1251501060707027e-13 
4.1251501060707027e-13 
4.1251501060707027e-13 
4.1251501060707027e-13 
4.1251501060707027e-13 
4.1251501060707027e-13 
4.1251501060707027e-13 
4.1251501060707027e-13 
4.1251501060707027e-13 
4.1251501060707027e-13 
4.1251501060707027e-13 
4.1251501060707027e-13 
4.1251501060707027e-13 
4.1251501060707027e-13 
4.1251501060707027e-13 
4.1251501060707027e-13 
4.1251501060707027e-13 
4.1251501060707027e-13 
4.1251501060707027e-13 
4.1251501060707027e-13 
4.1251501060707027e-13 
4.1251501060707027e-13 
4.1251501060707027e-13 
4.1251501060707027e-13 
4.1251501060707027e-13 
4.1251501060707027e-13 
4.1251501060707027e-13 
4.1251501060707027e-13 
4.1251501060707027e-13 
4.1251501060707027e-13 
4.1251501060707027e-13 
4.1251501060707027e-13 
3.0865676106389568e-13 
3.0865676106389568e-13 
3.0865676106389568e-13 
3.0865676106389568e-13 
3.0865676106389568e-13 
3.0865676106389568e-13 
3.0865676106389568e-13 
3.0865676106389568e-13 
3.0865676106389568e-13 
2.0781705913113753e-13 
2.0781705913113753e-13 
2.0781705913113753e-13 
2.0781705913113753e-13 
2.0781705913113753e-13 
2.0781705913113753e-13 
2.0781705913113753e-13 
2.0781705913113753e-13 
2.0781705913113753e-13 
2.0781705913113753e-13 
2.0781705913113753e-13 
2.0781705913113753e-13 
2.0781705913113753e-13 
2.0781705913113753e-13 
2.0781705913113753e-13 
2.0781705913113753e-13 
2.0781705913113753e-13 
2.0781705913113753e-13 
2.0781705913113753e-13 
2.0781705913113753e-13 
2.0781705913113753e-13 
2.0781705913113753e-13 
2.0781705913113753e-13 
2.0781705913113753e-13 
2.0781705913113753e-13 
2.0781705913113753e-13 
2.0781705913113753e-13 
2.0781705913113753e-13 
2.0781705913113753e-13 
2.0781705913113753e-13 
2.0781705913113753e-13 
2.0781705913113753e-13 
2.0781705913113753e-13 
2.0781705913113753e-13 
2.0781705913113753e-13 
2.0781705913113753e-13 
2.0781705913113753e-13 
2.0781705913113753e-13 
2.0781705913113753e-13 
2.0781705913113753e-13 
2.0781705913113753e-13 
2.0781705913113753e-13 
2.0781705913113753e-13 
2.0781705913113753e-13 
2.0781705913113753e-13 
2.0781705913113753e-13 
2.0781705913113753e-13 
2.0781705913113753e-13 
2.0781705913113753e-13 
2.0781705913113753e-13 
2.0781705913113753e-13 
2.0781705913113753e-13 
2.0781705913113753e-13 
2.0781705913113753e-13 
2.0781705913113753e-13 
2.0781705913113753e-13 
2.0781705913113753e-13 
2.0781705913113753e-13 
2.0781705913113753e-13 
2.0781705913113753e-13 
2.0781705913113753e-13 
2.0781705913113753e-13 
2.0781705913113753e-13 
2.0781705913113753e-13 
2.0781705913113753e-13 
2.0781705913113753e-13 
2.0781705913113753e-13 
2.0781705913113753e-13 
2.0781705913113753e-13 
2.0781705913113753e-13 
2.0781705913113753e-13 
2.0781705913113753e-13 
2.0781705913113753e-13 
2.0781705913113753e-13 
2.0781705913113753e-13 
2.0781705913113753e-13 
2.0781705913113753e-13 
2.0781705913113753e-13 
2.0781705913113753e-13 
2.0781705913113753e-13 
2.0781705913113753e-13 
2.0781705913113753e-13 
2.0781705913113753e-13 
2.0781705913113753e-13 
2.0781705913113753e-13 
2.0781705913113753e-13 
2.0781705913113753e-13 
2.0781705913113753e-13 
2.0781705913113753e-13 
2.0781705913113753e-13 
2.0781705913113753e-13 
2.0781705913113753e-13 
2.0781705913113753e-13 
2.0781705913113753e-13 
2.0781705913113753e-13 
2.0781705913113753e-13 
2.0781705913113753e-13 
2.0781705913113753e-13 
2.0781705913113753e-13 
2.0781705913113753e-13 
2.0781705913113753e-13 
2.0781705913113753e-13 
2.0781705913113753e-13 
2.0781705913113753e-13 
2.0781705913113753e-13 
2.0781705913113753e-13 
2.0781705913113753e-13 
2.0781705913113753e-13 
2.0781705913113753e-13 
2.0781705913113753e-13 
2.0781705913113753e-13 
2.0781705913113753e-13 
2.0781705913113753e-13 
2.0781705913113753e-13 
2.0781705913113753e-13 
2.0781705913113753e-13 
2.0781705913113753e-13 
2.0781705913113753e-13 
2.0781705913113753e-13 
2.0781705913113753e-13 
2.0781705913113753e-13 
2.0781705913113753e-13 
2.0781705913113753e-13 
2.0781705913113753e-13 
2.0781705913113753e-13 
2.0781705913113753e-13 
2.0781705913113753e-13 
2.0781705913113753e-13 
2.0781705913113753e-13 
2.0781705913113753e-13 
2.0781705913113753e-13 
2.0781705913113753e-13 
2.0781705913113753e-13 
2.0781705913113753e-13 
2.0781705913113753e-13 
2.0781705913113753e-13 
2.0781705913113753e-13 
2.0781705913113753e-13 
2.0781705913113753e-13 
2.0781705913113753e-13 
2.0781705913113753e-13 
2.0781705913113753e-13 
2.0781705913113753e-13 
2.0781705913113753e-13 
2.0781705913113753e-13 
2.0781705913113753e-13 
2.0781705913113753e-13 
2.0781705913113753e-13 
2.0781705913113753e-13 
2.0781705913113753e-13 
2.0781705913113753e-13 
2.0781705913113753e-13 
2.0781705913113753e-13 
2.0781705913113753e-13 
2.0781705913113753e-13 
2.0781705913113753e-13 
2.0781705913113753e-13 
2.0781705913113753e-13 
2.0781705913113753e-13 
2.0781705913113753e-13 
2.0781705913113753e-13 
2.0781705913113753e-13 
2.0781705913113753e-13 
2.0781705913113753e-13 
2.0781705913113753e-13 
2.0781705913113753e-13 
2.0781705913113753e-13 
2.0781705913113753e-13 
2.0781705913113753e-13 
2.0781705913113753e-13 
2.0781705913113753e-13 
2.0781705913113753e-13 
2.0781705913113753e-13 
2.0781705913113753e-13 
2.0781705913113753e-13 
2.0781705913113753e-13 
2.0781705913113753e-13 
2.0781705913113753e-13 
2.0781705913113753e-13 
2.0781705913113753e-13 
2.0781705913113753e-13 
2.0781705913113753e-13 
2.0781705913113753e-13 
2.0781705913113753e-13 
2.0781705913113753e-13 
2.0781705913113753e-13 
2.0781705913113753e-13 
2.0781705913113753e-13 
2.0781705913113753e-13 
2.0781705913113753e-13 
2.0781705913113753e-13 
2.0781705913113753e-13 
2.0781705913113753e-13 
2.0781705913113753e-13 
2.0781705913113753e-13 
2.0781705913113753e-13 
2.0781705913113753e-13 
2.0781705913113753e-13 
2.0781705913113753e-13 
2.0781705913113753e-13 
2.0781705913113753e-13 
2.0781705913113753e-13 
2.0781705913113753e-13 
2.0781705913113753e-13 
2.0781705913113753e-13 
2.0781705913113753e-13 
2.0781705913113753e-13 
2.0781705913113753e-13 
2.0781705913113753e-13 
2.0781705913113753e-13 
2.0781705913113753e-13 
2.0781705913113753e-13 
2.0781705913113753e-13 
2.0781705913113753e-13 
2.0781705913113753e-13 
2.0781705913113753e-13 
2.0781705913113753e-13 
2.0781705913113753e-13 
2.0781705913113753e-13 
2.0781705913113753e-13 
2.0781705913113753e-13 
2.0781705913113753e-13 
2.0781705913113753e-13 
2.0781705913113753e-13 
2.0781705913113753e-13 
2.0781705913113753e-13 
2.0781705913113753e-13 
2.0781705913113753e-13 
2.0781705913113753e-13 
2.0781705913113753e-13 
2.0781705913113753e-13 
2.0781705913113753e-13 
2.0781705913113753e-13 
2.0781705913113753e-13 
2.0781705913113753e-13 
2.0781705913113753e-13 
2.0781705913113753e-13 
2.0781705913113753e-13 
2.0781705913113753e-13 
2.0781705913113753e-13 
2.0781705913113753e-13 
2.0781705913113753e-13 
2.0781705913113753e-13 
2.0781705913113753e-13 
2.0781705913113753e-13 
2.0781705913113753e-13 
2.0781705913113753e-13 
2.0781705913113753e-13 
2.0781705913113753e-13 
2.0781705913113753e-13 
2.0781705913113753e-13 
2.0781705913113753e-13 
2.0781705913113753e-13 
2.0781705913113753e-13 
2.0781705913113753e-13 
2.0781705913113753e-13 
2.0781705913113753e-13 
2.0781705913113753e-13 
2.0781705913113753e-13 
2.0781705913113753e-13 
2.0781705913113753e-13 
2.0781705913113753e-13 
2.0781705913113753e-13 
2.0781705913113753e-13 
2.0781705913113753e-13 
2.0781705913113753e-13 
2.0781705913113753e-13 
2.0781705913113753e-13 
2.0781705913113753e-13 
2.0781705913113753e-13 
2.0781705913113753e-13 
2.0781705913113753e-13 
2.0781705913113753e-13 
2.0781705913113753e-13 
2.0781705913113753e-13 
2.0781705913113753e-13 
2.0781705913113753e-13 
2.0781705913113753e-13 
2.0781705913113753e-13 
2.0781705913113753e-13 
2.0781705913113753e-13 
2.0781705913113753e-13 
2.0781705913113753e-13 
2.0781705913113753e-13 
2.0781705913113753e-13 
2.0781705913113753e-13 
2.0781705913113753e-13 
2.0781705913113753e-13 
2.0781705913113753e-13 
2.0781705913113753e-13 
2.0781705913113753e-13 
2.0781705913113753e-13 
2.0781705913113753e-13 
2.0781705913113753e-13 
2.0781705913113753e-13 
2.0781705913113753e-13 
2.0781705913113753e-13 
2.0781705913113753e-13 
2.0781705913113753e-13 
2.0781705913113753e-13 
2.0781705913113753e-13 
2.0781705913113753e-13 
2.0781705913113753e-13 
2.0781705913113753e-13 
2.0781705913113753e-13 
2.0781705913113753e-13 
2.0781705913113753e-13 
2.0781705913113753e-13 
2.0781705913113753e-13 
2.0781705913113753e-13 
2.0781705913113753e-13 
2.0781705913113753e-13 
2.0781705913113753e-13 
2.0781705913113753e-13 
2.0781705913113753e-13 
2.0781705913113753e-13 
2.0781705913113753e-13 
2.0781705913113753e-13 
2.0781705913113753e-13 
2.0781705913113753e-13 
2.0781705913113753e-13 
2.0781705913113753e-13 
2.0781705913113753e-13 
2.0781705913113753e-13 
2.0781705913113753e-13 
2.0781705913113753e-13 
2.0781705913113753e-13 
2.0781705913113753e-13 
2.0781705913113753e-13 
2.0781705913113753e-13 
2.0781705913113753e-13 
2.0781705913113753e-13 
2.0781705913113753e-13 
2.0781705913113753e-13 
2.0781705913113753e-13 
2.0781705913113753e-13 
2.0781705913113753e-13 
2.0781705913113753e-13 
2.0781705913113753e-13 
2.0781705913113753e-13 
2.0781705913113753e-13 
2.0781705913113753e-13 
2.0781705913113753e-13 
2.0781705913113753e-13 
2.0781705913113753e-13 
2.0781705913113753e-13 
2.0781705913113753e-13 
2.0781705913113753e-13 
2.0781705913113753e-13 
2.0781705913113753e-13 
2.0781705913113753e-13 
2.0781705913113753e-13 
2.0781705913113753e-13 
2.0781705913113753e-13 
2.0781705913113753e-13 
2.0781705913113753e-13 
2.0781705913113753e-13 
2.0781705913113753e-13 
2.0781705913113753e-13 
2.0781705913113753e-13 
2.0781705913113753e-13 
2.0781705913113753e-13 
2.0781705913113753e-13 
2.0781705913113753e-13 
2.0781705913113753e-13 
2.0781705913113753e-13 
2.0781705913113753e-13 
2.0781705913113753e-13 
2.0781705913113753e-13 
2.0781705913113753e-13 
2.0781705913113753e-13 
2.0781705913113753e-13 
2.0781705913113753e-13 
2.0781705913113753e-13 
2.0781705913113753e-13 
2.0781705913113753e-13 
2.0781705913113753e-13 
2.0781705913113753e-13 
2.0781705913113753e-13 
2.0781705913113753e-13 
2.0781705913113753e-13 
2.0781705913113753e-13 
2.0781705913113753e-13 
2.0781705913113753e-13 
2.0781705913113753e-13 
2.0781705913113753e-13 
2.0781705913113753e-13 
2.0781705913113753e-13 
2.0781705913113753e-13 
2.0781705913113753e-13 
2.0781705913113753e-13 
2.0781705913113753e-13 
2.0781705913113753e-13 
2.0781705913113753e-13 
2.0781705913113753e-13 
2.0781705913113753e-13 
2.0781705913113753e-13 
2.0781705913113753e-13 
2.0781705913113753e-13 
2.0781705913113753e-13 
2.0781705913113753e-13 
2.0781705913113753e-13 
2.0781705913113753e-13 
2.0781705913113753e-13 
2.0781705913113753e-13 
2.0781705913113753e-13 
2.0781705913113753e-13 
2.0781705913113753e-13 
2.0781705913113753e-13 
2.0781705913113753e-13 
2.0781705913113753e-13 
2.0781705913113753e-13 
2.0781705913113753e-13 
2.0781705913113753e-13 
2.0781705913113753e-13 
2.0781705913113753e-13 
2.0781705913113753e-13 
2.0781705913113753e-13 
2.0781705913113753e-13 
2.0781705913113753e-13 
2.0781705913113753e-13 
2.0781705913113753e-13 
2.0781705913113753e-13 
2.0781705913113753e-13 
2.0781705913113753e-13 
2.0781705913113753e-13 
2.0781705913113753e-13 
2.0781705913113753e-13 
2.0781705913113753e-13 
2.0781705913113753e-13 
2.0781705913113753e-13 
2.0781705913113753e-13 
2.0781705913113753e-13 
2.0781705913113753e-13 
2.0781705913113753e-13 
2.0781705913113753e-13 
2.0781705913113753e-13 
2.0781705913113753e-13 
2.0781705913113753e-13 
2.0781705913113753e-13 
2.0781705913113753e-13 
2.0781705913113753e-13 
2.0781705913113753e-13 
2.0781705913113753e-13 
2.0781705913113753e-13 
2.0781705913113753e-13 
2.0781705913113753e-13 
2.0781705913113753e-13 
2.0781705913113753e-13 
2.0781705913113753e-13 
2.0781705913113753e-13 
2.0781705913113753e-13 
2.0781705913113753e-13 
2.0781705913113753e-13 
2.0781705913113753e-13 
2.0781705913113753e-13 
2.0781705913113753e-13 
2.0781705913113753e-13 
2.0781705913113753e-13 
2.0781705913113753e-13 
2.0781705913113753e-13 
2.0781705913113753e-13 
2.0781705913113753e-13 
2.0781705913113753e-13 
2.0781705913113753e-13 
2.0781705913113753e-13 
2.0781705913113753e-13 
2.0781705913113753e-13 
2.0781705913113753e-13 
2.0781705913113753e-13 
2.0781705913113753e-13 
2.0781705913113753e-13 
2.0781705913113753e-13 
2.0781705913113753e-13 
2.0781705913113753e-13 
2.0781705913113753e-13 
2.0781705913113753e-13 
2.0781705913113753e-13 
2.0781705913113753e-13 
2.0781705913113753e-13 
2.0781705913113753e-13 
2.0781705913113753e-13 
2.0781705913113753e-13 
2.0781705913113753e-13 
2.0781705913113753e-13 
2.0781705913113753e-13 
2.0781705913113753e-13 
2.0781705913113753e-13 
2.0781705913113753e-13 
2.0781705913113753e-13 
2.0781705913113753e-13 
2.0781705913113753e-13 
2.0781705913113753e-13 
2.0781705913113753e-13 
2.0781705913113753e-13 
2.0781705913113753e-13 
2.0781705913113753e-13 
2.0781705913113753e-13 
2.0781705913113753e-13 
2.0781705913113753e-13 
2.0781705913113753e-13 
2.0781705913113753e-13 
2.0781705913113753e-13 
2.0781705913113753e-13 
2.0781705913113753e-13 
2.0781705913113753e-13 
2.0781705913113753e-13 
2.0781705913113753e-13 
2.0781705913113753e-13 
2.0781705913113753e-13 
2.0781705913113753e-13 
2.0781705913113753e-13 
2.0781705913113753e-13 
2.0781705913113753e-13 
2.0781705913113753e-13 
2.0781705913113753e-13 
2.0781705913113753e-13 
2.0781705913113753e-13 
2.0781705913113753e-13 
2.0781705913113753e-13 
2.0781705913113753e-13 
2.0781705913113753e-13 
2.0781705913113753e-13 
2.0781705913113753e-13 
2.0781705913113753e-13 
2.0781705913113753e-13 
2.0781705913113753e-13 
2.0781705913113753e-13 
2.0781705913113753e-13 
2.0781705913113753e-13 
2.0781705913113753e-13 
2.0781705913113753e-13 
2.0781705913113753e-13 
2.0781705913113753e-13 
2.0781705913113753e-13 
2.0781705913113753e-13 
2.0781705913113753e-13 
2.0781705913113753e-13 
2.0781705913113753e-13 
2.0781705913113753e-13 
2.0781705913113753e-13 
2.0781705913113753e-13 
2.0781705913113753e-13 
2.0781705913113753e-13 
2.0781705913113753e-13 
2.0781705913113753e-13 
2.0781705913113753e-13 
2.0781705913113753e-13 
2.0781705913113753e-13 
2.0781705913113753e-13 
2.0781705913113753e-13 
2.0781705913113753e-13 
2.0781705913113753e-13 
2.0781705913113753e-13 
2.0781705913113753e-13 
2.0781705913113753e-13 
2.0781705913113753e-13 
2.0781705913113753e-13 
2.0781705913113753e-13 
2.0781705913113753e-13 
2.0781705913113753e-13 
2.0781705913113753e-13 
2.0781705913113753e-13 
2.0781705913113753e-13 
2.0781705913113753e-13 
2.0781705913113753e-13 
2.0781705913113753e-13 
2.0781705913113753e-13 
2.0781705913113753e-13 
2.0781705913113753e-13 
2.0781705913113753e-13 
2.0781705913113753e-13 
2.0781705913113753e-13 
2.0781705913113753e-13 
2.0781705913113753e-13 
2.0781705913113753e-13 
2.0781705913113753e-13 
2.0781705913113753e-13 
2.0781705913113753e-13 
2.0781705913113753e-13 
2.0781705913113753e-13 
2.0781705913113753e-13 
2.0781705913113753e-13 
2.0781705913113753e-13 
2.0781705913113753e-13 
2.0781705913113753e-13 
2.0781705913113753e-13 
2.0781705913113753e-13 
2.0781705913113753e-13 
2.0781705913113753e-13 
2.0781705913113753e-13 
2.0781705913113753e-13 
2.0781705913113753e-13 
2.0781705913113753e-13 
2.0781705913113753e-13 
2.0781705913113753e-13 
2.0781705913113753e-13 
2.0781705913113753e-13 
2.0781705913113753e-13 
2.0781705913113753e-13 
2.0781705913113753e-13 
2.0781705913113753e-13 
2.0781705913113753e-13 
2.0781705913113753e-13 
2.0781705913113753e-13 
2.0781705913113753e-13 
2.0781705913113753e-13 
2.0781705913113753e-13 
2.0781705913113753e-13 
2.0781705913113753e-13 
2.0781705913113753e-13 
2.0781705913113753e-13 
2.0781705913113753e-13 
2.0781705913113753e-13 
2.0781705913113753e-13 
2.0781705913113753e-13 
2.0781705913113753e-13 
2.0781705913113753e-13 
2.0781705913113753e-13 
2.0781705913113753e-13 
2.0781705913113753e-13 
2.0781705913113753e-13 
2.0781705913113753e-13 
2.0781705913113753e-13 
2.0781705913113753e-13 
2.0781705913113753e-13 
2.0781705913113753e-13 
2.0781705913113753e-13 
2.0781705913113753e-13 
2.0781705913113753e-13 
2.0781705913113753e-13 
2.0781705913113753e-13 
2.0781705913113753e-13 
2.0781705913113753e-13 
2.0781705913113753e-13 
2.0781705913113753e-13 
2.0781705913113753e-13 
2.0781705913113753e-13 
2.0781705913113753e-13 
2.0781705913113753e-13 
2.0781705913113753e-13 
2.0781705913113753e-13 
2.0781705913113753e-13 
2.0781705913113753e-13 
2.0781705913113753e-13 
2.0781705913113753e-13 
2.0781705913113753e-13 
2.0781705913113753e-13 
2.0781705913113753e-13 
2.0781705913113753e-13 
2.0781705913113753e-13 
2.0781705913113753e-13 
2.0781705913113753e-13 
2.0781705913113753e-13 
2.0781705913113753e-13 
2.0781705913113753e-13 
2.0781705913113753e-13 
2.0781705913113753e-13 
2.0781705913113753e-13 
2.0781705913113753e-13 
2.0781705913113753e-13 
2.0781705913113753e-13 
2.0781705913113753e-13 
2.0781705913113753e-13 
2.0781705913113753e-13 
2.0781705913113753e-13 
2.0781705913113753e-13 
2.0781705913113753e-13 
2.0781705913113753e-13 
2.0781705913113753e-13 
2.0781705913113753e-13 
2.0781705913113753e-13 
2.0781705913113753e-13 
2.0781705913113753e-13 
2.0781705913113753e-13 
2.0781705913113753e-13 
2.0781705913113753e-13 
2.0781705913113753e-13 
2.0781705913113753e-13 
2.0781705913113753e-13 
2.0781705913113753e-13 
2.0781705913113753e-13 
2.0781705913113753e-13 
2.0781705913113753e-13 
2.0781705913113753e-13 
2.0781705913113753e-13 
2.0781705913113753e-13 
2.0781705913113753e-13 
2.0781705913113753e-13 
2.0781705913113753e-13 
2.0781705913113753e-13 
2.0781705913113753e-13 
2.0781705913113753e-13 
2.0781705913113753e-13 
2.0781705913113753e-13 
2.0781705913113753e-13 
2.0781705913113753e-13 
2.0781705913113753e-13 
2.0781705913113753e-13 
2.0781705913113753e-13 
2.0781705913113753e-13 
2.0781705913113753e-13 
2.0781705913113753e-13 
2.0781705913113753e-13 
2.0781705913113753e-13 
2.0781705913113753e-13 
2.0781705913113753e-13 
2.0781705913113753e-13 
2.0781705913113753e-13 
2.0781705913113753e-13 
2.0781705913113753e-13 
2.0781705913113753e-13 
2.0781705913113753e-13 
2.0781705913113753e-13 
2.0781705913113753e-13 
2.0781705913113753e-13 
2.0781705913113753e-13 
2.0781705913113753e-13 
2.0781705913113753e-13 
2.0781705913113753e-13 
