0.12905208085938408 
0.12905208085938408 
0.12905208085938408 
0.12745256307967937 
0.12246528808008345 
0.1177301797265915 
0.11323349371254188 
0.1089623451531129 
0.10490470858532405 
0.10104941796803329 
0.097386166681940695 
0.093905507529584861 
0.090598852735346486 
0.087458473945444828 
0.084477502227939996 
0.081649928072732691 
0.078970601391563477 
0.076435231518012889 
0.074040387207501959 
0.071783496637292568 
0.069662847406485318 
0.067677586536022821 
0.065827720468686457 
0.064114115069098407 
0.06253849562372138 
0.061103446840857716 
0.05981241285065058 
0.058669697205083068 
0.05768046287797822 
0.056850732264999884 
0.056187387183651509 
0.055698168873277457 
0.043222508333642752 
0.043206260531570347 
0.040942098513620885 
0.036163302524745075 
0.036163302524745075 
0.034284582463338341 
0.033025807381233584 
0.032820590275894457 
0.032820590275894457 
0.032032649661159866 
0.030575505910027449 
0.02917524748802558 
0.027610417159626519 
0.025851781409123802 
0.024563753598466024 
0.023321096648419647 
0.022379483070726847 
0.021721812203949559 
0.020617573386051941 
0.018797835546942362 
0.017638772049240501 
0.016623214709892798 
0.015690628313566476 
0.015410568524947557 
0.014638448318618753 
0.013201517780439237 
0.012015955691453096 
0.011106075636757515 
0.010497035260337736 
0.010214836265067122 
0.010214836265067122 
0.0094117820468780124 
0.0086823571953406325 
0.0086823571953406325 
0.008295798094359633 
0.0076099560919818416 
0.0069627657456950822 
0.0063539369855198247 
0.0057836938706815827 
0.005252774589611188 
0.004762431459944514 
0.0043144309285227641 
0.003911053571392163 
0.0035550940938042395 
0.003249861330215661 
0.0029920755699803037 
0.0027460728098923147 
0.0025551002465812192 
0.0024233841901319169 
0.0023572472210708099 
0.002306109386917967 
0.002263174057692103 
0.0022407831773127579 
0.0022407831773127579 
0.0022186328890424836 
0.0021841904095910264 
0.0021193878045421147 
0.0019672973237384013 
0.0015989237873652905 
0.0012816333104969011 
0.0011661664217396494 
0.00096909674405777581 
0.00070832312120488398 
0.00050380559109297965 
0.00034428579266914121 
0.00023437341076209067 
0.00017077608113328982 
9.1422540393653782e-05 
4.7169817826117742e-05 
1.0369162148336279e-05 
3.3850463452032401e-08 
3.3850463452032401e-08 
3.3850463452032401e-08 
3.3850463452032401e-08 
3.3850463452032401e-08 
3.3850463452032401e-08 
3.3850463452032401e-08 
3.3850463452032401e-08 
3.3850463452032401e-08 
3.3850463452032401e-08 
3.3850463452032401e-08 
3.3850463452032401e-08 
3.3850463452032401e-08 
3.3850463452032401e-08 
3.3850463452032401e-08 
3.3850463452032401e-08 
3.3850463452032401e-08 
3.3850463452032401e-08 
3.3850463452032401e-08 
3.3850463452032401e-08 
3.3850463452032401e-08 
3.3850463452032401e-08 
3.3850463452032401e-08 
3.3850463452032401e-08 
3.3850463452032401e-08 
3.3850463452032401e-08 
3.3850463452032401e-08 
3.3850463452032401e-08 
3.3850463452032401e-08 
3.3850463452032401e-08 
3.3850463452032401e-08 
3.3850463452032401e-08 
3.3850463452032401e-08 
3.3850463452032401e-08 
3.3850463452032401e-08 
3.3850463452032401e-08 
3.3850463452032401e-08 
3.3850463452032401e-08 
3.3850463452032401e-08 
3.3850463452032401e-08 
3.3850463452032401e-08 
3.3765180153153353e-08 
3.3765180153153353e-08 
3.3765180153153353e-08 
3.3765180153153353e-08 
3.3765180153153353e-08 
3.3765180153153353e-08 
3.3765180153153353e-08 
3.3765180153153353e-08 
3.3765180153153353e-08 
3.3765180153153353e-08 
3.3765180153153353e-08 
3.3765180153153353e-08 
3.3765180153153353e-08 
3.3765180153153353e-08 
3.3765180153153353e-08 
3.3765180153153353e-08 
3.3765180153153353e-08 
3.3765180153153353e-08 
3.3765180153153353e-08 
3.3765180153153353e-08 
3.3765180153153353e-08 
3.3765180153153353e-08 
3.3765180153153353e-08 
3.3765180153153353e-08 
3.3765180153153353e-08 
3.3765180153153353e-08 
3.3765180153153353e-08 
3.3765180153153353e-08 
3.3765180153153353e-08 
3.3765180153153353e-08 
3.3765180153153353e-08 
3.3765180153153353e-08 
3.3765180153153353e-08 
3.3765180153153353e-08 
3.3765180153153353e-08 
3.3765180153153353e-08 
3.3765180153153353e-08 
3.3765180153153353e-08 
3.3765180153153353e-08 
3.3765180153153353e-08 
3.3765180153153353e-08 
3.3765180153153353e-08 
3.3765180153153353e-08 
3.3765180153153353e-08 
3.3765180153153353e-08 
3.3765180153153353e-08 
3.3765180153153353e-08 
3.3765180153153353e-08 
3.3765180153153353e-08 
3.3765180153153353e-08 
3.3765180153153353e-08 
3.3765180153153353e-08 
3.3765180153153353e-08 
3.3765180153153353e-08 
3.3765180153153353e-08 
3.3765180153153353e-08 
3.3765180153153353e-08 
3.3765180153153353e-08 
3.3765180153153353e-08 
3.3765180153153353e-08 
3.3765180153153353e-08 
3.3765180153153353e-08 
3.3765180153153353e-08 
3.3765180153153353e-08 
3.3765180153153353e-08 
3.3765180153153353e-08 
3.3765180153153353e-08 
3.3765180153153353e-08 
3.3765180153153353e-08 
3.3765180153153353e-08 
3.3765180153153353e-08 
3.3765180153153353e-08 
3.3765180153153353e-08 
3.3765180153153353e-08 
3.3765180153153353e-08 
3.3765180153153353e-08 
3.3765180153153353e-08 
3.190792132961681e-09 
3.190792132961681e-09 
3.190792132961681e-09 
3.190792132961681e-09 
3.190792132961681e-09 
3.190792132961681e-09 
3.190792132961681e-09 
3.190792132961681e-09 
3.190792132961681e-09 
3.190792132961681e-09 
3.190792132961681e-09 
3.190792132961681e-09 
3.190792132961681e-09 
3.190792132961681e-09 
3.190792132961681e-09 
3.190792132961681e-09 
3.190792132961681e-09 
3.190792132961681e-09 
3.190792132961681e-09 
3.190792132961681e-09 
3.190792132961681e-09 
3.190792132961681e-09 
3.190792132961681e-09 
3.190792132961681e-09 
3.190792132961681e-09 
3.190792132961681e-09 
3.190792132961681e-09 
3.190792132961681e-09 
3.190792132961681e-09 
3.190792132961681e-09 
3.190792132961681e-09 
3.190792132961681e-09 
3.190792132961681e-09 
3.190792132961681e-09 
3.190792132961681e-09 
3.190792132961681e-09 
3.190792132961681e-09 
3.190792132961681e-09 
3.190792132961681e-09 
3.190792132961681e-09 
3.190792132961681e-09 
3.190792132961681e-09 
3.190792132961681e-09 
3.190792132961681e-09 
3.190792132961681e-09 
3.190792132961681e-09 
3.190792132961681e-09 
3.190792132961681e-09 
3.190792132961681e-09 
3.190792132961681e-09 
3.190792132961681e-09 
3.190792132961681e-09 
3.190792132961681e-09 
3.190792132961681e-09 
3.190792132961681e-09 
3.190792132961681e-09 
3.190792132961681e-09 
3.190792132961681e-09 
3.190792132961681e-09 
3.190792132961681e-09 
3.190792132961681e-09 
3.190792132961681e-09 
3.190792132961681e-09 
3.190792132961681e-09 
3.4829143758649061e-10 
3.4829143758649061e-10 
3.4829143758649061e-10 
3.4829143758649061e-10 
3.4829143758649061e-10 
3.4829143758649061e-10 
3.4829143758649061e-10 
2.3224864917113748e-10 
2.3224864917113748e-10 
2.3224864917113748e-10 
2.3224864917113748e-10 
2.3224864917113748e-10 
2.3224864917113748e-10 
2.3224864917113748e-10 
2.3224864917113748e-10 
2.3224864917113748e-10 
2.3224864917113748e-10 
2.3224864917113748e-10 
2.3224864917113748e-10 
2.3224864917113748e-10 
2.3224864917113748e-10 
2.3224864917113748e-10 
2.3224864917113748e-10 
2.3224864917113748e-10 
2.3224864917113748e-10 
2.3224864917113748e-10 
2.3224864917113748e-10 
2.3224864917113748e-10 
2.3224864917113748e-10 
2.3224864917113748e-10 
2.3224864917113748e-10 
2.3224864917113748e-10 
2.3224864917113748e-10 
2.3224864917113748e-10 
2.3224864917113748e-10 
2.3224864917113748e-10 
2.3224864917113748e-10 
2.3224864917113748e-10 
2.3224864917113748e-10 
2.3224864917113748e-10 
2.3224864917113748e-10 
2.3224864917113748e-10 
2.3224864917113748e-10 
2.3224864917113748e-10 
2.3224864917113748e-10 
2.3224864917113748e-10 
2.3224864917113748e-10 
2.3224864917113748e-10 
2.3224864917113748e-10 
2.3224864917113748e-10 
2.3224864917113748e-10 
2.3224864917113748e-10 
2.3224864917113748e-10 
2.3224864917113748e-10 
2.3224864917113748e-10 
2.3224864917113748e-10 
2.3224864917113748e-10 
2.3224864917113748e-10 
2.3224864917113748e-10 
2.3224864917113748e-10 
2.3224864917113748e-10 
2.3224864917113748e-10 
2.3224864917113748e-10 
2.3224864917113748e-10 
2.3224864917113748e-10 
2.3224864917113748e-10 
2.3224864917113748e-10 
2.3224864917113748e-10 
2.3224864917113748e-10 
2.3224864917113748e-10 
2.3224864917113748e-10 
2.3224864917113748e-10 
2.3224864917113748e-10 
2.3224864917113748e-10 
2.3224864917113748e-10 
2.3224864917113748e-10 
2.3224864917113748e-10 
2.3224864917113748e-10 
2.3224864917113748e-10 
2.3224864917113748e-10 
2.3224864917113748e-10 
2.3224864917113748e-10 
2.3224864917113748e-10 
2.3224864917113748e-10 
2.3224864917113748e-10 
2.3224864917113748e-10 
2.3224864917113748e-10 
2.3224864917113748e-10 
2.3224864917113748e-10 
2.3224864917113748e-10 
2.3224864917113748e-10 
2.3224864917113748e-10 
2.3224864917113748e-10 
2.3224864917113748e-10 
2.3224864917113748e-10 
2.3224864917113748e-10 
2.3224864917113748e-10 
2.3224864917113748e-10 
2.3224864917113748e-10 
2.3224864917113748e-10 
2.3224864917113748e-10 
2.3224864917113748e-10 
2.3224864917113748e-10 
2.3224864917113748e-10 
2.3224864917113748e-10 
2.3224864917113748e-10 
2.3224864917113748e-10 
2.3224864917113748e-10 
2.3224864917113748e-10 
2.3224864917113748e-10 
2.3224864917113748e-10 
2.3224864917113748e-10 
2.3224864917113748e-10 
2.3224864917113748e-10 
2.3224864917113748e-10 
2.3224864917113748e-10 
2.3224864917113748e-10 
2.3224864917113748e-10 
2.3224864917113748e-10 
2.3224864917113748e-10 
2.3224864917113748e-10 
2.3224864917113748e-10 
2.3224864917113748e-10 
2.3224864917113748e-10 
2.3224864917113748e-10 
2.3224864917113748e-10 
2.3224864917113748e-10 
2.3224864917113748e-10 
2.3224864917113748e-10 
2.3224864917113748e-10 
2.3224864917113748e-10 
2.3224864917113748e-10 
2.3224864917113748e-10 
2.3224864917113748e-10 
2.3224864917113748e-10 
2.3224864917113748e-10 
2.3224864917113748e-10 
2.3224864917113748e-10 
2.3224864917113748e-10 
2.3224864917113748e-10 
2.3224864917113748e-10 
2.3224864917113748e-10 
2.3224864917113748e-10 
2.3224864917113748e-10 
2.3224864917113748e-10 
2.3224864917113748e-10 
2.3224864917113748e-10 
2.3224864917113748e-10 
2.3224864917113748e-10 
2.3224864917113748e-10 
2.3224864917113748e-10 
2.3224864917113748e-10 
2.3224864917113748e-10 
2.3224864917113748e-10 
2.3224864917113748e-10 
2.3224864917113748e-10 
2.3224864917113748e-10 
2.3224864917113748e-10 
2.3224864917113748e-10 
2.3224864917113748e-10 
2.3224864917113748e-10 
2.3224864917113748e-10 
2.3224864917113748e-10 
2.3224864917113748e-10 
2.3224864917113748e-10 
2.3224864917113748e-10 
2.3224864917113748e-10 
2.3224864917113748e-10 
2.3224864917113748e-10 
2.3224864917113748e-10 
2.3224864917113748e-10 
2.3224864917113748e-10 
2.3224864917113748e-10 
2.3224864917113748e-10 
2.3224864917113748e-10 
2.3224864917113748e-10 
2.3224864917113748e-10 
2.3224864917113748e-10 
2.3224864917113748e-10 
2.3224864917113748e-10 
2.3224864917113748e-10 
2.3224864917113748e-10 
2.3224864917113748e-10 
2.3224864917113748e-10 
2.3224864917113748e-10 
2.3224864917113748e-10 
2.3224864917113748e-10 
2.3224864917113748e-10 
2.3224864917113748e-10 
2.3224864917113748e-10 
2.3224864917113748e-10 
2.3224864917113748e-10 
2.3224864917113748e-10 
2.3224864917113748e-10 
2.3224864917113748e-10 
2.3224864917113748e-10 
2.3224864917113748e-10 
2.3224864917113748e-10 
2.3224864917113748e-10 
2.3224864917113748e-10 
2.3224864917113748e-10 
2.3224864917113748e-10 
2.3224864917113748e-10 
2.3224864917113748e-10 
2.3224864917113748e-10 
2.3224864917113748e-10 
2.3224864917113748e-10 
2.3224864917113748e-10 
2.3224864917113748e-10 
2.3224864917113748e-10 
2.3224864917113748e-10 
2.3224864917113748e-10 
2.3224864917113748e-10 
2.3224864917113748e-10 
2.3224864917113748e-10 
2.3224864917113748e-10 
2.3224864917113748e-10 
2.3224864917113748e-10 
2.3224864917113748e-10 
2.3224864917113748e-10 
2.3224864917113748e-10 
2.3224864917113748e-10 
1.8696588844372504e-10 
1.8696588844372504e-10 
1.8696588844372504e-10 
1.8696588844372504e-10 
1.8696588844372504e-10 
1.8696588844372504e-10 
1.8696588844372504e-10 
1.8696588844372504e-10 
1.8696588844372504e-10 
1.8696588844372504e-10 
1.8696588844372504e-10 
1.8696588844372504e-10 
1.8696588844372504e-10 
1.8696588844372504e-10 
1.8696588844372504e-10 
1.8696588844372504e-10 
1.8696588844372504e-10 
1.8696588844372504e-10 
1.8696588844372504e-10 
1.8696588844372504e-10 
1.8696588844372504e-10 
1.8696588844372504e-10 
1.8696588844372504e-10 
1.8696588844372504e-10 
1.8696588844372504e-10 
1.8696588844372504e-10 
1.8696588844372504e-10 
1.8696588844372504e-10 
1.8696588844372504e-10 
1.8696588844372504e-10 
1.8696588844372504e-10 
1.8696588844372504e-10 
1.8696588844372504e-10 
1.8696588844372504e-10 
1.8696588844372504e-10 
1.8696588844372504e-10 
1.8696588844372504e-10 
1.8696588844372504e-10 
1.8696588844372504e-10 
1.8696588844372504e-10 
1.8696588844372504e-10 
1.8696588844372504e-10 
1.8696588844372504e-10 
1.8696588844372504e-10 
1.8696588844372504e-10 
1.8696588844372504e-10 
1.8696588844372504e-10 
1.8696588844372504e-10 
1.8696588844372504e-10 
1.8696588844372504e-10 
1.8696588844372504e-10 
1.8696588844372504e-10 
1.8696588844372504e-10 
1.8696588844372504e-10 
1.8696588844372504e-10 
1.8696588844372504e-10 
1.8696588844372504e-10 
1.8696588844372504e-10 
1.8696588844372504e-10 
1.8696588844372504e-10 
1.8696588844372504e-10 
1.8696588844372504e-10 
1.8696588844372504e-10 
1.8696588844372504e-10 
1.8696588844372504e-10 
1.8696588844372504e-10 
1.8696588844372504e-10 
1.8696588844372504e-10 
1.8696588844372504e-10 
1.8696588844372504e-10 
1.8696588844372504e-10 
1.8696588844372504e-10 
1.8696588844372504e-10 
1.8696588844372504e-10 
1.8696588844372504e-10 
1.8696588844372504e-10 
1.8696588844372504e-10 
1.8696588844372504e-10 
1.8696588844372504e-10 
1.8696588844372504e-10 
1.8696588844372504e-10 
1.8696588844372504e-10 
1.8696588844372504e-10 
1.8696588844372504e-10 
1.8696588844372504e-10 
1.8696588844372504e-10 
1.8696588844372504e-10 
1.8696588844372504e-10 
1.8696588844372504e-10 
1.8696588844372504e-10 
1.8696588844372504e-10 
1.8696588844372504e-10 
1.8696588844372504e-10 
1.8696588844372504e-10 
1.8696588844372504e-10 
1.8696588844372504e-10 
1.8696588844372504e-10 
1.8696588844372504e-10 
1.8696588844372504e-10 
1.8696588844372504e-10 
1.8696588844372504e-10 
1.8696588844372504e-10 
1.8696588844372504e-10 
1.8696588844372504e-10 
1.8696588844372504e-10 
1.8696588844372504e-10 
1.8696588844372504e-10 
1.8696588844372504e-10 
1.8696588844372504e-10 
1.8696588844372504e-10 
1.8696588844372504e-10 
1.8696588844372504e-10 
1.8696588844372504e-10 
1.8696588844372504e-10 
1.8696588844372504e-10 
1.8696588844372504e-10 
1.8696588844372504e-10 
1.8696588844372504e-10 
1.8696588844372504e-10 
1.8696588844372504e-10 
1.8696588844372504e-10 
1.8696588844372504e-10 
1.8696588844372504e-10 
1.8696588844372504e-10 
1.8696588844372504e-10 
1.8696588844372504e-10 
1.8696588844372504e-10 
1.8696588844372504e-10 
1.8696588844372504e-10 
1.8696588844372504e-10 
1.8696588844372504e-10 
1.8696588844372504e-10 
1.8696588844372504e-10 
1.8696588844372504e-10 
1.8696588844372504e-10 
1.8696588844372504e-10 
1.8696588844372504e-10 
1.8696588844372504e-10 
1.8696588844372504e-10 
1.8696588844372504e-10 
1.8696588844372504e-10 
1.8696588844372504e-10 
1.8696588844372504e-10 
1.8696588844372504e-10 
1.8696588844372504e-10 
1.8696588844372504e-10 
1.8696588844372504e-10 
1.8696588844372504e-10 
1.8696588844372504e-10 
1.8696588844372504e-10 
1.8696588844372504e-10 
1.8696588844372504e-10 
1.8696588844372504e-10 
1.8696588844372504e-10 
1.8696588844372504e-10 
1.8696588844372504e-10 
1.8696588844372504e-10 
1.8696588844372504e-10 
1.8696588844372504e-10 
1.8696588844372504e-10 
1.8696588844372504e-10 
1.8696588844372504e-10 
1.8696588844372504e-10 
1.8696588844372504e-10 
1.8696588844372504e-10 
1.8696588844372504e-10 
1.8696588844372504e-10 
1.8696588844372504e-10 
1.8696588844372504e-10 
1.8696588844372504e-10 
1.8696588844372504e-10 
1.8696588844372504e-10 
1.8696588844372504e-10 
1.8696588844372504e-10 
1.8696588844372504e-10 
1.8696588844372504e-10 
1.8696588844372504e-10 
1.8696588844372504e-10 
1.8696588844372504e-10 
1.8696588844372504e-10 
1.8696588844372504e-10 
1.8696588844372504e-10 
1.8696588844372504e-10 
1.8696588844372504e-10 
1.8696588844372504e-10 
1.8696588844372504e-10 
1.8696588844372504e-10 
1.8696588844372504e-10 
1.8696588844372504e-10 
1.8696588844372504e-10 
1.8696588844372504e-10 
1.8696588844372504e-10 
1.8696588844372504e-10 
1.8696588844372504e-10 
1.8696588844372504e-10 
1.8696588844372504e-10 
1.8696588844372504e-10 
1.8696588844372504e-10 
1.8696588844372504e-10 
1.8696588844372504e-10 
1.8696588844372504e-10 
1.8696588844372504e-10 
1.8696588844372504e-10 
1.8696588844372504e-10 
1.8696588844372504e-10 
1.8696588844372504e-10 
1.8696588844372504e-10 
1.8696588844372504e-10 
1.8696588844372504e-10 
1.8696588844372504e-10 
1.8696588844372504e-10 
1.8696588844372504e-10 
1.8696588844372504e-10 
1.8696588844372504e-10 
1.8696588844372504e-10 
1.8696588844372504e-10 
1.8696588844372504e-10 
1.8696588844372504e-10 
1.8696588844372504e-10 
1.8696588844372504e-10 
1.8696588844372504e-10 
1.8696588844372504e-10 
3.7294196560552804e-11 
3.7294196560552804e-11 
3.7294196560552804e-11 
3.7294196560552804e-11 
3.7294196560552804e-11 
3.7294196560552804e-11 
3.7294196560552804e-11 
3.7294196560552804e-11 
3.7294196560552804e-11 
3.7294196560552804e-11 
3.7294196560552804e-11 
3.7294196560552804e-11 
3.7294196560552804e-11 
3.7294196560552804e-11 
3.7294196560552804e-11 
3.7294196560552804e-11 
3.7294196560552804e-11 
3.7294196560552804e-11 
3.7294196560552804e-11 
3.7294196560552804e-11 
3.7294196560552804e-11 
3.7294196560552804e-11 
3.7294196560552804e-11 
3.7294196560552804e-11 
3.7294196560552804e-11 
3.7294196560552804e-11 
3.7294196560552804e-11 
3.7294196560552804e-11 
3.7294196560552804e-11 
3.7294196560552804e-11 
3.7294196560552804e-11 
3.7294196560552804e-11 
3.7294196560552804e-11 
3.7294196560552804e-11 
3.7294196560552804e-11 
3.7294196560552804e-11 
3.7294196560552804e-11 
3.7294196560552804e-11 
3.7294196560552804e-11 
3.7294196560552804e-11 
3.7294196560552804e-11 
3.7294196560552804e-11 
3.7294196560552804e-11 
3.7294196560552804e-11 
3.7294196560552804e-11 
3.7294196560552804e-11 
3.7294196560552804e-11 
3.7294196560552804e-11 
3.7294196560552804e-11 
3.7294196560552804e-11 
3.7294196560552804e-11 
3.7294196560552804e-11 
3.7294196560552804e-11 
3.7294196560552804e-11 
3.7294196560552804e-11 
3.7294196560552804e-11 
3.7294196560552804e-11 
3.7294196560552804e-11 
3.7294196560552804e-11 
3.7294196560552804e-11 
3.7294196560552804e-11 
3.7294196560552804e-11 
3.7294196560552804e-11 
3.7294196560552804e-11 
3.7294196560552804e-11 
3.7294196560552804e-11 
3.7294196560552804e-11 
3.7294196560552804e-11 
3.7294196560552804e-11 
3.7294196560552804e-11 
3.7294196560552804e-11 
3.7294196560552804e-11 
3.7294196560552804e-11 
3.7294196560552804e-11 
3.7294196560552804e-11 
3.7294196560552804e-11 
3.7294196560552804e-11 
3.7294196560552804e-11 
3.7294196560552804e-11 
3.7294196560552804e-11 
3.7294196560552804e-11 
3.7294196560552804e-11 
3.7294196560552804e-11 
3.7294196560552804e-11 
3.7294196560552804e-11 
3.7294196560552804e-11 
3.7294196560552804e-11 
3.7294196560552804e-11 
3.7294196560552804e-11 
3.7294196560552804e-11 
3.7294196560552804e-11 
3.7294196560552804e-11 
3.7294196560552804e-11 
3.7294196560552804e-11 
3.7294196560552804e-11 
3.7294196560552804e-11 
3.7294196560552804e-11 
3.7294196560552804e-11 
3.7294196560552804e-11 
3.7294196560552804e-11 
3.7294196560552804e-11 
3.7294196560552804e-11 
3.7294196560552804e-11 
3.7294196560552804e-11 
3.7294196560552804e-11 
3.7294196560552804e-11 
3.7294196560552804e-11 
3.7294196560552804e-11 
3.7294196560552804e-11 
3.7294196560552804e-11 
3.7294196560552804e-11 
3.7294196560552804e-11 
3.7294196560552804e-11 
3.7294196560552804e-11 
3.7294196560552804e-11 
3.7294196560552804e-11 
3.7294196560552804e-11 
3.7294196560552804e-11 
3.7294196560552804e-11 
3.7294196560552804e-11 
3.7294196560552804e-11 
3.7294196560552804e-11 
3.7294196560552804e-11 
3.7294196560552804e-11 
3.7294196560552804e-11 
3.7294196560552804e-11 
3.7294196560552804e-11 
3.7294196560552804e-11 
3.7294196560552804e-11 
3.7294196560552804e-11 
3.7294196560552804e-11 
3.7294196560552804e-11 
3.7294196560552804e-11 
3.7294196560552804e-11 
3.7294196560552804e-11 
3.7294196560552804e-11 
3.7294196560552804e-11 
3.7294196560552804e-11 
3.7294196560552804e-11 
3.7294196560552804e-11 
3.7294196560552804e-11 
3.7294196560552804e-11 
3.7294196560552804e-11 
3.7294196560552804e-11 
3.7294196560552804e-11 
3.7294196560552804e-11 
3.7294196560552804e-11 
3.7294196560552804e-11 
3.7294196560552804e-11 
3.7294196560552804e-11 
3.7294196560552804e-11 
3.7294196560552804e-11 
3.7294196560552804e-11 
3.7294196560552804e-11 
3.7294196560552804e-11 
3.7294196560552804e-11 
3.7294196560552804e-11 
3.7294196560552804e-11 
3.7294196560552804e-11 
3.7294196560552804e-11 
3.7294196560552804e-11 
3.7294196560552804e-11 
3.7294196560552804e-11 
3.7294196560552804e-11 
3.7294196560552804e-11 
3.7294196560552804e-11 
3.7294196560552804e-11 
3.7294196560552804e-11 
3.7294196560552804e-11 
3.7294196560552804e-11 
3.7294196560552804e-11 
3.7294196560552804e-11 
3.7294196560552804e-11 
3.7294196560552804e-11 
3.7294196560552804e-11 
3.7294196560552804e-11 
3.7294196560552804e-11 
3.7294196560552804e-11 
3.7294196560552804e-11 
3.7294196560552804e-11 
3.7294196560552804e-11 
3.7294196560552804e-11 
3.7294196560552804e-11 
3.7294196560552804e-11 
3.7294196560552804e-11 
3.7294196560552804e-11 
3.7294196560552804e-11 
3.7294196560552804e-11 
3.7294196560552804e-11 
3.7294196560552804e-11 
3.7294196560552804e-11 
3.7294196560552804e-11 
3.7294196560552804e-11 
3.7294196560552804e-11 
3.7294196560552804e-11 
3.7294196560552804e-11 
3.7294196560552804e-11 
3.7294196560552804e-11 
3.7294196560552804e-11 
3.7294196560552804e-11 
3.7294196560552804e-11 
3.7294196560552804e-11 
3.7294196560552804e-11 
3.7294196560552804e-11 
3.7294196560552804e-11 
3.7294196560552804e-11 
3.7294196560552804e-11 
3.7294196560552804e-11 
3.7294196560552804e-11 
3.7294196560552804e-11 
3.7294196560552804e-11 
3.7294196560552804e-11 
3.7294196560552804e-11 
3.7294196560552804e-11 
3.7294196560552804e-11 
3.7294196560552804e-11 
3.7294196560552804e-11 
3.7294196560552804e-11 
3.7294196560552804e-11 
3.7294196560552804e-11 
3.7294196560552804e-11 
3.7294196560552804e-11 
3.7294196560552804e-11 
3.7294196560552804e-11 
3.7294196560552804e-11 
3.7294196560552804e-11 
3.7294196560552804e-11 
3.7294196560552804e-11 
3.7294196560552804e-11 
3.7294196560552804e-11 
3.7294196560552804e-11 
3.7294196560552804e-11 
3.7294196560552804e-11 
3.7294196560552804e-11 
3.7294196560552804e-11 
3.7294196560552804e-11 
3.7294196560552804e-11 
3.7294196560552804e-11 
3.7294196560552804e-11 
3.7294196560552804e-11 
3.7294196560552804e-11 
3.7294196560552804e-11 
3.7294196560552804e-11 
3.7294196560552804e-11 
3.7294196560552804e-11 
3.7294196560552804e-11 
3.7294196560552804e-11 
3.7294196560552804e-11 
3.7294196560552804e-11 
3.7294196560552804e-11 
3.7294196560552804e-11 
3.7294196560552804e-11 
3.7294196560552804e-11 
3.7294196560552804e-11 
3.7294196560552804e-11 
3.7294196560552804e-11 
3.7294196560552804e-11 
3.7294196560552804e-11 
3.7294196560552804e-11 
3.7294196560552804e-11 
3.7294196560552804e-11 
3.7294196560552804e-11 
3.7294196560552804e-11 
3.7294196560552804e-11 
3.7294196560552804e-11 
3.7294196560552804e-11 
3.7294196560552804e-11 
3.7294196560552804e-11 
3.7294196560552804e-11 
3.7294196560552804e-11 
3.7294196560552804e-11 
3.7294196560552804e-11 
