0.13731541473135334 
0.13731541473135334 
0.13731541473135334 
0.13728599867356839 
0.13728599867356839 
0.13728599867356839 
0.13728599867356839 
0.13728599867356839 
0.13728599867356839 
0.13728599867356839 
0.13728599867356839 
0.13728599867356839 
0.13728599867356839 
0.13728599867356839 
0.13728018753970631 
0.13728018753970631 
0.13728018753970631 
0.13728018753970631 
0.13728018753970631 
0.13728018753970631 
0.13728018753970631 
0.13728018753970631 
0.13532402461490103 
0.13532402461490103 
0.13532402461490103 
0.13492677700177921 
0.13389778898022972 
0.13235505363644412 
0.13140963349924073 
0.13111556235913874 
0.12847734914070361 
0.12590716518790357 
0.12424649436054866 
0.12205351826601023 
0.12205351826601023 
0.12205351826601023 
0.12205351826601023 
0.12205351826601023 
0.121400515508025 
0.121400515508025 
0.11971713779212913 
0.11690940518985629 
0.11445292146383872 
0.11238640232242242 
0.11075051521868566 
0.10958787935043857 
0.1089430656602234 
0.10669526774948979 
0.10282924014179889 
0.099724419956372087 
0.096834308806074923 
0.094465467003332859 
0.091346255317599073 
0.089163933632593506 
0.08788569928815522 
0.083539858302522127 
0.081502769146242285 
0.081502769146242285 
0.078915692414999086 
0.075828641076759781 
0.073105986754721478 
0.070774235887267736 
0.06886055075601763 
0.067392749485825604 
0.066399306044781545 
0.064655627945298874 
0.063093874297427313 
0.061797155246847646 
0.061192664214754409 
0.059981422056729732 
0.058169193985196536 
0.056419276902426214 
0.054727937238574886 
0.053091630014019363 
0.051506998839356409 
0.049970875915403098 
0.048480282033196799 
0.046667901863549292 
0.04482521685102428 
0.043113009953581111 
0.041230978100057068 
0.03907738772810803 
0.037585290392956661 
0.036620627991313139 
0.035011304493407717 
0.033460100740528784 
0.032173023259048437 
0.030752959105840874 
0.029366273147876838 
0.02801006911542267 
0.026682112603462777 
0.025380831071699687 
0.024105313844553916 
0.022826618861723765 
0.021410156871931096 
0.020248321521278333 
0.019118567126438748 
0.018029992646410961 
0.017118241966241555 
0.016373937744219254 
0.015339743137415674 
0.014373228326666576 
0.013426084688352002 
0.012548812534418443 
0.011787673643768225 
0.010884809080034081 
0.010164156179467096 
0.0093434727375029582 
0.0086666885101157991 
0.0079377805077414237 
0.0072753105516990832 
0.0066963551216666518 
0.0060277884539239966 
0.0056220834014031234 
0.0049344958909870685 
0.0045020488670404826 
0.0039544245284373015 
0.0034802097904396505 
0.0030726157719260208 
0.0026928486906399522 
0.0023336385185899729 
0.0020497432488197679 
0.001740369912428742 
0.0014458724965630135 
0.0011640450973197422 
0.00091647560833308544 
0.00070679257268672663 
0.00053786478583270586 
0.00037900148710591063 
0.00029052435240400828 
0.00021482584872053149 
0.00016850286398345624 
0.00015839821393266428 
0.00013410047097453482 
0.0001046894752806899 
5.4562498236535705e-05 
3.2236581311810745e-06 
3.2236581311810745e-06 
3.2236581311810745e-06 
3.2236581311810745e-06 
3.2236581311810745e-06 
3.2236581311810745e-06 
3.2236581311810745e-06 
2.2345006644640735e-06 
2.2345006644640735e-06 
9.3474848090821479e-07 
5.4490001307357541e-07 
3.5540962119549502e-07 
3.5540962119549502e-07 
3.5540962119549502e-07 
3.5540962119549502e-07 
3.5540962119549502e-07 
3.5540962119549502e-07 
3.5540962119549502e-07 
3.5540962119549502e-07 
3.5540962119549502e-07 
3.5540962119549502e-07 
3.5540962119549502e-07 
2.5658249287371091e-07 
2.5658249287371091e-07 
2.5658249287371091e-07 
2.5658249287371091e-07 
2.5658249287371091e-07 
2.5658249287371091e-07 
2.5658249287371091e-07 
2.5658249287371091e-07 
2.5658249287371091e-07 
2.5658249287371091e-07 
2.5658249287371091e-07 
2.3855364375460431e-08 
2.3855364375460431e-08 
2.3855364375460431e-08 
7.7022019876744248e-09 
7.7022019876744248e-09 
7.7022019876744248e-09 
7.7022019876744248e-09 
7.7022019876744248e-09 
7.7022019876744248e-09 
7.7022019876744248e-09 
7.7022019876744248e-09 
7.7022019876744248e-09 
7.7022019876744248e-09 
7.7022019876744248e-09 
7.26270117396487e-09 
7.26270117396487e-09 
7.26270117396487e-09 
7.26270117396487e-09 
7.26270117396487e-09 
7.26270117396487e-09 
7.26270117396487e-09 
7.26270117396487e-09 
7.26270117396487e-09 
7.26270117396487e-09 
7.26270117396487e-09 
7.26270117396487e-09 
7.26270117396487e-09 
7.26270117396487e-09 
7.26270117396487e-09 
7.26270117396487e-09 
7.26270117396487e-09 
7.26270117396487e-09 
7.26270117396487e-09 
7.26270117396487e-09 
7.26270117396487e-09 
7.26270117396487e-09 
7.26270117396487e-09 
7.26270117396487e-09 
7.26270117396487e-09 
7.26270117396487e-09 
7.26270117396487e-09 
7.26270117396487e-09 
7.26270117396487e-09 
7.26270117396487e-09 
7.26270117396487e-09 
7.26270117396487e-09 
7.26270117396487e-09 
7.26270117396487e-09 
7.26270117396487e-09 
7.26270117396487e-09 
5.1558040945432992e-09 
5.1558040945432992e-09 
5.1558040945432992e-09 
5.1558040945432992e-09 
5.1558040945432992e-09 
1.9190985502105295e-09 
1.9190985502105295e-09 
1.9190985502105295e-09 
1.9190985502105295e-09 
1.9190985502105295e-09 
1.9190985502105295e-09 
1.9190985502105295e-09 
1.9190985502105295e-09 
1.9190985502105295e-09 
1.9190985502105295e-09 
1.9190985502105295e-09 
1.9190985502105295e-09 
1.9190985502105295e-09 
1.9190985502105295e-09 
1.9190985502105295e-09 
1.9190985502105295e-09 
1.9190985502105295e-09 
1.9190985502105295e-09 
1.9190985502105295e-09 
1.9190985502105295e-09 
1.9190985502105295e-09 
1.9190985502105295e-09 
1.9190985502105295e-09 
1.9190985502105295e-09 
1.9190985502105295e-09 
1.9190985502105295e-09 
1.9190985502105295e-09 
1.9190985502105295e-09 
1.9190985502105295e-09 
1.9190985502105295e-09 
1.9190985502105295e-09 
1.9190985502105295e-09 
1.9190985502105295e-09 
1.9190985502105295e-09 
1.9190985502105295e-09 
1.9190985502105295e-09 
1.9190985502105295e-09 
1.9190985502105295e-09 
1.9190985502105295e-09 
1.9190985502105295e-09 
1.9190985502105295e-09 
1.9190985502105295e-09 
1.9190985502105295e-09 
1.9190985502105295e-09 
1.9190985502105295e-09 
1.9190985502105295e-09 
1.9190985502105295e-09 
1.9190985502105295e-09 
1.9190985502105295e-09 
1.9190985502105295e-09 
1.9190985502105295e-09 
1.9190985502105295e-09 
1.9190985502105295e-09 
1.9190985502105295e-09 
1.9190985502105295e-09 
1.9190985502105295e-09 
1.9190985502105295e-09 
1.9190985502105295e-09 
1.9190985502105295e-09 
1.9190985502105295e-09 
1.9190985502105295e-09 
1.9190985502105295e-09 
1.9190985502105295e-09 
1.9190985502105295e-09 
1.9190985502105295e-09 
1.9190985502105295e-09 
1.9190985502105295e-09 
1.9190985502105295e-09 
8.6199036714582563e-10 
8.6199036714582563e-10 
8.6199036714582563e-10 
8.6199036714582563e-10 
8.6199036714582563e-10 
8.6199036714582563e-10 
8.6199036714582563e-10 
8.6199036714582563e-10 
8.6199036714582563e-10 
8.6199036714582563e-10 
8.6199036714582563e-10 
8.6199036714582563e-10 
8.6199036714582563e-10 
8.6199036714582563e-10 
8.6199036714582563e-10 
8.6199036714582563e-10 
8.6199036714582563e-10 
8.6199036714582563e-10 
8.6199036714582563e-10 
8.6199036714582563e-10 
8.6199036714582563e-10 
8.6199036714582563e-10 
8.6199036714582563e-10 
8.6199036714582563e-10 
8.6199036714582563e-10 
8.6199036714582563e-10 
8.6199036714582563e-10 
8.6199036714582563e-10 
8.6199036714582563e-10 
8.6199036714582563e-10 
8.6199036714582563e-10 
8.6199036714582563e-10 
8.6199036714582563e-10 
8.6199036714582563e-10 
8.6199036714582563e-10 
8.6199036714582563e-10 
8.6199036714582563e-10 
8.6199036714582563e-10 
8.6199036714582563e-10 
8.6199036714582563e-10 
8.6199036714582563e-10 
8.6199036714582563e-10 
8.6199036714582563e-10 
8.6199036714582563e-10 
8.6199036714582563e-10 
8.6199036714582563e-10 
2.2731446705883256e-10 
2.2731446705883256e-10 
2.2731446705883256e-10 
2.2731446705883256e-10 
2.2731446705883256e-10 
2.2731446705883256e-10 
2.2731446705883256e-10 
2.2731446705883256e-10 
2.2731446705883256e-10 
2.2731446705883256e-10 
2.2731446705883256e-10 
2.2731446705883256e-10 
2.2731446705883256e-10 
2.2731446705883256e-10 
2.2731446705883256e-10 
2.2731446705883256e-10 
2.2731446705883256e-10 
2.2731446705883256e-10 
2.2731446705883256e-10 
2.2731446705883256e-10 
2.2731446705883256e-10 
2.2731446705883256e-10 
2.2731446705883256e-10 
2.2731446705883256e-10 
2.2731446705883256e-10 
2.2731446705883256e-10 
2.2731446705883256e-10 
2.2731446705883256e-10 
2.2731446705883256e-10 
2.2731446705883256e-10 
2.2731446705883256e-10 
2.2731446705883256e-10 
2.2731446705883256e-10 
2.2731446705883256e-10 
2.2731446705883256e-10 
2.2731446705883256e-10 
2.2731446705883256e-10 
2.2731446705883256e-10 
2.2731446705883256e-10 
2.2731446705883256e-10 
2.2731446705883256e-10 
2.2731446705883256e-10 
2.2731446705883256e-10 
2.2731446705883256e-10 
2.2731446705883256e-10 
2.2731446705883256e-10 
2.2731446705883256e-10 
2.2731446705883256e-10 
2.2731446705883256e-10 
2.2731446705883256e-10 
2.2731446705883256e-10 
2.2731446705883256e-10 
2.2731446705883256e-10 
2.2731446705883256e-10 
2.2731446705883256e-10 
2.2731446705883256e-10 
2.2731446705883256e-10 
2.2731446705883256e-10 
2.2731446705883256e-10 
2.2731446705883256e-10 
2.2731446705883256e-10 
2.2731446705883256e-10 
2.2731446705883256e-10 
2.2731446705883256e-10 
2.2731446705883256e-10 
2.2731446705883256e-10 
2.2731446705883256e-10 
2.2731446705883256e-10 
2.2731446705883256e-10 
2.2731446705883256e-10 
2.2731446705883256e-10 
2.2731446705883256e-10 
2.2731446705883256e-10 
2.2731446705883256e-10 
2.2731446705883256e-10 
2.2731446705883256e-10 
2.2731446705883256e-10 
2.2731446705883256e-10 
2.2731446705883256e-10 
2.2731446705883256e-10 
2.2731446705883256e-10 
2.2731446705883256e-10 
2.2731446705883256e-10 
2.2731446705883256e-10 
2.2731446705883256e-10 
2.2731446705883256e-10 
2.2731446705883256e-10 
2.2731446705883256e-10 
2.2731446705883256e-10 
2.2731446705883256e-10 
2.2731446705883256e-10 
2.2731446705883256e-10 
2.2731446705883256e-10 
2.2731446705883256e-10 
2.2731446705883256e-10 
2.2731446705883256e-10 
2.2731446705883256e-10 
2.2731446705883256e-10 
2.2731446705883256e-10 
2.2731446705883256e-10 
2.2731446705883256e-10 
2.2731446705883256e-10 
2.2731446705883256e-10 
2.2731446705883256e-10 
2.2731446705883256e-10 
2.2731446705883256e-10 
2.2731446705883256e-10 
2.2731446705883256e-10 
2.2731446705883256e-10 
2.2731446705883256e-10 
2.2731446705883256e-10 
2.2731446705883256e-10 
2.2731446705883256e-10 
2.2731446705883256e-10 
2.2731446705883256e-10 
2.2731446705883256e-10 
2.2731446705883256e-10 
2.2731446705883256e-10 
2.2731446705883256e-10 
2.2731446705883256e-10 
2.2731446705883256e-10 
2.2731446705883256e-10 
2.2731446705883256e-10 
2.2731446705883256e-10 
2.2731446705883256e-10 
2.2731446705883256e-10 
2.2731446705883256e-10 
2.2731446705883256e-10 
2.2731446705883256e-10 
2.2731446705883256e-10 
2.2731446705883256e-10 
2.2731446705883256e-10 
2.2731446705883256e-10 
2.2731446705883256e-10 
2.2731446705883256e-10 
2.2731446705883256e-10 
2.2731446705883256e-10 
2.2731446705883256e-10 
2.2731446705883256e-10 
2.2731446705883256e-10 
2.2731446705883256e-10 
2.2731446705883256e-10 
2.2731446705883256e-10 
2.2731446705883256e-10 
2.2731446705883256e-10 
2.2731446705883256e-10 
2.2731446705883256e-10 
2.2731446705883256e-10 
2.2731446705883256e-10 
2.2731446705883256e-10 
2.2731446705883256e-10 
2.2731446705883256e-10 
2.2731446705883256e-10 
2.2731446705883256e-10 
2.2731446705883256e-10 
2.2731446705883256e-10 
2.2731446705883256e-10 
2.2731446705883256e-10 
2.2731446705883256e-10 
2.2731446705883256e-10 
2.2731446705883256e-10 
2.2731446705883256e-10 
2.2731446705883256e-10 
2.2731446705883256e-10 
2.2731446705883256e-10 
2.2731446705883256e-10 
2.2731446705883256e-10 
2.2731446705883256e-10 
2.2731446705883256e-10 
2.2731446705883256e-10 
2.2731446705883256e-10 
2.2731446705883256e-10 
2.2731446705883256e-10 
2.2731446705883256e-10 
2.2731446705883256e-10 
2.2731446705883256e-10 
2.2731446705883256e-10 
2.2731446705883256e-10 
2.2731446705883256e-10 
2.2731446705883256e-10 
2.2731446705883256e-10 
2.2731446705883256e-10 
2.2731446705883256e-10 
2.2731446705883256e-10 
2.2731446705883256e-10 
2.2731446705883256e-10 
2.2731446705883256e-10 
2.2731446705883256e-10 
2.2731446705883256e-10 
2.2731446705883256e-10 
2.2731446705883256e-10 
2.2731446705883256e-10 
2.2731446705883256e-10 
2.2731446705883256e-10 
2.2731446705883256e-10 
2.2731446705883256e-10 
2.2731446705883256e-10 
2.2731446705883256e-10 
2.2731446705883256e-10 
2.2731446705883256e-10 
2.2731446705883256e-10 
2.2731446705883256e-10 
2.2731446705883256e-10 
2.2731446705883256e-10 
2.2731446705883256e-10 
2.2731446705883256e-10 
2.2731446705883256e-10 
2.2731446705883256e-10 
2.2731446705883256e-10 
2.2731446705883256e-10 
2.2731446705883256e-10 
2.2731446705883256e-10 
2.2731446705883256e-10 
2.2731446705883256e-10 
2.2731446705883256e-10 
2.2731446705883256e-10 
2.2731446705883256e-10 
2.2731446705883256e-10 
2.2731446705883256e-10 
2.2731446705883256e-10 
2.2731446705883256e-10 
2.2731446705883256e-10 
2.2731446705883256e-10 
2.2731446705883256e-10 
2.2731446705883256e-10 
2.2731446705883256e-10 
2.2731446705883256e-10 
2.2731446705883256e-10 
2.2731446705883256e-10 
2.2731446705883256e-10 
2.2731446705883256e-10 
2.2731446705883256e-10 
2.2731446705883256e-10 
2.2731446705883256e-10 
2.2731446705883256e-10 
2.2731446705883256e-10 
2.2731446705883256e-10 
2.2731446705883256e-10 
2.2731446705883256e-10 
2.2731446705883256e-10 
2.2731446705883256e-10 
2.2731446705883256e-10 
2.2731446705883256e-10 
2.2731446705883256e-10 
2.2731446705883256e-10 
2.2731446705883256e-10 
2.2731446705883256e-10 
2.2731446705883256e-10 
2.2731446705883256e-10 
2.2731446705883256e-10 
2.2731446705883256e-10 
2.2731446705883256e-10 
2.2731446705883256e-10 
2.2731446705883256e-10 
2.2731446705883256e-10 
2.2731446705883256e-10 
2.2731446705883256e-10 
2.2731446705883256e-10 
2.2731446705883256e-10 
2.2731446705883256e-10 
2.2731446705883256e-10 
2.2731446705883256e-10 
2.2731446705883256e-10 
2.2731446705883256e-10 
2.2731446705883256e-10 
2.2731446705883256e-10 
2.2731446705883256e-10 
2.2731446705883256e-10 
2.2731446705883256e-10 
2.2731446705883256e-10 
2.2731446705883256e-10 
2.2731446705883256e-10 
2.2731446705883256e-10 
2.2731446705883256e-10 
2.2731446705883256e-10 
2.2731446705883256e-10 
2.2731446705883256e-10 
2.2731446705883256e-10 
2.2731446705883256e-10 
2.2731446705883256e-10 
2.2731446705883256e-10 
2.2731446705883256e-10 
2.2731446705883256e-10 
2.2731446705883256e-10 
2.2731446705883256e-10 
2.2731446705883256e-10 
2.2731446705883256e-10 
2.2731446705883256e-10 
2.2731446705883256e-10 
2.2731446705883256e-10 
2.2731446705883256e-10 
2.2731446705883256e-10 
2.2731446705883256e-10 
2.2731446705883256e-10 
2.2731446705883256e-10 
2.2731446705883256e-10 
2.2731446705883256e-10 
2.2731446705883256e-10 
2.2731446705883256e-10 
2.2731446705883256e-10 
2.0984244714740658e-10 
2.0984244714740658e-10 
2.0984244714740658e-10 
2.0984244714740658e-10 
2.0984244714740658e-10 
2.0984244714740658e-10 
2.0984244714740658e-10 
2.0984244714740658e-10 
2.0984244714740658e-10 
2.0984244714740658e-10 
2.0984244714740658e-10 
2.0984244714740658e-10 
2.0984244714740658e-10 
2.0984244714740658e-10 
2.0984244714740658e-10 
2.0984244714740658e-10 
2.0984244714740658e-10 
2.0984244714740658e-10 
2.0984244714740658e-10 
2.0984244714740658e-10 
2.0984244714740658e-10 
2.0984244714740658e-10 
2.0984244714740658e-10 
2.0984244714740658e-10 
2.0984244714740658e-10 
2.0984244714740658e-10 
2.0984244714740658e-10 
2.0984244714740658e-10 
2.0984244714740658e-10 
2.0984244714740658e-10 
2.0984244714740658e-10 
2.0984244714740658e-10 
2.0984244714740658e-10 
2.0984244714740658e-10 
2.0984244714740658e-10 
2.0984244714740658e-10 
2.0984244714740658e-10 
2.0984244714740658e-10 
2.0984244714740658e-10 
2.0984244714740658e-10 
2.0984244714740658e-10 
2.0984244714740658e-10 
2.0984244714740658e-10 
2.0984244714740658e-10 
2.0984244714740658e-10 
2.0984244714740658e-10 
2.0984244714740658e-10 
2.0984244714740658e-10 
2.0984244714740658e-10 
2.0984244714740658e-10 
2.0984244714740658e-10 
2.0984244714740658e-10 
2.0984244714740658e-10 
2.0984244714740658e-10 
2.0984244714740658e-10 
2.0984244714740658e-10 
2.0984244714740658e-10 
2.0984244714740658e-10 
2.0984244714740658e-10 
2.0984244714740658e-10 
2.0984244714740658e-10 
2.0984244714740658e-10 
2.0984244714740658e-10 
2.0984244714740658e-10 
2.0984244714740658e-10 
2.0984244714740658e-10 
2.0984244714740658e-10 
2.0984244714740658e-10 
2.0984244714740658e-10 
2.0984244714740658e-10 
2.0984244714740658e-10 
2.0984244714740658e-10 
2.0984244714740658e-10 
2.0984244714740658e-10 
2.0984244714740658e-10 
2.0984244714740658e-10 
2.0984244714740658e-10 
2.0984244714740658e-10 
2.0984244714740658e-10 
2.0984244714740658e-10 
2.0984244714740658e-10 
2.0984244714740658e-10 
2.0984244714740658e-10 
2.0984244714740658e-10 
2.0984244714740658e-10 
2.0984244714740658e-10 
2.0984244714740658e-10 
2.0984244714740658e-10 
2.0984244714740658e-10 
2.0984244714740658e-10 
2.0984244714740658e-10 
2.0984244714740658e-10 
2.0984244714740658e-10 
2.0984244714740658e-10 
2.0984244714740658e-10 
2.0984244714740658e-10 
2.0984244714740658e-10 
2.0984244714740658e-10 
2.0984244714740658e-10 
2.0984244714740658e-10 
2.0984244714740658e-10 
2.0984244714740658e-10 
2.0984244714740658e-10 
2.0984244714740658e-10 
2.0984244714740658e-10 
2.0984244714740658e-10 
2.0984244714740658e-10 
2.0984244714740658e-10 
2.0984244714740658e-10 
2.0984244714740658e-10 
2.0984244714740658e-10 
2.0984244714740658e-10 
2.0984244714740658e-10 
2.0984244714740658e-10 
2.0984244714740658e-10 
2.0984244714740658e-10 
2.0984244714740658e-10 
2.0984244714740658e-10 
2.0984244714740658e-10 
2.0984244714740658e-10 
2.0984244714740658e-10 
2.0984244714740658e-10 
2.0984244714740658e-10 
2.0984244714740658e-10 
2.0984244714740658e-10 
2.0984244714740658e-10 
2.0984244714740658e-10 
2.0984244714740658e-10 
2.0984244714740658e-10 
2.0984244714740658e-10 
2.0984244714740658e-10 
2.0984244714740658e-10 
2.0984244714740658e-10 
2.0984244714740658e-10 
2.0984244714740658e-10 
2.0984244714740658e-10 
2.0984244714740658e-10 
2.0984244714740658e-10 
2.0984244714740658e-10 
2.0984244714740658e-10 
2.0984244714740658e-10 
2.0984244714740658e-10 
2.0984244714740658e-10 
2.0984244714740658e-10 
2.0984244714740658e-10 
2.0984244714740658e-10 
2.0984244714740658e-10 
2.0984244714740658e-10 
2.0984244714740658e-10 
2.0984244714740658e-10 
2.0984244714740658e-10 
2.0984244714740658e-10 
2.0984244714740658e-10 
2.0984244714740658e-10 
2.0984244714740658e-10 
2.0984244714740658e-10 
2.0984244714740658e-10 
2.0984244714740658e-10 
2.0984244714740658e-10 
2.0984244714740658e-10 
2.0984244714740658e-10 
2.0984244714740658e-10 
2.0984244714740658e-10 
2.0984244714740658e-10 
2.0984244714740658e-10 
2.0984244714740658e-10 
2.0984244714740658e-10 
2.0984244714740658e-10 
2.0984244714740658e-10 
2.0984244714740658e-10 
2.0984244714740658e-10 
2.0984244714740658e-10 
2.0984244714740658e-10 
2.0984244714740658e-10 
2.0984244714740658e-10 
2.0984244714740658e-10 
2.0984244714740658e-10 
2.0984244714740658e-10 
2.0984244714740658e-10 
2.0984244714740658e-10 
2.0984244714740658e-10 
2.0984244714740658e-10 
2.0984244714740658e-10 
2.0984244714740658e-10 
2.0984244714740658e-10 
2.0984244714740658e-10 
2.0984244714740658e-10 
2.0984244714740658e-10 
2.0984244714740658e-10 
2.0984244714740658e-10 
2.0984244714740658e-10 
2.0984244714740658e-10 
2.0984244714740658e-10 
2.0984244714740658e-10 
2.0984244714740658e-10 
2.0984244714740658e-10 
2.0984244714740658e-10 
2.0984244714740658e-10 
2.0984244714740658e-10 
2.0984244714740658e-10 
2.0984244714740658e-10 
2.0984244714740658e-10 
2.0984244714740658e-10 
2.0984244714740658e-10 
2.0984244714740658e-10 
2.0984244714740658e-10 
2.0984244714740658e-10 
2.0984244714740658e-10 
2.0984244714740658e-10 
2.0984244714740658e-10 
2.0984244714740658e-10 
2.0984244714740658e-10 
2.0984244714740658e-10 
2.0984244714740658e-10 
2.0984244714740658e-10 
2.0984244714740658e-10 
2.0984244714740658e-10 
2.0984244714740658e-10 
2.0984244714740658e-10 
2.0984244714740658e-10 
2.0984244714740658e-10 
2.0984244714740658e-10 
2.0984244714740658e-10 
2.0984244714740658e-10 
2.0984244714740658e-10 
2.0984244714740658e-10 
2.0984244714740658e-10 
2.0984244714740658e-10 
2.0984244714740658e-10 
2.0984244714740658e-10 
2.0984244714740658e-10 
2.0984244714740658e-10 
2.0984244714740658e-10 
2.0984244714740658e-10 
2.0984244714740658e-10 
2.0984244714740658e-10 
2.0984244714740658e-10 
2.0984244714740658e-10 
2.0984244714740658e-10 
2.0984244714740658e-10 
2.0984244714740658e-10 
2.0984244714740658e-10 
2.0984244714740658e-10 
2.0984244714740658e-10 
2.0984244714740658e-10 
2.0984244714740658e-10 
2.0984244714740658e-10 
2.0984244714740658e-10 
2.0984244714740658e-10 
2.0984244714740658e-10 
2.0984244714740658e-10 
2.0984244714740658e-10 
2.0984244714740658e-10 
2.0984244714740658e-10 
2.0984244714740658e-10 
2.0984244714740658e-10 
2.0984244714740658e-10 
2.0984244714740658e-10 
2.0984244714740658e-10 
2.0984244714740658e-10 
2.0984244714740658e-10 
2.0984244714740658e-10 
2.0984244714740658e-10 
2.0984244714740658e-10 
2.0984244714740658e-10 
2.0984244714740658e-10 
2.0984244714740658e-10 
2.0984244714740658e-10 
2.0984244714740658e-10 
2.0984244714740658e-10 
2.0984244714740658e-10 
2.0984244714740658e-10 
2.0984244714740658e-10 
2.0984244714740658e-10 
2.0984244714740658e-10 
2.0984244714740658e-10 
2.0984244714740658e-10 
2.0984244714740658e-10 
2.0984244714740658e-10 
2.0984244714740658e-10 
2.0984244714740658e-10 
2.0984244714740658e-10 
2.0984244714740658e-10 
2.0984244714740658e-10 
2.0984244714740658e-10 
2.0984244714740658e-10 
2.0984244714740658e-10 
2.0984244714740658e-10 
2.0984244714740658e-10 
2.0984244714740658e-10 
2.0984244714740658e-10 
2.0984244714740658e-10 
2.0984244714740658e-10 
2.0984244714740658e-10 
2.0984244714740658e-10 
2.0984244714740658e-10 
2.0984244714740658e-10 
2.0984244714740658e-10 
2.0984244714740658e-10 
2.0984244714740658e-10 
2.0984244714740658e-10 
2.0984244714740658e-10 
2.0984244714740658e-10 
2.0984244714740658e-10 
2.0984244714740658e-10 
2.0984244714740658e-10 
2.0984244714740658e-10 
2.0984244714740658e-10 
2.0984244714740658e-10 
2.0984244714740658e-10 
2.0984244714740658e-10 
2.0984244714740658e-10 
2.0984244714740658e-10 
2.0984244714740658e-10 
2.0984244714740658e-10 
2.0984244714740658e-10 
2.0984244714740658e-10 
2.0984244714740658e-10 
2.0984244714740658e-10 
2.0984244714740658e-10 
2.0984244714740658e-10 
2.0984244714740658e-10 
2.0984244714740658e-10 
2.0984244714740658e-10 
2.0984244714740658e-10 
2.0984244714740658e-10 
2.0984244714740658e-10 
2.0984244714740658e-10 
2.0984244714740658e-10 
2.0984244714740658e-10 
2.0984244714740658e-10 
2.0984244714740658e-10 
2.0984244714740658e-10 
2.0984244714740658e-10 
2.0984244714740658e-10 
2.0984244714740658e-10 
2.0984244714740658e-10 
2.0984244714740658e-10 
2.0984244714740658e-10 
2.0984244714740658e-10 
2.0984244714740658e-10 
2.0984244714740658e-10 
2.0984244714740658e-10 
2.0984244714740658e-10 
2.0984244714740658e-10 
2.0984244714740658e-10 
2.0984244714740658e-10 
2.0984244714740658e-10 
2.0984244714740658e-10 
2.0984244714740658e-10 
2.0984244714740658e-10 
2.0984244714740658e-10 
2.0984244714740658e-10 
2.0984244714740658e-10 
2.0984244714740658e-10 
2.0984244714740658e-10 
2.0984244714740658e-10 
2.0984244714740658e-10 
2.0984244714740658e-10 
2.0984244714740658e-10 
2.0984244714740658e-10 
2.0984244714740658e-10 
