0.14657461675338257 
0.12759789807790867 
0.11104718495952282 
0.096961355427055862 
0.085375153305701668 
0.076319112947275225 
0.069819492379540993 
0.065898215014969286 
0.064572820041654433 
0.064572820041654433 
0.064572820041654433 
0.064572820041654433 
0.064572820041654433 
0.064572820041654433 
0.064572820041654433 
0.064572820041654433 
0.064572820041654433 
0.061860917100081791 
0.045408440539669637 
0.031540964059391552 
0.02027888217676066 
0.011638994646175904 
0.0056344785080352233 
0.0022748659171875074 
0.0015660277889123497 
0.0015660277889123497 
0.00067177627718006949 
0.00067177627718006949 
0.00067177627718006949 
0.00061385255762236302 
0.000600299559503914 
0.000600299559503914 
0.000600299559503914 
0.000600299559503914 
0.00048695859261504992 
0.00048695859261504992 
0.00048695859261504992 
0.00048695859261504992 
0.00042985829546349219 
0.00011220040598947101 
0.00011220040598947101 
0.00010477094442784551 
0.0001033059689614646 
3.587328138099366e-05 
3.587328138099366e-05 
3.587328138099366e-05 
3.4430728089951401e-05 
3.4430728089951401e-05 
2.4507477507040853e-05 
2.4507477507040853e-05 
2.4507477507040853e-05 
1.6780089966084155e-05 
1.6780089966084155e-05 
1.6780089966084155e-05 
1.6780089966084155e-05 
1.6780089966084155e-05 
1.6780089966084155e-05 
1.2195658656954933e-05 
1.2195658656954933e-05 
1.2195658656954933e-05 
1.5103632651225496e-06 
1.5103632651225496e-06 
1.5103632651225496e-06 
1.5103632651225496e-06 
1.5103632651225496e-06 
1.3294665617280543e-06 
1.3294665617280543e-06 
1.3294665617280543e-06 
1.3294665617280543e-06 
1.3294665617280543e-06 
1.6340270581061134e-07 
1.6340270581061134e-07 
1.6340270581061134e-07 
1.6340270581061134e-07 
1.6340270581061134e-07 
1.6340270581061134e-07 
1.6340270581061134e-07 
1.6340270581061134e-07 
1.6340270581061134e-07 
1.6340270581061134e-07 
1.1446321801500403e-07 
1.1446321801500403e-07 
1.1446321801500403e-07 
1.1446321801500403e-07 
1.1446321801500403e-07 
1.1446321801500403e-07 
1.1446321801500403e-07 
1.1446321801500403e-07 
1.1446321801500403e-07 
1.1446321801500403e-07 
1.1446321801500403e-07 
1.1446321801500403e-07 
1.1446321801500403e-07 
1.1446321801500403e-07 
1.1446321801500403e-07 
1.1446321801500403e-07 
1.1446321801500403e-07 
1.1446321801500403e-07 
1.1446321801500403e-07 
1.1446321801500403e-07 
1.1446321801500403e-07 
1.1446321801500403e-07 
1.1446321801500403e-07 
1.1446321801500403e-07 
1.1446321801500403e-07 
1.1446321801500403e-07 
1.1446321801500403e-07 
1.1446321801500403e-07 
1.1446321801500403e-07 
1.1446321801500403e-07 
4.7538074365860439e-08 
4.7538074365860439e-08 
4.7538074365860439e-08 
4.7538074365860439e-08 
4.7538074365860439e-08 
4.7538074365860439e-08 
4.7538074365860439e-08 
4.7538074365860439e-08 
4.7538074365860439e-08 
4.7538074365860439e-08 
4.7538074365860439e-08 
4.7538074365860439e-08 
4.7538074365860439e-08 
4.7538074365860439e-08 
4.7538074365860439e-08 
4.7538074365860439e-08 
4.7538074365860439e-08 
4.7538074365860439e-08 
4.7538074365860439e-08 
4.7538074365860439e-08 
4.7538074365860439e-08 
4.7538074365860439e-08 
4.7538074365860439e-08 
4.7538074365860439e-08 
4.7538074365860439e-08 
2.5133359171647385e-08 
2.5133359171647385e-08 
2.5133359171647385e-08 
2.5133359171647385e-08 
2.5133359171647385e-08 
2.5133359171647385e-08 
2.5133359171647385e-08 
2.5133359171647385e-08 
2.5133359171647385e-08 
2.5133359171647385e-08 
2.5133359171647385e-08 
2.5133359171647385e-08 
2.5133359171647385e-08 
2.5133359171647385e-08 
2.5133359171647385e-08 
2.5133359171647385e-08 
2.5133359171647385e-08 
2.5133359171647385e-08 
2.5133359171647385e-08 
2.5133359171647385e-08 
2.5133359171647385e-08 
2.5133359171647385e-08 
2.5133359171647385e-08 
2.5133359171647385e-08 
2.5133359171647385e-08 
2.5133359171647385e-08 
2.5133359171647385e-08 
2.5133359171647385e-08 
2.5133359171647385e-08 
2.5133359171647385e-08 
2.5133359171647385e-08 
2.5133359171647385e-08 
2.5133359171647385e-08 
2.5133359171647385e-08 
2.5133359171647385e-08 
2.5133359171647385e-08 
2.5133359171647385e-08 
2.5133359171647385e-08 
2.5133359171647385e-08 
2.5133359171647385e-08 
2.5133359171647385e-08 
2.5133359171647385e-08 
2.5133359171647385e-08 
2.5133359171647385e-08 
2.5133359171647385e-08 
2.5133359171647385e-08 
2.5133359171647385e-08 
2.5133359171647385e-08 
2.5133359171647385e-08 
2.5133359171647385e-08 
2.5133359171647385e-08 
2.5133359171647385e-08 
2.5133359171647385e-08 
2.5133359171647385e-08 
2.5133359171647385e-08 
2.5133359171647385e-08 
2.5133359171647385e-08 
2.5133359171647385e-08 
2.5133359171647385e-08 
2.5133359171647385e-08 
1.2403782556624776e-08 
1.2403782556624776e-08 
1.2403782556624776e-08 
1.2403782556624776e-08 
1.2403782556624776e-08 
1.2403782556624776e-08 
1.2403782556624776e-08 
1.2403782556624776e-08 
1.2403782556624776e-08 
1.2403782556624776e-08 
1.2403782556624776e-08 
1.2403782556624776e-08 
1.2403782556624776e-08 
1.2403782556624776e-08 
1.2403782556624776e-08 
1.2403782556624776e-08 
1.2403782556624776e-08 
1.2403782556624776e-08 
1.2403782556624776e-08 
1.2403782556624776e-08 
1.2403782556624776e-08 
1.2403782556624776e-08 
1.2403782556624776e-08 
1.2403782556624776e-08 
1.2403782556624776e-08 
1.2403782556624776e-08 
1.2403782556624776e-08 
1.2403782556624776e-08 
1.2403782556624776e-08 
1.2403782556624776e-08 
1.2403782556624776e-08 
1.2403782556624776e-08 
1.2403782556624776e-08 
1.2403782556624776e-08 
1.2403782556624776e-08 
1.2403782556624776e-08 
1.2403782556624776e-08 
1.2403782556624776e-08 
1.2403782556624776e-08 
1.2403782556624776e-08 
1.2403782556624776e-08 
1.2403782556624776e-08 
1.2403782556624776e-08 
1.2403782556624776e-08 
1.2403782556624776e-08 
1.2403782556624776e-08 
1.2403782556624776e-08 
1.2403782556624776e-08 
1.2403782556624776e-08 
1.2403782556624776e-08 
1.2403782556624776e-08 
1.2403782556624776e-08 
1.2403782556624776e-08 
1.2403782556624776e-08 
1.2403782556624776e-08 
1.2403782556624776e-08 
1.2403782556624776e-08 
1.2403782556624776e-08 
1.2403782556624776e-08 
1.2403782556624776e-08 
1.2403782556624776e-08 
1.2403782556624776e-08 
1.2403782556624776e-08 
1.2403782556624776e-08 
1.2403782556624776e-08 
1.2403782556624776e-08 
1.2403782556624776e-08 
1.2403782556624776e-08 
1.2403782556624776e-08 
1.2403782556624776e-08 
1.2403782556624776e-08 
1.2403782556624776e-08 
1.2403782556624776e-08 
1.2403782556624776e-08 
1.2403782556624776e-08 
1.2403782556624776e-08 
1.2403782556624776e-08 
1.2403782556624776e-08 
1.2403782556624776e-08 
1.2403782556624776e-08 
1.2403782556624776e-08 
1.2403782556624776e-08 
1.2403782556624776e-08 
1.2403782556624776e-08 
1.2403782556624776e-08 
1.2403782556624776e-08 
1.2403782556624776e-08 
1.2403782556624776e-08 
1.2403782556624776e-08 
1.2403782556624776e-08 
1.2403782556624776e-08 
1.2403782556624776e-08 
1.2403782556624776e-08 
1.2403782556624776e-08 
1.2403782556624776e-08 
1.2403782556624776e-08 
1.2403782556624776e-08 
1.2403782556624776e-08 
1.2403782556624776e-08 
1.2403782556624776e-08 
1.2403782556624776e-08 
1.2403782556624776e-08 
1.2403782556624776e-08 
1.2403782556624776e-08 
1.2403782556624776e-08 
1.2403782556624776e-08 
1.2403782556624776e-08 
1.2403782556624776e-08 
1.2403782556624776e-08 
1.2403782556624776e-08 
1.2403782556624776e-08 
1.2403782556624776e-08 
1.2403782556624776e-08 
1.2403782556624776e-08 
1.2403782556624776e-08 
1.2403782556624776e-08 
1.2403782556624776e-08 
1.2403782556624776e-08 
1.2403782556624776e-08 
1.2403782556624776e-08 
1.2403782556624776e-08 
1.2403782556624776e-08 
1.2403782556624776e-08 
1.2403782556624776e-08 
1.2403782556624776e-08 
1.2403782556624776e-08 
1.2403782556624776e-08 
1.2403782556624776e-08 
1.2403782556624776e-08 
1.2403782556624776e-08 
1.2403782556624776e-08 
1.2403782556624776e-08 
1.2403782556624776e-08 
1.2403782556624776e-08 
1.2403782556624776e-08 
1.2403782556624776e-08 
1.2403782556624776e-08 
1.2403782556624776e-08 
1.2403782556624776e-08 
1.2403782556624776e-08 
1.2403782556624776e-08 
1.2403782556624776e-08 
1.2403782556624776e-08 
1.2403782556624776e-08 
1.2403782556624776e-08 
1.2403782556624776e-08 
1.2403782556624776e-08 
1.2403782556624776e-08 
1.2403782556624776e-08 
1.2403782556624776e-08 
1.2403782556624776e-08 
1.2403782556624776e-08 
1.2403782556624776e-08 
1.2403782556624776e-08 
1.2403782556624776e-08 
1.2403782556624776e-08 
2.3670843063428038e-11 
2.3670843063428038e-11 
2.3670843063428038e-11 
2.3670843063428038e-11 
2.3670843063428038e-11 
2.3670843063428038e-11 
2.3670843063428038e-11 
2.3670843063428038e-11 
2.3670843063428038e-11 
2.3670843063428038e-11 
2.3670843063428038e-11 
2.3670843063428038e-11 
2.3670843063428038e-11 
2.3670843063428038e-11 
2.3670843063428038e-11 
2.3670843063428038e-11 
2.3670843063428038e-11 
2.3670843063428038e-11 
2.3670843063428038e-11 
2.3670843063428038e-11 
2.3670843063428038e-11 
2.3670843063428038e-11 
2.3670843063428038e-11 
2.3670843063428038e-11 
2.3670843063428038e-11 
2.3670843063428038e-11 
2.3670843063428038e-11 
2.3670843063428038e-11 
2.3670843063428038e-11 
2.3670843063428038e-11 
2.3670843063428038e-11 
2.3670843063428038e-11 
2.3670843063428038e-11 
2.3670843063428038e-11 
2.3670843063428038e-11 
2.3670843063428038e-11 
2.3670843063428038e-11 
2.3670843063428038e-11 
2.3670843063428038e-11 
2.3670843063428038e-11 
2.3670843063428038e-11 
2.3670843063428038e-11 
2.3670843063428038e-11 
2.3670843063428038e-11 
2.3670843063428038e-11 
2.3670843063428038e-11 
2.3670843063428038e-11 
2.3670843063428038e-11 
2.3670843063428038e-11 
2.3670843063428038e-11 
2.3670843063428038e-11 
2.3670843063428038e-11 
2.3670843063428038e-11 
2.3670843063428038e-11 
2.3670843063428038e-11 
2.3670843063428038e-11 
2.3670843063428038e-11 
2.3670843063428038e-11 
2.3670843063428038e-11 
2.3670843063428038e-11 
2.3670843063428038e-11 
2.3670843063428038e-11 
2.3670843063428038e-11 
2.3670843063428038e-11 
2.3670843063428038e-11 
2.3670843063428038e-11 
2.3670843063428038e-11 
2.3670843063428038e-11 
2.3670843063428038e-11 
2.3670843063428038e-11 
2.3670843063428038e-11 
2.3670843063428038e-11 
2.3670843063428038e-11 
2.3670843063428038e-11 
2.3670843063428038e-11 
2.3670843063428038e-11 
2.3670843063428038e-11 
2.3670843063428038e-11 
2.3670843063428038e-11 
2.3670843063428038e-11 
2.3670843063428038e-11 
2.3670843063428038e-11 
2.3670843063428038e-11 
2.3670843063428038e-11 
2.3670843063428038e-11 
2.3670843063428038e-11 
2.3670843063428038e-11 
2.3670843063428038e-11 
2.3670843063428038e-11 
2.3670843063428038e-11 
2.3670843063428038e-11 
2.3670843063428038e-11 
2.3670843063428038e-11 
2.3670843063428038e-11 
2.3670843063428038e-11 
2.3670843063428038e-11 
2.3670843063428038e-11 
2.3670843063428038e-11 
2.3670843063428038e-11 
2.3670843063428038e-11 
2.3670843063428038e-11 
2.3670843063428038e-11 
2.3670843063428038e-11 
2.3670843063428038e-11 
2.3670843063428038e-11 
2.3670843063428038e-11 
2.3670843063428038e-11 
2.3670843063428038e-11 
2.3670843063428038e-11 
2.3670843063428038e-11 
2.3670843063428038e-11 
2.3670843063428038e-11 
2.3670843063428038e-11 
2.3670843063428038e-11 
2.3670843063428038e-11 
2.3670843063428038e-11 
2.3670843063428038e-11 
2.3670843063428038e-11 
2.3670843063428038e-11 
2.3670843063428038e-11 
2.3670843063428038e-11 
2.3670843063428038e-11 
2.3670843063428038e-11 
2.3670843063428038e-11 
2.3670843063428038e-11 
2.3670843063428038e-11 
2.3670843063428038e-11 
2.3670843063428038e-11 
2.3670843063428038e-11 
2.3670843063428038e-11 
2.3670843063428038e-11 
2.3670843063428038e-11 
2.3670843063428038e-11 
2.3670843063428038e-11 
2.3670843063428038e-11 
2.3670843063428038e-11 
2.3670843063428038e-11 
2.3670843063428038e-11 
2.3670843063428038e-11 
2.3670843063428038e-11 
2.3670843063428038e-11 
2.3670843063428038e-11 
2.3670843063428038e-11 
2.3670843063428038e-11 
2.3670843063428038e-11 
2.3670843063428038e-11 
2.3670843063428038e-11 
2.3670843063428038e-11 
2.3670843063428038e-11 
2.3670843063428038e-11 
2.3670843063428038e-11 
2.3670843063428038e-11 
2.3670843063428038e-11 
2.3670843063428038e-11 
2.3670843063428038e-11 
2.3670843063428038e-11 
2.3670843063428038e-11 
2.3670843063428038e-11 
2.3670843063428038e-11 
2.3670843063428038e-11 
2.3670843063428038e-11 
2.3670843063428038e-11 
2.3670843063428038e-11 
2.3670843063428038e-11 
2.3670843063428038e-11 
2.3670843063428038e-11 
2.3670843063428038e-11 
2.3670843063428038e-11 
2.3670843063428038e-11 
2.3670843063428038e-11 
2.3670843063428038e-11 
2.3670843063428038e-11 
2.3670843063428038e-11 
2.3670843063428038e-11 
2.3670843063428038e-11 
2.3670843063428038e-11 
2.3670843063428038e-11 
2.3670843063428038e-11 
2.3670843063428038e-11 
2.3670843063428038e-11 
2.3670843063428038e-11 
2.3670843063428038e-11 
2.3670843063428038e-11 
2.3670843063428038e-11 
2.3670843063428038e-11 
2.3670843063428038e-11 
2.3670843063428038e-11 
2.3670843063428038e-11 
2.3670843063428038e-11 
2.3670843063428038e-11 
2.3670843063428038e-11 
2.3670843063428038e-11 
2.3670843063428038e-11 
2.3670843063428038e-11 
2.3670843063428038e-11 
2.3670843063428038e-11 
2.3670843063428038e-11 
2.3670843063428038e-11 
2.3670843063428038e-11 
2.3670843063428038e-11 
2.3670843063428038e-11 
2.3670843063428038e-11 
2.3670843063428038e-11 
2.3670843063428038e-11 
2.3670843063428038e-11 
2.3670843063428038e-11 
2.3670843063428038e-11 
2.3670843063428038e-11 
2.3670843063428038e-11 
2.3670843063428038e-11 
2.3670843063428038e-11 
2.3670843063428038e-11 
2.3670843063428038e-11 
2.3670843063428038e-11 
2.3670843063428038e-11 
2.3670843063428038e-11 
2.3670843063428038e-11 
2.3670843063428038e-11 
2.3670843063428038e-11 
2.3670843063428038e-11 
2.3670843063428038e-11 
2.3670843063428038e-11 
2.3670843063428038e-11 
2.3670843063428038e-11 
2.3670843063428038e-11 
2.3670843063428038e-11 
2.3670843063428038e-11 
2.3670843063428038e-11 
2.3670843063428038e-11 
2.3670843063428038e-11 
2.3670843063428038e-11 
2.3670843063428038e-11 
2.3670843063428038e-11 
2.3670843063428038e-11 
2.3670843063428038e-11 
2.3670843063428038e-11 
2.3670843063428038e-11 
2.3670843063428038e-11 
2.3670843063428038e-11 
2.3670843063428038e-11 
2.3670843063428038e-11 
2.3670843063428038e-11 
2.3670843063428038e-11 
2.3670843063428038e-11 
2.3670843063428038e-11 
2.3670843063428038e-11 
2.3670843063428038e-11 
2.3670843063428038e-11 
2.3670843063428038e-11 
2.3670843063428038e-11 
2.3670843063428038e-11 
2.3670843063428038e-11 
2.3670843063428038e-11 
2.3670843063428038e-11 
2.3670843063428038e-11 
2.3670843063428038e-11 
2.3670843063428038e-11 
2.3670843063428038e-11 
2.3670843063428038e-11 
2.3670843063428038e-11 
2.3670843063428038e-11 
2.3670843063428038e-11 
2.3670843063428038e-11 
2.3670843063428038e-11 
2.3670843063428038e-11 
2.3670843063428038e-11 
2.3670843063428038e-11 
2.3670843063428038e-11 
2.3670843063428038e-11 
2.3670843063428038e-11 
2.3670843063428038e-11 
2.3670843063428038e-11 
2.3670843063428038e-11 
2.3670843063428038e-11 
2.3670843063428038e-11 
2.3670843063428038e-11 
2.3670843063428038e-11 
2.3670843063428038e-11 
2.3670843063428038e-11 
2.3670843063428038e-11 
2.3670843063428038e-11 
2.3670843063428038e-11 
2.3670843063428038e-11 
2.3670843063428038e-11 
2.3670843063428038e-11 
2.3670843063428038e-11 
2.3670843063428038e-11 
2.3670843063428038e-11 
2.3670843063428038e-11 
2.3670843063428038e-11 
2.3670843063428038e-11 
2.3670843063428038e-11 
2.3670843063428038e-11 
2.3670843063428038e-11 
2.3670843063428038e-11 
2.3670843063428038e-11 
2.3670843063428038e-11 
2.3670843063428038e-11 
2.3670843063428038e-11 
2.3670843063428038e-11 
2.3670843063428038e-11 
2.3670843063428038e-11 
2.3670843063428038e-11 
2.3670843063428038e-11 
2.3670843063428038e-11 
2.3670843063428038e-11 
2.3670843063428038e-11 
2.3670843063428038e-11 
2.3670843063428038e-11 
2.3670843063428038e-11 
2.3670843063428038e-11 
2.3670843063428038e-11 
2.3670843063428038e-11 
2.3670843063428038e-11 
2.3670843063428038e-11 
2.3670843063428038e-11 
2.3670843063428038e-11 
2.3670843063428038e-11 
2.3670843063428038e-11 
2.3670843063428038e-11 
2.3670843063428038e-11 
2.3670843063428038e-11 
2.3670843063428038e-11 
2.3670843063428038e-11 
2.3670843063428038e-11 
2.3670843063428038e-11 
2.3670843063428038e-11 
2.3670843063428038e-11 
2.3670843063428038e-11 
2.3670843063428038e-11 
2.3670843063428038e-11 
2.3670843063428038e-11 
2.3670843063428038e-11 
2.3670843063428038e-11 
2.3670843063428038e-11 
2.3670843063428038e-11 
2.3670843063428038e-11 
2.3670843063428038e-11 
2.3670843063428038e-11 
2.3670843063428038e-11 
2.3670843063428038e-11 
2.3670843063428038e-11 
2.3670843063428038e-11 
2.3670843063428038e-11 
2.3670843063428038e-11 
2.3670843063428038e-11 
2.3670843063428038e-11 
2.3670843063428038e-11 
2.3670843063428038e-11 
2.3670843063428038e-11 
2.3670843063428038e-11 
2.3670843063428038e-11 
2.3670843063428038e-11 
2.3670843063428038e-11 
2.3670843063428038e-11 
2.3670843063428038e-11 
2.3670843063428038e-11 
2.3670843063428038e-11 
2.3670843063428038e-11 
2.3670843063428038e-11 
2.3670843063428038e-11 
2.3670843063428038e-11 
2.3670843063428038e-11 
2.3670843063428038e-11 
2.3670843063428038e-11 
2.3670843063428038e-11 
2.3670843063428038e-11 
2.3670843063428038e-11 
2.3670843063428038e-11 
2.3670843063428038e-11 
2.3670843063428038e-11 
2.3670843063428038e-11 
2.3670843063428038e-11 
2.3670843063428038e-11 
2.3670843063428038e-11 
2.3670843063428038e-11 
2.3670843063428038e-11 
2.3670843063428038e-11 
2.3670843063428038e-11 
2.3670843063428038e-11 
2.3670843063428038e-11 
2.3670843063428038e-11 
2.3670843063428038e-11 
2.3670843063428038e-11 
2.3670843063428038e-11 
2.3670843063428038e-11 
2.3670843063428038e-11 
2.3670843063428038e-11 
2.3670843063428038e-11 
2.3670843063428038e-11 
2.3670843063428038e-11 
2.3670843063428038e-11 
2.3670843063428038e-11 
2.3670843063428038e-11 
2.3670843063428038e-11 
2.3670843063428038e-11 
2.3670843063428038e-11 
2.3670843063428038e-11 
2.3670843063428038e-11 
2.3670843063428038e-11 
2.3670843063428038e-11 
2.3670843063428038e-11 
2.3670843063428038e-11 
2.3670843063428038e-11 
2.3670843063428038e-11 
2.3670843063428038e-11 
2.3670843063428038e-11 
2.3670843063428038e-11 
2.3670843063428038e-11 
2.3670843063428038e-11 
2.3670843063428038e-11 
2.3670843063428038e-11 
2.3670843063428038e-11 
2.3670843063428038e-11 
2.3670843063428038e-11 
2.3670843063428038e-11 
2.3670843063428038e-11 
2.3670843063428038e-11 
2.3670843063428038e-11 
2.3670843063428038e-11 
2.3670843063428038e-11 
2.3670843063428038e-11 
2.3670843063428038e-11 
2.3670843063428038e-11 
2.3670843063428038e-11 
2.3670843063428038e-11 
2.3670843063428038e-11 
2.3670843063428038e-11 
2.3670843063428038e-11 
2.3670843063428038e-11 
2.3670843063428038e-11 
2.3670843063428038e-11 
2.3670843063428038e-11 
2.3670843063428038e-11 
2.3670843063428038e-11 
2.3670843063428038e-11 
2.3670843063428038e-11 
2.3670843063428038e-11 
2.3670843063428038e-11 
2.3670843063428038e-11 
2.3670843063428038e-11 
2.3670843063428038e-11 
2.3670843063428038e-11 
2.3670843063428038e-11 
2.3670843063428038e-11 
2.3670843063428038e-11 
2.3670843063428038e-11 
2.3670843063428038e-11 
2.3670843063428038e-11 
2.3670843063428038e-11 
2.3670843063428038e-11 
2.3670843063428038e-11 
2.3670843063428038e-11 
2.3670843063428038e-11 
2.3670843063428038e-11 
2.3670843063428038e-11 
2.3670843063428038e-11 
2.3670843063428038e-11 
2.3670843063428038e-11 
2.3670843063428038e-11 
2.3670843063428038e-11 
2.3670843063428038e-11 
2.3670843063428038e-11 
2.3670843063428038e-11 
2.3670843063428038e-11 
2.3670843063428038e-11 
2.3670843063428038e-11 
2.3670843063428038e-11 
2.3670843063428038e-11 
2.3670843063428038e-11 
2.3670843063428038e-11 
2.3670843063428038e-11 
2.3670843063428038e-11 
2.3670843063428038e-11 
2.3670843063428038e-11 
2.3670843063428038e-11 
2.3670843063428038e-11 
2.3670843063428038e-11 
2.3670843063428038e-11 
2.3670843063428038e-11 
2.3670843063428038e-11 
2.3670843063428038e-11 
2.3670843063428038e-11 
2.3670843063428038e-11 
2.3670843063428038e-11 
2.3670843063428038e-11 
2.3670843063428038e-11 
2.3670843063428038e-11 
2.3670843063428038e-11 
2.3670843063428038e-11 
2.3670843063428038e-11 
2.3670843063428038e-11 
2.3670843063428038e-11 
2.3670843063428038e-11 
2.3670843063428038e-11 
2.3670843063428038e-11 
2.3670843063428038e-11 
2.3670843063428038e-11 
2.3670843063428038e-11 
2.3670843063428038e-11 
2.3670843063428038e-11 
2.3670843063428038e-11 
2.3670843063428038e-11 
2.3670843063428038e-11 
2.3670843063428038e-11 
2.3670843063428038e-11 
2.3670843063428038e-11 
2.3670843063428038e-11 
2.3670843063428038e-11 
2.3670843063428038e-11 
2.3670843063428038e-11 
2.3670843063428038e-11 
2.3670843063428038e-11 
2.3670843063428038e-11 
2.3670843063428038e-11 
2.3670843063428038e-11 
2.3670843063428038e-11 
2.3670843063428038e-11 
2.3670843063428038e-11 
2.3670843063428038e-11 
2.3670843063428038e-11 
2.3670843063428038e-11 
2.3670843063428038e-11 
2.3670843063428038e-11 
2.3670843063428038e-11 
2.3670843063428038e-11 
2.3670843063428038e-11 
2.3670843063428038e-11 
2.3670843063428038e-11 
2.3670843063428038e-11 
2.3670843063428038e-11 
2.3670843063428038e-11 
2.3670843063428038e-11 
2.3670843063428038e-11 
2.3670843063428038e-11 
2.3670843063428038e-11 
2.3670843063428038e-11 
2.3670843063428038e-11 
2.3670843063428038e-11 
2.3670843063428038e-11 
2.3670843063428038e-11 
2.3670843063428038e-11 
2.3670843063428038e-11 
2.3670843063428038e-11 
2.3670843063428038e-11 
2.3670843063428038e-11 
2.3670843063428038e-11 
2.3670843063428038e-11 
2.3670843063428038e-11 
2.3670843063428038e-11 
2.3670843063428038e-11 
2.3670843063428038e-11 
2.3670843063428038e-11 
2.3670843063428038e-11 
2.3670843063428038e-11 
2.3670843063428038e-11 
2.3670843063428038e-11 
2.3670843063428038e-11 
2.3670843063428038e-11 
2.3670843063428038e-11 
2.3670843063428038e-11 
2.3670843063428038e-11 
2.3670843063428038e-11 
2.3670843063428038e-11 
2.3670843063428038e-11 
2.3670843063428038e-11 
2.3670843063428038e-11 
2.3670843063428038e-11 
2.3670843063428038e-11 
2.3670843063428038e-11 
2.3670843063428038e-11 
2.3670843063428038e-11 
2.3670843063428038e-11 
2.3670843063428038e-11 
2.3670843063428038e-11 
2.3670843063428038e-11 
2.3670843063428038e-11 
2.3670843063428038e-11 
2.3670843063428038e-11 
2.3670843063428038e-11 
2.3670843063428038e-11 
2.3670843063428038e-11 
2.3670843063428038e-11 
2.3670843063428038e-11 
2.3670843063428038e-11 
2.3670843063428038e-11 
2.3670843063428038e-11 
2.3670843063428038e-11 
2.3670843063428038e-11 
2.3670843063428038e-11 
2.3670843063428038e-11 
2.3670843063428038e-11 
2.3670843063428038e-11 
2.3670843063428038e-11 
2.3670843063428038e-11 
2.3670843063428038e-11 
2.3670843063428038e-11 
2.3670843063428038e-11 
2.3670843063428038e-11 
2.3670843063428038e-11 
2.3670843063428038e-11 
2.3670843063428038e-11 
2.3670843063428038e-11 
2.3670843063428038e-11 
2.3670843063428038e-11 
2.3670843063428038e-11 
2.3670843063428038e-11 
2.3670843063428038e-11 
2.3670843063428038e-11 
2.3670843063428038e-11 
2.3670843063428038e-11 
2.3670843063428038e-11 
2.3670843063428038e-11 
2.3670843063428038e-11 
2.3670843063428038e-11 
2.3670843063428038e-11 
2.3670843063428038e-11 
2.3670843063428038e-11 
2.3670843063428038e-11 
2.3670843063428038e-11 
2.3670843063428038e-11 
2.3670843063428038e-11 
2.3670843063428038e-11 
2.3670843063428038e-11 
2.3670843063428038e-11 
2.3670843063428038e-11 
2.3670843063428038e-11 
2.3670843063428038e-11 
2.3670843063428038e-11 
2.3670843063428038e-11 
2.3670843063428038e-11 
2.3670843063428038e-11 
2.3670843063428038e-11 
2.3670843063428038e-11 
2.3670843063428038e-11 
2.3670843063428038e-11 
2.3670843063428038e-11 
2.3670843063428038e-11 
2.3670843063428038e-11 
2.3670843063428038e-11 
2.3670843063428038e-11 
2.3670843063428038e-11 
2.3670843063428038e-11 
2.3670843063428038e-11 
2.3670843063428038e-11 
2.3670843063428038e-11 
2.3670843063428038e-11 
2.3670843063428038e-11 
2.3670843063428038e-11 
