0.56080023274969626 
0.26067275617016317 
0.11159385475311971 
0.0078990896837610319 
0.0078990896837610319 
0.0078990896837610319 
0.0078990896837610319 
0.0078990896837610319 
0.0053819494968779047 
0.0053819494968779047 
0.0053819494968779047 
0.00096787501723403363 
0.00096787501723403363 
0.00096787501723403363 
0.00015860100049450894 
0.00015860100049450894 
0.00015860100049450894 
0.00015860100049450894 
0.00015860100049450894 
0.00015860100049450894 
0.00015860100049450894 
4.5396586708781605e-05 
4.5396586708781605e-05 
4.5396586708781605e-05 
4.5396586708781605e-05 
4.5396586708781605e-05 
4.5001024859406178e-05 
4.5001024859406178e-05 
4.5001024859406178e-05 
4.5001024859406178e-05 
4.5001024859406178e-05 
4.5001024859406178e-05 
4.5001024859406178e-05 
1.6314156859021533e-05 
1.6314156859021533e-05 
1.6314156859021533e-05 
1.6314156859021533e-05 
1.6314156859021533e-05 
1.6314156859021533e-05 
1.6314156859021533e-05 
1.6314156859021533e-05 
1.6314156859021533e-05 
1.6314156859021533e-05 
1.6314156859021533e-05 
1.6314156859021533e-05 
1.6314156859021533e-05 
1.6314156859021533e-05 
1.6314156859021533e-05 
1.6314156859021533e-05 
1.6314156859021533e-05 
1.6314156859021533e-05 
1.6314156859021533e-05 
5.5244300052388746e-06 
5.5244300052388746e-06 
5.5244300052388746e-06 
5.5244300052388746e-06 
5.5244300052388746e-06 
5.5244300052388746e-06 
5.5244300052388746e-06 
5.5244300052388746e-06 
5.5244300052388746e-06 
5.5244300052388746e-06 
5.5244300052388746e-06 
5.5244300052388746e-06 
5.5244300052388746e-06 
5.5244300052388746e-06 
5.5244300052388746e-06 
5.5244300052388746e-06 
5.5244300052388746e-06 
5.5244300052388746e-06 
5.5244300052388746e-06 
5.5244300052388746e-06 
5.5244300052388746e-06 
4.6213943820694894e-06 
4.6213943820694894e-06 
4.6213943820694894e-06 
4.6213943820694894e-06 
1.2637937594698449e-06 
1.2637937594698449e-06 
1.2637937594698449e-06 
1.2637937594698449e-06 
1.2637937594698449e-06 
1.2637937594698449e-06 
1.2637937594698449e-06 
5.609792633811128e-07 
5.609792633811128e-07 
5.609792633811128e-07 
5.609792633811128e-07 
5.609792633811128e-07 
5.609792633811128e-07 
5.609792633811128e-07 
5.609792633811128e-07 
5.609792633811128e-07 
5.609792633811128e-07 
5.609792633811128e-07 
5.609792633811128e-07 
5.609792633811128e-07 
5.609792633811128e-07 
5.609792633811128e-07 
5.609792633811128e-07 
5.609792633811128e-07 
5.609792633811128e-07 
5.609792633811128e-07 
5.609792633811128e-07 
5.609792633811128e-07 
5.609792633811128e-07 
5.609792633811128e-07 
5.609792633811128e-07 
3.5300672879962726e-07 
3.5300672879962726e-07 
3.5300672879962726e-07 
3.5300672879962726e-07 
3.5300672879962726e-07 
3.5300672879962726e-07 
3.5300672879962726e-07 
3.0206069114036719e-07 
3.0206069114036719e-07 
3.0206069114036719e-07 
3.0206069114036719e-07 
3.0206069114036719e-07 
3.0206069114036719e-07 
3.0206069114036719e-07 
3.0206069114036719e-07 
3.0206069114036719e-07 
3.0206069114036719e-07 
3.0206069114036719e-07 
3.0206069114036719e-07 
3.0206069114036719e-07 
3.0206069114036719e-07 
3.0206069114036719e-07 
3.0206069114036719e-07 
3.0206069114036719e-07 
3.0206069114036719e-07 
2.2870799757807389e-07 
2.2870799757807389e-07 
9.0999369344693832e-08 
5.2005996821790513e-08 
6.0649245957908195e-10 
6.0649245957908195e-10 
6.0649245957908195e-10 
6.0649245957908195e-10 
6.0649245957908195e-10 
6.0649245957908195e-10 
6.0649245957908195e-10 
6.0649245957908195e-10 
6.0649245957908195e-10 
6.0649245957908195e-10 
6.0649245957908195e-10 
6.0649245957908195e-10 
6.0649245957908195e-10 
6.0649245957908195e-10 
6.0649245957908195e-10 
6.0649245957908195e-10 
6.0649245957908195e-10 
6.0649245957908195e-10 
6.0649245957908195e-10 
6.0649245957908195e-10 
6.0649245957908195e-10 
6.0649245957908195e-10 
6.0649245957908195e-10 
6.0649245957908195e-10 
6.0649245957908195e-10 
6.0649245957908195e-10 
6.0649245957908195e-10 
6.0649245957908195e-10 
6.0649245957908195e-10 
1.3042054749962948e-10 
1.3042054749962948e-10 
1.3042054749962948e-10 
1.3042054749962948e-10 
1.3042054749962948e-10 
1.3042054749962948e-10 
1.3042054749962948e-10 
1.124850153667838e-10 
1.124850153667838e-10 
1.124850153667838e-10 
1.124850153667838e-10 
1.124850153667838e-10 
1.124850153667838e-10 
1.124850153667838e-10 
1.124850153667838e-10 
1.124850153667838e-10 
1.124850153667838e-10 
7.5475891196031627e-11 
7.5475891196031627e-11 
7.5475891196031627e-11 
7.5475891196031627e-11 
3.2196623152993263e-11 
3.2196623152993263e-11 
3.2196623152993263e-11 
2.2746745134453908e-11 
2.2746745134453908e-11 
2.2746745134453908e-11 
2.2746745134453908e-11 
2.2746745134453908e-11 
2.2746745134453908e-11 
2.2746745134453908e-11 
2.2746745134453908e-11 
2.2746745134453908e-11 
2.2746745134453908e-11 
2.2746745134453908e-11 
2.2746745134453908e-11 
2.2746745134453908e-11 
2.2746745134453908e-11 
2.2746745134453908e-11 
2.2746745134453908e-11 
2.2746745134453908e-11 
2.2746745134453908e-11 
2.2746745134453908e-11 
2.2746745134453908e-11 
2.2746745134453908e-11 
1.194685656574308e-11 
1.194685656574308e-11 
1.194685656574308e-11 
1.194685656574308e-11 
1.0606501562613349e-11 
1.0606501562613349e-11 
1.0606501562613349e-11 
1.0606501562613349e-11 
1.0606501562613349e-11 
1.0606501562613349e-11 
1.0606501562613349e-11 
1.0606501562613349e-11 
1.0606501562613349e-11 
1.0606501562613349e-11 
1.0606501562613349e-11 
1.0606501562613349e-11 
1.0606501562613349e-11 
1.0606501562613349e-11 
1.0606501562613349e-11 
1.0606501562613349e-11 
1.0606501562613349e-11 
1.0606501562613349e-11 
8.9635757166191749e-12 
8.9635757166191749e-12 
8.9635757166191749e-12 
8.9635757166191749e-12 
8.9635757166191749e-12 
8.9635757166191749e-12 
3.8194138029143127e-12 
3.8194138029143127e-12 
3.8194138029143127e-12 
3.8194138029143127e-12 
1.0988149967326684e-13 
1.0988149967326684e-13 
1.0988149967326684e-13 
1.0988149967326684e-13 
1.0988149967326684e-13 
1.0988149967326684e-13 
1.0988149967326684e-13 
1.0988149967326684e-13 
1.0988149967326684e-13 
1.0988149967326684e-13 
1.0988149967326684e-13 
1.0988149967326684e-13 
1.0988149967326684e-13 
1.0988149967326684e-13 
1.0988149967326684e-13 
1.0988149967326684e-13 
1.0988149967326684e-13 
1.0988149967326684e-13 
7.4084637907834751e-14 
7.4084637907834751e-14 
7.4084637907834751e-14 
7.4084637907834751e-14 
7.4084637907834751e-14 
7.4084637907834751e-14 
7.4084637907834751e-14 
7.4084637907834751e-14 
7.4084637907834751e-14 
7.4084637907834751e-14 
7.4084637907834751e-14 
7.4084637907834751e-14 
7.4084637907834751e-14 
7.4084637907834751e-14 
7.4084637907834751e-14 
7.4084637907834751e-14 
7.4084637907834751e-14 
7.4084637907834751e-14 
7.4084637907834751e-14 
7.4084637907834751e-14 
7.4084637907834751e-14 
7.4084637907834751e-14 
7.4084637907834751e-14 
7.4084637907834751e-14 
7.4084637907834751e-14 
7.4084637907834751e-14 
7.4084637907834751e-14 
7.4084637907834751e-14 
7.4084637907834751e-14 
7.4084637907834751e-14 
7.4084637907834751e-14 
7.4084637907834751e-14 
7.4084637907834751e-14 
7.4084637907834751e-14 
7.4084637907834751e-14 
7.4084637907834751e-14 
7.4084637907834751e-14 
7.4084637907834751e-14 
7.4084637907834751e-14 
7.4084637907834751e-14 
7.4084637907834751e-14 
7.4084637907834751e-14 
7.4084637907834751e-14 
7.4084637907834751e-14 
7.4084637907834751e-14 
7.4084637907834751e-14 
7.4084637907834751e-14 
7.4084637907834751e-14 
7.4084637907834751e-14 
7.4084637907834751e-14 
7.4084637907834751e-14 
7.4084637907834751e-14 
7.4084637907834751e-14 
7.4084637907834751e-14 
7.4084637907834751e-14 
7.4084637907834751e-14 
7.4084637907834751e-14 
7.4084637907834751e-14 
7.4084637907834751e-14 
7.4084637907834751e-14 
7.4084637907834751e-14 
7.4084637907834751e-14 
7.4084637907834751e-14 
7.4084637907834751e-14 
7.4084637907834751e-14 
7.4084637907834751e-14 
7.4084637907834751e-14 
7.4084637907834751e-14 
7.4084637907834751e-14 
7.4084637907834751e-14 
7.4084637907834751e-14 
7.4084637907834751e-14 
7.4084637907834751e-14 
7.4084637907834751e-14 
7.4084637907834751e-14 
7.4084637907834751e-14 
7.4084637907834751e-14 
7.4084637907834751e-14 
7.4084637907834751e-14 
7.4084637907834751e-14 
7.4084637907834751e-14 
7.4084637907834751e-14 
7.4084637907834751e-14 
7.4084637907834751e-14 
7.4084637907834751e-14 
7.4084637907834751e-14 
7.4084637907834751e-14 
7.4084637907834751e-14 
7.4084637907834751e-14 
7.4084637907834751e-14 
7.4084637907834751e-14 
7.4084637907834751e-14 
7.4084637907834751e-14 
7.4084637907834751e-14 
7.4084637907834751e-14 
7.4084637907834751e-14 
7.4084637907834751e-14 
7.4084637907834751e-14 
7.4084637907834751e-14 
7.4084637907834751e-14 
7.4084637907834751e-14 
7.4084637907834751e-14 
7.4084637907834751e-14 
7.4084637907834751e-14 
7.4084637907834751e-14 
7.4084637907834751e-14 
7.4084637907834751e-14 
7.4084637907834751e-14 
7.4084637907834751e-14 
7.4084637907834751e-14 
7.4084637907834751e-14 
7.4084637907834751e-14 
7.4084637907834751e-14 
7.4084637907834751e-14 
7.4084637907834751e-14 
7.4084637907834751e-14 
7.4084637907834751e-14 
7.4084637907834751e-14 
7.4084637907834751e-14 
7.4084637907834751e-14 
7.4084637907834751e-14 
7.4084637907834751e-14 
7.4084637907834751e-14 
7.4084637907834751e-14 
7.4084637907834751e-14 
7.4084637907834751e-14 
7.4084637907834751e-14 
7.4084637907834751e-14 
7.4084637907834751e-14 
7.4084637907834751e-14 
7.4084637907834751e-14 
7.4084637907834751e-14 
7.4084637907834751e-14 
7.4084637907834751e-14 
7.4084637907834751e-14 
7.4084637907834751e-14 
7.4084637907834751e-14 
7.4084637907834751e-14 
7.4084637907834751e-14 
7.4084637907834751e-14 
7.4084637907834751e-14 
7.4084637907834751e-14 
7.4084637907834751e-14 
7.4084637907834751e-14 
7.4084637907834751e-14 
7.4084637907834751e-14 
7.4084637907834751e-14 
7.4084637907834751e-14 
7.4084637907834751e-14 
7.4084637907834751e-14 
7.4084637907834751e-14 
7.4084637907834751e-14 
7.4084637907834751e-14 
7.4084637907834751e-14 
7.4084637907834751e-14 
7.4084637907834751e-14 
7.4084637907834751e-14 
7.4084637907834751e-14 
7.4084637907834751e-14 
7.4084637907834751e-14 
7.4084637907834751e-14 
7.4084637907834751e-14 
7.4084637907834751e-14 
7.4084637907834751e-14 
7.4084637907834751e-14 
7.4084637907834751e-14 
7.4084637907834751e-14 
7.4084637907834751e-14 
7.4084637907834751e-14 
7.4084637907834751e-14 
7.4084637907834751e-14 
7.4084637907834751e-14 
7.4084637907834751e-14 
7.4084637907834751e-14 
7.4084637907834751e-14 
7.4084637907834751e-14 
7.4084637907834751e-14 
7.4084637907834751e-14 
7.4084637907834751e-14 
7.4084637907834751e-14 
7.4084637907834751e-14 
7.4084637907834751e-14 
7.4084637907834751e-14 
7.4084637907834751e-14 
7.4084637907834751e-14 
7.4084637907834751e-14 
7.4084637907834751e-14 
7.4084637907834751e-14 
7.4084637907834751e-14 
7.4084637907834751e-14 
7.4084637907834751e-14 
7.4084637907834751e-14 
7.4084637907834751e-14 
7.4084637907834751e-14 
7.4084637907834751e-14 
7.4084637907834751e-14 
7.4084637907834751e-14 
7.4084637907834751e-14 
7.4084637907834751e-14 
7.4084637907834751e-14 
7.4084637907834751e-14 
7.4084637907834751e-14 
7.4084637907834751e-14 
7.4084637907834751e-14 
7.4084637907834751e-14 
7.4084637907834751e-14 
7.4084637907834751e-14 
7.4084637907834751e-14 
7.4084637907834751e-14 
7.4084637907834751e-14 
7.4084637907834751e-14 
7.4084637907834751e-14 
7.4084637907834751e-14 
7.4084637907834751e-14 
7.4084637907834751e-14 
7.4084637907834751e-14 
7.4084637907834751e-14 
7.4084637907834751e-14 
7.4084637907834751e-14 
7.4084637907834751e-14 
7.4084637907834751e-14 
7.4084637907834751e-14 
7.4084637907834751e-14 
7.4084637907834751e-14 
7.4084637907834751e-14 
7.4084637907834751e-14 
7.4084637907834751e-14 
7.4084637907834751e-14 
7.4084637907834751e-14 
7.4084637907834751e-14 
7.4084637907834751e-14 
7.4084637907834751e-14 
7.4084637907834751e-14 
7.4084637907834751e-14 
7.4084637907834751e-14 
7.4084637907834751e-14 
7.4084637907834751e-14 
7.4084637907834751e-14 
7.4084637907834751e-14 
7.4084637907834751e-14 
7.4084637907834751e-14 
7.4084637907834751e-14 
7.4084637907834751e-14 
7.4084637907834751e-14 
7.4084637907834751e-14 
7.4084637907834751e-14 
7.4084637907834751e-14 
7.4084637907834751e-14 
7.4084637907834751e-14 
7.4084637907834751e-14 
7.4084637907834751e-14 
7.4084637907834751e-14 
7.4084637907834751e-14 
7.4084637907834751e-14 
7.4084637907834751e-14 
7.4084637907834751e-14 
7.4084637907834751e-14 
7.4084637907834751e-14 
7.4084637907834751e-14 
7.4084637907834751e-14 
7.4084637907834751e-14 
7.4084637907834751e-14 
7.4084637907834751e-14 
7.4084637907834751e-14 
7.4084637907834751e-14 
7.4084637907834751e-14 
7.4084637907834751e-14 
7.4084637907834751e-14 
7.4084637907834751e-14 
7.4084637907834751e-14 
7.4084637907834751e-14 
7.4084637907834751e-14 
7.4084637907834751e-14 
7.4084637907834751e-14 
7.4084637907834751e-14 
7.4084637907834751e-14 
7.4084637907834751e-14 
7.4084637907834751e-14 
7.4084637907834751e-14 
7.4084637907834751e-14 
7.4084637907834751e-14 
7.4084637907834751e-14 
7.4084637907834751e-14 
7.4084637907834751e-14 
7.4084637907834751e-14 
7.4084637907834751e-14 
7.4084637907834751e-14 
7.4084637907834751e-14 
7.4084637907834751e-14 
7.4084637907834751e-14 
7.4084637907834751e-14 
7.4084637907834751e-14 
7.4084637907834751e-14 
7.4084637907834751e-14 
7.4084637907834751e-14 
7.4084637907834751e-14 
7.4084637907834751e-14 
7.4084637907834751e-14 
7.4084637907834751e-14 
7.4084637907834751e-14 
7.4084637907834751e-14 
7.4084637907834751e-14 
7.4084637907834751e-14 
7.4084637907834751e-14 
7.4084637907834751e-14 
7.4084637907834751e-14 
7.4084637907834751e-14 
7.4084637907834751e-14 
7.4084637907834751e-14 
7.4084637907834751e-14 
7.4084637907834751e-14 
7.4084637907834751e-14 
7.4084637907834751e-14 
7.4084637907834751e-14 
7.4084637907834751e-14 
7.4084637907834751e-14 
7.4084637907834751e-14 
7.4084637907834751e-14 
7.4084637907834751e-14 
7.4084637907834751e-14 
7.4084637907834751e-14 
7.4084637907834751e-14 
7.4084637907834751e-14 
7.4084637907834751e-14 
7.4084637907834751e-14 
7.4084637907834751e-14 
7.4084637907834751e-14 
7.4084637907834751e-14 
7.4084637907834751e-14 
7.4084637907834751e-14 
7.4084637907834751e-14 
7.4084637907834751e-14 
7.4084637907834751e-14 
7.4084637907834751e-14 
7.4084637907834751e-14 
7.4084637907834751e-14 
7.4084637907834751e-14 
7.4084637907834751e-14 
7.4084637907834751e-14 
7.4084637907834751e-14 
7.4084637907834751e-14 
7.4084637907834751e-14 
7.4084637907834751e-14 
7.4084637907834751e-14 
7.4084637907834751e-14 
7.4084637907834751e-14 
7.4084637907834751e-14 
7.4084637907834751e-14 
7.4084637907834751e-14 
7.4084637907834751e-14 
7.4084637907834751e-14 
7.4084637907834751e-14 
7.4084637907834751e-14 
7.4084637907834751e-14 
7.4084637907834751e-14 
7.4084637907834751e-14 
7.4084637907834751e-14 
7.4084637907834751e-14 
7.4084637907834751e-14 
7.4084637907834751e-14 
7.4084637907834751e-14 
7.4084637907834751e-14 
7.4084637907834751e-14 
7.4084637907834751e-14 
7.4084637907834751e-14 
7.4084637907834751e-14 
7.4084637907834751e-14 
7.4084637907834751e-14 
7.4084637907834751e-14 
7.4084637907834751e-14 
7.4084637907834751e-14 
7.4084637907834751e-14 
7.4084637907834751e-14 
7.4084637907834751e-14 
7.4084637907834751e-14 
7.4084637907834751e-14 
7.4084637907834751e-14 
7.4084637907834751e-14 
7.4084637907834751e-14 
7.4084637907834751e-14 
7.4084637907834751e-14 
7.4084637907834751e-14 
7.4084637907834751e-14 
7.4084637907834751e-14 
7.4084637907834751e-14 
7.4084637907834751e-14 
7.4084637907834751e-14 
7.4084637907834751e-14 
7.4084637907834751e-14 
7.4084637907834751e-14 
7.4084637907834751e-14 
7.4084637907834751e-14 
7.4084637907834751e-14 
7.4084637907834751e-14 
7.4084637907834751e-14 
7.4084637907834751e-14 
7.4084637907834751e-14 
7.4084637907834751e-14 
7.4084637907834751e-14 
7.4084637907834751e-14 
7.4084637907834751e-14 
7.4084637907834751e-14 
7.4084637907834751e-14 
7.4084637907834751e-14 
7.4084637907834751e-14 
7.4084637907834751e-14 
7.4084637907834751e-14 
7.4084637907834751e-14 
7.4084637907834751e-14 
7.4084637907834751e-14 
7.4084637907834751e-14 
7.4084637907834751e-14 
7.4084637907834751e-14 
7.4084637907834751e-14 
7.4084637907834751e-14 
7.4084637907834751e-14 
7.4084637907834751e-14 
7.4084637907834751e-14 
7.4084637907834751e-14 
7.4084637907834751e-14 
7.4084637907834751e-14 
7.4084637907834751e-14 
7.4084637907834751e-14 
7.4084637907834751e-14 
7.4084637907834751e-14 
7.4084637907834751e-14 
7.4084637907834751e-14 
7.4084637907834751e-14 
7.4084637907834751e-14 
7.4084637907834751e-14 
7.4084637907834751e-14 
7.4084637907834751e-14 
7.4084637907834751e-14 
7.4084637907834751e-14 
7.4084637907834751e-14 
7.4084637907834751e-14 
7.4084637907834751e-14 
7.4084637907834751e-14 
7.4084637907834751e-14 
7.4084637907834751e-14 
7.4084637907834751e-14 
7.4084637907834751e-14 
7.4084637907834751e-14 
7.4084637907834751e-14 
7.4084637907834751e-14 
7.4084637907834751e-14 
7.4084637907834751e-14 
7.4084637907834751e-14 
7.4084637907834751e-14 
7.4084637907834751e-14 
7.4084637907834751e-14 
7.4084637907834751e-14 
7.4084637907834751e-14 
7.4084637907834751e-14 
7.4084637907834751e-14 
7.4084637907834751e-14 
7.4084637907834751e-14 
7.4084637907834751e-14 
7.4084637907834751e-14 
7.4084637907834751e-14 
7.4084637907834751e-14 
7.4084637907834751e-14 
7.4084637907834751e-14 
7.4084637907834751e-14 
7.4084637907834751e-14 
7.4084637907834751e-14 
7.4084637907834751e-14 
7.4084637907834751e-14 
7.4084637907834751e-14 
7.4084637907834751e-14 
7.4084637907834751e-14 
7.4084637907834751e-14 
7.4084637907834751e-14 
7.4084637907834751e-14 
7.4084637907834751e-14 
7.4084637907834751e-14 
7.4084637907834751e-14 
7.4084637907834751e-14 
7.4084637907834751e-14 
7.4084637907834751e-14 
7.4084637907834751e-14 
7.4084637907834751e-14 
7.4084637907834751e-14 
7.4084637907834751e-14 
7.4084637907834751e-14 
7.4084637907834751e-14 
7.4084637907834751e-14 
7.4084637907834751e-14 
7.4084637907834751e-14 
7.4084637907834751e-14 
7.4084637907834751e-14 
7.4084637907834751e-14 
7.4084637907834751e-14 
7.4084637907834751e-14 
7.4084637907834751e-14 
7.4084637907834751e-14 
7.4084637907834751e-14 
7.4084637907834751e-14 
7.4084637907834751e-14 
7.4084637907834751e-14 
7.4084637907834751e-14 
7.4084637907834751e-14 
7.4084637907834751e-14 
7.4084637907834751e-14 
7.4084637907834751e-14 
7.4084637907834751e-14 
7.4084637907834751e-14 
7.4084637907834751e-14 
7.4084637907834751e-14 
7.4084637907834751e-14 
7.4084637907834751e-14 
7.4084637907834751e-14 
7.4084637907834751e-14 
7.4084637907834751e-14 
7.4084637907834751e-14 
7.4084637907834751e-14 
7.4084637907834751e-14 
7.4084637907834751e-14 
7.4084637907834751e-14 
7.4084637907834751e-14 
7.4084637907834751e-14 
7.4084637907834751e-14 
7.4084637907834751e-14 
7.4084637907834751e-14 
7.4084637907834751e-14 
7.4084637907834751e-14 
7.4084637907834751e-14 
7.4084637907834751e-14 
7.4084637907834751e-14 
7.4084637907834751e-14 
7.4084637907834751e-14 
7.4084637907834751e-14 
7.4084637907834751e-14 
7.4084637907834751e-14 
7.4084637907834751e-14 
7.4084637907834751e-14 
7.4084637907834751e-14 
7.4084637907834751e-14 
7.4084637907834751e-14 
7.4084637907834751e-14 
7.4084637907834751e-14 
7.4084637907834751e-14 
7.4084637907834751e-14 
7.4084637907834751e-14 
7.4084637907834751e-14 
7.4084637907834751e-14 
7.4084637907834751e-14 
7.4084637907834751e-14 
7.4084637907834751e-14 
7.4084637907834751e-14 
7.4084637907834751e-14 
7.4084637907834751e-14 
7.4084637907834751e-14 
7.4084637907834751e-14 
7.4084637907834751e-14 
7.4084637907834751e-14 
7.4084637907834751e-14 
7.4084637907834751e-14 
7.4084637907834751e-14 
7.4084637907834751e-14 
7.4084637907834751e-14 
7.4084637907834751e-14 
7.4084637907834751e-14 
7.4084637907834751e-14 
7.4084637907834751e-14 
7.4084637907834751e-14 
7.4084637907834751e-14 
7.4084637907834751e-14 
7.4084637907834751e-14 
7.4084637907834751e-14 
7.4084637907834751e-14 
7.4084637907834751e-14 
7.4084637907834751e-14 
7.4084637907834751e-14 
7.4084637907834751e-14 
7.4084637907834751e-14 
7.4084637907834751e-14 
7.4084637907834751e-14 
7.4084637907834751e-14 
7.4084637907834751e-14 
7.4084637907834751e-14 
7.4084637907834751e-14 
7.4084637907834751e-14 
7.4084637907834751e-14 
7.4084637907834751e-14 
7.4084637907834751e-14 
7.4084637907834751e-14 
7.4084637907834751e-14 
7.4084637907834751e-14 
7.4084637907834751e-14 
7.4084637907834751e-14 
7.4084637907834751e-14 
7.4084637907834751e-14 
7.4084637907834751e-14 
7.4084637907834751e-14 
7.4084637907834751e-14 
7.4084637907834751e-14 
7.4084637907834751e-14 
7.4084637907834751e-14 
7.4084637907834751e-14 
7.4084637907834751e-14 
7.4084637907834751e-14 
7.4084637907834751e-14 
7.4084637907834751e-14 
7.4084637907834751e-14 
7.4084637907834751e-14 
7.4084637907834751e-14 
7.4084637907834751e-14 
7.4084637907834751e-14 
7.4084637907834751e-14 
7.4084637907834751e-14 
7.4084637907834751e-14 
7.4084637907834751e-14 
7.4084637907834751e-14 
7.4084637907834751e-14 
7.4084637907834751e-14 
7.4084637907834751e-14 
7.4084637907834751e-14 
7.4084637907834751e-14 
7.4084637907834751e-14 
7.4084637907834751e-14 
7.4084637907834751e-14 
7.4084637907834751e-14 
7.4084637907834751e-14 
7.4084637907834751e-14 
7.4084637907834751e-14 
7.4084637907834751e-14 
7.4084637907834751e-14 
7.4084637907834751e-14 
7.4084637907834751e-14 
7.4084637907834751e-14 
7.4084637907834751e-14 
7.4084637907834751e-14 
7.4084637907834751e-14 
7.4084637907834751e-14 
7.4084637907834751e-14 
7.4084637907834751e-14 
7.4084637907834751e-14 
7.4084637907834751e-14 
7.4084637907834751e-14 
7.4084637907834751e-14 
7.4084637907834751e-14 
7.4084637907834751e-14 
7.4084637907834751e-14 
7.4084637907834751e-14 
7.4084637907834751e-14 
7.4084637907834751e-14 
7.4084637907834751e-14 
7.4084637907834751e-14 
7.4084637907834751e-14 
7.4084637907834751e-14 
7.4084637907834751e-14 
7.4084637907834751e-14 
7.4084637907834751e-14 
7.4084637907834751e-14 
7.4084637907834751e-14 
7.4084637907834751e-14 
7.4084637907834751e-14 
7.4084637907834751e-14 
7.4084637907834751e-14 
7.4084637907834751e-14 
7.4084637907834751e-14 
7.4084637907834751e-14 
7.4084637907834751e-14 
7.4084637907834751e-14 
7.4084637907834751e-14 
7.4084637907834751e-14 
7.4084637907834751e-14 
7.4084637907834751e-14 
7.4084637907834751e-14 
7.4084637907834751e-14 
7.4084637907834751e-14 
7.4084637907834751e-14 
7.4084637907834751e-14 
7.4084637907834751e-14 
7.4084637907834751e-14 
7.4084637907834751e-14 
7.4084637907834751e-14 
7.4084637907834751e-14 
7.4084637907834751e-14 
7.4084637907834751e-14 
7.4084637907834751e-14 
7.4084637907834751e-14 
7.4084637907834751e-14 
7.4084637907834751e-14 
7.4084637907834751e-14 
7.4084637907834751e-14 
7.4084637907834751e-14 
7.4084637907834751e-14 
7.4084637907834751e-14 
7.4084637907834751e-14 
7.4084637907834751e-14 
7.4084637907834751e-14 
7.4084637907834751e-14 
7.4084637907834751e-14 
7.4084637907834751e-14 
7.4084637907834751e-14 
7.4084637907834751e-14 
7.4084637907834751e-14 
7.4084637907834751e-14 
7.4084637907834751e-14 
7.4084637907834751e-14 
7.4084637907834751e-14 
7.4084637907834751e-14 
7.4084637907834751e-14 
7.4084637907834751e-14 
7.4084637907834751e-14 
7.4084637907834751e-14 
7.4084637907834751e-14 
7.4084637907834751e-14 
7.4084637907834751e-14 
7.4084637907834751e-14 
7.4084637907834751e-14 
7.4084637907834751e-14 
7.4084637907834751e-14 
7.4084637907834751e-14 
7.4084637907834751e-14 
7.4084637907834751e-14 
7.4084637907834751e-14 
7.4084637907834751e-14 
7.4084637907834751e-14 
7.4084637907834751e-14 
7.4084637907834751e-14 
7.4084637907834751e-14 
7.4084637907834751e-14 
7.4084637907834751e-14 
7.4084637907834751e-14 
7.4084637907834751e-14 
7.4084637907834751e-14 
7.4084637907834751e-14 
7.4084637907834751e-14 
7.4084637907834751e-14 
7.4084637907834751e-14 
7.4084637907834751e-14 
7.4084637907834751e-14 
7.4084637907834751e-14 
7.4084637907834751e-14 
7.4084637907834751e-14 
7.4084637907834751e-14 
