0.22119748508154913 
0.22119748508154913 
0.11462305222360558 
0.10502023168693864 
0.050129769108582689 
0.049740893811769049 
0.021093961291039021 
0.017481187291325306 
0.011741037256576048 
0.0056883326069413487 
0.0051154720183511637 
0.0021166432025578885 
0.0020956775099622016 
0.00087018716121489703 
0.00086135495263228723 
0.00038190271925808705 
0.00027186496162223683 
0.00019961526669309837 
0.00010449290383651721 
8.710819448887186e-05 
4.1547696782329169e-05 
3.0748676904002181e-05 
1.9138460113254929e-05 
1.2005121974523192e-05 
7.9059047052298936e-06 
4.9775986813438422e-06 
3.321676989798128e-06 
1.9330252146732008e-06 
1.4278039197623826e-06 
6.6860139857904954e-07 
6.3852006448872345e-07 
2.4040998736207797e-07 
2.3497286461005018e-07 
1.229023909310456e-07 
9.5634005936595656e-08 
4.6252628838061582e-08 
4.1022828578540782e-08 
1.5841191358667572e-08 
1.4908700274318676e-08 
8.5306842700916263e-09 
5.6082150035052791e-09 
3.7934325680666348e-09 
2.3092608936181591e-09 
1.5416857790384597e-09 
6.2480043361290427e-10 
4.7617609855166165e-10 
3.5517844221288897e-10 
2.5530111358307295e-10 
1.3078427230084344e-10 
3.7149949783099601e-11 
2.0193513527999585e-11 
2.0193513527999585e-11 
8.6946005950494509e-12 
8.6946005950494509e-12 
8.6946005950494509e-12 
8.6946005950494509e-12 
8.6946005950494509e-12 
8.6946005950494509e-12 
8.6946005950494509e-12 
8.6946005950494509e-12 
8.6946005950494509e-12 
8.6946005950494509e-12 
8.6946005950494509e-12 
8.6946005950494509e-12 
8.6946005950494509e-12 
8.6946005950494509e-12 
8.6946005950494509e-12 
8.6946005950494509e-12 
8.6946005950494509e-12 
8.6946005950494509e-12 
8.6946005950494509e-12 
8.6946005950494509e-12 
8.6946005950494509e-12 
8.6946005950494509e-12 
8.6946005950494509e-12 
8.6946005950494509e-12 
8.6946005950494509e-12 
8.6946005950494509e-12 
8.6946005950494509e-12 
8.6946005950494509e-12 
8.6946005950494509e-12 
8.6946005950494509e-12 
8.6946005950494509e-12 
8.6946005950494509e-12 
8.6946005950494509e-12 
8.6946005950494509e-12 
8.6946005950494509e-12 
8.6946005950494509e-12 
8.6946005950494509e-12 
8.6946005950494509e-12 
8.6946005950494509e-12 
8.6946005950494509e-12 
8.6946005950494509e-12 
8.6946005950494509e-12 
8.6946005950494509e-12 
8.6946005950494509e-12 
8.6946005950494509e-12 
8.6946005950494509e-12 
8.6946005950494509e-12 
8.6946005950494509e-12 
8.6946005950494509e-12 
8.6946005950494509e-12 
8.6946005950494509e-12 
8.6946005950494509e-12 
8.6946005950494509e-12 
8.6946005950494509e-12 
8.6946005950494509e-12 
8.6946005950494509e-12 
8.6946005950494509e-12 
8.6946005950494509e-12 
8.6946005950494509e-12 
8.6946005950494509e-12 
8.6946005950494509e-12 
8.6946005950494509e-12 
8.6946005950494509e-12 
8.6946005950494509e-12 
8.6946005950494509e-12 
8.6946005950494509e-12 
8.6946005950494509e-12 
8.6946005950494509e-12 
8.6946005950494509e-12 
8.6946005950494509e-12 
8.6946005950494509e-12 
8.6946005950494509e-12 
8.6946005950494509e-12 
8.6946005950494509e-12 
8.6946005950494509e-12 
8.6946005950494509e-12 
8.6946005950494509e-12 
8.6946005950494509e-12 
8.6946005950494509e-12 
8.6946005950494509e-12 
8.6946005950494509e-12 
8.6946005950494509e-12 
8.6946005950494509e-12 
8.6946005950494509e-12 
8.6946005950494509e-12 
8.6946005950494509e-12 
8.6946005950494509e-12 
8.6946005950494509e-12 
8.6946005950494509e-12 
8.6946005950494509e-12 
8.6946005950494509e-12 
8.6946005950494509e-12 
8.6946005950494509e-12 
8.6946005950494509e-12 
8.6946005950494509e-12 
8.6946005950494509e-12 
8.6946005950494509e-12 
8.6946005950494509e-12 
8.6946005950494509e-12 
8.6946005950494509e-12 
8.6946005950494509e-12 
8.6946005950494509e-12 
8.6946005950494509e-12 
8.6946005950494509e-12 
8.6946005950494509e-12 
8.6946005950494509e-12 
8.6946005950494509e-12 
8.6946005950494509e-12 
8.6946005950494509e-12 
8.6946005950494509e-12 
8.6946005950494509e-12 
8.6946005950494509e-12 
8.6946005950494509e-12 
8.6946005950494509e-12 
8.6946005950494509e-12 
8.6946005950494509e-12 
8.6946005950494509e-12 
8.6946005950494509e-12 
8.6946005950494509e-12 
8.6946005950494509e-12 
8.6946005950494509e-12 
8.6946005950494509e-12 
8.6946005950494509e-12 
8.6946005950494509e-12 
8.6946005950494509e-12 
8.6946005950494509e-12 
8.6946005950494509e-12 
8.6946005950494509e-12 
8.6946005950494509e-12 
8.6946005950494509e-12 
8.6946005950494509e-12 
8.6946005950494509e-12 
8.6946005950494509e-12 
8.6946005950494509e-12 
8.6946005950494509e-12 
8.6946005950494509e-12 
8.6946005950494509e-12 
8.6946005950494509e-12 
8.6946005950494509e-12 
8.6946005950494509e-12 
8.6946005950494509e-12 
8.6946005950494509e-12 
8.6946005950494509e-12 
8.6946005950494509e-12 
8.6946005950494509e-12 
8.6946005950494509e-12 
8.6946005950494509e-12 
8.6946005950494509e-12 
8.6946005950494509e-12 
8.6946005950494509e-12 
8.6946005950494509e-12 
8.6946005950494509e-12 
8.6946005950494509e-12 
8.6946005950494509e-12 
8.6946005950494509e-12 
8.6946005950494509e-12 
8.6946005950494509e-12 
8.6946005950494509e-12 
8.6946005950494509e-12 
8.6946005950494509e-12 
8.6946005950494509e-12 
8.6946005950494509e-12 
8.6946005950494509e-12 
8.6946005950494509e-12 
8.6946005950494509e-12 
8.6946005950494509e-12 
8.6946005950494509e-12 
8.6946005950494509e-12 
8.6946005950494509e-12 
8.6946005950494509e-12 
8.6946005950494509e-12 
8.6946005950494509e-12 
8.6946005950494509e-12 
8.6946005950494509e-12 
8.6946005950494509e-12 
8.6946005950494509e-12 
8.6946005950494509e-12 
8.6946005950494509e-12 
8.6946005950494509e-12 
8.6946005950494509e-12 
8.6946005950494509e-12 
8.6946005950494509e-12 
8.6946005950494509e-12 
8.6946005950494509e-12 
8.6946005950494509e-12 
8.6946005950494509e-12 
8.6946005950494509e-12 
8.6946005950494509e-12 
8.6946005950494509e-12 
8.6946005950494509e-12 
8.6946005950494509e-12 
8.6946005950494509e-12 
8.6946005950494509e-12 
8.6946005950494509e-12 
8.6946005950494509e-12 
8.6946005950494509e-12 
8.6946005950494509e-12 
8.6946005950494509e-12 
8.6946005950494509e-12 
8.6946005950494509e-12 
8.6946005950494509e-12 
8.6946005950494509e-12 
8.6946005950494509e-12 
8.6946005950494509e-12 
8.6946005950494509e-12 
8.6946005950494509e-12 
8.6946005950494509e-12 
8.6946005950494509e-12 
8.6946005950494509e-12 
8.6946005950494509e-12 
8.6946005950494509e-12 
8.6946005950494509e-12 
8.6946005950494509e-12 
8.6946005950494509e-12 
8.6946005950494509e-12 
8.6946005950494509e-12 
8.6946005950494509e-12 
8.6946005950494509e-12 
8.6946005950494509e-12 
8.6946005950494509e-12 
8.6946005950494509e-12 
8.6946005950494509e-12 
8.6946005950494509e-12 
8.6946005950494509e-12 
8.6946005950494509e-12 
8.6946005950494509e-12 
8.6946005950494509e-12 
8.6946005950494509e-12 
8.6946005950494509e-12 
8.6946005950494509e-12 
8.6946005950494509e-12 
8.6946005950494509e-12 
8.6946005950494509e-12 
8.6946005950494509e-12 
8.6946005950494509e-12 
8.6946005950494509e-12 
8.6946005950494509e-12 
8.6946005950494509e-12 
8.6946005950494509e-12 
8.6946005950494509e-12 
8.6946005950494509e-12 
8.6946005950494509e-12 
8.6946005950494509e-12 
8.6946005950494509e-12 
8.6946005950494509e-12 
8.6946005950494509e-12 
8.6946005950494509e-12 
8.6946005950494509e-12 
8.6946005950494509e-12 
8.6946005950494509e-12 
8.6946005950494509e-12 
8.6946005950494509e-12 
8.6946005950494509e-12 
8.6946005950494509e-12 
8.6946005950494509e-12 
8.6946005950494509e-12 
8.6946005950494509e-12 
8.6946005950494509e-12 
8.6946005950494509e-12 
8.6946005950494509e-12 
8.6946005950494509e-12 
8.6946005950494509e-12 
8.6946005950494509e-12 
8.6946005950494509e-12 
8.6946005950494509e-12 
8.6946005950494509e-12 
8.6946005950494509e-12 
8.6946005950494509e-12 
8.6946005950494509e-12 
8.6946005950494509e-12 
8.6946005950494509e-12 
8.6946005950494509e-12 
8.6946005950494509e-12 
8.6946005950494509e-12 
8.6946005950494509e-12 
8.6946005950494509e-12 
8.6946005950494509e-12 
8.6946005950494509e-12 
8.6946005950494509e-12 
8.6946005950494509e-12 
8.6946005950494509e-12 
8.6946005950494509e-12 
8.6946005950494509e-12 
8.6946005950494509e-12 
8.6946005950494509e-12 
8.6946005950494509e-12 
8.6946005950494509e-12 
8.6946005950494509e-12 
8.6946005950494509e-12 
8.6946005950494509e-12 
8.6946005950494509e-12 
8.6946005950494509e-12 
8.6946005950494509e-12 
8.6946005950494509e-12 
8.6946005950494509e-12 
8.6946005950494509e-12 
8.6946005950494509e-12 
8.6946005950494509e-12 
8.6946005950494509e-12 
8.6946005950494509e-12 
8.6946005950494509e-12 
8.6946005950494509e-12 
8.6946005950494509e-12 
8.6946005950494509e-12 
8.6946005950494509e-12 
8.6946005950494509e-12 
8.6946005950494509e-12 
8.6946005950494509e-12 
8.6946005950494509e-12 
8.6946005950494509e-12 
8.6946005950494509e-12 
8.6946005950494509e-12 
8.6946005950494509e-12 
8.6946005950494509e-12 
8.6946005950494509e-12 
8.6946005950494509e-12 
8.6946005950494509e-12 
8.6946005950494509e-12 
8.6946005950494509e-12 
8.6946005950494509e-12 
8.6946005950494509e-12 
8.6946005950494509e-12 
8.6946005950494509e-12 
8.6946005950494509e-12 
8.6946005950494509e-12 
8.6946005950494509e-12 
8.6946005950494509e-12 
8.6946005950494509e-12 
8.6946005950494509e-12 
8.6946005950494509e-12 
8.6946005950494509e-12 
8.6946005950494509e-12 
8.6946005950494509e-12 
8.6946005950494509e-12 
8.6946005950494509e-12 
8.6946005950494509e-12 
8.6946005950494509e-12 
8.6946005950494509e-12 
8.6946005950494509e-12 
8.6946005950494509e-12 
8.6946005950494509e-12 
8.6946005950494509e-12 
8.6946005950494509e-12 
8.6946005950494509e-12 
8.6946005950494509e-12 
8.6946005950494509e-12 
8.6946005950494509e-12 
8.6946005950494509e-12 
8.6946005950494509e-12 
8.6946005950494509e-12 
8.6946005950494509e-12 
8.6946005950494509e-12 
8.6946005950494509e-12 
8.6946005950494509e-12 
8.6946005950494509e-12 
8.6946005950494509e-12 
8.6946005950494509e-12 
8.6946005950494509e-12 
8.6946005950494509e-12 
8.6946005950494509e-12 
8.6946005950494509e-12 
8.6946005950494509e-12 
8.6946005950494509e-12 
8.6946005950494509e-12 
8.6946005950494509e-12 
8.6946005950494509e-12 
8.6946005950494509e-12 
8.6946005950494509e-12 
8.6946005950494509e-12 
8.6946005950494509e-12 
8.6946005950494509e-12 
8.6946005950494509e-12 
8.6946005950494509e-12 
8.6946005950494509e-12 
8.6946005950494509e-12 
8.6946005950494509e-12 
8.6946005950494509e-12 
8.6946005950494509e-12 
8.6946005950494509e-12 
8.6946005950494509e-12 
8.6946005950494509e-12 
8.6946005950494509e-12 
8.6946005950494509e-12 
8.6946005950494509e-12 
8.6946005950494509e-12 
8.6946005950494509e-12 
8.6946005950494509e-12 
8.6946005950494509e-12 
8.6946005950494509e-12 
8.6946005950494509e-12 
8.6946005950494509e-12 
8.6946005950494509e-12 
8.6946005950494509e-12 
8.6946005950494509e-12 
8.6946005950494509e-12 
8.6946005950494509e-12 
8.6946005950494509e-12 
8.6946005950494509e-12 
8.6946005950494509e-12 
8.6946005950494509e-12 
8.6946005950494509e-12 
8.6946005950494509e-12 
8.6946005950494509e-12 
8.6946005950494509e-12 
8.6946005950494509e-12 
8.6946005950494509e-12 
8.6946005950494509e-12 
8.6946005950494509e-12 
8.6946005950494509e-12 
8.6946005950494509e-12 
8.6946005950494509e-12 
8.6946005950494509e-12 
8.6946005950494509e-12 
8.6946005950494509e-12 
8.6946005950494509e-12 
8.6946005950494509e-12 
8.6946005950494509e-12 
8.6946005950494509e-12 
8.6946005950494509e-12 
8.6946005950494509e-12 
8.6946005950494509e-12 
8.6946005950494509e-12 
8.6946005950494509e-12 
8.6946005950494509e-12 
8.6946005950494509e-12 
8.6946005950494509e-12 
8.6946005950494509e-12 
8.6946005950494509e-12 
8.6946005950494509e-12 
8.6946005950494509e-12 
8.6946005950494509e-12 
8.6946005950494509e-12 
8.6946005950494509e-12 
8.6946005950494509e-12 
8.6946005950494509e-12 
8.6946005950494509e-12 
8.6946005950494509e-12 
8.6946005950494509e-12 
8.6946005950494509e-12 
8.6946005950494509e-12 
8.6946005950494509e-12 
8.6946005950494509e-12 
8.6946005950494509e-12 
8.6946005950494509e-12 
8.6946005950494509e-12 
8.6946005950494509e-12 
8.6946005950494509e-12 
8.6946005950494509e-12 
8.6946005950494509e-12 
8.6946005950494509e-12 
8.6946005950494509e-12 
8.6946005950494509e-12 
8.6946005950494509e-12 
8.6946005950494509e-12 
8.6946005950494509e-12 
8.6946005950494509e-12 
8.6946005950494509e-12 
8.6946005950494509e-12 
8.6946005950494509e-12 
8.6946005950494509e-12 
8.6946005950494509e-12 
8.6946005950494509e-12 
8.6946005950494509e-12 
8.6946005950494509e-12 
8.6946005950494509e-12 
8.6946005950494509e-12 
8.6946005950494509e-12 
8.6946005950494509e-12 
8.6946005950494509e-12 
8.6946005950494509e-12 
8.6946005950494509e-12 
8.6946005950494509e-12 
8.6946005950494509e-12 
8.6946005950494509e-12 
8.6946005950494509e-12 
8.6946005950494509e-12 
8.6946005950494509e-12 
8.6946005950494509e-12 
8.6946005950494509e-12 
8.6946005950494509e-12 
8.6946005950494509e-12 
8.6946005950494509e-12 
8.6946005950494509e-12 
8.6946005950494509e-12 
8.6946005950494509e-12 
8.6946005950494509e-12 
8.6946005950494509e-12 
8.6946005950494509e-12 
8.6946005950494509e-12 
8.6946005950494509e-12 
8.6946005950494509e-12 
8.6946005950494509e-12 
8.6946005950494509e-12 
8.6946005950494509e-12 
8.6946005950494509e-12 
8.6946005950494509e-12 
8.6946005950494509e-12 
8.6946005950494509e-12 
8.6946005950494509e-12 
8.6946005950494509e-12 
8.6946005950494509e-12 
8.6946005950494509e-12 
8.6946005950494509e-12 
8.6946005950494509e-12 
8.6946005950494509e-12 
8.6946005950494509e-12 
8.6946005950494509e-12 
8.6946005950494509e-12 
8.6946005950494509e-12 
8.6946005950494509e-12 
8.6946005950494509e-12 
8.6946005950494509e-12 
8.6946005950494509e-12 
8.6946005950494509e-12 
8.6946005950494509e-12 
8.6946005950494509e-12 
8.6946005950494509e-12 
8.6946005950494509e-12 
8.6946005950494509e-12 
8.6946005950494509e-12 
8.6946005950494509e-12 
8.6946005950494509e-12 
8.6946005950494509e-12 
8.6946005950494509e-12 
8.6946005950494509e-12 
8.6946005950494509e-12 
8.6946005950494509e-12 
8.6946005950494509e-12 
8.6946005950494509e-12 
8.6946005950494509e-12 
8.6946005950494509e-12 
8.6946005950494509e-12 
8.6946005950494509e-12 
8.6946005950494509e-12 
8.6946005950494509e-12 
8.6946005950494509e-12 
8.6946005950494509e-12 
8.6946005950494509e-12 
8.6946005950494509e-12 
8.6946005950494509e-12 
8.6946005950494509e-12 
8.6946005950494509e-12 
8.6946005950494509e-12 
8.6946005950494509e-12 
8.6946005950494509e-12 
8.6946005950494509e-12 
8.6946005950494509e-12 
8.6946005950494509e-12 
8.6946005950494509e-12 
8.6946005950494509e-12 
8.6946005950494509e-12 
8.6946005950494509e-12 
8.6946005950494509e-12 
8.6946005950494509e-12 
8.6946005950494509e-12 
8.6946005950494509e-12 
8.6946005950494509e-12 
8.6946005950494509e-12 
8.6946005950494509e-12 
8.6946005950494509e-12 
8.6946005950494509e-12 
8.6946005950494509e-12 
8.6946005950494509e-12 
8.6946005950494509e-12 
8.6946005950494509e-12 
8.6946005950494509e-12 
8.6946005950494509e-12 
8.6946005950494509e-12 
8.6946005950494509e-12 
8.6946005950494509e-12 
8.6946005950494509e-12 
8.6946005950494509e-12 
8.6946005950494509e-12 
8.6946005950494509e-12 
8.6946005950494509e-12 
8.6946005950494509e-12 
8.6946005950494509e-12 
8.6946005950494509e-12 
8.6946005950494509e-12 
8.6946005950494509e-12 
8.6946005950494509e-12 
8.6946005950494509e-12 
8.6946005950494509e-12 
8.6946005950494509e-12 
8.6946005950494509e-12 
8.6946005950494509e-12 
8.6946005950494509e-12 
8.6946005950494509e-12 
8.6946005950494509e-12 
8.6946005950494509e-12 
8.6946005950494509e-12 
8.6946005950494509e-12 
8.6946005950494509e-12 
8.6946005950494509e-12 
8.6946005950494509e-12 
8.6946005950494509e-12 
8.6946005950494509e-12 
8.6946005950494509e-12 
8.6946005950494509e-12 
8.6946005950494509e-12 
8.6946005950494509e-12 
8.6946005950494509e-12 
8.6946005950494509e-12 
8.6946005950494509e-12 
8.6946005950494509e-12 
8.6946005950494509e-12 
8.6946005950494509e-12 
8.6946005950494509e-12 
8.6946005950494509e-12 
8.6946005950494509e-12 
8.6946005950494509e-12 
8.6946005950494509e-12 
8.6946005950494509e-12 
8.6946005950494509e-12 
8.6946005950494509e-12 
8.6946005950494509e-12 
8.6946005950494509e-12 
8.6946005950494509e-12 
8.6946005950494509e-12 
8.6946005950494509e-12 
8.6946005950494509e-12 
8.6946005950494509e-12 
8.6946005950494509e-12 
8.6946005950494509e-12 
8.6946005950494509e-12 
8.6946005950494509e-12 
8.6946005950494509e-12 
8.6946005950494509e-12 
8.6946005950494509e-12 
8.6946005950494509e-12 
8.6946005950494509e-12 
8.6946005950494509e-12 
8.6946005950494509e-12 
8.6946005950494509e-12 
8.6946005950494509e-12 
8.6946005950494509e-12 
8.6946005950494509e-12 
8.6946005950494509e-12 
8.6946005950494509e-12 
8.6946005950494509e-12 
8.6946005950494509e-12 
8.6946005950494509e-12 
8.6946005950494509e-12 
8.6946005950494509e-12 
8.6946005950494509e-12 
8.6946005950494509e-12 
8.6946005950494509e-12 
8.6946005950494509e-12 
8.6946005950494509e-12 
8.6946005950494509e-12 
8.6946005950494509e-12 
8.6946005950494509e-12 
8.6946005950494509e-12 
8.6946005950494509e-12 
8.6946005950494509e-12 
8.6946005950494509e-12 
8.6946005950494509e-12 
8.6946005950494509e-12 
8.6946005950494509e-12 
8.6946005950494509e-12 
8.6946005950494509e-12 
8.6946005950494509e-12 
8.6946005950494509e-12 
8.6946005950494509e-12 
8.6946005950494509e-12 
8.6946005950494509e-12 
8.6946005950494509e-12 
8.6946005950494509e-12 
8.6946005950494509e-12 
8.6946005950494509e-12 
8.6946005950494509e-12 
8.6946005950494509e-12 
8.6946005950494509e-12 
8.6946005950494509e-12 
8.6946005950494509e-12 
8.6946005950494509e-12 
8.6946005950494509e-12 
8.6946005950494509e-12 
8.6946005950494509e-12 
8.6946005950494509e-12 
8.6946005950494509e-12 
8.6946005950494509e-12 
8.6946005950494509e-12 
8.6946005950494509e-12 
8.6946005950494509e-12 
8.6946005950494509e-12 
8.6946005950494509e-12 
8.6946005950494509e-12 
8.6946005950494509e-12 
8.6946005950494509e-12 
8.6946005950494509e-12 
8.6946005950494509e-12 
8.6946005950494509e-12 
8.6946005950494509e-12 
8.6946005950494509e-12 
8.6946005950494509e-12 
8.6946005950494509e-12 
8.6946005950494509e-12 
8.6946005950494509e-12 
8.6946005950494509e-12 
8.6946005950494509e-12 
8.6946005950494509e-12 
8.6946005950494509e-12 
8.6946005950494509e-12 
8.6946005950494509e-12 
8.6946005950494509e-12 
8.6946005950494509e-12 
8.6946005950494509e-12 
8.6946005950494509e-12 
8.6946005950494509e-12 
8.6946005950494509e-12 
8.6946005950494509e-12 
8.6946005950494509e-12 
8.6946005950494509e-12 
8.6946005950494509e-12 
8.6946005950494509e-12 
8.6946005950494509e-12 
8.6946005950494509e-12 
8.6946005950494509e-12 
8.6946005950494509e-12 
8.6946005950494509e-12 
8.6946005950494509e-12 
8.6946005950494509e-12 
8.6946005950494509e-12 
8.6946005950494509e-12 
8.6946005950494509e-12 
8.6946005950494509e-12 
8.6946005950494509e-12 
8.6946005950494509e-12 
8.6946005950494509e-12 
8.6946005950494509e-12 
8.6946005950494509e-12 
8.6946005950494509e-12 
8.6946005950494509e-12 
8.6946005950494509e-12 
8.6946005950494509e-12 
8.6946005950494509e-12 
8.6946005950494509e-12 
8.6946005950494509e-12 
8.6946005950494509e-12 
8.6946005950494509e-12 
8.6946005950494509e-12 
8.6946005950494509e-12 
8.6946005950494509e-12 
8.6946005950494509e-12 
8.6946005950494509e-12 
8.6946005950494509e-12 
8.6946005950494509e-12 
8.6946005950494509e-12 
8.6946005950494509e-12 
8.6946005950494509e-12 
8.6946005950494509e-12 
8.6946005950494509e-12 
8.6946005950494509e-12 
8.6946005950494509e-12 
8.6946005950494509e-12 
8.6946005950494509e-12 
8.6946005950494509e-12 
8.6946005950494509e-12 
8.6946005950494509e-12 
8.6946005950494509e-12 
8.6946005950494509e-12 
8.6946005950494509e-12 
8.6946005950494509e-12 
8.6946005950494509e-12 
8.6946005950494509e-12 
8.6946005950494509e-12 
8.6946005950494509e-12 
8.6946005950494509e-12 
8.6946005950494509e-12 
8.6946005950494509e-12 
8.6946005950494509e-12 
8.6946005950494509e-12 
8.6946005950494509e-12 
8.6946005950494509e-12 
8.6946005950494509e-12 
8.6946005950494509e-12 
8.6946005950494509e-12 
8.6946005950494509e-12 
8.6946005950494509e-12 
8.6946005950494509e-12 
8.6946005950494509e-12 
8.6946005950494509e-12 
8.6946005950494509e-12 
8.6946005950494509e-12 
8.6946005950494509e-12 
8.6946005950494509e-12 
8.6946005950494509e-12 
8.6946005950494509e-12 
8.6946005950494509e-12 
8.6946005950494509e-12 
8.6946005950494509e-12 
8.6946005950494509e-12 
8.6946005950494509e-12 
8.6946005950494509e-12 
8.6946005950494509e-12 
8.6946005950494509e-12 
8.6946005950494509e-12 
8.6946005950494509e-12 
8.6946005950494509e-12 
8.6946005950494509e-12 
8.6946005950494509e-12 
8.6946005950494509e-12 
8.6946005950494509e-12 
8.6946005950494509e-12 
8.6946005950494509e-12 
8.6946005950494509e-12 
8.6946005950494509e-12 
8.6946005950494509e-12 
8.6946005950494509e-12 
8.6946005950494509e-12 
8.6946005950494509e-12 
8.6946005950494509e-12 
8.6946005950494509e-12 
8.6946005950494509e-12 
8.6946005950494509e-12 
8.6946005950494509e-12 
8.6946005950494509e-12 
8.6946005950494509e-12 
8.6946005950494509e-12 
8.6946005950494509e-12 
8.6946005950494509e-12 
8.6946005950494509e-12 
8.6946005950494509e-12 
8.6946005950494509e-12 
8.6946005950494509e-12 
8.6946005950494509e-12 
8.6946005950494509e-12 
8.6946005950494509e-12 
8.6946005950494509e-12 
8.6946005950494509e-12 
8.6946005950494509e-12 
8.6946005950494509e-12 
8.6946005950494509e-12 
8.6946005950494509e-12 
8.6946005950494509e-12 
8.6946005950494509e-12 
8.6946005950494509e-12 
8.6946005950494509e-12 
8.6946005950494509e-12 
8.6946005950494509e-12 
8.6946005950494509e-12 
8.6946005950494509e-12 
8.6946005950494509e-12 
8.6946005950494509e-12 
8.6946005950494509e-12 
8.6946005950494509e-12 
8.6946005950494509e-12 
8.6946005950494509e-12 
8.6946005950494509e-12 
8.6946005950494509e-12 
8.6946005950494509e-12 
8.6946005950494509e-12 
8.6946005950494509e-12 
8.6946005950494509e-12 
8.6946005950494509e-12 
8.6946005950494509e-12 
8.6946005950494509e-12 
8.6946005950494509e-12 
8.6946005950494509e-12 
8.6946005950494509e-12 
8.6946005950494509e-12 
8.6946005950494509e-12 
8.6946005950494509e-12 
8.6946005950494509e-12 
8.6946005950494509e-12 
8.6946005950494509e-12 
8.6946005950494509e-12 
8.6946005950494509e-12 
8.6946005950494509e-12 
8.6946005950494509e-12 
8.6946005950494509e-12 
8.6946005950494509e-12 
8.6946005950494509e-12 
8.6946005950494509e-12 
8.6946005950494509e-12 
8.6946005950494509e-12 
8.6946005950494509e-12 
8.6946005950494509e-12 
8.6946005950494509e-12 
8.6946005950494509e-12 
8.6946005950494509e-12 
8.6946005950494509e-12 
8.6946005950494509e-12 
8.6946005950494509e-12 
8.6946005950494509e-12 
8.6946005950494509e-12 
8.6946005950494509e-12 
8.6946005950494509e-12 
8.6946005950494509e-12 
8.6946005950494509e-12 
8.6946005950494509e-12 
8.6946005950494509e-12 
8.6946005950494509e-12 
8.6946005950494509e-12 
8.6946005950494509e-12 
8.6946005950494509e-12 
8.6946005950494509e-12 
8.6946005950494509e-12 
8.6946005950494509e-12 
8.6946005950494509e-12 
8.6946005950494509e-12 
8.6946005950494509e-12 
8.6946005950494509e-12 
8.6946005950494509e-12 
8.6946005950494509e-12 
8.6946005950494509e-12 
8.6946005950494509e-12 
8.6946005950494509e-12 
8.6946005950494509e-12 
8.6946005950494509e-12 
8.6946005950494509e-12 
8.6946005950494509e-12 
8.6946005950494509e-12 
8.6946005950494509e-12 
8.6946005950494509e-12 
8.6946005950494509e-12 
8.6946005950494509e-12 
8.6946005950494509e-12 
8.6946005950494509e-12 
8.6946005950494509e-12 
8.6946005950494509e-12 
8.6946005950494509e-12 
8.6946005950494509e-12 
8.6946005950494509e-12 
8.6946005950494509e-12 
8.6946005950494509e-12 
8.6946005950494509e-12 
8.6946005950494509e-12 
8.6946005950494509e-12 
8.6946005950494509e-12 
8.6946005950494509e-12 
8.6946005950494509e-12 
8.6946005950494509e-12 
8.6946005950494509e-12 
8.6946005950494509e-12 
8.6946005950494509e-12 
8.6946005950494509e-12 
8.6946005950494509e-12 
8.6946005950494509e-12 
8.6946005950494509e-12 
8.6946005950494509e-12 
8.6946005950494509e-12 
8.6946005950494509e-12 
8.6946005950494509e-12 
8.6946005950494509e-12 
8.6946005950494509e-12 
8.6946005950494509e-12 
