0.14501426190626809 
0.073995849807827141 
0.035272500853970601 
0.017158393324019472 
0.0029038382241273197 
0.0029038382241273197 
0.0029038382241273197 
0.0029038382241273197 
0.0029038382241273197 
0.0017511398890635022 
0.0017511398890635022 
0.0017511398890635022 
0.0013184415268460148 
0.0013184415268460148 
0.00027790669308858096 
0.00027790669308858096 
0.00027790669308858096 
0.00027790669308858096 
0.00027790669308858096 
0.00027790669308858096 
0.00027790669308858096 
0.00027790669308858096 
0.00027790669308858096 
0.00027790669308858096 
0.00027790669308858096 
0.00027790669308858096 
0.00027790669308858096 
1.3309544301232101e-05 
1.3309544301232101e-05 
1.3309544301232101e-05 
1.3309544301232101e-05 
1.3309544301232101e-05 
1.3309544301232101e-05 
1.3309544301232101e-05 
1.3309544301232101e-05 
1.3309544301232101e-05 
1.3309544301232101e-05 
1.3309544301232101e-05 
1.3309544301232101e-05 
1.3309544301232101e-05 
1.3309544301232101e-05 
1.3309544301232101e-05 
1.3309544301232101e-05 
1.3309544301232101e-05 
1.3309544301232101e-05 
1.3309544301232101e-05 
1.3309544301232101e-05 
1.3309544301232101e-05 
1.3309544301232101e-05 
1.3309544301232101e-05 
1.2830228866222981e-05 
1.2830228866222981e-05 
1.2830228866222981e-05 
1.2830228866222981e-05 
1.2830228866222981e-05 
1.2830228866222981e-05 
1.2830228866222981e-05 
1.2830228866222981e-05 
1.2830228866222981e-05 
1.2830228866222981e-05 
1.2830228866222981e-05 
1.2830228866222981e-05 
1.2830228866222981e-05 
3.284928644653462e-07 
3.284928644653462e-07 
3.284928644653462e-07 
3.284928644653462e-07 
3.284928644653462e-07 
3.284928644653462e-07 
3.284928644653462e-07 
3.284928644653462e-07 
3.284928644653462e-07 
3.284928644653462e-07 
3.284928644653462e-07 
3.284928644653462e-07 
3.284928644653462e-07 
3.284928644653462e-07 
3.284928644653462e-07 
3.284928644653462e-07 
3.284928644653462e-07 
3.284928644653462e-07 
3.284928644653462e-07 
3.284928644653462e-07 
3.284928644653462e-07 
3.284928644653462e-07 
3.284928644653462e-07 
3.284928644653462e-07 
3.284928644653462e-07 
2.9324860117974083e-07 
2.9324860117974083e-07 
2.9324860117974083e-07 
2.9324860117974083e-07 
2.9324860117974083e-07 
2.9324860117974083e-07 
2.9324860117974083e-07 
2.9324860117974083e-07 
2.9324860117974083e-07 
2.9324860117974083e-07 
2.9324860117974083e-07 
2.9324860117974083e-07 
2.9324860117974083e-07 
2.9324860117974083e-07 
2.9324860117974083e-07 
2.9324860117974083e-07 
2.9324860117974083e-07 
2.9324860117974083e-07 
2.9324860117974083e-07 
2.9324860117974083e-07 
2.9324860117974083e-07 
8.0621226694610471e-08 
8.0621226694610471e-08 
8.0621226694610471e-08 
8.0621226694610471e-08 
8.0621226694610471e-08 
8.0621226694610471e-08 
8.0621226694610471e-08 
8.0621226694610471e-08 
8.0621226694610471e-08 
8.0621226694610471e-08 
8.0621226694610471e-08 
8.0621226694610471e-08 
8.0621226694610471e-08 
8.0621226694610471e-08 
8.0621226694610471e-08 
3.21171570449863e-08 
3.21171570449863e-08 
3.21171570449863e-08 
3.21171570449863e-08 
3.21171570449863e-08 
3.21171570449863e-08 
3.21171570449863e-08 
1.7236364890926836e-08 
1.7236364890926836e-08 
1.7236364890926836e-08 
1.7236364890926836e-08 
1.7236364890926836e-08 
1.7236364890926836e-08 
1.7236364890926836e-08 
1.7006650310236182e-08 
1.7006650310236182e-08 
1.7006650310236182e-08 
1.7006650310236182e-08 
1.7006650310236182e-08 
1.7006650310236182e-08 
1.7006650310236182e-08 
1.7006650310236182e-08 
1.7006650310236182e-08 
1.7006650310236182e-08 
1.7006650310236182e-08 
1.7006650310236182e-08 
1.7006650310236182e-08 
1.7006650310236182e-08 
1.7006650310236182e-08 
1.7006650310236182e-08 
1.7006650310236182e-08 
1.7006650310236182e-08 
1.7006650310236182e-08 
1.7006650310236182e-08 
1.7006650310236182e-08 
1.7006650310236182e-08 
1.7006650310236182e-08 
1.7006650310236182e-08 
1.7006650310236182e-08 
1.7006650310236182e-08 
1.7006650310236182e-08 
2.3322901387956563e-09 
2.3322901387956563e-09 
1.7897228143937127e-09 
1.7897228143937127e-09 
1.7897228143937127e-09 
1.7897228143937127e-09 
1.7897228143937127e-09 
1.7604583346653158e-09 
1.7604583346653158e-09 
1.7604583346653158e-09 
1.7604583346653158e-09 
1.7604583346653158e-09 
1.7604583346653158e-09 
1.7604583346653158e-09 
1.7604583346653158e-09 
1.7604583346653158e-09 
1.7604583346653158e-09 
1.7604583346653158e-09 
1.0576969300402084e-09 
1.0576969300402084e-09 
6.8334105041145676e-10 
4.338709391760176e-10 
4.338709391760176e-10 
4.338709391760176e-10 
3.8920300315936629e-10 
1.9759249791917455e-10 
1.9759249791917455e-10 
1.9759249791917455e-10 
1.9759249791917455e-10 
1.2110379365992685e-10 
7.0614292191351069e-11 
7.0614292191351069e-11 
7.0614292191351069e-11 
2.356459471997141e-11 
2.356459471997141e-11 
2.356459471997141e-11 
2.356459471997141e-11 
7.9046769130286521e-12 
7.9046769130286521e-12 
2.9374280785532392e-12 
2.9374280785532392e-12 
2.9374280785532392e-12 
2.9374280785532392e-12 
2.9374280785532392e-12 
1.074362820929764e-12 
1.0599299216096369e-12 
1.0599299216096369e-12 
1.0599299216096369e-12 
1.0599299216096369e-12 
1.0599299216096369e-12 
1.0599299216096369e-12 
1.0599299216096369e-12 
1.0599299216096369e-12 
1.0599299216096369e-12 
1.0599299216096369e-12 
1.0599299216096369e-12 
1.0599299216096369e-12 
1.0599299216096369e-12 
1.0599299216096369e-12 
1.0599299216096369e-12 
1.0599299216096369e-12 
1.0599299216096369e-12 
1.0599299216096369e-12 
1.0599299216096369e-12 
1.0599299216096369e-12 
1.0599299216096369e-12 
1.0599299216096369e-12 
1.0599299216096369e-12 
1.0599299216096369e-12 
1.0599299216096369e-12 
1.0599299216096369e-12 
1.0599299216096369e-12 
1.0599299216096369e-12 
1.0599299216096369e-12 
1.0599299216096369e-12 
2.3447910280083306e-13 
2.3447910280083306e-13 
2.3447910280083306e-13 
2.3447910280083306e-13 
2.3447910280083306e-13 
2.3447910280083306e-13 
2.3447910280083306e-13 
2.3447910280083306e-13 
2.3447910280083306e-13 
2.3447910280083306e-13 
2.3447910280083306e-13 
2.3447910280083306e-13 
2.3447910280083306e-13 
2.3447910280083306e-13 
2.3447910280083306e-13 
2.3447910280083306e-13 
2.3447910280083306e-13 
2.3447910280083306e-13 
2.3447910280083306e-13 
2.3447910280083306e-13 
2.3447910280083306e-13 
2.3447910280083306e-13 
2.3447910280083306e-13 
1.4666046155298318e-13 
1.4666046155298318e-13 
1.4666046155298318e-13 
1.4666046155298318e-13 
1.4666046155298318e-13 
1.4666046155298318e-13 
1.4666046155298318e-13 
1.4666046155298318e-13 
1.4666046155298318e-13 
1.4666046155298318e-13 
1.4666046155298318e-13 
1.4666046155298318e-13 
1.4666046155298318e-13 
1.4666046155298318e-13 
1.4666046155298318e-13 
1.4666046155298318e-13 
1.4666046155298318e-13 
1.4666046155298318e-13 
1.4666046155298318e-13 
1.1590728377086634e-13 
1.1590728377086634e-13 
1.1590728377086634e-13 
3.6970426720017713e-14 
3.6970426720017713e-14 
3.6970426720017713e-14 
3.6970426720017713e-14 
3.6970426720017713e-14 
3.6970426720017713e-14 
3.6970426720017713e-14 
3.6970426720017713e-14 
3.6970426720017713e-14 
3.6970426720017713e-14 
3.6970426720017713e-14 
3.6970426720017713e-14 
3.6970426720017713e-14 
3.6970426720017713e-14 
3.6970426720017713e-14 
3.6970426720017713e-14 
3.6970426720017713e-14 
3.6970426720017713e-14 
3.6970426720017713e-14 
3.6970426720017713e-14 
3.6970426720017713e-14 
3.6970426720017713e-14 
3.6970426720017713e-14 
3.6970426720017713e-14 
3.6970426720017713e-14 
3.6970426720017713e-14 
3.6970426720017713e-14 
3.6970426720017713e-14 
3.6970426720017713e-14 
3.6970426720017713e-14 
3.6970426720017713e-14 
3.6970426720017713e-14 
3.6970426720017713e-14 
3.6970426720017713e-14 
3.6970426720017713e-14 
3.6970426720017713e-14 
3.6970426720017713e-14 
3.6970426720017713e-14 
3.6970426720017713e-14 
3.6970426720017713e-14 
3.6970426720017713e-14 
3.6970426720017713e-14 
3.6970426720017713e-14 
3.6970426720017713e-14 
3.6970426720017713e-14 
3.6970426720017713e-14 
3.6970426720017713e-14 
3.6970426720017713e-14 
3.6970426720017713e-14 
3.6970426720017713e-14 
3.6970426720017713e-14 
3.6970426720017713e-14 
3.6970426720017713e-14 
3.6970426720017713e-14 
3.6970426720017713e-14 
3.6970426720017713e-14 
3.6970426720017713e-14 
3.6970426720017713e-14 
3.6970426720017713e-14 
3.6970426720017713e-14 
3.6970426720017713e-14 
3.6970426720017713e-14 
3.6970426720017713e-14 
3.6970426720017713e-14 
3.6970426720017713e-14 
3.6970426720017713e-14 
3.6970426720017713e-14 
3.6970426720017713e-14 
3.6970426720017713e-14 
3.6970426720017713e-14 
3.6970426720017713e-14 
3.6970426720017713e-14 
3.6970426720017713e-14 
3.6970426720017713e-14 
3.6970426720017713e-14 
3.6970426720017713e-14 
3.6970426720017713e-14 
3.6970426720017713e-14 
3.6970426720017713e-14 
3.6970426720017713e-14 
3.6970426720017713e-14 
3.6970426720017713e-14 
3.6970426720017713e-14 
3.6970426720017713e-14 
3.6970426720017713e-14 
3.6970426720017713e-14 
3.6970426720017713e-14 
3.6970426720017713e-14 
3.6970426720017713e-14 
3.6970426720017713e-14 
3.6970426720017713e-14 
3.6970426720017713e-14 
3.6970426720017713e-14 
3.6970426720017713e-14 
3.6970426720017713e-14 
3.6970426720017713e-14 
3.6970426720017713e-14 
3.6970426720017713e-14 
3.6970426720017713e-14 
3.6970426720017713e-14 
3.6970426720017713e-14 
3.6970426720017713e-14 
3.6970426720017713e-14 
3.6970426720017713e-14 
3.6970426720017713e-14 
3.6970426720017713e-14 
3.6970426720017713e-14 
3.6970426720017713e-14 
3.6970426720017713e-14 
3.6970426720017713e-14 
3.6970426720017713e-14 
3.6970426720017713e-14 
3.6970426720017713e-14 
3.6970426720017713e-14 
3.6970426720017713e-14 
3.6970426720017713e-14 
3.6970426720017713e-14 
3.6970426720017713e-14 
3.6970426720017713e-14 
3.6970426720017713e-14 
3.6970426720017713e-14 
3.6970426720017713e-14 
3.6970426720017713e-14 
3.6970426720017713e-14 
3.6970426720017713e-14 
3.6970426720017713e-14 
3.6970426720017713e-14 
3.6970426720017713e-14 
3.6970426720017713e-14 
3.6970426720017713e-14 
3.6970426720017713e-14 
3.6970426720017713e-14 
3.6970426720017713e-14 
3.6970426720017713e-14 
3.6970426720017713e-14 
3.6970426720017713e-14 
3.6970426720017713e-14 
3.6970426720017713e-14 
3.6970426720017713e-14 
3.6970426720017713e-14 
3.6970426720017713e-14 
3.6970426720017713e-14 
3.6970426720017713e-14 
3.6970426720017713e-14 
3.6970426720017713e-14 
3.6970426720017713e-14 
3.6970426720017713e-14 
3.6970426720017713e-14 
3.6970426720017713e-14 
3.6970426720017713e-14 
3.6970426720017713e-14 
3.6970426720017713e-14 
3.6970426720017713e-14 
3.6970426720017713e-14 
3.6970426720017713e-14 
3.6970426720017713e-14 
3.6970426720017713e-14 
3.6970426720017713e-14 
3.6970426720017713e-14 
3.6970426720017713e-14 
3.6970426720017713e-14 
3.6970426720017713e-14 
3.6970426720017713e-14 
3.6970426720017713e-14 
3.6970426720017713e-14 
3.6970426720017713e-14 
3.6970426720017713e-14 
3.6970426720017713e-14 
3.6970426720017713e-14 
3.6970426720017713e-14 
3.6970426720017713e-14 
3.6970426720017713e-14 
3.6970426720017713e-14 
3.6970426720017713e-14 
3.6970426720017713e-14 
3.6970426720017713e-14 
3.6970426720017713e-14 
3.6970426720017713e-14 
3.6970426720017713e-14 
3.6970426720017713e-14 
3.6970426720017713e-14 
3.6970426720017713e-14 
3.6970426720017713e-14 
3.6970426720017713e-14 
3.6970426720017713e-14 
3.6970426720017713e-14 
3.6970426720017713e-14 
3.6970426720017713e-14 
3.6970426720017713e-14 
3.6970426720017713e-14 
3.6970426720017713e-14 
3.6970426720017713e-14 
3.6970426720017713e-14 
3.6970426720017713e-14 
3.6970426720017713e-14 
3.6970426720017713e-14 
3.6970426720017713e-14 
3.6970426720017713e-14 
3.6970426720017713e-14 
3.6970426720017713e-14 
3.6970426720017713e-14 
3.6970426720017713e-14 
3.6970426720017713e-14 
3.6970426720017713e-14 
3.6970426720017713e-14 
3.6970426720017713e-14 
3.6970426720017713e-14 
3.6970426720017713e-14 
3.6970426720017713e-14 
3.6970426720017713e-14 
3.6970426720017713e-14 
3.6970426720017713e-14 
3.6970426720017713e-14 
3.6970426720017713e-14 
3.6970426720017713e-14 
3.6970426720017713e-14 
3.6970426720017713e-14 
3.6970426720017713e-14 
3.6970426720017713e-14 
3.6970426720017713e-14 
3.6970426720017713e-14 
3.6970426720017713e-14 
3.6970426720017713e-14 
3.6970426720017713e-14 
3.6970426720017713e-14 
3.6970426720017713e-14 
3.6970426720017713e-14 
3.6970426720017713e-14 
3.6970426720017713e-14 
3.6970426720017713e-14 
3.6970426720017713e-14 
3.6970426720017713e-14 
3.6970426720017713e-14 
3.6970426720017713e-14 
3.6970426720017713e-14 
3.6970426720017713e-14 
3.6970426720017713e-14 
3.6970426720017713e-14 
3.6970426720017713e-14 
3.6970426720017713e-14 
3.6970426720017713e-14 
3.6970426720017713e-14 
3.6970426720017713e-14 
3.6970426720017713e-14 
3.6970426720017713e-14 
3.6970426720017713e-14 
3.6970426720017713e-14 
3.6970426720017713e-14 
3.6970426720017713e-14 
3.6970426720017713e-14 
3.6970426720017713e-14 
3.6970426720017713e-14 
3.6970426720017713e-14 
3.6970426720017713e-14 
3.6970426720017713e-14 
3.6970426720017713e-14 
3.6970426720017713e-14 
3.6970426720017713e-14 
3.6970426720017713e-14 
3.6970426720017713e-14 
3.6970426720017713e-14 
3.6970426720017713e-14 
3.6970426720017713e-14 
3.6970426720017713e-14 
3.6970426720017713e-14 
3.6970426720017713e-14 
3.6970426720017713e-14 
3.6970426720017713e-14 
3.6970426720017713e-14 
3.6970426720017713e-14 
3.6970426720017713e-14 
3.6970426720017713e-14 
3.6970426720017713e-14 
3.6970426720017713e-14 
3.6970426720017713e-14 
3.6970426720017713e-14 
3.6970426720017713e-14 
3.6970426720017713e-14 
3.6970426720017713e-14 
3.6970426720017713e-14 
3.6970426720017713e-14 
3.6970426720017713e-14 
3.6970426720017713e-14 
3.6970426720017713e-14 
3.6970426720017713e-14 
3.6970426720017713e-14 
3.6970426720017713e-14 
3.6970426720017713e-14 
3.6970426720017713e-14 
3.6970426720017713e-14 
3.6970426720017713e-14 
3.6970426720017713e-14 
3.6970426720017713e-14 
3.6970426720017713e-14 
3.6970426720017713e-14 
3.6970426720017713e-14 
3.6970426720017713e-14 
3.6970426720017713e-14 
3.6970426720017713e-14 
3.6970426720017713e-14 
3.6970426720017713e-14 
3.6970426720017713e-14 
3.6970426720017713e-14 
3.6970426720017713e-14 
3.6970426720017713e-14 
3.6970426720017713e-14 
3.6970426720017713e-14 
3.6970426720017713e-14 
3.6970426720017713e-14 
3.6970426720017713e-14 
3.6970426720017713e-14 
3.6970426720017713e-14 
3.6970426720017713e-14 
3.6970426720017713e-14 
3.6970426720017713e-14 
3.6970426720017713e-14 
3.6970426720017713e-14 
3.6970426720017713e-14 
3.6970426720017713e-14 
3.6970426720017713e-14 
3.6970426720017713e-14 
3.6970426720017713e-14 
3.6970426720017713e-14 
3.6970426720017713e-14 
3.6970426720017713e-14 
3.6970426720017713e-14 
3.6970426720017713e-14 
3.6970426720017713e-14 
3.6970426720017713e-14 
3.6970426720017713e-14 
3.6970426720017713e-14 
3.6970426720017713e-14 
3.6970426720017713e-14 
3.6970426720017713e-14 
3.6970426720017713e-14 
3.6970426720017713e-14 
3.6970426720017713e-14 
3.6970426720017713e-14 
3.6970426720017713e-14 
3.6970426720017713e-14 
3.6970426720017713e-14 
3.6970426720017713e-14 
3.6970426720017713e-14 
3.6970426720017713e-14 
3.6970426720017713e-14 
3.6970426720017713e-14 
3.6970426720017713e-14 
3.6970426720017713e-14 
3.6970426720017713e-14 
3.6970426720017713e-14 
3.6970426720017713e-14 
3.6970426720017713e-14 
3.6970426720017713e-14 
3.6970426720017713e-14 
3.6970426720017713e-14 
3.6970426720017713e-14 
3.6970426720017713e-14 
3.6970426720017713e-14 
3.6970426720017713e-14 
3.6970426720017713e-14 
3.6970426720017713e-14 
3.6970426720017713e-14 
3.6970426720017713e-14 
3.6970426720017713e-14 
3.6970426720017713e-14 
3.6970426720017713e-14 
3.6970426720017713e-14 
3.6970426720017713e-14 
3.6970426720017713e-14 
3.6970426720017713e-14 
3.6970426720017713e-14 
3.6970426720017713e-14 
3.6970426720017713e-14 
3.6970426720017713e-14 
3.6970426720017713e-14 
3.6970426720017713e-14 
3.6970426720017713e-14 
3.6970426720017713e-14 
3.6970426720017713e-14 
3.6970426720017713e-14 
3.6970426720017713e-14 
3.6970426720017713e-14 
3.6970426720017713e-14 
3.6970426720017713e-14 
3.6970426720017713e-14 
3.6970426720017713e-14 
3.6970426720017713e-14 
3.6970426720017713e-14 
3.6970426720017713e-14 
3.6970426720017713e-14 
3.6970426720017713e-14 
3.6970426720017713e-14 
3.6970426720017713e-14 
3.6970426720017713e-14 
3.6970426720017713e-14 
3.6970426720017713e-14 
3.6970426720017713e-14 
3.6970426720017713e-14 
3.6970426720017713e-14 
3.6970426720017713e-14 
3.6970426720017713e-14 
3.6970426720017713e-14 
3.6970426720017713e-14 
3.6970426720017713e-14 
3.6970426720017713e-14 
3.6970426720017713e-14 
3.6970426720017713e-14 
3.6970426720017713e-14 
3.6970426720017713e-14 
3.6970426720017713e-14 
3.6970426720017713e-14 
3.6970426720017713e-14 
3.6970426720017713e-14 
3.6970426720017713e-14 
3.6970426720017713e-14 
3.6970426720017713e-14 
3.6970426720017713e-14 
3.6970426720017713e-14 
3.6970426720017713e-14 
3.6970426720017713e-14 
3.6970426720017713e-14 
3.6970426720017713e-14 
3.6970426720017713e-14 
3.6970426720017713e-14 
3.6970426720017713e-14 
3.6970426720017713e-14 
3.6970426720017713e-14 
3.6970426720017713e-14 
3.6970426720017713e-14 
3.6970426720017713e-14 
3.6970426720017713e-14 
3.6970426720017713e-14 
3.6970426720017713e-14 
3.6970426720017713e-14 
3.6970426720017713e-14 
3.6970426720017713e-14 
3.6970426720017713e-14 
3.6970426720017713e-14 
3.6970426720017713e-14 
3.6970426720017713e-14 
3.6970426720017713e-14 
3.6970426720017713e-14 
3.6970426720017713e-14 
3.6970426720017713e-14 
3.6970426720017713e-14 
3.6970426720017713e-14 
3.6970426720017713e-14 
3.6970426720017713e-14 
3.6970426720017713e-14 
3.6970426720017713e-14 
3.6970426720017713e-14 
3.6970426720017713e-14 
3.6970426720017713e-14 
3.6970426720017713e-14 
3.6970426720017713e-14 
3.6970426720017713e-14 
3.6970426720017713e-14 
3.6970426720017713e-14 
3.6970426720017713e-14 
3.6970426720017713e-14 
3.6970426720017713e-14 
3.6970426720017713e-14 
3.6970426720017713e-14 
3.6970426720017713e-14 
3.6970426720017713e-14 
3.6970426720017713e-14 
3.6970426720017713e-14 
3.6970426720017713e-14 
3.6970426720017713e-14 
3.6970426720017713e-14 
3.6970426720017713e-14 
3.6970426720017713e-14 
3.6970426720017713e-14 
3.6970426720017713e-14 
3.6970426720017713e-14 
3.6970426720017713e-14 
3.6970426720017713e-14 
3.6970426720017713e-14 
3.6970426720017713e-14 
3.6970426720017713e-14 
3.6970426720017713e-14 
3.6970426720017713e-14 
3.6970426720017713e-14 
3.6970426720017713e-14 
3.6970426720017713e-14 
3.6970426720017713e-14 
3.6970426720017713e-14 
3.6970426720017713e-14 
3.6970426720017713e-14 
3.6970426720017713e-14 
3.6970426720017713e-14 
3.6970426720017713e-14 
3.6970426720017713e-14 
3.6970426720017713e-14 
3.6970426720017713e-14 
3.6970426720017713e-14 
3.6970426720017713e-14 
3.6970426720017713e-14 
3.6970426720017713e-14 
3.6970426720017713e-14 
3.6970426720017713e-14 
3.6970426720017713e-14 
3.6970426720017713e-14 
3.6970426720017713e-14 
3.6970426720017713e-14 
3.6970426720017713e-14 
3.6970426720017713e-14 
3.6970426720017713e-14 
3.6970426720017713e-14 
3.6970426720017713e-14 
3.6970426720017713e-14 
3.6970426720017713e-14 
3.6970426720017713e-14 
3.6970426720017713e-14 
3.6970426720017713e-14 
3.6970426720017713e-14 
3.6970426720017713e-14 
3.6970426720017713e-14 
3.6970426720017713e-14 
3.6970426720017713e-14 
3.6970426720017713e-14 
3.6970426720017713e-14 
3.6970426720017713e-14 
3.6970426720017713e-14 
3.6970426720017713e-14 
3.6970426720017713e-14 
3.6970426720017713e-14 
3.6970426720017713e-14 
3.6970426720017713e-14 
3.6970426720017713e-14 
3.6970426720017713e-14 
3.6970426720017713e-14 
3.6970426720017713e-14 
3.6970426720017713e-14 
3.6970426720017713e-14 
3.6970426720017713e-14 
3.6970426720017713e-14 
3.6970426720017713e-14 
3.6970426720017713e-14 
3.6970426720017713e-14 
3.6970426720017713e-14 
3.6970426720017713e-14 
3.6970426720017713e-14 
3.6970426720017713e-14 
3.6970426720017713e-14 
3.6970426720017713e-14 
3.6970426720017713e-14 
3.6970426720017713e-14 
3.6970426720017713e-14 
3.6970426720017713e-14 
3.6970426720017713e-14 
3.6970426720017713e-14 
3.6970426720017713e-14 
3.6970426720017713e-14 
3.6970426720017713e-14 
3.6970426720017713e-14 
3.6970426720017713e-14 
3.6970426720017713e-14 
3.6970426720017713e-14 
3.6970426720017713e-14 
3.6970426720017713e-14 
3.6970426720017713e-14 
3.6970426720017713e-14 
3.6970426720017713e-14 
3.6970426720017713e-14 
3.6970426720017713e-14 
3.6970426720017713e-14 
3.6970426720017713e-14 
3.6970426720017713e-14 
3.6970426720017713e-14 
3.6970426720017713e-14 
3.6970426720017713e-14 
3.6970426720017713e-14 
3.6970426720017713e-14 
3.6970426720017713e-14 
3.6970426720017713e-14 
3.6970426720017713e-14 
3.6970426720017713e-14 
3.6970426720017713e-14 
3.6970426720017713e-14 
3.6970426720017713e-14 
3.6970426720017713e-14 
3.6970426720017713e-14 
3.6970426720017713e-14 
3.6970426720017713e-14 
3.6970426720017713e-14 
3.6970426720017713e-14 
3.6970426720017713e-14 
3.6970426720017713e-14 
3.6970426720017713e-14 
3.6970426720017713e-14 
3.6970426720017713e-14 
3.6970426720017713e-14 
3.6970426720017713e-14 
3.6970426720017713e-14 
3.6970426720017713e-14 
3.6970426720017713e-14 
3.6970426720017713e-14 
3.6970426720017713e-14 
3.6970426720017713e-14 
3.6970426720017713e-14 
3.6970426720017713e-14 
3.6970426720017713e-14 
3.6970426720017713e-14 
3.6970426720017713e-14 
3.6970426720017713e-14 
3.6970426720017713e-14 
3.6970426720017713e-14 
3.6970426720017713e-14 
3.6970426720017713e-14 
3.6970426720017713e-14 
3.6970426720017713e-14 
3.6970426720017713e-14 
3.6970426720017713e-14 
3.6970426720017713e-14 
3.6970426720017713e-14 
3.6970426720017713e-14 
3.6970426720017713e-14 
3.6970426720017713e-14 
3.6970426720017713e-14 
3.6970426720017713e-14 
3.6970426720017713e-14 
3.6970426720017713e-14 
3.6970426720017713e-14 
3.6970426720017713e-14 
3.6970426720017713e-14 
3.6970426720017713e-14 
3.6970426720017713e-14 
3.6970426720017713e-14 
3.6970426720017713e-14 
3.6970426720017713e-14 
3.6970426720017713e-14 
3.6970426720017713e-14 
3.6970426720017713e-14 
3.6970426720017713e-14 
3.6970426720017713e-14 
3.6970426720017713e-14 
3.6970426720017713e-14 
3.6970426720017713e-14 
3.6970426720017713e-14 
3.6970426720017713e-14 
3.6970426720017713e-14 
3.6970426720017713e-14 
3.6970426720017713e-14 
3.6970426720017713e-14 
3.6970426720017713e-14 
3.6970426720017713e-14 
3.6970426720017713e-14 
3.6970426720017713e-14 
3.6970426720017713e-14 
3.6970426720017713e-14 
3.6970426720017713e-14 
3.6970426720017713e-14 
3.6970426720017713e-14 
3.6970426720017713e-14 
3.6970426720017713e-14 
3.6970426720017713e-14 
3.6970426720017713e-14 
3.6970426720017713e-14 
3.6970426720017713e-14 
3.6970426720017713e-14 
3.6970426720017713e-14 
3.6970426720017713e-14 
3.6970426720017713e-14 
3.6970426720017713e-14 
3.6970426720017713e-14 
3.6970426720017713e-14 
3.6970426720017713e-14 
3.6970426720017713e-14 
3.6970426720017713e-14 
3.6970426720017713e-14 
3.6970426720017713e-14 
3.6970426720017713e-14 
3.6970426720017713e-14 
3.6970426720017713e-14 
3.6970426720017713e-14 
3.6970426720017713e-14 
3.6970426720017713e-14 
3.6970426720017713e-14 
3.6970426720017713e-14 
3.6970426720017713e-14 
3.6970426720017713e-14 
3.6970426720017713e-14 
3.6970426720017713e-14 
3.6970426720017713e-14 
3.6970426720017713e-14 
3.6970426720017713e-14 
3.6970426720017713e-14 
3.6970426720017713e-14 
3.6970426720017713e-14 
3.6970426720017713e-14 
3.6970426720017713e-14 
3.6970426720017713e-14 
3.6970426720017713e-14 
3.6970426720017713e-14 
3.6970426720017713e-14 
3.6970426720017713e-14 
3.6970426720017713e-14 
3.6970426720017713e-14 
3.6970426720017713e-14 
3.6970426720017713e-14 
3.6970426720017713e-14 
3.6970426720017713e-14 
3.6970426720017713e-14 
3.6970426720017713e-14 
3.6970426720017713e-14 
3.6970426720017713e-14 
3.6970426720017713e-14 
3.6970426720017713e-14 
3.6970426720017713e-14 
3.6970426720017713e-14 
3.6970426720017713e-14 
3.6970426720017713e-14 
3.6970426720017713e-14 
3.6970426720017713e-14 
