0.18484555549622511 
0.18484555549622511 
0.18484555549622511 
0.10730503608450098 
0.075014119047035047 
0.075014119047035047 
0.055233480867657544 
0.055233480867657544 
0.055233480867657544 
0.055233480867657544 
0.025560587069569995 
0.025560587069569995 
0.025560587069569995 
0.025560587069569995 
0.020491708308163579 
0.0055744400627345146 
0.0055744400627345146 
0.0055744400627345146 
0.0055744400627345146 
0.00035696777652571615 
0.00035696777652571615 
0.00035696777652571615 
0.00035696777652571615 
0.00035696777652571615 
0.00035696777652571615 
0.00035696777652571615 
0.00024702569583008518 
0.00024702569583008518 
0.00024702569583008518 
0.00024702569583008518 
0.00024702569583008518 
0.00024702569583008518 
0.00024702569583008518 
0.00024702569583008518 
0.00024702569583008518 
0.00024702569583008518 
0.00024702569583008518 
0.00024702569583008518 
0.00024702569583008518 
0.00024702569583008518 
0.00024702569583008518 
0.00024702569583008518 
0.00024702569583008518 
2.5034291395182009e-05 
2.5034291395182009e-05 
2.5034291395182009e-05 
2.5034291395182009e-05 
2.5034291395182009e-05 
2.5034291395182009e-05 
2.5034291395182009e-05 
2.5034291395182009e-05 
2.5034291395182009e-05 
2.5034291395182009e-05 
2.5034291395182009e-05 
2.5034291395182009e-05 
2.5034291395182009e-05 
2.5034291395182009e-05 
2.5034291395182009e-05 
2.5034291395182009e-05 
2.5034291395182009e-05 
1.0288014780492938e-05 
1.0288014780492938e-05 
1.0288014780492938e-05 
1.0288014780492938e-05 
1.0288014780492938e-05 
1.0288014780492938e-05 
1.0288014780492938e-05 
1.0288014780492938e-05 
1.0288014780492938e-05 
1.0288014780492938e-05 
1.0288014780492938e-05 
1.0288014780492938e-05 
1.0288014780492938e-05 
1.0288014780492938e-05 
1.0288014780492938e-05 
1.0288014780492938e-05 
1.0288014780492938e-05 
1.0288014780492938e-05 
1.0288014780492938e-05 
1.0288014780492938e-05 
1.0288014780492938e-05 
1.0288014780492938e-05 
1.0288014780492938e-05 
1.0288014780492938e-05 
1.0288014780492938e-05 
1.0280297553490175e-05 
1.0280297553490175e-05 
1.0280297553490175e-05 
1.0280297553490175e-05 
1.0280297553490175e-05 
5.4530737210569479e-06 
5.4530737210569479e-06 
5.4530737210569479e-06 
5.4530737210569479e-06 
5.4530737210569479e-06 
5.4530737210569479e-06 
5.4530737210569479e-06 
5.4530737210569479e-06 
5.4530737210569479e-06 
5.4530737210569479e-06 
5.4530737210569479e-06 
5.4530737210569479e-06 
5.4530737210569479e-06 
5.4530737210569479e-06 
5.4530737210569479e-06 
5.4530737210569479e-06 
5.4530737210569479e-06 
5.4530737210569479e-06 
3.7747214081406056e-08 
3.7747214081406056e-08 
3.7747214081406056e-08 
3.7747214081406056e-08 
3.7747214081406056e-08 
3.7747214081406056e-08 
3.7747214081406056e-08 
3.7747214081406056e-08 
3.7747214081406056e-08 
3.7747214081406056e-08 
3.7747214081406056e-08 
3.7747214081406056e-08 
3.7747214081406056e-08 
3.7747214081406056e-08 
3.7747214081406056e-08 
3.7747214081406056e-08 
3.7747214081406056e-08 
3.7747214081406056e-08 
3.7747214081406056e-08 
3.7747214081406056e-08 
3.7747214081406056e-08 
3.7747214081406056e-08 
3.7747214081406056e-08 
3.7747214081406056e-08 
3.7747214081406056e-08 
3.7747214081406056e-08 
3.7747214081406056e-08 
3.7747214081406056e-08 
3.7747214081406056e-08 
3.7747214081406056e-08 
3.7747214081406056e-08 
3.7747214081406056e-08 
3.5186219689468125e-08 
3.5186219689468125e-08 
3.5186219689468125e-08 
3.5186219689468125e-08 
3.5186219689468125e-08 
3.5186219689468125e-08 
3.5186219689468125e-08 
3.5186219689468125e-08 
3.5186219689468125e-08 
3.5186219689468125e-08 
3.5186219689468125e-08 
3.5186219689468125e-08 
3.5186219689468125e-08 
3.5186219689468125e-08 
3.5186219689468125e-08 
3.5186219689468125e-08 
3.5186219689468125e-08 
3.5186219689468125e-08 
3.5186219689468125e-08 
3.5186219689468125e-08 
3.5186219689468125e-08 
3.5186219689468125e-08 
3.5186219689468125e-08 
3.5186219689468125e-08 
3.5186219689468125e-08 
3.5186219689468125e-08 
3.5186219689468125e-08 
3.5186219689468125e-08 
3.5186219689468125e-08 
3.5186219689468125e-08 
3.5186219689468125e-08 
3.5186219689468125e-08 
3.5186219689468125e-08 
3.5186219689468125e-08 
3.5186219689468125e-08 
3.5186219689468125e-08 
3.5186219689468125e-08 
3.5186219689468125e-08 
3.5186219689468125e-08 
3.5186219689468125e-08 
3.5186219689468125e-08 
3.5186219689468125e-08 
3.5186219689468125e-08 
3.5186219689468125e-08 
3.5186219689468125e-08 
3.5186219689468125e-08 
3.5186219689468125e-08 
3.5186219689468125e-08 
3.5186219689468125e-08 
3.5186219689468125e-08 
3.5186219689468125e-08 
3.5186219689468125e-08 
3.5186219689468125e-08 
3.5186219689468125e-08 
3.5186219689468125e-08 
3.5186219689468125e-08 
3.5186219689468125e-08 
3.5186219689468125e-08 
3.5186219689468125e-08 
3.5186219689468125e-08 
3.5186219689468125e-08 
3.5186219689468125e-08 
3.5186219689468125e-08 
3.5186219689468125e-08 
3.5186219689468125e-08 
3.5186219689468125e-08 
3.5186219689468125e-08 
3.5186219689468125e-08 
3.5186219689468125e-08 
3.5186219689468125e-08 
3.5186219689468125e-08 
3.5186219689468125e-08 
3.5186219689468125e-08 
3.5186219689468125e-08 
3.5186219689468125e-08 
3.5186219689468125e-08 
3.5186219689468125e-08 
3.5186219689468125e-08 
3.5186219689468125e-08 
3.5186219689468125e-08 
3.5186219689468125e-08 
3.5186219689468125e-08 
3.5186219689468125e-08 
3.5186219689468125e-08 
3.5186219689468125e-08 
3.5186219689468125e-08 
3.5186219689468125e-08 
3.5186219689468125e-08 
3.5186219689468125e-08 
3.5186219689468125e-08 
3.5186219689468125e-08 
3.5186219689468125e-08 
3.5186219689468125e-08 
3.5186219689468125e-08 
3.5186219689468125e-08 
3.5186219689468125e-08 
3.5186219689468125e-08 
3.5186219689468125e-08 
3.5186219689468125e-08 
3.5186219689468125e-08 
3.5186219689468125e-08 
3.5186219689468125e-08 
3.5186219689468125e-08 
3.5186219689468125e-08 
3.5186219689468125e-08 
3.5186219689468125e-08 
3.5186219689468125e-08 
3.5186219689468125e-08 
3.5186219689468125e-08 
3.3663141952090308e-08 
3.3663141952090308e-08 
3.3663141952090308e-08 
3.3663141952090308e-08 
3.2025903259719059e-08 
3.2025903259719059e-08 
3.2025903259719059e-08 
3.2025903259719059e-08 
3.2025903259719059e-08 
3.2025903259719059e-08 
3.2025903259719059e-08 
3.2001621751885252e-08 
3.2001621751885252e-08 
3.2001621751885252e-08 
3.2001621751885252e-08 
3.2001621751885252e-08 
3.2001621751885252e-08 
3.2001621751885252e-08 
3.1995185023594333e-08 
3.1995185023594333e-08 
3.1995185023594333e-08 
3.1995185023594333e-08 
3.1995185023594333e-08 
3.1995185023594333e-08 
3.1995185023594333e-08 
3.1993775775486655e-08 
3.1993775775486655e-08 
3.1993775775486655e-08 
3.1993775775486655e-08 
3.1993775775486655e-08 
3.1993775775486655e-08 
3.1993775775486655e-08 
3.199362808339614e-08 
3.199362808339614e-08 
3.199362808339614e-08 
3.199362808339614e-08 
3.199362808339614e-08 
3.199362808339614e-08 
3.199362808339614e-08 
3.199362808339614e-08 
3.199362808339614e-08 
3.199362808339614e-08 
3.199362808339614e-08 
3.199362808339614e-08 
3.199362808339614e-08 
3.199362808339614e-08 
3.199362808339614e-08 
3.199362808339614e-08 
3.199362808339614e-08 
3.199362808339614e-08 
3.199362808339614e-08 
3.199362808339614e-08 
3.199362808339614e-08 
3.199362808339614e-08 
3.199362808339614e-08 
3.199362808339614e-08 
3.199362808339614e-08 
3.199362808339614e-08 
3.199362808339614e-08 
3.199362808339614e-08 
3.199362808339614e-08 
3.199362808339614e-08 
3.199362808339614e-08 
3.199362808339614e-08 
3.199362808339614e-08 
3.199362808339614e-08 
3.199362808339614e-08 
3.199362808339614e-08 
3.199362808339614e-08 
3.199362808339614e-08 
3.199362808339614e-08 
3.199362808339614e-08 
3.199362808339614e-08 
3.199362808339614e-08 
3.199362808339614e-08 
3.199362808339614e-08 
3.199362808339614e-08 
3.199362808339614e-08 
3.199362808339614e-08 
3.199362808339614e-08 
3.199362808339614e-08 
3.199362808339614e-08 
3.199362808339614e-08 
3.199362808339614e-08 
3.199362808339614e-08 
3.199362808339614e-08 
3.199362808339614e-08 
3.199362808339614e-08 
3.199362808339614e-08 
3.199362808339614e-08 
3.199362808339614e-08 
3.1993623715049072e-08 
3.1993623715049072e-08 
3.1993623715049072e-08 
3.1993623646381619e-08 
3.1993623646381619e-08 
3.1993623646381619e-08 
3.1993623353105799e-08 
3.1993623353105799e-08 
3.1993623353105799e-08 
3.1993623353105799e-08 
3.1993623353105799e-08 
3.1993623353105799e-08 
3.1993623353105799e-08 
3.1993623352050534e-08 
3.1993623352050534e-08 
3.1993623352050534e-08 
3.1993623349865818e-08 
3.1993623349865818e-08 
3.1993623349865818e-08 
3.1993623340061994e-08 
3.1993623340061994e-08 
3.1993623340061994e-08 
3.1993623340061994e-08 
3.1993623340061994e-08 
3.1993623340061994e-08 
3.1993623340061994e-08 
3.1993623340061994e-08 
3.1993623340061994e-08 
3.1993623340061994e-08 
3.199362334005985e-08 
3.199362334005985e-08 
3.199362334005985e-08 
3.1993623339783327e-08 
3.1993623339783327e-08 
3.1993623339783327e-08 
3.199362333976986e-08 
3.1993623339749783e-08 
3.1993623339749783e-08 
3.1993623339749783e-08 
3.1993623339749783e-08 
3.1993623339749783e-08 
3.1993623339749783e-08 
3.1993623339749783e-08 
3.1993623339749783e-08 
3.1993623339726265e-08 
3.1993623339726265e-08 
3.1993623339726265e-08 
3.1993623339673808e-08 
3.1993623339673808e-08 
3.1993623339673808e-08 
3.1993623339673808e-08 
3.199362333954134e-08 
3.199362333954134e-08 
3.199362333954134e-08 
3.1993623339213757e-08 
3.1993623339213757e-08 
3.1993623339213757e-08 
3.1993623339213757e-08 
3.1993623339213757e-08 
3.1993623338966595e-08 
3.1993623338864104e-08 
3.1993623338864104e-08 
3.1993623338864104e-08 
3.1993623338639316e-08 
3.1993623338639316e-08 
3.1993623338522313e-08 
3.1993623338522313e-08 
3.1993623338522313e-08 
3.1993623338428537e-08 
3.1993623338428537e-08 
3.1993623338428537e-08 
3.1993623338428537e-08 
3.1993623338428537e-08 
3.1993623338428537e-08 
3.1993623338428537e-08 
3.1993623338428537e-08 
3.1993623338428537e-08 
3.1993623338428537e-08 
3.1993623338428537e-08 
3.1993623338428537e-08 
3.1993623338428537e-08 
3.1549410171502313e-08 
3.1549410171502313e-08 
3.1549410171502313e-08 
3.1017576009910845e-08 
3.1017576009910845e-08 
3.1017576009910845e-08 
2.9937192593227195e-08 
2.9937192593227195e-08 
2.9937192593227195e-08 
2.9937192593227195e-08 
2.9937192593227195e-08 
2.9937192593227195e-08 
2.9937192593227195e-08 
2.9912620109101883e-08 
2.9912620109101883e-08 
2.9912620109101883e-08 
2.9899355053267221e-08 
2.9899355053267221e-08 
2.9899355053267221e-08 
2.9871828897599738e-08 
2.9871828897599738e-08 
2.9871828897599738e-08 
2.9871828897599738e-08 
2.9871828897599738e-08 
2.9871828897599738e-08 
2.9871828897599738e-08 
2.9871828897599738e-08 
2.9871828897599738e-08 
2.9871828897599738e-08 
2.9871828897599738e-08 
2.9871828897599738e-08 
2.9737206214207972e-08 
2.9737206214207972e-08 
2.9737206214207972e-08 
2.9218636369755969e-08 
2.9218636369755969e-08 
2.9218636369755969e-08 
2.9218636369755969e-08 
2.9218636369755969e-08 
2.1652115844730753e-08 
2.1652115844730753e-08 
2.1652115844730753e-08 
2.1652115844730753e-08 
2.1652115844730753e-08 
2.1652115844730753e-08 
2.1652115844730753e-08 
2.1652115844730753e-08 
2.1652115844730753e-08 
2.1652115844730753e-08 
2.1652115844730753e-08 
2.1652115844730753e-08 
2.1652115844730753e-08 
2.1652115844730753e-08 
2.1652115844730753e-08 
2.1652115844730753e-08 
2.1652115844730753e-08 
2.1652115844730753e-08 
2.1652115844730753e-08 
2.1652115844730753e-08 
2.1652115844730753e-08 
2.1652115844730753e-08 
2.1652115844730753e-08 
2.1652115844730753e-08 
2.1652115844730753e-08 
2.1652115844730753e-08 
2.1652115844730753e-08 
2.1652115844730753e-08 
2.1652115844730753e-08 
2.1652115844730753e-08 
2.1652115844730753e-08 
2.1652115844730753e-08 
2.1652115844730753e-08 
2.1652115844730753e-08 
2.1652115844730753e-08 
2.1652115844730753e-08 
2.1652115844730753e-08 
2.1652115844730753e-08 
2.1652115844730753e-08 
2.1652115844730753e-08 
2.1652115844730753e-08 
2.1652115844730753e-08 
2.1652115844730753e-08 
2.1652115844730753e-08 
1.9897188436114292e-08 
1.9897188436114292e-08 
1.9897188436114292e-08 
1.9897188436114292e-08 
1.7864903401373289e-08 
1.7864903401373289e-08 
1.7864903401373289e-08 
1.7864903401373289e-08 
1.7864903401373289e-08 
1.7864903401373289e-08 
1.7864903401373289e-08 
1.7864903401373289e-08 
1.7864903401373289e-08 
1.7864903401373289e-08 
1.7864903401373289e-08 
1.7864903401373289e-08 
1.7864903401373289e-08 
1.7864903401373289e-08 
1.7864903401373289e-08 
1.7864903401373289e-08 
1.7864903401373289e-08 
1.7864903401373289e-08 
1.7864903401373289e-08 
1.7864903401373289e-08 
1.7864903401373289e-08 
1.7864903401373289e-08 
1.7864903401373289e-08 
1.7864903401373289e-08 
1.7864903401373289e-08 
1.7864903401373289e-08 
1.7864903401373289e-08 
1.7864903401373289e-08 
1.7864903401373289e-08 
1.7864903401373289e-08 
1.7864903401373289e-08 
1.7864903401373289e-08 
1.7864903401373289e-08 
1.7864903401373289e-08 
1.7864903401373289e-08 
1.7864903401373289e-08 
1.7864903401373289e-08 
1.7864903401373289e-08 
1.7864903401373289e-08 
1.7864903401373289e-08 
1.7864903401373289e-08 
1.7864903401373289e-08 
1.7864903401373289e-08 
1.7864903401373289e-08 
1.7864903401373289e-08 
1.7864903401373289e-08 
1.7864903401373289e-08 
1.7864903401373289e-08 
1.7864903401373289e-08 
1.7864903401373289e-08 
1.7864903401373289e-08 
1.7864903401373289e-08 
1.7864903401373289e-08 
1.7864903401373289e-08 
1.7864903401373289e-08 
1.7864903401373289e-08 
1.7864903401373289e-08 
1.7864903401373289e-08 
1.7864903401373289e-08 
1.7864903401373289e-08 
1.7864903401373289e-08 
1.7864903401373289e-08 
1.7864903401373289e-08 
1.7864903401373289e-08 
1.7864903401373289e-08 
1.7864903401373289e-08 
1.7864903401373289e-08 
1.7864903401373289e-08 
1.774587008626178e-08 
1.774587008626178e-08 
1.774587008626178e-08 
1.774587008626178e-08 
1.774587008626178e-08 
1.774587008626178e-08 
1.774587008626178e-08 
1.774587008626178e-08 
1.774587008626178e-08 
1.774587008626178e-08 
1.774587008626178e-08 
1.774587008626178e-08 
1.774587008626178e-08 
1.774587008626178e-08 
1.774587008626178e-08 
1.774587008626178e-08 
1.774587008626178e-08 
1.774587008626178e-08 
1.774587008626178e-08 
1.774587008626178e-08 
1.773934596643876e-08 
1.773934596643876e-08 
1.773934596643876e-08 
1.773916107512356e-08 
1.773916107512356e-08 
1.773916107512356e-08 
1.773898719167669e-08 
1.773898719167669e-08 
1.773898719167669e-08 
1.773898719167669e-08 
1.773898719167669e-08 
1.773898719167669e-08 
1.773898719167669e-08 
1.7738976367736985e-08 
1.7738976367736985e-08 
1.7738976367736985e-08 
1.7738974890909323e-08 
1.7738974890909323e-08 
1.7738974890909323e-08 
1.7738972007886514e-08 
1.7738972007886514e-08 
1.7738972007886514e-08 
1.7738972007886514e-08 
1.7738972007886514e-08 
1.7738972007886514e-08 
1.7738972007886514e-08 
1.7738971919534999e-08 
1.7738971919534999e-08 
1.7738971919534999e-08 
1.7738971919534999e-08 
1.7738971919534999e-08 
1.7738971919534999e-08 
1.7738971919534999e-08 
1.7738971919534999e-08 
1.7738971919534999e-08 
1.7738971919534999e-08 
1.7738971919534999e-08 
1.7738971919534999e-08 
1.7738971919534999e-08 
1.7738971919534999e-08 
1.7738971919534999e-08 
1.7738971919534999e-08 
1.7738971919534999e-08 
1.7738971919534999e-08 
1.7738971919534999e-08 
1.7738971919534999e-08 
1.7738971919534999e-08 
1.7738971919534999e-08 
1.7738971919534999e-08 
1.7738971919534999e-08 
1.7738971919534999e-08 
1.7738971919534999e-08 
1.7738971919534999e-08 
1.7738971919534999e-08 
1.7738971919534999e-08 
1.7738971919534999e-08 
1.7738971919534999e-08 
1.7738971919534999e-08 
1.7738971919534999e-08 
1.7738971919534999e-08 
1.7738971919534999e-08 
1.7738971919534999e-08 
1.7738971919534999e-08 
1.7738971919534999e-08 
1.7738971919534999e-08 
1.7738971919534999e-08 
1.7738971919534999e-08 
1.7738971919534999e-08 
1.7738971919534999e-08 
1.7738971919534999e-08 
1.7738971919534999e-08 
1.7738971919534999e-08 
1.7738971919534999e-08 
1.7738971919534999e-08 
1.7738971919534999e-08 
1.7738971919534999e-08 
1.7738971919534999e-08 
1.7738971919534999e-08 
1.0063742597716605e-08 
1.0063742597716605e-08 
1.0063742597716605e-08 
1.0063742597716605e-08 
1.0063742597716605e-08 
1.0063742597716605e-08 
1.0063742597716605e-08 
1.0063742597716605e-08 
1.0063742597716605e-08 
1.0063742597716605e-08 
1.0063742597716605e-08 
1.0063742597716605e-08 
1.0063742597716605e-08 
1.0063742597716605e-08 
1.0063742597716605e-08 
1.0063742597716605e-08 
1.0063742597716605e-08 
1.0063742597716605e-08 
1.0063742597716605e-08 
1.0063742597716605e-08 
1.0063742597716605e-08 
1.0063742597716605e-08 
1.0063742597716605e-08 
1.0063742597716605e-08 
1.0063742597716605e-08 
1.0063742597716605e-08 
1.0063742597716605e-08 
1.0063742597716605e-08 
1.0063742597716605e-08 
1.0063742597716605e-08 
1.0063742597716605e-08 
1.0063742597716605e-08 
1.0063742597716605e-08 
8.0782169645853714e-09 
8.0782169645853714e-09 
8.0782169645853714e-09 
8.0782169645853714e-09 
8.0782169645853714e-09 
8.0782169645853714e-09 
8.0782169645853714e-09 
8.0782169645853714e-09 
8.0782169645853714e-09 
8.0782169645853714e-09 
8.0782169645853714e-09 
8.0782169645853714e-09 
8.0782169645853714e-09 
8.0782169645853714e-09 
8.0782169645853714e-09 
8.0782169645853714e-09 
8.0782169645853714e-09 
8.0782169645853714e-09 
8.0782169645853714e-09 
8.0782169645853714e-09 
8.0782169645853714e-09 
8.0782169645853714e-09 
8.0782169645853714e-09 
8.0782169645853714e-09 
8.0782169645853714e-09 
8.0782169645853714e-09 
8.0782169645853714e-09 
8.0782169645853714e-09 
2.9996523995687079e-10 
2.9996523995687079e-10 
2.9996523995687079e-10 
2.9996523995687079e-10 
2.9996523995687079e-10 
2.9996523995687079e-10 
2.9996523995687079e-10 
2.9996523995687079e-10 
2.9996523995687079e-10 
2.9996523995687079e-10 
2.9996523995687079e-10 
2.9996523995687079e-10 
2.9996523995687079e-10 
2.9996523995687079e-10 
2.9996523995687079e-10 
2.9996523995687079e-10 
2.9996523995687079e-10 
2.9996523995687079e-10 
2.9996523995687079e-10 
2.9996523995687079e-10 
2.9996523995687079e-10 
2.9996523995687079e-10 
2.9996523995687079e-10 
2.9996523995687079e-10 
2.9996523995687079e-10 
2.9996523995687079e-10 
2.9996523995687079e-10 
2.9996523995687079e-10 
2.9996523995687079e-10 
2.9996523995687079e-10 
2.9996523995687079e-10 
2.9996523995687079e-10 
2.9996523995687079e-10 
2.9996523995687079e-10 
6.5972310915093131e-11 
6.5972310915093131e-11 
6.5972310915093131e-11 
6.5972310915093131e-11 
2.3117076346172368e-11 
2.3117076346172368e-11 
2.3117076346172368e-11 
2.3117076346172368e-11 
1.6845955073175609e-11 
1.6845955073175609e-11 
1.6845955073175609e-11 
1.6845955073175609e-11 
1.2356363406199749e-11 
1.2356363406199749e-11 
1.2356363406199749e-11 
1.2356363406199749e-11 
1.2356363406199749e-11 
1.2356363406199749e-11 
1.2326691682370606e-11 
1.1922710000932572e-11 
1.1922710000932572e-11 
1.1922710000932572e-11 
1.1922710000932572e-11 
1.1922710000932572e-11 
1.1922710000932572e-11 
1.1922341525182752e-11 
1.1914173200152075e-11 
1.1914173200152075e-11 
1.1914173200152075e-11 
1.1914173200152075e-11 
1.1914173200152075e-11 
1.1914173200152075e-11 
1.1914151321409547e-11 
1.1913999024600502e-11 
1.1913999024600502e-11 
1.1913999024600502e-11 
1.1913999024600502e-11 
1.1913997687827307e-11 
1.1913997687827307e-11 
1.1913997687827307e-11 
1.1913997687827307e-11 
1.1913997687827307e-11 
1.1913997687827307e-11 
1.1913997687827307e-11 
1.1913997687827307e-11 
1.1913997687827307e-11 
1.1913997687827307e-11 
1.1913997687827307e-11 
1.1913997687827307e-11 
1.1913997687827307e-11 
1.1913997687827307e-11 
1.1913997687827307e-11 
1.1913997687827307e-11 
1.1913997687827307e-11 
1.1913997687827307e-11 
1.1913997687827307e-11 
1.1913997687827307e-11 
1.1913997687827307e-11 
1.1913997687827307e-11 
1.1913997687827307e-11 
1.1913997687827307e-11 
1.1913997687827307e-11 
1.1913997687827307e-11 
1.1913997687827307e-11 
1.1913997687827307e-11 
1.1913997687827307e-11 
1.1913997687827307e-11 
1.1913997687827307e-11 
1.1913997687827307e-11 
1.1913997687827307e-11 
1.1913997687827307e-11 
1.1913997687827307e-11 
1.1913997687827307e-11 
1.1913997687827307e-11 
1.1913997687827307e-11 
1.1913997687827307e-11 
1.1913997687827307e-11 
1.1913997687827307e-11 
1.1913997687827307e-11 
1.1913997687827307e-11 
1.1913997687827307e-11 
1.1913997687827307e-11 
1.1913997687827307e-11 
1.1913997687827307e-11 
1.1913997687827307e-11 
1.1913997687827307e-11 
1.1913997687827307e-11 
1.1913997687827307e-11 
1.1913997687827307e-11 
1.1913997687827307e-11 
1.1913997687827307e-11 
1.1913997687827307e-11 
1.1913997687827307e-11 
1.1913997687827307e-11 
1.1913997687827307e-11 
1.1913997687827307e-11 
1.1913997687827307e-11 
1.1913997687827307e-11 
1.1913997687827307e-11 
1.1913997687827307e-11 
1.1913997687827307e-11 
1.1913997687827307e-11 
1.1913997687827307e-11 
1.1913997687827307e-11 
1.1913997687827307e-11 
1.1913997687827307e-11 
1.1913997687827307e-11 
1.1913997687827307e-11 
1.1913997687827307e-11 
1.1913997687827307e-11 
1.1913997687827307e-11 
1.1913997687827307e-11 
1.1913997687827307e-11 
1.1913997687827307e-11 
1.1913997687827307e-11 
1.1913997687827307e-11 
1.1913997687827307e-11 
1.1913997687827307e-11 
1.1913997687827307e-11 
1.1913997687827307e-11 
1.1913997687827307e-11 
1.1913997687827307e-11 
1.1913997687827307e-11 
1.1913997687827307e-11 
1.1913997687827307e-11 
1.1913997687827307e-11 
1.1913997687827307e-11 
1.1913997687827307e-11 
1.1913997687827307e-11 
1.1913997687827307e-11 
1.1913997687827307e-11 
1.1913997687827307e-11 
1.1913997687827307e-11 
1.1913997687827307e-11 
1.1913997687827307e-11 
1.1913997687827307e-11 
1.1913997687827307e-11 
1.1913997687827307e-11 
1.1913997687827307e-11 
1.1913997687827307e-11 
1.1913997687827307e-11 
1.1913997687827307e-11 
1.1913997687827307e-11 
1.1913997687827307e-11 
1.1913997687827307e-11 
1.1913997687827307e-11 
1.1913997687827307e-11 
1.1913997687827307e-11 
1.1913997687827307e-11 
1.1913997687827307e-11 
1.1913997687827307e-11 
1.1913997687827307e-11 
1.1913997687827307e-11 
1.1913997687827307e-11 
1.1913997687827307e-11 
1.1913997687827307e-11 
1.1913997687827307e-11 
1.1913997687827307e-11 
1.1913997687827307e-11 
1.1913997687827307e-11 
1.1913997687827307e-11 
1.1913997687827307e-11 
1.1913997687827307e-11 
1.1913997687827307e-11 
1.1913997687827307e-11 
1.1913997687827307e-11 
1.1913997687827307e-11 
1.1913997687827307e-11 
1.1913997687827307e-11 
1.1913997687827307e-11 
1.1913997687827307e-11 
1.1913997687827307e-11 
1.1913997687827307e-11 
1.1913997687827307e-11 
1.1913997687827307e-11 
1.1913997687827307e-11 
1.1913997687827307e-11 
1.1913997687827307e-11 
1.1913997687827307e-11 
1.1913997687827307e-11 
1.1913997687827307e-11 
1.1913997687827307e-11 
1.1913997687827307e-11 
1.1913997687827307e-11 
1.1913997687827307e-11 
1.1913997687827307e-11 
1.1913997687827307e-11 
1.1913997687827307e-11 
1.1913997687827307e-11 
1.1913997687827307e-11 
1.1913997687827307e-11 
1.1913997687827307e-11 
1.1913997687827307e-11 
1.1913997687827307e-11 
1.1913997687827307e-11 
1.1913997687827307e-11 
1.1913997687827307e-11 
1.1913997687827307e-11 
1.1913997687827307e-11 
1.1913997687827307e-11 
1.1913997687827307e-11 
1.1913997687827307e-11 
1.1913997687827307e-11 
1.1913997687827307e-11 
1.1913997687827307e-11 
1.1913997687827307e-11 
1.1913997687827307e-11 
1.1913997687827307e-11 
1.1913997687827307e-11 
1.1913997687827307e-11 
1.1913997687827307e-11 
1.1913997687827307e-11 
1.1913997687827307e-11 
1.1913997687827307e-11 
1.1913997687827307e-11 
1.1913997687827307e-11 
1.1913997687827307e-11 
1.1913997687827307e-11 
1.1913997687827307e-11 
1.1913997687827307e-11 
1.1913997687827307e-11 
1.1913997687827307e-11 
1.1913997687827307e-11 
1.1913997687827307e-11 
1.1913997687827307e-11 
1.1913997687827307e-11 
1.1913997687827307e-11 
1.1913997687827307e-11 
1.1913997687827307e-11 
1.1913997687827307e-11 
1.1913997687827307e-11 
