1.8641902403466246 
1.8641902403466246 
1.8641902403466246 
1.8554463691497434 
1.8276633965434594 
1.8005668022179577 
1.7742088228798087 
1.7486412250875589 
1.7239152289256774 
1.7000814320282804 
1.677189734064839 
1.6552892617999153 
1.6344282948385973 
1.6146541921687634 
1.5960133196106359 
1.5785509782831908 
1.5623113341960084 
1.547337349073918 
1.5336707125204847 
1.5213517756248476 
1.5104194861147573 
1.5009113251568655 
1.4928632459032871 
1.4863096138813856 
1.4812831493214129 
1.477814871514223 
1.4759340452887173 
1.4756681296959568 
1.4756681296959568 
1.4756681296959568 
1.4756681296959568 
1.4744224900192393 
1.4449140350240182 
1.4177838075545584 
1.3930714649566172 
1.3708110381830205 
1.3510308512617542 
1.3337534546334822 
1.3189955725202163 
1.3067680644527873 
1.297075901050365 
1.2899181541106619 
1.2852880010346728 
1.2831727435749993 
1.2831727435749993 
1.2831727435749993 
1.2831700680288316 
1.2831116512011147 
1.2831116512011147 
1.2831116512011147 
1.2831116512011147 
1.2830237999136538 
1.2830237999136538 
1.2830237999136538 
1.2830237999136538 
1.2830237999136538 
1.2830237999136538 
1.2830237999136538 
1.2830237999136538 
1.2830237999136538 
1.2830237999136538 
1.2830237999136538 
1.2830237999136538 
1.2346903096058484 
1.1818217139703202 
1.1304408420810605 
1.0806043371729106 
1.0323666915025518 
0.98578017981904043 
0.94089479619100269 
0.89775819427029291 
0.85641563106669882 
0.81690991430298387 
0.77928135341418181 
0.74356771424957502 
0.70980417753025737 
0.6780233011095822 
0.64825498607811949 
0.62052644674905577 
0.59486218455420847 
0.57128396587506192 
0.54981080382741976 
0.53045894401246241 
0.51324185424118829 
0.49817021823338448 
0.48525193328649463 
0.47449211190395757 
0.46589308736684898 
0.45945442322694252 
0.45517292669364939 
0.45304266588167674 
0.45304266588167674 
0.45304266588167674 
0.45282265113065379 
0.45282265113065379 
0.44226723072911278 
0.41730649063345271 
0.39479244555053294 
0.3747717424491791 
0.35728511493161508 
0.3423672810589754 
0.33004685628127661 
0.32034628169047141 
0.31328176777674321 
0.28940906362709662 
0.26099462407970697 
0.2349710996636506 
0.21136611313248965 
0.1902042543146123 
0.17150705269815003 
0.15529295415921829 
0.14157730185891515 
0.13037232132873977 
0.12168710975833863 
0.11552762949368789 
0.11035065256071241 
0.10428929923842001 
0.095130226407083351 
0.07986249531260714 
0.06707553879409256 
0.056798445099787043 
0.046313555098013048 
0.037883968874287577 
0.030824874700842941 
0.026264854708391461 
0.018909767927998367 
0.011868290631113387 
0.0074634819258949658 
0.005702502205905513 
0.0050761433467446659 
0.0047841331312263868 
0.0047841331312263868 
0.0045197461578390108 
0.0045197461578390108 
0.0043698652539393423 
0.0026084362851019893 
0.00071111140733137734 
6.5365759885915864e-06 
6.5365759885915864e-06 
6.5365759885915864e-06 
6.5365759885915864e-06 
6.5365759885915864e-06 
6.5365759885915864e-06 
6.5365759885915864e-06 
6.5365759885915864e-06 
6.5365759885915864e-06 
6.5365759885915864e-06 
6.5365759885915864e-06 
6.5365759885915864e-06 
6.5365759885915864e-06 
6.5365759885915864e-06 
6.5365759885915864e-06 
6.5365759885915864e-06 
6.5365759885915864e-06 
6.5365759885915864e-06 
6.5365759885915864e-06 
6.5365759885915864e-06 
6.5365759885915864e-06 
6.5365759885915864e-06 
6.5365759885915864e-06 
6.5365759885915864e-06 
6.5365759885915864e-06 
6.5365759885915864e-06 
6.5365759885915864e-06 
6.5365759885915864e-06 
6.5365759885915864e-06 
6.5365759885915864e-06 
6.5365759885915864e-06 
6.5365759885915864e-06 
6.5365759885915864e-06 
6.5365759885915864e-06 
6.5365759885915864e-06 
6.5365759885915864e-06 
6.5365759885915864e-06 
6.5365759885915864e-06 
6.5365759885915864e-06 
5.3525829970535455e-06 
3.1914626554829795e-06 
3.1914626554829795e-06 
3.1914626554829795e-06 
3.1914626554829795e-06 
3.1914626554829795e-06 
3.1914626554829795e-06 
3.1914626554829795e-06 
3.1914626554829795e-06 
3.1914626554829795e-06 
3.1914626554829795e-06 
3.1914626554829795e-06 
3.1042537652625768e-06 
3.1042537652625768e-06 
3.1042537652625768e-06 
3.1042537652625768e-06 
3.1042537652625768e-06 
3.1042537652625768e-06 
3.1042537652625768e-06 
3.1042537652625768e-06 
3.1042537652625768e-06 
3.1042537652625768e-06 
3.1042537652625768e-06 
3.1042537652625768e-06 
3.1042537652625768e-06 
3.1042537652625768e-06 
3.1042537652625768e-06 
3.1042537652625768e-06 
3.1042537652625768e-06 
3.1042537652625768e-06 
3.1042537652625768e-06 
3.1042537652625768e-06 
7.3085920926363457e-07 
7.3085920926363457e-07 
7.3085920926363457e-07 
7.3085920926363457e-07 
7.3085920926363457e-07 
7.3085920926363457e-07 
7.3085920926363457e-07 
7.3085920926363457e-07 
7.3085920926363457e-07 
7.3085920926363457e-07 
7.3085920926363457e-07 
7.3085920926363457e-07 
7.3085920926363457e-07 
7.3085920926363457e-07 
7.3085920926363457e-07 
7.3085920926363457e-07 
7.3085920926363457e-07 
7.3085920926363457e-07 
7.3085920926363457e-07 
7.3085920926363457e-07 
7.3085920926363457e-07 
7.3085920926363457e-07 
7.3085920926363457e-07 
7.3085920926363457e-07 
7.3085920926363457e-07 
7.3085920926363457e-07 
7.3085920926363457e-07 
7.3085920926363457e-07 
7.3085920926363457e-07 
7.3085920926363457e-07 
7.3085920926363457e-07 
7.3085920926363457e-07 
7.3085920926363457e-07 
7.3085920926363457e-07 
7.3085920926363457e-07 
7.3085920926363457e-07 
7.3085920926363457e-07 
7.3085920926363457e-07 
7.3085920926363457e-07 
7.3085920926363457e-07 
7.3085920926363457e-07 
7.3085920926363457e-07 
7.3085920926363457e-07 
7.3085920926363457e-07 
7.3085920926363457e-07 
7.3085920926363457e-07 
7.3085920926363457e-07 
7.3085920926363457e-07 
7.3085920926363457e-07 
7.3085920926363457e-07 
7.3085920926363457e-07 
7.3085920926363457e-07 
7.3085920926363457e-07 
7.3085920926363457e-07 
7.3085920926363457e-07 
7.3085920926363457e-07 
7.3085920926363457e-07 
7.3085920926363457e-07 
7.3085920926363457e-07 
7.3085920926363457e-07 
7.3085920926363457e-07 
7.3085920926363457e-07 
7.3085920926363457e-07 
7.3085920926363457e-07 
7.3085920926363457e-07 
7.3085920926363457e-07 
7.3085920926363457e-07 
7.3085920926363457e-07 
7.3085920926363457e-07 
7.3085920926363457e-07 
7.3085920926363457e-07 
7.3085920926363457e-07 
7.3085920926363457e-07 
7.3085920926363457e-07 
7.3085920926363457e-07 
7.3085920926363457e-07 
7.3085920926363457e-07 
7.3085920926363457e-07 
7.3085920926363457e-07 
7.3085920926363457e-07 
7.3085920926363457e-07 
8.5906327829121665e-08 
8.5906327829121665e-08 
8.5906327829121665e-08 
8.5906327829121665e-08 
8.5906327829121665e-08 
8.5906327829121665e-08 
8.5906327829121665e-08 
8.5906327829121665e-08 
8.5906327829121665e-08 
8.5906327829121665e-08 
8.5906327829121665e-08 
8.5906327829121665e-08 
8.5906327829121665e-08 
8.5906327829121665e-08 
8.5906327829121665e-08 
8.5906327829121665e-08 
8.5906327829121665e-08 
8.5906327829121665e-08 
8.5906327829121665e-08 
8.5906327829121665e-08 
8.5906327829121665e-08 
8.5906327829121665e-08 
8.5906327829121665e-08 
8.5906327829121665e-08 
8.5906327829121665e-08 
8.5906327829121665e-08 
8.5906327829121665e-08 
8.5906327829121665e-08 
8.5906327829121665e-08 
8.5906327829121665e-08 
8.5906327829121665e-08 
8.5906327829121665e-08 
8.5906327829121665e-08 
8.5906327829121665e-08 
8.5906327829121665e-08 
8.5906327829121665e-08 
8.5906327829121665e-08 
8.5906327829121665e-08 
8.5906327829121665e-08 
8.5906327829121665e-08 
8.5906327829121665e-08 
8.5906327829121665e-08 
8.5906327829121665e-08 
8.5906327829121665e-08 
8.5906327829121665e-08 
8.5906327829121665e-08 
8.5906327829121665e-08 
8.5906327829121665e-08 
8.5906327829121665e-08 
8.5906327829121665e-08 
8.5906327829121665e-08 
8.5906327829121665e-08 
8.5906327829121665e-08 
8.5906327829121665e-08 
8.5906327829121665e-08 
8.5906327829121665e-08 
8.5906327829121665e-08 
8.5906327829121665e-08 
8.5906327829121665e-08 
8.5906327829121665e-08 
8.5906327829121665e-08 
8.5906327829121665e-08 
8.5906327829121665e-08 
8.5906327829121665e-08 
8.5906327829121665e-08 
8.5906327829121665e-08 
8.5906327829121665e-08 
8.5906327829121665e-08 
8.5906327829121665e-08 
8.5906327829121665e-08 
8.5906327829121665e-08 
8.5906327829121665e-08 
8.5906327829121665e-08 
8.5906327829121665e-08 
8.5906327829121665e-08 
8.5906327829121665e-08 
8.5906327829121665e-08 
8.5906327829121665e-08 
8.5906327829121665e-08 
8.5906327829121665e-08 
8.5906327829121665e-08 
8.5906327829121665e-08 
8.5906327829121665e-08 
8.5906327829121665e-08 
8.5906327829121665e-08 
8.5906327829121665e-08 
8.5906327829121665e-08 
8.5906327829121665e-08 
8.5906327829121665e-08 
8.5906327829121665e-08 
8.5906327829121665e-08 
8.5906327829121665e-08 
8.5906327829121665e-08 
8.5906327829121665e-08 
8.5906327829121665e-08 
8.5906327829121665e-08 
8.5906327829121665e-08 
8.5906327829121665e-08 
8.5906327829121665e-08 
8.5906327829121665e-08 
8.5906327829121665e-08 
8.5906327829121665e-08 
8.5906327829121665e-08 
8.5906327829121665e-08 
8.5906327829121665e-08 
8.5906327829121665e-08 
8.5906327829121665e-08 
8.5906327829121665e-08 
8.5906327829121665e-08 
8.5906327829121665e-08 
8.5906327829121665e-08 
8.5906327829121665e-08 
8.5906327829121665e-08 
8.5906327829121665e-08 
8.5906327829121665e-08 
8.5906327829121665e-08 
8.5906327829121665e-08 
8.5906327829121665e-08 
8.5906327829121665e-08 
8.5906327829121665e-08 
8.5906327829121665e-08 
8.5906327829121665e-08 
8.5906327829121665e-08 
8.5906327829121665e-08 
8.5906327829121665e-08 
8.5906327829121665e-08 
8.5906327829121665e-08 
8.5906327829121665e-08 
8.5906327829121665e-08 
8.5906327829121665e-08 
8.5906327829121665e-08 
8.5906327829121665e-08 
8.5906327829121665e-08 
8.5906327829121665e-08 
8.5906327829121665e-08 
8.5906327829121665e-08 
8.5906327829121665e-08 
8.5906327829121665e-08 
8.5906327829121665e-08 
8.5906327829121665e-08 
8.5906327829121665e-08 
8.5906327829121665e-08 
8.5906327829121665e-08 
8.5906327829121665e-08 
8.5906327829121665e-08 
8.5906327829121665e-08 
8.5906327829121665e-08 
8.5906327829121665e-08 
8.5906327829121665e-08 
8.5906327829121665e-08 
8.5906327829121665e-08 
8.5906327829121665e-08 
8.5906327829121665e-08 
8.5906327829121665e-08 
8.5906327829121665e-08 
8.5906327829121665e-08 
8.5906327829121665e-08 
8.5906327829121665e-08 
8.5906327829121665e-08 
8.5906327829121665e-08 
8.5906327829121665e-08 
8.5906327829121665e-08 
8.5906327829121665e-08 
8.5906327829121665e-08 
8.5906327829121665e-08 
8.5906327829121665e-08 
8.5906327829121665e-08 
8.5906327829121665e-08 
8.5906327829121665e-08 
8.5906327829121665e-08 
8.5906327829121665e-08 
8.5906327829121665e-08 
8.5906327829121665e-08 
8.5906327829121665e-08 
8.5906327829121665e-08 
8.5906327829121665e-08 
8.5906327829121665e-08 
8.5906327829121665e-08 
8.5906327829121665e-08 
8.5906327829121665e-08 
8.5906327829121665e-08 
8.5906327829121665e-08 
8.5906327829121665e-08 
8.5906327829121665e-08 
8.5906327829121665e-08 
8.5906327829121665e-08 
8.5906327829121665e-08 
8.5906327829121665e-08 
8.5906327829121665e-08 
8.5906327829121665e-08 
8.5906327829121665e-08 
8.5906327829121665e-08 
8.5906327829121665e-08 
8.5906327829121665e-08 
8.5906327829121665e-08 
8.5906327829121665e-08 
8.5906327829121665e-08 
8.5906327829121665e-08 
8.5906327829121665e-08 
8.5906327829121665e-08 
8.5906327829121665e-08 
8.5906327829121665e-08 
8.5906327829121665e-08 
8.5906327829121665e-08 
8.5906327829121665e-08 
8.5906327829121665e-08 
8.5906327829121665e-08 
8.5906327829121665e-08 
8.5906327829121665e-08 
8.5906327829121665e-08 
8.5906327829121665e-08 
8.5906327829121665e-08 
8.5906327829121665e-08 
8.5906327829121665e-08 
8.5906327829121665e-08 
8.5906327829121665e-08 
8.5906327829121665e-08 
8.5906327829121665e-08 
8.5906327829121665e-08 
8.5906327829121665e-08 
8.5906327829121665e-08 
8.5906327829121665e-08 
5.5066033288753147e-08 
5.5066033288753147e-08 
5.5066033288753147e-08 
5.5066033288753147e-08 
5.5066033288753147e-08 
5.5066033288753147e-08 
5.5066033288753147e-08 
5.5066033288753147e-08 
5.5066033288753147e-08 
5.5066033288753147e-08 
5.5066033288753147e-08 
5.5066033288753147e-08 
5.5066033288753147e-08 
5.5066033288753147e-08 
5.5066033288753147e-08 
5.5066033288753147e-08 
5.5066033288753147e-08 
5.5066033288753147e-08 
5.5066033288753147e-08 
5.5066033288753147e-08 
5.5066033288753147e-08 
5.5066033288753147e-08 
5.5066033288753147e-08 
5.5066033288753147e-08 
5.5066033288753147e-08 
5.5066033288753147e-08 
5.5066033288753147e-08 
5.5066033288753147e-08 
5.5066033288753147e-08 
5.5066033288753147e-08 
5.5066033288753147e-08 
5.5066033288753147e-08 
5.5066033288753147e-08 
5.5066033288753147e-08 
5.5066033288753147e-08 
5.5066033288753147e-08 
5.5066033288753147e-08 
5.5066033288753147e-08 
5.5066033288753147e-08 
5.5066033288753147e-08 
5.5066033288753147e-08 
5.5066033288753147e-08 
5.5066033288753147e-08 
5.5066033288753147e-08 
5.5066033288753147e-08 
5.5066033288753147e-08 
5.5066033288753147e-08 
5.5066033288753147e-08 
5.5066033288753147e-08 
5.5066033288753147e-08 
5.5066033288753147e-08 
5.5066033288753147e-08 
5.5066033288753147e-08 
5.5066033288753147e-08 
5.5066033288753147e-08 
5.5066033288753147e-08 
5.5066033288753147e-08 
5.5066033288753147e-08 
5.5066033288753147e-08 
5.5066033288753147e-08 
5.5066033288753147e-08 
5.5066033288753147e-08 
5.5066033288753147e-08 
5.5066033288753147e-08 
5.5066033288753147e-08 
5.5066033288753147e-08 
5.5066033288753147e-08 
5.5066033288753147e-08 
5.5066033288753147e-08 
5.0212113800185421e-08 
5.0212113800185421e-08 
5.0212113800185421e-08 
5.0212113800185421e-08 
5.0212113800185421e-08 
5.0212113800185421e-08 
5.0212113800185421e-08 
5.0212113800185421e-08 
5.0212113800185421e-08 
5.0212113800185421e-08 
5.0212113800185421e-08 
5.0212113800185421e-08 
5.0212113800185421e-08 
5.0212113800185421e-08 
5.0212113800185421e-08 
5.0212113800185421e-08 
5.0212113800185421e-08 
5.0212113800185421e-08 
5.0212113800185421e-08 
5.0212113800185421e-08 
5.0212113800185421e-08 
5.0212113800185421e-08 
5.0212113800185421e-08 
5.0212113800185421e-08 
5.0212113800185421e-08 
5.0212113800185421e-08 
5.0212113800185421e-08 
5.0212113800185421e-08 
5.0212113800185421e-08 
5.0212113800185421e-08 
5.0212113800185421e-08 
5.0212113800185421e-08 
5.0212113800185421e-08 
5.0212113800185421e-08 
5.0212113800185421e-08 
5.0212113800185421e-08 
5.0212113800185421e-08 
5.0212113800185421e-08 
5.0212113800185421e-08 
5.0212113800185421e-08 
5.0212113800185421e-08 
5.0212113800185421e-08 
5.0212113800185421e-08 
5.0212113800185421e-08 
5.0212113800185421e-08 
5.0212113800185421e-08 
5.0212113800185421e-08 
5.0212113800185421e-08 
5.0212113800185421e-08 
5.0212113800185421e-08 
5.0212113800185421e-08 
5.0212113800185421e-08 
5.0212113800185421e-08 
5.0212113800185421e-08 
5.0212113800185421e-08 
5.0212113800185421e-08 
5.0212113800185421e-08 
5.0212113800185421e-08 
5.0212113800185421e-08 
5.0212113800185421e-08 
5.0212113800185421e-08 
5.0212113800185421e-08 
5.0212113800185421e-08 
5.0212113800185421e-08 
5.0212113800185421e-08 
5.0212113800185421e-08 
5.0212113800185421e-08 
5.0212113800185421e-08 
5.0212113800185421e-08 
5.0212113800185421e-08 
5.0212113800185421e-08 
5.0212113800185421e-08 
5.0212113800185421e-08 
5.0212113800185421e-08 
5.0212113800185421e-08 
5.0212113800185421e-08 
5.0212113800185421e-08 
5.0212113800185421e-08 
5.0212113800185421e-08 
5.0212113800185421e-08 
5.0212113800185421e-08 
5.0212113800185421e-08 
5.0212113800185421e-08 
5.0212113800185421e-08 
5.0212113800185421e-08 
5.0212113800185421e-08 
5.0212113800185421e-08 
5.0212113800185421e-08 
5.0212113800185421e-08 
5.0212113800185421e-08 
5.0212113800185421e-08 
5.0212113800185421e-08 
5.0212113800185421e-08 
5.0212113800185421e-08 
5.0212113800185421e-08 
5.0212113800185421e-08 
5.0212113800185421e-08 
5.0212113800185421e-08 
5.0212113800185421e-08 
5.0212113800185421e-08 
5.0212113800185421e-08 
5.0212113800185421e-08 
5.0212113800185421e-08 
5.0212113800185421e-08 
5.0212113800185421e-08 
5.0212113800185421e-08 
5.0212113800185421e-08 
5.0212113800185421e-08 
5.0212113800185421e-08 
5.0212113800185421e-08 
5.0212113800185421e-08 
5.0212113800185421e-08 
5.0212113800185421e-08 
5.0212113800185421e-08 
5.0212113800185421e-08 
5.0212113800185421e-08 
5.0212113800185421e-08 
5.0212113800185421e-08 
5.0212113800185421e-08 
5.0212113800185421e-08 
5.0212113800185421e-08 
5.0212113800185421e-08 
5.0212113800185421e-08 
5.0212113800185421e-08 
5.0212113800185421e-08 
5.0212113800185421e-08 
5.0212113800185421e-08 
5.0212113800185421e-08 
5.0212113800185421e-08 
5.0212113800185421e-08 
5.0212113800185421e-08 
5.0212113800185421e-08 
5.0212113800185421e-08 
5.0212113800185421e-08 
5.0212113800185421e-08 
5.0212113800185421e-08 
5.0212113800185421e-08 
5.0212113800185421e-08 
5.0212113800185421e-08 
5.0212113800185421e-08 
5.0212113800185421e-08 
5.0212113800185421e-08 
5.0212113800185421e-08 
5.0212113800185421e-08 
5.0212113800185421e-08 
5.0212113800185421e-08 
5.0212113800185421e-08 
5.0212113800185421e-08 
5.0212113800185421e-08 
5.0212113800185421e-08 
5.0212113800185421e-08 
5.0212113800185421e-08 
5.0212113800185421e-08 
5.0212113800185421e-08 
5.0212113800185421e-08 
5.0212113800185421e-08 
5.0212113800185421e-08 
5.0212113800185421e-08 
5.0212113800185421e-08 
5.0212113800185421e-08 
5.0212113800185421e-08 
5.0212113800185421e-08 
5.0212113800185421e-08 
4.1485805235552675e-08 
4.1485805235552675e-08 
4.1485805235552675e-08 
4.1485805235552675e-08 
4.1485805235552675e-08 
4.1485805235552675e-08 
4.1485805235552675e-08 
4.1485805235552675e-08 
4.1485805235552675e-08 
4.1485805235552675e-08 
4.1485805235552675e-08 
4.1485805235552675e-08 
4.1485805235552675e-08 
4.1485805235552675e-08 
4.1485805235552675e-08 
4.1485805235552675e-08 
4.1485805235552675e-08 
4.1485805235552675e-08 
4.1485805235552675e-08 
4.1485805235552675e-08 
4.1485805235552675e-08 
4.1485805235552675e-08 
4.1485805235552675e-08 
4.1485805235552675e-08 
4.1485805235552675e-08 
4.1485805235552675e-08 
4.1485805235552675e-08 
4.1485805235552675e-08 
4.1485805235552675e-08 
4.1485805235552675e-08 
4.1485805235552675e-08 
4.1485805235552675e-08 
4.1485805235552675e-08 
4.1485805235552675e-08 
4.1485805235552675e-08 
4.1485805235552675e-08 
4.1485805235552675e-08 
4.1485805235552675e-08 
4.1485805235552675e-08 
4.1485805235552675e-08 
4.1485805235552675e-08 
4.1485805235552675e-08 
4.1485805235552675e-08 
4.1485805235552675e-08 
4.1485805235552675e-08 
4.1485805235552675e-08 
4.1485805235552675e-08 
4.1485805235552675e-08 
4.1485805235552675e-08 
4.1485805235552675e-08 
4.1485805235552675e-08 
4.1485805235552675e-08 
4.1485805235552675e-08 
4.1485805235552675e-08 
4.1485805235552675e-08 
4.1485805235552675e-08 
4.1485805235552675e-08 
4.1485805235552675e-08 
4.1485805235552675e-08 
4.1485805235552675e-08 
4.1485805235552675e-08 
4.1485805235552675e-08 
4.1485805235552675e-08 
4.1485805235552675e-08 
4.1485805235552675e-08 
4.1485805235552675e-08 
4.1485805235552675e-08 
4.1485805235552675e-08 
4.1485805235552675e-08 
4.1485805235552675e-08 
4.1485805235552675e-08 
4.1485805235552675e-08 
4.1485805235552675e-08 
4.1485805235552675e-08 
4.1485805235552675e-08 
4.1485805235552675e-08 
4.1485805235552675e-08 
4.1485805235552675e-08 
4.1485805235552675e-08 
4.1485805235552675e-08 
4.1485805235552675e-08 
4.1485805235552675e-08 
4.1485805235552675e-08 
4.1485805235552675e-08 
4.1485805235552675e-08 
4.1485805235552675e-08 
4.1485805235552675e-08 
4.1485805235552675e-08 
4.1485805235552675e-08 
4.1485805235552675e-08 
4.1485805235552675e-08 
4.1485805235552675e-08 
4.1485805235552675e-08 
4.1485805235552675e-08 
4.1485805235552675e-08 
4.1485805235552675e-08 
4.1485805235552675e-08 
4.1485805235552675e-08 
4.1485805235552675e-08 
4.1485805235552675e-08 
4.1485805235552675e-08 
4.1485805235552675e-08 
4.1485805235552675e-08 
4.1485805235552675e-08 
4.1485805235552675e-08 
4.1485805235552675e-08 
4.1485805235552675e-08 
4.1485805235552675e-08 
4.1485805235552675e-08 
4.1485805235552675e-08 
4.1485805235552675e-08 
3.7685762954708935e-08 
3.7685762954708935e-08 
3.7685762954708935e-08 
3.7685762954708935e-08 
3.7685762954708935e-08 
3.7685762954708935e-08 
3.7685762954708935e-08 
3.7685762954708935e-08 
3.7685762954708935e-08 
3.7685762954708935e-08 
3.7685762954708935e-08 
3.7685762954708935e-08 
3.7685762954708935e-08 
3.7685762954708935e-08 
3.7685762954708935e-08 
3.7685762954708935e-08 
3.7685762954708935e-08 
3.7685762954708935e-08 
3.7685762954708935e-08 
3.7685762954708935e-08 
3.7685762954708935e-08 
3.7685762954708935e-08 
3.7685762954708935e-08 
3.7685762954708935e-08 
3.7685762954708935e-08 
3.7685762954708935e-08 
3.7685762954708935e-08 
3.7685762954708935e-08 
3.7685762954708935e-08 
3.7685762954708935e-08 
3.7685762954708935e-08 
3.7685762954708935e-08 
3.7685762954708935e-08 
3.7685762954708935e-08 
3.7685762954708935e-08 
3.7685762954708935e-08 
3.7685762954708935e-08 
3.7685762954708935e-08 
3.7685762954708935e-08 
3.7685762954708935e-08 
3.7685762954708935e-08 
3.7685762954708935e-08 
3.7685762954708935e-08 
3.7685762954708935e-08 
3.7685762954708935e-08 
3.7685762954708935e-08 
3.7685762954708935e-08 
3.7685762954708935e-08 
3.7685762954708935e-08 
3.7685762954708935e-08 
3.7685762954708935e-08 
3.7685762954708935e-08 
3.7685762954708935e-08 
3.7685762954708935e-08 
3.7685762954708935e-08 
3.7685762954708935e-08 
3.7685762954708935e-08 
3.7685762954708935e-08 
3.7685762954708935e-08 
3.7685762954708935e-08 
3.7685762954708935e-08 
3.7685762954708935e-08 
3.7685762954708935e-08 
3.7685762954708935e-08 
3.7685762954708935e-08 
3.7685762954708935e-08 
3.7685762954708935e-08 
3.7685762954708935e-08 
3.7685762954708935e-08 
3.7685762954708935e-08 
3.7685762954708935e-08 
3.7685762954708935e-08 
3.7685762954708935e-08 
3.7685762954708935e-08 
3.7685762954708935e-08 
3.7685762954708935e-08 
3.7685762954708935e-08 
3.7685762954708935e-08 
3.7685762954708935e-08 
3.7685762954708935e-08 
3.7685762954708935e-08 
3.7685762954708935e-08 
3.7685762954708935e-08 
3.7685762954708935e-08 
3.7685762954708935e-08 
3.7685762954708935e-08 
3.7685762954708935e-08 
3.7685762954708935e-08 
3.7685762954708935e-08 
3.7685762954708935e-08 
3.7685762954708935e-08 
3.7685762954708935e-08 
3.7685762954708935e-08 
3.7685762954708935e-08 
3.7685762954708935e-08 
3.7685762954708935e-08 
3.7685762954708935e-08 
3.7685762954708935e-08 
3.7685762954708935e-08 
3.7685762954708935e-08 
3.7685762954708935e-08 
3.7685762954708935e-08 
3.7685762954708935e-08 
3.7685762954708935e-08 
3.7685762954708935e-08 
3.7685762954708935e-08 
3.7685762954708935e-08 
3.7685762954708935e-08 
3.7685762954708935e-08 
3.7685762954708935e-08 
3.7685762954708935e-08 
1.5410596576614921e-08 
1.5410596576614921e-08 
1.5410596576614921e-08 
1.5410596576614921e-08 
1.5410596576614921e-08 
1.5410596576614921e-08 
1.5410596576614921e-08 
1.5410596576614921e-08 
1.5410596576614921e-08 
1.5410596576614921e-08 
1.5410596576614921e-08 
1.5410596576614921e-08 
1.5410596576614921e-08 
1.5410596576614921e-08 
1.5410596576614921e-08 
1.5410596576614921e-08 
1.5410596576614921e-08 
1.5410596576614921e-08 
1.5410596576614921e-08 
1.5410596576614921e-08 
1.5410596576614921e-08 
1.5410596576614921e-08 
1.5410596576614921e-08 
1.5410596576614921e-08 
1.5410596576614921e-08 
1.5410596576614921e-08 
1.5410596576614921e-08 
1.5410596576614921e-08 
1.5410596576614921e-08 
1.5410596576614921e-08 
1.5410596576614921e-08 
1.5410596576614921e-08 
1.5410596576614921e-08 
1.5410596576614921e-08 
1.5410596576614921e-08 
