2.6811694903834118 
0.34064190670736272 
0.34064190670736272 
0.34064190670736272 
0.34064190670736272 
0.34064190670736272 
0.34064190670736272 
0.34064190670736272 
0.34064190670736272 
0.34064190670736272 
0.34064190670736272 
0.34064190670736272 
0.34064190670736272 
0.34064190670736272 
0.34064190670736272 
0.34064190670736272 
0.34064190670736272 
0.34064190670736272 
0.34064190670736272 
0.34064190670736272 
0.34064190670736272 
0.34064190670736272 
0.34064190670736272 
0.34064190670736272 
0.34064190670736272 
0.34064190670736272 
0.34064190670736272 
0.34064190670736272 
0.34064190670736272 
0.34064190670736272 
0.34064190670736272 
0.34064190670736272 
0.34064190670736272 
0.34064190670736272 
0.34064190670736272 
0.34064190670736272 
0.34064190670736272 
0.34064190670736272 
0.34064190670736272 
0.34064190670736272 
0.34064190670736272 
0.34064190670736272 
0.34064190670736272 
0.34064190670736272 
0.33965220795872847 
0.33965220795872847 
0.33965220795872847 
0.33965220795872847 
0.33965220795872847 
0.33965220795872847 
0.33965220795872847 
0.33965220795872847 
0.33965220795872847 
0.33965220795872847 
0.33965220795872847 
0.33965220795872847 
0.33965220795872847 
0.33965220795872847 
0.33965220795872847 
0.33965220795872847 
0.33965220795872847 
0.33965220795872847 
0.33882345853721874 
0.33882345853721874 
0.33882345853721874 
0.33882345853721874 
0.33882345853721874 
0.33882345853721874 
0.33882345853721874 
0.33882345853721874 
0.33882345853721874 
0.33882345853721874 
0.33882345853721874 
0.33882345853721874 
0.33882345853721874 
0.33882345853721874 
0.33882345853721874 
0.33323512875271127 
0.33323512875271127 
0.33323512875271127 
0.33323512875271127 
0.33323512875271127 
0.33323512875271127 
0.33323512875271127 
0.3252557160216405 
0.3252557160216405 
0.3252557160216405 
0.3252557160216405 
0.3252557160216405 
0.3252557160216405 
0.3252557160216405 
0.32111388567071308 
0.32095962917902565 
0.32095962917902565 
0.32095962917902565 
0.31858024927308182 
0.31858024927308182 
0.31858024927308182 
0.31858024927308182 
0.31511626439850743 
0.31511626439850743 
0.31511626439850743 
0.31450986015137017 
0.31227305642305203 
0.31025155810774807 
0.308421045107798 
0.30516911389143514 
0.29904175234872304 
0.29370136770517707 
0.28902548752609936 
0.28491421629926778 
0.28099183691543322 
0.27462160218512632 
0.26892995942740849 
0.26185216542559914 
0.25394901396859487 
0.24905156164759529 
0.24106095286126869 
0.23075140827330365 
0.2225460835690764 
0.21407580847834098 
0.203539376712535 
0.19832948648303572 
0.18985276909011253 
0.18029072110419203 
0.17435211198617986 
0.16598345956484487 
0.15799192207306259 
0.15170935224094306 
0.14649011264453329 
0.13965618685509812 
0.13358717132763645 
0.12664565156094423 
0.11899808201068779 
0.11263625335076366 
0.10748524389103972 
0.10344610164077538 
0.097961461749522458 
0.092610012922082707 
0.087780431402630449 
0.084458230859301486 
0.081216799338513543 
0.078569646131452078 
0.075144730425031531 
0.071491665950980568 
0.068320393591264864 
0.065558035264355011 
0.063146131706232747 
0.060490607031284352 
0.057172388207433332 
0.054254006559287339 
0.051687715768687192 
0.049432921222785364 
0.047454069261104036 
0.045250043153929539 
0.04280329147453471 
0.040885224900587817 
0.039056120634217754 
0.037322543580236574 
0.036081136802450314 
0.03499764086895895 
0.033605475926741228 
0.032475907707555894 
0.031620445237777975 
0.030333299215478539 
0.029143892107467692 
0.028106792523303035 
0.027144260804831132 
0.026303025044815468 
0.025600987517398387 
0.024967940500348246 
0.024491015115417986 
0.024101022612144508 
0.023703671855907479 
0.023225278026009048 
0.022802739555968093 
0.022429370444852222 
0.021940766890617344 
0.021770696678752727 
0.021371629718851128 
0.020964891888861331 
0.020645405119449654 
0.020339397513865397 
0.020136578830199828 
0.019931305474702777 
0.019740782018980222 
0.019577891126713525 
0.019464082833181393 
0.019364944879610244 
0.019229239084404194 
0.019104835924425974 
0.018972302083238538 
0.018839265402355674 
0.018721155173057485 
0.018616276311845609 
0.01856769336350305 
0.018443930263781837 
0.018341743578824291 
0.01825713674374348 
0.018186882399713541 
0.018128371372142092 
0.018079491524902323 
0.018038530577481202 
0.018004098138882527 
0.01797506314964354 
0.017950503676385694 
0.017913556601943804 
0.017878212889757245 
0.017846941123530878 
0.017819272152799111 
0.017794791707497391 
0.017773133727572492 
0.017753974557878027 
0.01773702788651927 
0.017722040323263646 
0.017708787530194749 
0.017697070829897538 
0.017686714227500528 
0.01767756179219715 
0.017669475351702275 
0.01766233245970909 
0.017656024601995352 
0.017650455611555826 
0.017645540267147236 
0.017641203053043369 
0.017637377060705294 
0.017634003015558359 
0.017631028414199258 
0.017628406759190147 
0.017626096880177869 
0.017624062331443893 
0.017622270857177463 
0.017620693916795892 
0.01761930626353601 
0.017618085570327516 
0.017617012097648141 
0.017616068398665918 
0.017615239057506168 
0.017614510456950519 
0.017613870572289199 
0.017613308788414463 
0.017612815737567188 
0.017612383155435982 
0.017612003753563279 
0.017611671106238805 
0.01761137955026245 
0.017611124096136879 
0.01761090034940933 
0.01761070444102375 
0.017610532965669938 
0.017610382927228808 
0.017610251690512446 
0.017610136938586842 
0.017610036635043798 
0.017609948990659454 
0.017609872433939616 
0.017609805585107465 
0.017609747233139596 
0.017609696315500085 
0.017609651900262056 
0.017609613170341001 
0.01760957940959534 
0.017609549990577688 
0.017609524363744331 
0.017609502047953165 
0.017609482622098892 
0.017609465717752251 
0.017609451012685143 
0.017609438225176972 
0.017609427109009847 
0.017609417449070994 
0.017609409057489943 
0.01760940177024686 
0.0176093954441956 
0.017609389954451677 
0.017609385192101343 
0.017609381062193036 
0.017609377481976947 
0.017609374379362761 
0.017609371691568888 
0.017609369363940006 
0.017609367348912129 
0.017609365605107348 
0.017609364096542075 
0.017609362791935028 
0.017609361664102385 
0.017609360689429511 
0.017609359847409699 
0.017609359120241443 
0.017609358492477131 
0.017609357950716564 
0.017609357483339749 
0.017609357080274002 
0.017609356732791022 
0.017609356433330201 
0.017609356175344714 
0.017609355953167618 
0.01760935576189538 
0.017609355597286467 
0.017609355455673447 
0.017609355333886235 
0.017609355229185775 
0.017609355139206206 
0.017609355061904735 
0.017609354995518245 
0.017609354938525459 
0.017609354889614234 
0.017609354847653302 
0.017609354811667602 
0.017609354780817064 
0.017609354754378151 
0.017609354731727932 
0.017609354712330275 
0.017609354695723965 
0.017609354681512274 
0.01760935466935417 
0.01760935465895656 
0.017609354650067643 
0.017609354642471167 
0.017609354635981501 
0.01760935463043933 
0.017609354625707986 
0.017609354621670244 
0.017609354618225655 
0.017609354615288102 
0.017609354612783845 
0.017609354610649715 
0.017609354608831656 
0.017609354607283405 
0.017609354605965362 
0.017609354604843707 
0.017609354603889515 
0.017609354603078071 
0.017609354602388261 
0.017609354601802078 
0.017609354601304108 
0.017609354600881224 
0.017609354600522233 
0.017609354600217602 
0.017609354599959194 
0.017609354599740053 
0.017609354599554289 
0.017609354599396866 
0.017609354599263511 
0.017609354599150594 
0.017609354599055022 
0.017609354598974131 
0.017609354598905707 
0.017609354598847844 
0.017609354598798949 
0.017609354598757617 
0.017609354598722714 
0.017609354598693235 
0.017609354598668348 
0.017609354598647355 
0.017609354598629653 
0.017609354598614717 
0.017609354598602144 
0.017609354598591531 
0.017609354598582597 
0.017609354598575083 
0.017609354598568758 
0.017609354598563422 
0.017609354598558936 
0.017609354598555164 
0.017609354598552007 
0.01760935459854935 
0.017609354598547115 
0.017609354598545235 
0.017609354598543653 
0.017609354598542327 
0.017609354598541224 
0.017609354598540298 
0.017609354598539507 
0.017609354598538862 
0.017609354598538324 
0.017609354598537862 
0.017609354598537474 
0.017609354598537158 
0.017609354598536898 
0.017609354598536662 
0.017609354598536481 
0.017609354598536318 
0.01760935459853618 
0.017609354598536076 
0.017609354598535989 
0.017609354598535912 
0.017609354598535853 
0.017609354598535795 
0.017609354598535736 
0.017609354598535704 
0.017609354598535677 
0.017609354598535659 
0.017609354598535631 
0.017609354598535611 
0.017609354598535597 
0.017609354598535583 
0.017609354598535572 
0.017609354598535572 
0.017609354598535572 
0.017609354598535572 
0.017609354598535572 
0.017609354598535572 
0.017609354598535572 
0.017609354598535572 
0.017609354598535572 
0.017609354598535572 
0.017609354598535572 
0.017609354598535572 
0.017609354598535572 
0.017609354598535572 
0.017609354598535572 
0.017609354598535572 
0.017609354598535572 
0.017609354598535572 
0.017609354598535572 
0.017609354598535572 
0.017609354598535572 
0.017609354598535572 
0.017609354598535572 
0.017609354598535572 
0.017609354598535572 
0.017609354598535572 
0.017609354598535572 
0.017609354598535572 
0.017609354598535572 
0.017609354598535572 
0.017609354598535572 
0.017609354598535572 
0.017609354598535572 
0.017609354598535572 
0.017609354598535572 
0.017609354598535572 
0.017609354598535572 
0.017609354598535572 
0.017609354598535572 
0.017609354598535572 
0.017609354598535572 
0.017609354598535572 
0.017609354598535572 
0.017609354598535572 
0.017609354598535572 
0.017609354598535572 
0.017609354598535572 
0.017609354598535572 
0.017607674862777881 
0.017607674862777881 
0.017607674862777881 
0.017607579448923369 
0.017607579448923369 
0.017607579448923369 
0.017607575773731347 
0.017607575773731347 
0.017607575773731347 
0.017607560066337926 
0.017607560066337926 
0.017607560066337926 
0.017607560066337926 
0.017607560066337926 
0.017607560066337926 
0.017607560066337926 
0.017607559785572966 
0.017607559785572966 
0.017607559785572966 
0.017607559785572966 
0.017607559785572966 
0.017607559785572966 
0.017607559785572966 
0.017607559685197317 
0.017607559685197317 
0.017607559685197317 
0.017607559643561602 
0.017607559643561602 
0.017607559643561602 
0.017607559569960934 
0.017607559569960934 
0.017607559569960934 
0.017607559569960934 
0.017607559569960934 
0.017607559569960934 
0.017607559569960934 
0.017607559567643476 
0.017607559567643476 
0.017607559567643476 
0.017607559567370274 
0.017607559567370274 
0.017607559567370274 
0.017607559565432307 
0.017607559565432307 
0.017607559565432307 
0.017607559565432307 
0.017607559565432307 
0.017607559565432307 
0.017607559565432307 
0.017607559565401984 
0.017607559565401984 
0.017607559565401984 
0.017607559565401984 
0.017607559565401984 
0.017607559565401984 
0.017607559565401984 
0.017607559565401984 
0.017607559565401984 
0.017607559565401984 
0.017607559565401984 
0.017607559565401984 
0.017607559565401984 
0.017607559565401984 
0.017607559565401984 
0.017607559565401984 
0.017607559565401984 
0.017607231653846103 
0.017607231653846103 
0.017607231653846103 
0.017607202026974463 
0.017607202026974463 
0.017607202026974463 
0.017607202026974463 
0.017607202026974463 
0.017606618751688508 
0.017604953430967029 
0.017603688640901855 
0.017602721028843294 
0.017601976184477411 
0.017601399860040102 
0.01760095203577745 
0.01760060286411453 
0.017600329864295269 
0.017600115957088238 
0.017599948069804819 
0.01759981613301511 
0.017599712349669835 
0.017599630656162189 
0.01759956632044676 
0.017599515639323892 
0.017599475708388747 
0.017599444245860667 
0.017599419456798347 
0.017599399927878109 
0.017599384545496144 
0.01759937243179718 
0.017599362894564284 
0.017599355387878934 
0.017599349481183642 
0.017599344834920677 
0.017599341181330854 
0.017599338309308824 
0.017599336052452532 
0.017599334279630306 
0.017599332887534239 
0.01759933179480121 
0.017599330937372031 
0.017599330264828232 
0.017599329737501172 
0.017599329324191153 
0.017599329000368244 
0.017599328746753507 
0.017599328548200587 
0.017599328392814341 
0.017599328271256459 
0.01759932817619865 
0.01759932810189227 
0.017599328043829434 
0.017599327998476667 
0.017599327963065282 
0.017599327935426744 
0.017599327913863178 
0.017599327897045755 
0.017599327883934916 
0.017599327873717648 
0.017599327865758387 
0.017599327859560511 
0.017599327854736092 
0.017599327850982213 
0.017599327848062455 
0.01759932784579234 
0.017599327844027995 
0.017599327842657289 
0.01759932784159279 
0.017599327840766427 
0.017599327840125162 
0.017599327839627737 
0.017599327839242025 
0.017599327838943066 
0.017599327838711432 
0.017599327838532037 
0.017599327838393134 
0.017599327838285644 
0.017599327838202488 
0.017599327838138192 
0.017599327838088479 
0.017599327838050061 
0.017599327838020394 
0.017599327837997492 
0.017599327837979808 
0.017599327837966163 
0.017599327837955637 
0.017599327837947532 
0.017599327837941277 
0.017599327837936465 
0.017599327837932756 
0.017599327837929904 
0.017599327837927715 
0.017599327837926025 
0.017599327837924734 
0.017599327837923732 
0.017599327837922962 
0.017599327837922372 
0.017599327837921921 
0.017599327837921577 
0.01759932783792131 
0.017599327837921109 
0.017599327837920949 
0.017599327837920821 
0.017599327837920724 
0.017599327837920654 
0.017599327837920595 
0.017599327837920557 
0.017599327837920526 
0.017599327837920502 
0.017599327837920484 
0.017599327837920471 
0.01759932783792046 
0.017599327837920453 
0.017599327837920446 
0.017599327837920436 
0.017599327837920436 
0.017599327837920436 
0.017599327837920436 
0.017599327837920436 
0.017599327837920436 
0.017599327837920436 
0.017599327837920436 
0.017599327837920436 
0.017599327837920436 
0.017599327837920436 
0.017599327837920436 
0.017599327837920436 
0.017599327837920436 
0.017599327837920436 
0.017599327837920436 
0.0174994294166054 
0.0174994294166054 
0.0174994294166054 
0.0174994294166054 
0.017498558520104644 
0.017498558520104644 
0.017498558520104644 
0.014044005418053007 
0.014044005418053007 
0.014044005418053007 
0.013358106806362515 
0.012135857785659048 
0.011933769425063023 
0.011035768946832123 
0.010406898551556184 
0.0099621630857929019 
0.009644520178267767 
0.0094155507417205877 
0.0092491568994259518 
0.0091274071948584043 
0.008846845945461812 
0.0085591048468382971 
0.008346357668876099 
0.0081885476231813425 
0.0074668391166042682 
0.0049977363902945753 
0.0042351736160025953 
0.0041162731491328156 
0.003783265578342466 
0.0036364863357588395 
0.0034697042892809123 
0.0032992116167111733 
0.0031653890680238368 
0.0029921952389037566 
0.0027642081854468733 
0.0026102948347545853 
0.0018281283262329567 
0.0016012188539361208 
0.0010172230971777795 
0.00062884279331442328 
6.6570577788020832e-05 
6.6570577788020832e-05 
4.8817409222423069e-05 
3.8978864221570853e-06 
3.3220506493321665e-06 
3.3220506493321665e-06 
3.3220506493321665e-06 
3.3220506493321665e-06 
5.0197387840384734e-07 
5.0197387840384734e-07 
5.0197387840384734e-07 
1.0301320432614262e-07 
1.0301320432614262e-07 
1.0301320432614262e-07 
1.0301320432614262e-07 
1.0301320432614262e-07 
1.0301320432614262e-07 
1.0301320432614262e-07 
5.2461407755961152e-08 
5.2461407755961152e-08 
5.2461407755961152e-08 
5.2461407755961152e-08 
3.7857440872281147e-08 
2.5279471774795038e-08 
2.2842644374385896e-08 
2.2842644374385896e-08 
2.2842644374385896e-08 
2.2842644374385896e-08 
2.2842644374385896e-08 
2.0241172827454374e-08 
2.0241172827454374e-08 
2.0241172827454374e-08 
2.0241172827454374e-08 
3.1185689630665614e-09 
3.1185689630665614e-09 
3.1185689630665614e-09 
1.6338622872605565e-09 
1.6338622872605565e-09 
1.6338622872605565e-09 
1.6338622872605565e-09 
1.6338622872605565e-09 
1.6338622872605565e-09 
1.6338622872605565e-09 
1.6086277911261091e-09 
1.6086277911261091e-09 
1.6086277911261091e-09 
1.6086277911261091e-09 
1.6086277911261091e-09 
1.6086277911261091e-09 
1.6086277911261091e-09 
1.6086277911261091e-09 
1.6086277911261091e-09 
1.6086277911261091e-09 
1.6086277911261091e-09 
1.6086277911261091e-09 
1.6086277911261091e-09 
1.6086277911261091e-09 
1.6086277911261091e-09 
2.247102236722928e-10 
2.247102236722928e-10 
2.247102236722928e-10 
5.182434539817627e-11 
5.182434539817627e-11 
5.182434539817627e-11 
5.182434539817627e-11 
5.182434539817627e-11 
5.182434539817627e-11 
5.182434539817627e-11 
4.5726898055884289e-11 
4.5726898055884289e-11 
4.5726898055884289e-11 
4.5726898055884289e-11 
4.5726898055884289e-11 
4.5726898055884289e-11 
4.5726898055884289e-11 
4.5726898055884289e-11 
4.5726898055884289e-11 
4.5726898055884289e-11 
4.567377446011624e-11 
4.567377446011624e-11 
4.567377446011624e-11 
4.567377446011624e-11 
4.567377446011624e-11 
4.567377446011624e-11 
4.567377446011624e-11 
4.5652604747662715e-11 
4.5652604747662715e-11 
4.5652604747662715e-11 
4.5652604747662715e-11 
4.5652604747662715e-11 
4.5652604747662715e-11 
4.5652604747662715e-11 
4.5652604747662715e-11 
4.5652604747662715e-11 
4.5652604747662715e-11 
4.5652604747662715e-11 
4.5652604747662715e-11 
4.5652604747662715e-11 
4.5652604747662715e-11 
4.5652604747662715e-11 
4.5652604747662715e-11 
4.5652604747662715e-11 
4.5652604747662715e-11 
4.5652604747662715e-11 
4.5652604747662715e-11 
4.5652604747662715e-11 
4.5652604747662715e-11 
4.5652604747662715e-11 
4.5652604747662715e-11 
4.5652604747662715e-11 
4.5652604747662715e-11 
4.5652604747662715e-11 
4.5652604747662715e-11 
4.5652580273036289e-11 
4.5652580273036289e-11 
4.5652580273036289e-11 
4.5652580273036289e-11 
4.5652580273036289e-11 
4.5652580273036289e-11 
4.5652580273036289e-11 
4.5652580273036289e-11 
4.5652580273036289e-11 
4.5652580273036289e-11 
4.5652580273036289e-11 
4.5652580273036289e-11 
4.5652580273036289e-11 
4.5652580273036289e-11 
4.5652580273036289e-11 
4.5652580273036289e-11 
4.5652580273036289e-11 
4.5652580268005525e-11 
4.5652580268005525e-11 
4.5652580268005525e-11 
4.5652580263778496e-11 
4.5652580263778496e-11 
4.5652580263778496e-11 
4.5652580263778496e-11 
4.5652580263778496e-11 
4.5652580263778496e-11 
4.5652580263778496e-11 
4.5652580263778496e-11 
4.5652580263778496e-11 
4.5652580262195635e-11 
4.5652580262195635e-11 
4.5652580259875367e-11 
4.5652580258693908e-11 
4.5652580256105168e-11 
4.5652580255514439e-11 
4.5652580252998685e-11 
4.5652580252998685e-11 
4.5652580252998685e-11 
4.5652580252998685e-11 
4.5652580249593396e-11 
4.5652580243745326e-11 
4.5652580242782817e-11 
4.5652580242782817e-11 
4.5652580242782817e-11 
4.5652580240340043e-11 
4.5652580236417003e-11 
4.5652580236417003e-11 
4.5652580236417003e-11 
4.5652580236417003e-11 
4.5652580233974222e-11 
4.5652580233974222e-11 
4.5652580233974222e-11 
4.5652580233974222e-11 
4.5652580233974222e-11 
4.5652580233974222e-11 
4.5652580233974222e-11 
4.5652580233974222e-11 
4.5652580233974222e-11 
4.5652580233974222e-11 
4.5652580233974222e-11 
4.5652580233974222e-11 
4.5652580233974222e-11 
4.5652580233974222e-11 
4.5652580233974222e-11 
4.5652580233974222e-11 
4.5652580233974222e-11 
4.5652580233974222e-11 
4.5652580233974222e-11 
4.5652580233974222e-11 
4.5652580233974222e-11 
4.5652580233974222e-11 
4.5652580233974222e-11 
4.5652580233974222e-11 
4.5652580233974222e-11 
4.5652580233974222e-11 
4.5652580233974222e-11 
4.5652580233974222e-11 
4.5652580233974222e-11 
4.5652580233974222e-11 
4.5652580233974222e-11 
4.5652580233974222e-11 
4.5652580233974222e-11 
4.5652580233974222e-11 
4.5652580233974222e-11 
4.5652580233974222e-11 
4.5652580233974222e-11 
4.5652580233974222e-11 
4.5652580233974222e-11 
4.5652580233974222e-11 
4.5652580233974222e-11 
4.5652580233974222e-11 
4.5652580233974222e-11 
4.5652580233974222e-11 
4.5652580233974222e-11 
4.5652580233974222e-11 
4.5652580233974222e-11 
4.5652580233974222e-11 
4.5652580233974222e-11 
4.5652580233974222e-11 
4.5652580233974222e-11 
4.5652580233974222e-11 
4.5652580233974222e-11 
4.5652580233974222e-11 
4.5652580233974222e-11 
4.5652580233974222e-11 
4.5652580233974222e-11 
4.5652580233974222e-11 
4.5652580233974222e-11 
4.5652580233974222e-11 
4.5652580233974222e-11 
4.5652580233974222e-11 
4.5652580233974222e-11 
4.5652580233974222e-11 
4.5652580233974222e-11 
4.5652580233974222e-11 
4.5652580233974222e-11 
4.5652580233974222e-11 
4.5652580233974222e-11 
4.5652580233974222e-11 
4.5652580233974222e-11 
4.5652580233974222e-11 
4.5652580233974222e-11 
4.5652580233974222e-11 
4.5652580233974222e-11 
4.5652580233974222e-11 
4.3052376760139677e-11 
3.9445977240326407e-11 
3.7224534480725514e-11 
3.5823046448546629e-11 
3.4922499620099916e-11 
3.4335988311333217e-11 
3.3950324971426852e-11 
3.3695043849045425e-11 
3.3525309482265102e-11 
3.341212302796754e-11 
3.3336504793313023e-11 
3.3285928814029375e-11 
3.3252081233312807e-11 
3.3229422960504834e-11 
3.3214254538333809e-11 
3.3204101410082163e-11 
3.3197306886532335e-11 
3.3192761332496726e-11 
3.3189721412355556e-11 
3.3187689190419821e-11 
3.3186331176474692e-11 
3.3185424076143002e-11 
3.3184818429548137e-11 
3.3184414231353607e-11 
3.3184144595677209e-11 
3.3183964804972102e-11 
3.318384497543552e-11 
3.3183765145297781e-11 
3.3183711986236987e-11 
3.3183676603956591e-11 
3.3183653064366424e-11 
3.318363741038044e-11 
3.3183627005019192e-11 
3.3183620091748306e-11 
3.3183615500386848e-11 
3.3183612452887434e-11 
3.3183610430950668e-11 
3.3183609090079934e-11 
3.3183608200782478e-11 
3.3183607611795108e-11 
3.318360722196309e-11 
3.3183606963623075e-11 
3.3183606792717524e-11 
3.3183606679589751e-11 
3.3183606605066284e-11 
3.318360655576716e-11 
3.3183606523213719e-11 
3.3183606501824069e-11 
3.3183606487634852e-11 
3.3183606478218266e-11 
3.3183606471827101e-11 
3.3183606467523435e-11 
3.3183606464966969e-11 
3.3183606463219776e-11 
3.3183606461941543e-11 
3.3183606461132269e-11 
3.3183606460663309e-11 
3.3183606460194343e-11 
3.3183606460194343e-11 
3.3183606460194343e-11 
3.3183606460194343e-11 
3.3183606460194343e-11 
3.3183606460194343e-11 
3.3183606460194343e-11 
3.3183606460194343e-11 
3.3183606460194343e-11 
3.3183606460194343e-11 
3.3183606460194343e-11 
3.3183606460194343e-11 
3.3183606460194343e-11 
3.3183606460194343e-11 
3.3183606460194343e-11 
3.3183606460194343e-11 
3.3183606460194343e-11 
3.3183606460194343e-11 
3.3183606460194343e-11 
3.3183606460194343e-11 
3.3183606460194343e-11 
3.3183606460194343e-11 
3.3183606460194343e-11 
3.3183606460194343e-11 
