2.0826652645190911 
2.0826652645190911 
0.89127691192476488 
0.18835865727234735 
0.18524669116221687 
0.18522275207166983 
0.18522275207166983 
0.18522275207166983 
0.18522275207166983 
0.18522275207166983 
0.18522275207166983 
0.18522275207166983 
0.16853098740809985 
0.15116448626764648 
0.145490059992191 
0.13744051881209118 
0.13592635969823275 
0.13204396547573305 
0.13191841202063198 
0.12995665621096275 
0.1299441220123852 
0.12932893508426244 
0.12929498379472867 
0.12898309159851867 
0.12898069036498727 
0.12887180038648297 
0.12887064078577093 
0.12881605683305675 
0.12881539281719853 
0.12879965138787028 
0.12879746523921895 
0.1287895068952353 
0.12878914093201951 
0.12878537640751139 
0.12878503378647954 
0.1287835932883554 
0.1287832249600957 
0.12878234488174664 
0.12878202697199406 
0.12878151153229528 
0.12878119290262444 
0.12878078532555404 
0.12878046946892552 
0.12878011941265033 
0.12877980276716439 
0.1287794734837982 
0.12877915719740421 
0.12877883526655737 
0.1287785194281684 
0.12877820095980602 
0.12877788504250656 
0.12877756815610997 
0.12877725210651267 
0.12877693592645126 
0.12877661980169247 
0.12877630382638164 
0.12877598785754091 
0.12877567188696643 
0.12877535589658229 
0.12877503995167874 
0.12877472401171325 
0.12877440807648016 
0.12877409214597846 
0.12877377622020819 
0.12877346029916945 
0.12877314438286225 
0.12877282847128657 
0.12877251256444258 
0.1287721966623302 
0.12877188076494958 
0.12877156487230068 
0.12877124898438358 
0.12877093310119836 
0.12877061722274502 
0.12877030134902356 
0.1287699854800341 
0.12876966961577666 
0.12876935375625126 
0.12876903790145797 
0.12876872205139683 
0.12876840620606789 
0.12876809036547113 
0.12876777452960667 
0.12876745869847456 
0.1287671428720748 
0.12876682705040743 
0.12876651123347252 
0.12876619542127007 
0.12876587961380018 
0.12876556381106286 
0.12876524801305819 
0.12876493221978616 
0.12876461643124687 
0.12876430064744027 
0.12876398486836652 
0.12876366909402556 
0.12876335332441752 
0.12876303755954238 
0.12876272179940024 
0.12876240604399111 
0.12876209029331501 
0.128761774547372 
0.12876145880616213 
0.1287611430696855 
0.12876082733794206 
0.12876051161093191 
0.12876019588865506 
0.12875988017111156 
0.12875956445830145 
0.12875924875022482 
0.12875893304688169 
0.12875861734827207 
0.12875830165439606 
0.12875798596525362 
0.12875767028084484 
0.12875735460116977 
0.1287570389262285 
0.128756723256021 
0.12875640759054732 
0.12875609192980753 
0.12875577627380164 
0.12875546062252971 
0.12875514497599186 
0.128754829334188 
0.12875451369711829 
0.12875419806478267 
0.12875388243718122 
0.12875356681431402 
0.12875325119618114 
0.12875293558278253 
0.1287526199741183 
0.12875230437018842 
0.128751988770993 
0.12875167317653208 
0.1287513575868057 
0.12875104200181389 
0.12875072642155669 
0.12875041084603417 
0.12875009527524633 
0.12874977970919321 
0.12874946414787491 
0.12874914859129147 
0.1287488330394429 
0.12874851749232924 
0.12874820194995054 
0.12874788641230683 
0.1287475708793982 
0.12874725535122464 
0.12874693982778626 
0.12874662430908304 
0.12874630879511503 
0.12874599328588229 
0.12874567778138488 
0.12874536228162281 
0.12874504678659615 
0.12874473129630493 
0.12874441581074916 
0.12874410032992897 
0.1287437848538443 
0.12874346938249528 
0.1287431539158819 
0.12874283845400422 
0.12874252299686234 
0.12874220754445617 
0.12874189209678588 
0.12874157665385147 
0.12874126121565294 
0.12874094578219039 
0.12874063035346386 
0.12874031492947341 
0.128739999510219 
0.12873968409570075 
0.12873936868591865 
0.12873905328087282 
0.12873873788056323 
0.12873842248498996 
0.12873810709415301 
0.1287377917080525 
0.12873747632668839 
0.12873716095006077 
0.1287368455781697 
0.12873653021101522 
0.12873621484859732 
0.1287358994909161 
0.12873558413797151 
0.12873526878976371 
0.12873495344629271 
0.12873463810755856 
0.12873432277356125 
0.12873400744430086 
0.12873369211977739 
0.12873337679999097 
0.12873306148494157 
0.12873274617462932 
0.1287324308690542 
0.1287321155682162 
0.12873180027211542 
0.12873148498075193 
0.12873116969412574 
0.12873085441223692 
0.12873053913508548 
0.12873022386267149 
0.12872990859499497 
0.12872959333205597 
0.12872927807385454 
0.1287289628203907 
0.12872864757166455 
0.12872833232767611 
0.12872801708842538 
0.12872770185391244 
0.12872738662413732 
0.12872707139910008 
0.12872675617880078 
0.1287264409632394 
0.12872612575241607 
0.12872581054633075 
0.12872549534498351 
0.12872518014837442 
0.12872486495650351 
0.12872454976937084 
0.1287242345869764 
0.12872391940932026 
0.12872360423640247 
0.12872328906822308 
0.12872297390478213 
0.12872265874607966 
0.12872234359211573 
0.12872202844289032 
0.12872171329840357 
0.12872139815865544 
0.12872108302364599 
0.1287207678933753 
0.12872045276784341 
0.12872013764705037 
0.12871982253099615 
0.12871950741968086 
0.12871919231310452 
0.12871887721126718 
0.12871856211416888 
0.1287182470218097 
0.12871793193418962 
0.12871761685130872 
0.12871730177316701 
0.12871698669976459 
0.12871667163110145 
0.12871635656717773 
0.12871604150799335 
0.1287157264535484 
0.12871541140384291 
0.12871509635887696 
0.12871478131865055 
0.1287144662831638 
0.12871415125241667 
0.12871383622640925 
0.12871352120514157 
0.12871320618861365 
0.12871289117682555 
0.12871257616977735 
0.12871226116746906 
0.1287119461699007 
0.12871163117707235 
0.12871131618898404 
0.12871100120563581 
0.12871068622702772 
0.12871037125315982 
0.12871005628403212 
0.12870974131964466 
0.12870942635999752 
0.12870911140509073 
0.12870879645492431 
0.12870848150949832 
0.12870816656881284 
0.12870785163286785 
0.12870753670166343 
0.12870722177519964 
0.12870690685347644 
0.12870659193649397 
0.12870627702425225 
0.12870596211675131 
0.12870564721399116 
0.12870533231597192 
0.12870501742269355 
0.12870470253415611 
0.12870438765035974 
0.12870407277130438 
0.12870375789699012 
0.12870344302741696 
0.12870312816258495 
0.12870281330249417 
0.12870249844714468 
0.12870218359653648 
0.12870186875066961 
0.12870155390954413 
0.12870123907316008 
0.12870092424151749 
0.12870060941461642 
0.12870029459245694 
0.12869997977503908 
0.12869966496236282 
0.12869935015442827 
0.12869903535123547 
0.12869872055278442 
0.12869840575907518 
0.12869809097010784 
0.12869777618588243 
0.12869746140639893 
0.12869714663165741 
0.12869683186165798 
0.12869651709640059 
0.12869620233588536 
0.1286958875801123 
0.12869557282908142 
0.12869525808279283 
0.12869494334124651 
0.12869462860444253 
0.12869431387238098 
0.12869399914506183 
0.12869368442248516 
0.12869336970465101 
0.12869305499155936 
0.12869274028321037 
0.12869242557960403 
0.12869211088074037 
0.12869179618661944 
0.1286914814972413 
0.12869116681260595 
0.12869085213271347 
0.12869053745756392 
0.1286902227871573 
0.1286899081214937 
0.12868959346057313 
0.1286892788043956 
0.12868896415296124 
0.12868864950627001 
0.12868833486432202 
0.12868802022711728 
0.12868770559465587 
0.12868739096693776 
0.12868707634396304 
0.12868676172573171 
0.12868644711224389 
0.12868613250349958 
0.12868581789949887 
0.12868550330024173 
0.12868518870572823 
0.12868487411595839 
0.12868455953093233 
0.12868424495065003 
0.12868393037511155 
0.12868361580431695 
0.12868330123826624 
0.12868298667695943 
0.12868267212039666 
0.12868235756857793 
0.1286820430215033 
0.12868172847917278 
0.12868141394158639 
0.12868109940874425 
0.12868078488064633 
0.12868047035729271 
0.12868015583868345 
0.12867984132481858 
0.12867952681569814 
0.12867921231132212 
0.12867889781169065 
0.12867858331680371 
0.12867826882666142 
0.12867795434126375 
0.12867763986061076 
0.12867732538470253 
0.12867701091353903 
0.12867669644712035 
0.12867638198544654 
0.12867606752851762 
0.12867575307633372 
0.12867543862889474 
0.12867512418620083 
0.12867480974825196 
0.12867449531504824 
0.12867418088658969 
0.12867386646287632 
0.12867355204390823 
0.12867323762968544 
0.12867292322020796 
0.12867260881547585 
0.12867229441548922 
0.12867198002024799 
0.12867166562975235 
0.12867135124400222 
0.12867103686299769 
0.12867072248673883 
0.12867040811522562 
0.12867009374845817 
0.12866977938643648 
0.1286694650291606 
0.12866915067663059 
0.12866883632884646 
0.1286685219858083 
0.12866820764751616 
0.12866789331397002 
0.12866757898516992 
0.128667264661116 
0.1286669503418082 
0.12866663602724665 
0.12866632171743131 
0.12866600741236228 
0.12866569311203963 
0.12866537881646331 
0.12866506452563342 
0.12866475023954999 
0.12866443595821309 
0.12866412168162275 
0.12866380740977898 
0.12866349314268188 
0.12866317888033146 
0.12866286462272775 
0.12866255036987084 
0.1286622361217607 
0.12866192187839748 
0.12866160763978113 
0.12866129340591173 
0.12866097917678931 
0.12866066495241391 
0.12866035073278559 
0.12866003651790442 
0.1286597223077704 
0.1286594081023836 
0.12865909390174401 
0.12865877970585174 
0.12865846551470678 
0.12865815132830921 
0.12865783714665907 
0.12865752296975641 
0.12865720879760126 
0.12865689463019364 
0.12865658046753364 
0.12865626630962124 
0.12865595215645656 
0.12865563800803961 
0.12865532386437045 
0.12865500972544908 
0.12865469559127551 
0.1286543814618499 
0.12865406733717227 
0.12865375321724257 
0.12865343910206095 
0.12865312499162737 
0.12865281088594191 
0.12865249678500459 
0.12865218268881551 
0.12865186859737465 
0.12865155451068214 
0.12865124042873793 
0.12865092635154207 
0.12865061227909466 
0.12865029821139568 
0.12864998414844528 
0.12864967009024336 
0.12864935603679009 
0.12864904198808547 
0.12864872794412946 
0.12864841390492221 
0.12864809987046374 
0.12864778584075409 
0.12864747181579331 
0.12864715779558139 
0.12864684378011845 
0.12864652976940447 
0.12864621576343951 
0.12864590176222365 
0.12864558776575691 
0.12864527377403931 
0.12864495978707094 
0.1286446458048518 
0.12864433182738194 
0.1286440178546614 
0.12864370388669027 
0.12864338992346858 
0.12864307596499633 
0.12864276201127359 
0.12864244806230041 
0.12864213411807679 
0.12864182017860284 
0.12864150624387857 
0.12864119231390403 
0.12864087838867924 
0.12864056446820427 
0.12864025055247916 
0.12863993664150394 
0.12863962273527868 
0.12863930883380342 
0.12863899493707817 
0.12863868104510298 
0.12863836715787794 
0.12863805327540301 
0.12863773939767831 
0.12863742552470386 
0.1286371116564797 
0.12863679779300588 
0.1286364839342824 
0.12863617008030936 
0.12863585623108681 
0.12863554238661476 
0.12863522854689327 
0.12863491471192234 
0.12863460088170203 
0.12863428705623245 
0.12863397323551357 
0.12863365941954547 
0.12863334560832818 
0.12863303180186175 
0.12863271800014622 
0.12863240420318162 
0.12863209041096799 
0.12863177662350542 
0.12863146284079391 
0.12863114906283352 
0.12863083528962427 
0.12863052152116622 
0.12863020775745945 
0.12862989399850394 
0.12862958024429977 
0.12862926649484699 
0.1286289527501456 
0.12862863901019569 
0.12862832527499732 
0.12862801154455045 
0.12862769781885519 
0.12862738409791158 
0.12862707038171964 
0.12862675667027942 
0.12862644296359096 
0.12862612926165432 
0.12862581556446959 
0.12862550187203667 
0.12862518818435573 
0.12862487450142679 
0.12862456082324986 
0.12862424714982498 
0.12862393348115223 
0.12862361981723164 
0.12862330615806328 
0.12862299250364714 
0.12862267885398329 
0.12862236520907175 
0.1286220515689126 
0.1286217379335059 
0.12862142430285162 
0.1286211106769499 
0.12862079705580068 
0.12862048343940405 
0.12862016982776006 
0.12861985622086877 
0.12861954261873021 
0.1286192290213444 
0.1286189154287114 
0.12861860184083126 
0.12861828825770402 
0.1286179746793297 
0.12861766110570838 
0.12861734753684009 
0.12861703397272486 
0.12861672041336275 
0.12861640685875378 
0.12861609330889806 
0.12861577976379554 
0.12861546622344636 
0.12861515268785045 
0.12861483915700797 
0.12861452563091888 
0.12861421210958324 
0.1286138985930011 
0.12861358508117254 
0.12861327157409755 
0.1286129580717762 
0.12861264457420854 
0.12861233108139455 
0.12861201759333438 
0.12861170411002801 
0.1286113906314755 
0.12861107715767689 
0.12861076368863222 
0.1286104502243415 
0.12861013676480484 
0.12860982331002224 
0.12860950985999375 
0.12860919641471943 
0.12860888297419931 
0.12860856953843344 
0.1286082561074218 
0.12860794268116454 
0.12860762925966165 
0.12860731584291318 
0.12860700243091919 
0.12860668902367967 
0.12860637562119467 
0.12860606222346432 
0.12860574883048856 
0.12860543544226752 
0.1286051220588012 
0.12860480868008964 
0.12860449530613288 
0.12860418193693099 
0.12860386857248396 
0.1286035552127919 
0.12860324185785482 
0.12860292850767277 
0.12860261516224578 
0.12860230182157389 
0.12860198848565715 
0.12860167515449566 
0.12860136182808937 
0.12860104850643841 
0.12860073518954276 
0.12860042187740245 
0.12860010857001761 
0.12859979526738818 
0.12859948196951429 
0.12859916867639595 
0.1285988553880332 
0.12859854210442606 
0.12859822882557462 
0.12859791555147887 
0.12859760228213893 
0.12859728901755479 
0.12859697575772647 
0.12859666250265409 
0.12859634925233759 
0.12859603600677713 
0.12859572276597267 
0.12859540952992429 
0.128595096298632 
0.1285947830720959 
0.12859446985031597 
0.12859415663329227 
0.12859384342102489 
0.12859353021351383 
0.12859321701075915 
0.12859290381276089 
0.12859259061951908 
0.12859227743103377 
0.12859196424730501 
0.12859165106833281 
0.12859133789411731 
0.12859102472465847 
0.12859071155995636 
0.12859039840001096 
0.12859008524482243 
0.12858977209439071 
0.1285894589487159 
0.12858914580779804 
0.12858883267163715 
0.12858851954023326 
0.12858820641358648 
0.12858789329169679 
0.12858758017456429 
0.12858726706218895 
0.1285869539545709 
0.12858664085171007 
0.12858632775360662 
0.12858601466026054 
0.12858570157167182 
0.12858538848784062 
0.12858507540876693 
0.12858476233445076 
0.12858444926489218 
0.12858413620009124 
0.12858382314004799 
0.12858351008476246 
0.12858319703423465 
0.12858288398846471 
0.1285825709474526 
0.12858225791119837 
0.12858194487970209 
0.12858163185296376 
0.1285813188309835 
0.12858100581376131 
0.12858069280129722 
0.12858037979359127 
0.12858006679064352 
0.12857975379245401 
0.12857944079902281 
0.12857912781034994 
0.12857881482643543 
0.12857850184727934 
0.12857818887288172 
0.12857787590324257 
0.12857756293836198 
0.12857724997823999 
0.12857693702287665 
0.12857662407227197 
0.12857631112642601 
0.12857599818533882 
0.12857568524901042 
0.1285753723174409 
0.1285750593906303 
0.12857474646857858 
0.12857443355128587 
0.12857412063875215 
0.12857380773097751 
0.12857349482796207 
0.12857318192970571 
0.12857286903620857 
0.12857255614747062 
0.12857224326349201 
0.1285719303842727 
0.12857161750981277 
0.12857130464011227 
0.12857099177517126 
0.12857067891498969 
0.1285703660595677 
0.1285700532089053 
0.1285697403630025 
0.12856942752185943 
0.12856911468547605 
0.12856880185385244 
0.12856848902698867 
0.12856817620488467 
0.12856786338754064 
0.1285675505749565 
0.12856723776713239 
0.1285669249640683 
0.12856661216576426 
0.12856629937222033 
0.12856598658343651 
0.12856567379941294 
0.12856536102014962 
0.12856504824564657 
0.12856473547590389 
0.1285644227109215 
0.12856410995069958 
0.12856379719523814 
0.12856348444453716 
0.12856317169859674 
0.12856285895741693 
0.12856254622099772 
0.12856223348933923 
0.12856192076244144 
0.12856160804030439 
0.12856129532292818 
0.12856098261031282 
0.12856066990245835 
0.12856035719936479 
0.12856004450103223 
0.12855973180746069 
0.12855941911865024 
0.12855910643460092 
0.12855879375531273 
0.12855848108078574 
0.12855816841102 
0.12855785574601553 
0.12855754308577239 
0.12855723043029063 
0.12855691777957029 
0.12855660513361142 
0.12855629249241404 
0.12855597985597816 
0.12855566722430392 
0.12855535459739134 
0.12855504197524042 
0.1285547293578512 
0.12855441674522378 
0.1285541041373581 
0.12855379153425434 
0.12855347893591243 
0.12855316634233246 
0.1285528537535145 
0.12855254116945858 
0.12855222859016469 
0.12855191601563293 
0.12855160344586331 
0.12855129088085593 
0.12855097832061077 
0.12855066576512789 
0.12855035321440733 
0.12855004066844913 
0.1285497281272534 
0.12854941559082006 
0.12854910305914927 
0.12854879053224103 
0.12854847801009539 
0.12854816549271236 
0.128547852980092 
0.12854754047223435 
0.1285472279691395 
0.12854691547080749 
0.1285466029772383 
0.12854629048843197 
0.12854597800438861 
0.12854566552510821 
0.12854535305059087 
0.12854504058083657 
0.12854472811584539 
0.12854441565561739 
0.12854410320015253 
0.12854379074945096 
0.12854347830351268 
0.12854316586233769 
0.12854285342592614 
0.12854254099427798 
0.12854222856739325 
0.12854191614527202 
0.12854160372791437 
0.12854129131532033 
0.12854097890748989 
0.12854066650442314 
0.12854035410612011 
0.12854004171258079 
0.12853972932380534 
0.1285394169397937 
0.12853910456054601 
0.12853879218606223 
0.12853847981634248 
0.12853816745138671 
0.128537855091195 
0.12853754273576742 
0.12853723038510398 
0.12853691803920475 
0.12853660569806979 
0.12853629336169908 
0.1285359810300927 
0.12853566870325067 
0.12853535638117314 
0.12853504406386002 
0.12853473175131144 
0.12853441944352739 
0.12853410714050786 
0.12853379484225302 
0.12853348254876287 
0.12853317026003744 
0.12853285797607675 
0.12853254569688091 
0.1285322334224499 
0.12853192115278375 
0.12853160888788256 
0.12853129662774643 
0.12853098437237523 
0.12853067212176916 
0.12853035987592815 
0.12853004763485232 
0.12852973539854171 
0.12852942316699628 
0.12852911094021621 
0.12852879871820147 
0.12852848650095205 
0.12852817428846808 
0.12852786208074957 
0.12852754987779655 
0.12852723767960911 
0.12852692548618722 
0.12852661329753101 
0.12852630111364044 
0.12852598893451561 
0.12852567676015653 
0.12852536459056327 
0.12852505242573584 
0.12852474026567437 
0.12852442811037879 
0.12852411595984919 
0.12852380381408565 
0.12852349167308813 
0.12852317953685674 
0.12852286740539157 
0.12852255527869252 
0.12852224315675975 
0.12852193103959325 
0.1285216189271931 
0.12852130681955934 
0.12852099471669196 
0.12852068261859109 
0.12852037052525669 
0.12852005843668884 
0.12851974635288757 
0.12851943427385296 
0.128519122199585 
0.12851881013008382 
0.12851849806534937 
0.1285181860053817 
0.12851787395018091 
0.12851756189974703 
0.12851724985408008 
0.1285169378131801 
0.12851662577704717 
0.12851631374568129 
0.12851600171908253 
0.12851568969725094 
0.12851537768018653 
0.12851506566788939 
0.12851475366035953 
0.12851444165759701 
0.12851412965960185 
0.1285138176663741 
0.12851350567791381 
0.12851319369422104 
0.12851288171529582 
0.1285125697411382 
0.12851225777174821 
0.12851194580712588 
0.12851163384727129 
0.12851132189218445 
0.12851100994186543 
0.12851069799631429 
0.12851038605553103 
0.1285100741195157 
0.12850976218826837 
0.12850945026178903 
0.12850913834007779 
0.12850882642313469 
0.12850851451095974 
0.12850820260355295 
0.12850789070091442 
0.1285075788030442 
0.1285072669099423 
0.12850695502160878 
0.12850664313804372 
0.12850633125924707 
0.12850601938521891 
0.12850570751595933 
0.12850539565146832 
0.12850508379174599 
0.1285047719367923 
0.12850446008660737 
0.12850414824119119 
0.1285038364005438 
0.12850352456466529 
0.12850321273355567 
0.128502900907215 
0.12850258908564333 
0.12850227726884064 
0.12850196545680706 
0.12850165364954258 
0.12850134184704726 
0.12850103004932115 
0.12850071825636428 
0.1285004064681767 
0.12850009468475845 
0.12849978290610958 
0.12849947113223009 
0.12849915936312012 
0.12849884759877964 
0.12849853583920873 
0.12849822408440742 
0.12849791233437569 
0.12849760058911366 
0.12849728884862135 
0.12849697711289884 
0.12849666538194615 
0.12849635365576328 
0.12849604193435032 
0.12849573021770733 
0.12849541850583426 
0.12849510679873127 
0.12849479509639833 
0.12849448339883554 
0.12849417170604288 
0.12849386001802043 
0.1284935483347682 
0.12849323665628631 
0.12849292498257475 
0.12849261331363354 
0.12849230164946276 
0.12849198999006245 
0.12849167833543262 
0.12849136668557337 
0.12849105504048472 
0.1284907434001667 
0.12849043176461938 
0.12849012013384273 
0.12848980850783689 
0.12848949688660183 
0.12848918527013767 
0.12848887365844439 
0.12848856205152206 
0.12848825044937071 
0.12848793885199036 
0.12848762725938112 
0.12848731567154298 
0.12848700408847602 
0.1284866925101803 
0.12848638093665576 
0.12848606936790252 
0.12848575780392063 
0.12848544624471012 
0.12848513469027104 
0.12848482314060339 
0.12848451159570728 
0.12848420005558273 
0.12848388852022974 
0.12848357698964841 
0.12848326546383876 
0.12848295394280085 
0.1284826424265347 
0.12848233091504035 
0.12848201940831788 
0.12848170790636729 
0.12848139640918863 
0.12848108491678198 
0.12848077342914738 
0.12848046194628485 
0.12848015046819442 
