0.81281852706719515 
0.81281852706719515 
0.81281852706719515 
0.7967766023602747 
0.74557974788354786 
0.69531404886202353 
0.64609422475118472 
0.59803293651746725 
0.55124051099940641 
0.50582467096535144 
0.46189027152826645 
0.41953904356259186 
0.37886934475100653 
0.33997591887025602 
0.30294966390506073 
0.26787740955751282 
0.23484170469638688 
0.20392061526645688 
0.17518753315233715 
0.14871099646454078 
0.12455452168751791 
0.10277644810039932 
0.083429794851155203 
0.066562131033900074 
0.052215459087278093 
0.040426111799254816 
0.03122466317035244 
0.0246358533534623 
0.020678527853914663 
0.019365591138601146 
0.019365591138601146 
0.019365591138601146 
0.019365591138601146 
0.019365591138601146 
0.019365591138601146 
0.019365591138601146 
0.019365591138601146 
0.019365591138601146 
0.019365591138601146 
0.019365591138601146 
0.017276344354773876 
0.012309019502310559 
0.0099862658295954976 
0.0099862658295954976 
0.008482018302267913 
0.0065142327288961743 
0.0065142327288961743 
0.0065142327288961743 
0.0065142327288961743 
0.0065142327288961743 
0.0065142327288961743 
0.0065142327288961743 
0.0065142327288961743 
0.0065142327288961743 
0.0065142327288961743 
0.0026296022295232424 
0.00050949093926655475 
0.00050949093926655475 
0.00050949093926655475 
0.00050949093926655475 
0.00050949093926655475 
0.00047225901544645232 
6.9896279751180401e-05 
6.9896279751180401e-05 
6.9896279751180401e-05 
6.9896279751180401e-05 
6.3886255485923193e-05 
6.3886255485923193e-05 
6.3886255485923193e-05 
6.3886255485923193e-05 
6.3886255485923193e-05 
6.3886255485923193e-05 
6.3886255485923193e-05 
6.3886255485923193e-05 
6.3886255485923193e-05 
6.3886255485923193e-05 
6.3886255485923193e-05 
6.3886255485923193e-05 
6.3886255485923193e-05 
6.3886255485923193e-05 
6.3886255485923193e-05 
6.3886255485923193e-05 
6.3886255485923193e-05 
6.3886255485923193e-05 
4.7841463326259159e-05 
4.7841463326259159e-05 
4.7841463326259159e-05 
4.7841463326259159e-05 
3.4107241817404876e-05 
3.4107241817404876e-05 
3.4107241817404876e-05 
3.4107241817404876e-05 
3.2298165129729384e-05 
3.2298165129729384e-05 
3.2298165129729384e-05 
3.2298165129729384e-05 
3.2298165129729384e-05 
3.2298165129729384e-05 
3.2298165129729384e-05 
2.4961800300427051e-05 
2.4961800300427051e-05 
2.4961800300427051e-05 
2.4961800300427051e-05 
2.4961800300427051e-05 
2.4961800300427051e-05 
2.4961800300427051e-05 
2.6412176447054847e-06 
2.6412176447054847e-06 
2.6412176447054847e-06 
2.6412176447054847e-06 
2.6412176447054847e-06 
2.6412176447054847e-06 
2.6412176447054847e-06 
2.6412176447054847e-06 
2.6412176447054847e-06 
2.6412176447054847e-06 
2.6412176447054847e-06 
2.1207639215869989e-06 
2.1207639215869989e-06 
2.1207639215869989e-06 
2.1207639215869989e-06 
2.1207639215869989e-06 
2.1207639215869989e-06 
2.1207639215869989e-06 
2.1207639215869989e-06 
2.1207639215869989e-06 
2.1207639215869989e-06 
2.1207639215869989e-06 
2.1207639215869989e-06 
2.1207639215869989e-06 
2.1207639215869989e-06 
2.1207639215869989e-06 
2.1207639215869989e-06 
2.1207639215869989e-06 
2.1207639215869989e-06 
2.1207639215869989e-06 
2.1207639215869989e-06 
2.1207639215869989e-06 
2.1207639215869989e-06 
2.1207639215869989e-06 
2.1207639215869989e-06 
2.1207639215869989e-06 
2.1207639215869989e-06 
2.1207639215869989e-06 
2.1207639215869989e-06 
2.1207639215869989e-06 
2.1207639215869989e-06 
2.1207639215869989e-06 
2.1207639215869989e-06 
2.1207639215869989e-06 
2.1207639215869989e-06 
2.1207639215869989e-06 
2.1207639215869989e-06 
2.1207639215869989e-06 
2.1207639215869989e-06 
2.1207639215869989e-06 
2.1207639215869989e-06 
2.1207639215869989e-06 
2.1207639215869989e-06 
2.1207639215869989e-06 
2.1207639215869989e-06 
2.1207639215869989e-06 
2.1207639215869989e-06 
2.1207639215869989e-06 
2.1207639215869989e-06 
2.1207639215869989e-06 
2.1207639215869989e-06 
2.1207639215869989e-06 
2.1207639215869989e-06 
2.1207639215869989e-06 
2.1207639215869989e-06 
2.1207639215869989e-06 
2.0134172884489487e-06 
2.0134172884489487e-06 
2.0134172884489487e-06 
2.0134172884489487e-06 
2.0134172884489487e-06 
2.0134172884489487e-06 
2.0134172884489487e-06 
2.0134172884489487e-06 
2.0134172884489487e-06 
2.0134172884489487e-06 
2.0134172884489487e-06 
2.0134172884489487e-06 
2.0134172884489487e-06 
2.0134172884489487e-06 
2.0134172884489487e-06 
2.0134172884489487e-06 
2.0134172884489487e-06 
2.0134172884489487e-06 
2.0134172884489487e-06 
2.0134172884489487e-06 
2.0134172884489487e-06 
2.0134172884489487e-06 
2.0134172884489487e-06 
2.0134172884489487e-06 
2.0134172884489487e-06 
3.6742400211231541e-07 
3.6742400211231541e-07 
3.6742400211231541e-07 
3.6742400211231541e-07 
3.6742400211231541e-07 
3.6742400211231541e-07 
3.6742400211231541e-07 
3.6742400211231541e-07 
3.6742400211231541e-07 
3.6742400211231541e-07 
3.6742400211231541e-07 
3.6742400211231541e-07 
3.6742400211231541e-07 
3.6742400211231541e-07 
3.6742400211231541e-07 
3.6742400211231541e-07 
3.6742400211231541e-07 
3.6742400211231541e-07 
3.6742400211231541e-07 
3.6742400211231541e-07 
3.6742400211231541e-07 
3.6742400211231541e-07 
3.6742400211231541e-07 
3.6742400211231541e-07 
3.6742400211231541e-07 
3.6742400211231541e-07 
3.6742400211231541e-07 
3.6742400211231541e-07 
3.6742400211231541e-07 
3.6742400211231541e-07 
3.6742400211231541e-07 
3.6742400211231541e-07 
3.6742400211231541e-07 
3.6742400211231541e-07 
3.6742400211231541e-07 
3.6742400211231541e-07 
3.6742400211231541e-07 
3.6742400211231541e-07 
3.6742400211231541e-07 
3.6742400211231541e-07 
1.4099316703042319e-07 
1.4099316703042319e-07 
1.4099316703042319e-07 
1.4099316703042319e-07 
1.4099316703042319e-07 
1.4099316703042319e-07 
1.4099316703042319e-07 
1.4099316703042319e-07 
1.4099316703042319e-07 
1.4099316703042319e-07 
1.4099316703042319e-07 
1.4099316703042319e-07 
1.4099316703042319e-07 
1.4099316703042319e-07 
1.4099316703042319e-07 
1.4099316703042319e-07 
1.4099316703042319e-07 
1.4099316703042319e-07 
1.4099316703042319e-07 
1.4099316703042319e-07 
1.4099316703042319e-07 
1.4099316703042319e-07 
1.4099316703042319e-07 
1.4099316703042319e-07 
1.4099316703042319e-07 
1.4099316703042319e-07 
1.4099316703042319e-07 
1.4099316703042319e-07 
1.4099316703042319e-07 
1.4099316703042319e-07 
1.4099316703042319e-07 
1.4099316703042319e-07 
1.4099316703042319e-07 
1.4099316703042319e-07 
1.4099316703042319e-07 
1.4099316703042319e-07 
1.4099316703042319e-07 
1.4099316703042319e-07 
1.4099316703042319e-07 
1.4099316703042319e-07 
1.4099316703042319e-07 
1.4099316703042319e-07 
1.4099316703042319e-07 
1.4099316703042319e-07 
1.4099316703042319e-07 
1.4099316703042319e-07 
1.4099316703042319e-07 
1.4099316703042319e-07 
1.4099316703042319e-07 
1.4099316703042319e-07 
1.4099316703042319e-07 
1.4099316703042319e-07 
1.4099316703042319e-07 
1.4099316703042319e-07 
1.4099316703042319e-07 
1.4099316703042319e-07 
1.4099316703042319e-07 
1.4099316703042319e-07 
1.4099316703042319e-07 
1.4099316703042319e-07 
1.4099316703042319e-07 
1.4099316703042319e-07 
1.4099316703042319e-07 
1.4099316703042319e-07 
1.4099316703042319e-07 
1.4099316703042319e-07 
1.4099316703042319e-07 
1.4099316703042319e-07 
1.4099316703042319e-07 
1.4099316703042319e-07 
1.4099316703042319e-07 
1.4099316703042319e-07 
1.4099316703042319e-07 
1.4099316703042319e-07 
1.4099316703042319e-07 
1.4099316703042319e-07 
1.4099316703042319e-07 
1.4099316703042319e-07 
1.4099316703042319e-07 
1.4099316703042319e-07 
1.4099316703042319e-07 
1.4099316703042319e-07 
1.4099316703042319e-07 
1.4099316703042319e-07 
1.4099316703042319e-07 
1.4099316703042319e-07 
1.4099316703042319e-07 
1.4099316703042319e-07 
1.4099316703042319e-07 
1.4099316703042319e-07 
1.4099316703042319e-07 
1.4099316703042319e-07 
1.4099316703042319e-07 
1.4099316703042319e-07 
1.4099316703042319e-07 
1.4099316703042319e-07 
1.4099316703042319e-07 
1.4099316703042319e-07 
1.4099316703042319e-07 
1.4099316703042319e-07 
1.4099316703042319e-07 
1.4099316703042319e-07 
1.4099316703042319e-07 
1.4099316703042319e-07 
1.4099316703042319e-07 
1.4099316703042319e-07 
1.4099316703042319e-07 
1.4099316703042319e-07 
1.4099316703042319e-07 
1.4099316703042319e-07 
1.4099316703042319e-07 
1.4099316703042319e-07 
1.4099316703042319e-07 
1.4099316703042319e-07 
1.4099316703042319e-07 
1.4099316703042319e-07 
1.4099316703042319e-07 
1.4099316703042319e-07 
1.4099316703042319e-07 
1.4099316703042319e-07 
1.4099316703042319e-07 
1.4099316703042319e-07 
1.4099316703042319e-07 
1.4099316703042319e-07 
1.4099316703042319e-07 
1.4099316703042319e-07 
1.4099316703042319e-07 
1.4099316703042319e-07 
1.4099316703042319e-07 
1.4099316703042319e-07 
1.4099316703042319e-07 
1.4099316703042319e-07 
1.4099316703042319e-07 
1.4099316703042319e-07 
1.4099316703042319e-07 
1.4099316703042319e-07 
1.4099316703042319e-07 
1.4099316703042319e-07 
1.4099316703042319e-07 
1.4099316703042319e-07 
1.4099316703042319e-07 
1.4099316703042319e-07 
1.4099316703042319e-07 
1.4099316703042319e-07 
1.4099316703042319e-07 
1.4099316703042319e-07 
1.4099316703042319e-07 
1.4099316703042319e-07 
1.4099316703042319e-07 
1.4099316703042319e-07 
1.4099316703042319e-07 
1.4099316703042319e-07 
1.4099316703042319e-07 
1.4099316703042319e-07 
1.4099316703042319e-07 
1.4099316703042319e-07 
1.4099316703042319e-07 
1.4099316703042319e-07 
1.4099316703042319e-07 
1.4099316703042319e-07 
1.4099316703042319e-07 
1.4099316703042319e-07 
1.4099316703042319e-07 
1.4099316703042319e-07 
1.4099316703042319e-07 
1.4099316703042319e-07 
1.4099316703042319e-07 
1.4099316703042319e-07 
1.4099316703042319e-07 
1.4099316703042319e-07 
1.4099316703042319e-07 
1.4099316703042319e-07 
1.4099316703042319e-07 
1.4099316703042319e-07 
1.4099316703042319e-07 
1.4099316703042319e-07 
1.4099316703042319e-07 
1.4099316703042319e-07 
1.4099316703042319e-07 
1.4099316703042319e-07 
1.4099316703042319e-07 
1.4099316703042319e-07 
1.4099316703042319e-07 
1.4099316703042319e-07 
1.4099316703042319e-07 
1.4099316703042319e-07 
1.4099316703042319e-07 
1.4099316703042319e-07 
1.4099316703042319e-07 
1.4099316703042319e-07 
1.4099316703042319e-07 
1.4099316703042319e-07 
1.4099316703042319e-07 
1.4099316703042319e-07 
1.4099316703042319e-07 
1.4099316703042319e-07 
1.4099316703042319e-07 
1.4099316703042319e-07 
1.4099316703042319e-07 
1.4099316703042319e-07 
1.4099316703042319e-07 
1.4099316703042319e-07 
1.4099316703042319e-07 
1.4099316703042319e-07 
1.4099316703042319e-07 
1.4099316703042319e-07 
1.4099316703042319e-07 
1.4099316703042319e-07 
1.4099316703042319e-07 
1.4099316703042319e-07 
1.4099316703042319e-07 
1.4099316703042319e-07 
1.4099316703042319e-07 
1.4099316703042319e-07 
1.4099316703042319e-07 
1.4099316703042319e-07 
1.4099316703042319e-07 
1.4099316703042319e-07 
1.4099316703042319e-07 
1.4099316703042319e-07 
1.4099316703042319e-07 
1.4099316703042319e-07 
8.6490754225287958e-08 
8.6490754225287958e-08 
8.6490754225287958e-08 
8.6490754225287958e-08 
8.6490754225287958e-08 
8.6490754225287958e-08 
8.6490754225287958e-08 
8.6490754225287958e-08 
8.6490754225287958e-08 
8.6490754225287958e-08 
8.6490754225287958e-08 
8.6490754225287958e-08 
8.6490754225287958e-08 
8.6490754225287958e-08 
8.6490754225287958e-08 
8.6490754225287958e-08 
8.6490754225287958e-08 
8.6490754225287958e-08 
8.6490754225287958e-08 
8.6490754225287958e-08 
8.6490754225287958e-08 
8.6490754225287958e-08 
8.6490754225287958e-08 
8.6490754225287958e-08 
8.6490754225287958e-08 
8.6490754225287958e-08 
8.6490754225287958e-08 
8.6490754225287958e-08 
8.6490754225287958e-08 
8.6490754225287958e-08 
8.6490754225287958e-08 
8.6490754225287958e-08 
8.6490754225287958e-08 
8.6490754225287958e-08 
8.6490754225287958e-08 
8.6490754225287958e-08 
8.6490754225287958e-08 
8.6490754225287958e-08 
8.6490754225287958e-08 
8.6490754225287958e-08 
8.6490754225287958e-08 
8.6490754225287958e-08 
8.6490754225287958e-08 
8.6490754225287958e-08 
8.6490754225287958e-08 
8.6490754225287958e-08 
8.6490754225287958e-08 
8.6490754225287958e-08 
8.6490754225287958e-08 
8.6490754225287958e-08 
8.6490754225287958e-08 
8.6490754225287958e-08 
8.6490754225287958e-08 
8.6490754225287958e-08 
8.6490754225287958e-08 
8.6490754225287958e-08 
8.6490754225287958e-08 
8.6490754225287958e-08 
8.6490754225287958e-08 
8.6490754225287958e-08 
8.6490754225287958e-08 
8.6490754225287958e-08 
8.6490754225287958e-08 
8.6490754225287958e-08 
8.6490754225287958e-08 
8.6490754225287958e-08 
8.6490754225287958e-08 
8.6490754225287958e-08 
4.7712756190421146e-08 
4.7712756190421146e-08 
4.7712756190421146e-08 
4.7712756190421146e-08 
4.7712756190421146e-08 
4.7712756190421146e-08 
4.7712756190421146e-08 
4.7712756190421146e-08 
4.7712756190421146e-08 
4.7712756190421146e-08 
4.7712756190421146e-08 
4.7712756190421146e-08 
4.7712756190421146e-08 
4.7712756190421146e-08 
4.7712756190421146e-08 
4.7712756190421146e-08 
4.7712756190421146e-08 
4.7712756190421146e-08 
4.7712756190421146e-08 
4.7712756190421146e-08 
4.7712756190421146e-08 
4.7712756190421146e-08 
4.7712756190421146e-08 
4.7712756190421146e-08 
4.7712756190421146e-08 
4.7712756190421146e-08 
4.7712756190421146e-08 
4.7712756190421146e-08 
4.7712756190421146e-08 
4.7712756190421146e-08 
4.7712756190421146e-08 
4.7712756190421146e-08 
4.7712756190421146e-08 
4.7712756190421146e-08 
4.7712756190421146e-08 
4.7712756190421146e-08 
4.7712756190421146e-08 
4.7712756190421146e-08 
4.7712756190421146e-08 
4.7712756190421146e-08 
4.7712756190421146e-08 
4.7712756190421146e-08 
4.7712756190421146e-08 
4.7712756190421146e-08 
4.7712756190421146e-08 
4.7712756190421146e-08 
4.7712756190421146e-08 
4.7712756190421146e-08 
4.7712756190421146e-08 
4.7712756190421146e-08 
4.7712756190421146e-08 
4.7712756190421146e-08 
4.7712756190421146e-08 
4.7712756190421146e-08 
4.7712756190421146e-08 
4.7712756190421146e-08 
4.7712756190421146e-08 
4.7712756190421146e-08 
4.7712756190421146e-08 
4.7712756190421146e-08 
4.7712756190421146e-08 
4.7712756190421146e-08 
4.7712756190421146e-08 
4.7712756190421146e-08 
4.7712756190421146e-08 
4.7712756190421146e-08 
4.7712756190421146e-08 
4.7712756190421146e-08 
4.7712756190421146e-08 
4.7712756190421146e-08 
4.7712756190421146e-08 
4.7712756190421146e-08 
4.7712756190421146e-08 
4.7712756190421146e-08 
4.7712756190421146e-08 
4.7712756190421146e-08 
4.7712756190421146e-08 
4.7712756190421146e-08 
4.7712756190421146e-08 
4.7712756190421146e-08 
4.7712756190421146e-08 
4.7712756190421146e-08 
4.7712756190421146e-08 
4.7712756190421146e-08 
4.7712756190421146e-08 
4.7712756190421146e-08 
4.7712756190421146e-08 
4.7712756190421146e-08 
4.7712756190421146e-08 
4.7712756190421146e-08 
4.7712756190421146e-08 
4.7712756190421146e-08 
4.7712756190421146e-08 
4.7712756190421146e-08 
4.7712756190421146e-08 
4.7712756190421146e-08 
4.7712756190421146e-08 
4.7712756190421146e-08 
4.7712756190421146e-08 
4.7712756190421146e-08 
4.7712756190421146e-08 
4.7712756190421146e-08 
4.7712756190421146e-08 
4.7712756190421146e-08 
4.7712756190421146e-08 
4.7712756190421146e-08 
4.7712756190421146e-08 
4.7712756190421146e-08 
4.7712756190421146e-08 
4.7712756190421146e-08 
4.7712756190421146e-08 
4.7712756190421146e-08 
4.7712756190421146e-08 
4.7712756190421146e-08 
4.7712756190421146e-08 
4.7712756190421146e-08 
4.7712756190421146e-08 
4.7712756190421146e-08 
4.7712756190421146e-08 
4.7712756190421146e-08 
4.7712756190421146e-08 
4.7712756190421146e-08 
4.7712756190421146e-08 
4.7712756190421146e-08 
4.7712756190421146e-08 
4.7712756190421146e-08 
4.7712756190421146e-08 
4.7712756190421146e-08 
4.7712756190421146e-08 
4.7712756190421146e-08 
4.7712756190421146e-08 
4.7712756190421146e-08 
4.7712756190421146e-08 
4.7712756190421146e-08 
4.7712756190421146e-08 
4.7712756190421146e-08 
4.7712756190421146e-08 
4.7712756190421146e-08 
4.7712756190421146e-08 
4.7712756190421146e-08 
4.7712756190421146e-08 
4.7712756190421146e-08 
4.7712756190421146e-08 
4.7712756190421146e-08 
4.7712756190421146e-08 
4.7712756190421146e-08 
4.7712756190421146e-08 
4.7712756190421146e-08 
4.7712756190421146e-08 
4.7712756190421146e-08 
4.7712756190421146e-08 
4.7712756190421146e-08 
4.7712756190421146e-08 
4.7712756190421146e-08 
4.7712756190421146e-08 
4.7712756190421146e-08 
4.7712756190421146e-08 
4.7712756190421146e-08 
4.7712756190421146e-08 
4.7712756190421146e-08 
4.7712756190421146e-08 
4.7712756190421146e-08 
4.7712756190421146e-08 
4.7712756190421146e-08 
4.7712756190421146e-08 
4.7712756190421146e-08 
4.7712756190421146e-08 
4.7712756190421146e-08 
4.7712756190421146e-08 
4.7712756190421146e-08 
4.7712756190421146e-08 
4.7712756190421146e-08 
4.7712756190421146e-08 
4.7712756190421146e-08 
4.7712756190421146e-08 
4.7712756190421146e-08 
4.7712756190421146e-08 
4.7712756190421146e-08 
4.7712756190421146e-08 
4.7712756190421146e-08 
4.7712756190421146e-08 
4.7712756190421146e-08 
4.7712756190421146e-08 
4.7712756190421146e-08 
4.7712756190421146e-08 
4.7712756190421146e-08 
4.7712756190421146e-08 
4.7712756190421146e-08 
4.7712756190421146e-08 
4.7712756190421146e-08 
4.7712756190421146e-08 
4.7712756190421146e-08 
4.7712756190421146e-08 
4.7712756190421146e-08 
4.7712756190421146e-08 
4.7712756190421146e-08 
4.7712756190421146e-08 
4.7712756190421146e-08 
4.7712756190421146e-08 
4.7712756190421146e-08 
4.7712756190421146e-08 
4.7712756190421146e-08 
4.7712756190421146e-08 
4.7712756190421146e-08 
4.7712756190421146e-08 
4.7712756190421146e-08 
4.7712756190421146e-08 
4.7712756190421146e-08 
4.7712756190421146e-08 
4.7712756190421146e-08 
4.7712756190421146e-08 
4.7712756190421146e-08 
4.7712756190421146e-08 
4.7712756190421146e-08 
4.7712756190421146e-08 
4.7712756190421146e-08 
4.7712756190421146e-08 
4.7712756190421146e-08 
4.7712756190421146e-08 
4.7712756190421146e-08 
4.7712756190421146e-08 
4.7712756190421146e-08 
4.2648551690227521e-08 
4.2648551690227521e-08 
4.2648551690227521e-08 
4.2648551690227521e-08 
4.2648551690227521e-08 
4.2648551690227521e-08 
4.2648551690227521e-08 
4.2648551690227521e-08 
4.2648551690227521e-08 
4.2648551690227521e-08 
4.2648551690227521e-08 
4.2648551690227521e-08 
4.2648551690227521e-08 
4.2648551690227521e-08 
4.2648551690227521e-08 
4.2648551690227521e-08 
4.2648551690227521e-08 
4.2648551690227521e-08 
4.2648551690227521e-08 
4.2648551690227521e-08 
4.2648551690227521e-08 
4.2648551690227521e-08 
4.2648551690227521e-08 
1.4016134475269837e-08 
1.4016134475269837e-08 
1.4016134475269837e-08 
1.4016134475269837e-08 
1.4016134475269837e-08 
1.4016134475269837e-08 
1.4016134475269837e-08 
1.4016134475269837e-08 
1.4016134475269837e-08 
1.4016134475269837e-08 
1.4016134475269837e-08 
1.4016134475269837e-08 
1.4016134475269837e-08 
1.4016134475269837e-08 
1.4016134475269837e-08 
1.4016134475269837e-08 
1.4016134475269837e-08 
1.4016134475269837e-08 
1.4016134475269837e-08 
1.4016134475269837e-08 
1.4016134475269837e-08 
1.4016134475269837e-08 
1.4016134475269837e-08 
1.4016134475269837e-08 
1.4016134475269837e-08 
1.4016134475269837e-08 
1.4016134475269837e-08 
1.4016134475269837e-08 
1.4016134475269837e-08 
1.4016134475269837e-08 
1.4016134475269837e-08 
1.4016134475269837e-08 
1.4016134475269837e-08 
1.4016134475269837e-08 
1.4016134475269837e-08 
1.4016134475269837e-08 
1.4016134475269837e-08 
1.4016134475269837e-08 
1.4016134475269837e-08 
1.4016134475269837e-08 
1.4016134475269837e-08 
1.4016134475269837e-08 
1.4016134475269837e-08 
1.4016134475269837e-08 
1.4016134475269837e-08 
1.4016134475269837e-08 
1.4016134475269837e-08 
1.4016134475269837e-08 
1.4016134475269837e-08 
1.4016134475269837e-08 
1.4016134475269837e-08 
1.4016134475269837e-08 
1.4016134475269837e-08 
1.4016134475269837e-08 
1.4016134475269837e-08 
1.4016134475269837e-08 
1.4016134475269837e-08 
1.4016134475269837e-08 
1.4016134475269837e-08 
1.4016134475269837e-08 
1.4016134475269837e-08 
1.4016134475269837e-08 
1.4016134475269837e-08 
1.4016134475269837e-08 
1.4016134475269837e-08 
1.4016134475269837e-08 
1.4016134475269837e-08 
1.4016134475269837e-08 
1.4016134475269837e-08 
1.4016134475269837e-08 
1.4016134475269837e-08 
1.4016134475269837e-08 
1.4016134475269837e-08 
1.4016134475269837e-08 
1.4016134475269837e-08 
1.4016134475269837e-08 
1.4016134475269837e-08 
1.4016134475269837e-08 
1.4016134475269837e-08 
1.4016134475269837e-08 
1.4016134475269837e-08 
1.4016134475269837e-08 
1.4016134475269837e-08 
1.4016134475269837e-08 
1.4016134475269837e-08 
1.4016134475269837e-08 
1.4016134475269837e-08 
1.4016134475269837e-08 
1.4016134475269837e-08 
1.4016134475269837e-08 
1.4016134475269837e-08 
1.4016134475269837e-08 
1.4016134475269837e-08 
1.4016134475269837e-08 
1.4016134475269837e-08 
1.4016134475269837e-08 
1.4016134475269837e-08 
1.4016134475269837e-08 
1.4016134475269837e-08 
1.4016134475269837e-08 
1.4016134475269837e-08 
1.4016134475269837e-08 
1.4016134475269837e-08 
1.4016134475269837e-08 
1.4016134475269837e-08 
1.4016134475269837e-08 
1.4016134475269837e-08 
1.4016134475269837e-08 
1.4016134475269837e-08 
1.4016134475269837e-08 
1.4016134475269837e-08 
1.4016134475269837e-08 
1.4016134475269837e-08 
1.4016134475269837e-08 
1.4016134475269837e-08 
1.4016134475269837e-08 
1.4016134475269837e-08 
1.4016134475269837e-08 
1.4016134475269837e-08 
1.4016134475269837e-08 
1.4016134475269837e-08 
1.4016134475269837e-08 
1.4016134475269837e-08 
1.4016134475269837e-08 
1.4016134475269837e-08 
1.4016134475269837e-08 
1.4016134475269837e-08 
1.4016134475269837e-08 
1.4016134475269837e-08 
1.4016134475269837e-08 
1.4016134475269837e-08 
1.4016134475269837e-08 
1.4016134475269837e-08 
1.4016134475269837e-08 
1.4016134475269837e-08 
1.4016134475269837e-08 
1.4016134475269837e-08 
1.4016134475269837e-08 
1.4016134475269837e-08 
1.4016134475269837e-08 
1.4016134475269837e-08 
1.4016134475269837e-08 
1.4016134475269837e-08 
1.4016134475269837e-08 
1.4016134475269837e-08 
1.4016134475269837e-08 
1.4016134475269837e-08 
1.4016134475269837e-08 
1.4016134475269837e-08 
1.4016134475269837e-08 
1.4016134475269837e-08 
1.4016134475269837e-08 
1.4016134475269837e-08 
1.4016134475269837e-08 
1.4016134475269837e-08 
1.4016134475269837e-08 
1.4016134475269837e-08 
1.4016134475269837e-08 
1.4016134475269837e-08 
1.4016134475269837e-08 
1.4016134475269837e-08 
1.4016134475269837e-08 
1.4016134475269837e-08 
1.4016134475269837e-08 
1.4016134475269837e-08 
1.4016134475269837e-08 
1.4016134475269837e-08 
1.4016134475269837e-08 
1.4016134475269837e-08 
1.4016134475269837e-08 
1.4016134475269837e-08 
1.4016134475269837e-08 
1.4016134475269837e-08 
1.4016134475269837e-08 
1.4016134475269837e-08 
1.4016134475269837e-08 
1.4016134475269837e-08 
1.4016134475269837e-08 
1.4016134475269837e-08 
1.4016134475269837e-08 
1.4016134475269837e-08 
1.4016134475269837e-08 
1.4016134475269837e-08 
1.4016134475269837e-08 
1.4016134475269837e-08 
1.4016134475269837e-08 
1.4016134475269837e-08 
1.4016134475269837e-08 
1.4016134475269837e-08 
1.4016134475269837e-08 
1.4016134475269837e-08 
1.4016134475269837e-08 
1.4016134475269837e-08 
1.4016134475269837e-08 
1.4016134475269837e-08 
1.4016134475269837e-08 
1.4016134475269837e-08 
1.4016134475269837e-08 
1.4016134475269837e-08 
1.4016134475269837e-08 
1.4016134475269837e-08 
1.4016134475269837e-08 
1.4016134475269837e-08 
1.4016134475269837e-08 
1.4016134475269837e-08 
1.4016134475269837e-08 
1.4016134475269837e-08 
1.4016134475269837e-08 
1.4016134475269837e-08 
1.4016134475269837e-08 
1.4016134475269837e-08 
1.4016134475269837e-08 
1.4016134475269837e-08 
1.4016134475269837e-08 
1.4016134475269837e-08 
1.4016134475269837e-08 
1.4016134475269837e-08 
1.4016134475269837e-08 
1.4016134475269837e-08 
1.4016134475269837e-08 
1.4016134475269837e-08 
1.4016134475269837e-08 
8.4397179245243592e-09 
8.4397179245243592e-09 
8.4397179245243592e-09 
8.4397179245243592e-09 
8.4397179245243592e-09 
8.4397179245243592e-09 
