0.0078406564324839945 
0.0078406564324839945 
0.0078406564324839945 
0.0078406564324839945 
0.0078406564324839945 
0.0078406564324839945 
0.0078406564324839945 
0.0078406564324839945 
0.0078406564324839945 
0.0078406564324839945 
0.0078406564324839945 
0.0078406564324839945 
0.0078406564324839945 
0.0078406564324839945 
0.0078406564324839945 
0.0078406564324839945 
0.0078406564324839945 
0.0078406564324839945 
0.0078406564324839945 
0.0078406564324839945 
0.0045342306296608514 
0.0045342306296608514 
0.0045342306296608514 
0.0045342306296608514 
0.0045342306296608514 
0.0045342306296608514 
0.0045342306296608514 
0.0045342306296608514 
0.0045342306296608514 
0.003764657043766606 
0.0028001123975239794 
0.0028001123975239794 
0.0028001123975239794 
0.0028001123975239794 
0.0028001123975239794 
0.0028001123975239794 
0.0028001123975239794 
0.0028001123975239794 
0.0015482544718707913 
0.0015482544718707913 
0.0015482544718707913 
0.0015482544718707913 
0.0015482544718707913 
0.0015482544718707913 
0.0015482544718707913 
0.0015482544718707913 
0.0015482544718707913 
0.0013664785334774887 
0.0013505713362994554 
0.00038597044329158336 
0.00018689126136905987 
0.00018689126136905987 
0.00018689126136905987 
0.00018689126136905987 
0.00018689126136905987 
0.00018689126136905987 
6.0378084644652219e-05 
6.0378084644652219e-05 
6.0378084644652219e-05 
6.0378084644652219e-05 
6.0378084644652219e-05 
6.0378084644652219e-05 
6.0378084644652219e-05 
6.0378084644652219e-05 
6.0378084644652219e-05 
6.0378084644652219e-05 
6.0378084644652219e-05 
6.0378084644652219e-05 
6.0378084644652219e-05 
6.0378084644652219e-05 
6.0378084644652219e-05 
6.0378084644652219e-05 
6.0378084644652219e-05 
6.0378084644652219e-05 
6.0378084644652219e-05 
6.0378084644652219e-05 
6.0378084644652219e-05 
6.0378084644652219e-05 
6.0378084644652219e-05 
6.0378084644652219e-05 
6.0378084644652219e-05 
6.0378084644652219e-05 
1.3612937833418215e-05 
1.3612937833418215e-05 
1.3612937833418215e-05 
1.3612937833418215e-05 
1.3612937833418215e-05 
1.3612937833418215e-05 
1.3612937833418215e-05 
1.3612937833418215e-05 
1.3612937833418215e-05 
1.3612937833418215e-05 
1.3612937833418215e-05 
1.3612937833418215e-05 
1.3612937833418215e-05 
1.3612937833418215e-05 
1.3612937833418215e-05 
1.3612937833418215e-05 
1.3612937833418215e-05 
1.3612937833418215e-05 
1.3612937833418215e-05 
1.3612937833418215e-05 
1.3612937833418215e-05 
1.3612937833418215e-05 
1.3612937833418215e-05 
1.3612937833418215e-05 
1.3612937833418215e-05 
9.2593329836798688e-06 
9.2593329836798688e-06 
9.2593329836798688e-06 
9.2593329836798688e-06 
9.2593329836798688e-06 
9.2593329836798688e-06 
3.3606548772713296e-06 
3.3606548772713296e-06 
3.3606548772713296e-06 
3.3606548772713296e-06 
3.3606548772713296e-06 
3.3606548772713296e-06 
3.3606548772713296e-06 
2.0843948863591422e-06 
2.0843948863591422e-06 
2.0843948863591422e-06 
2.0843948863591422e-06 
2.0843948863591422e-06 
2.0843948863591422e-06 
2.0843948863591422e-06 
2.0843948863591422e-06 
2.0843948863591422e-06 
2.0843948863591422e-06 
2.0843948863591422e-06 
2.0843948863591422e-06 
2.0843948863591422e-06 
2.0843948863591422e-06 
2.0843948863591422e-06 
2.0843948863591422e-06 
2.0843948863591422e-06 
2.0843948863591422e-06 
2.0843948863591422e-06 
2.0843948863591422e-06 
2.0843948863591422e-06 
2.0843948863591422e-06 
2.0843948863591422e-06 
2.0843948863591422e-06 
2.0843948863591422e-06 
2.0843948863591422e-06 
2.0843948863591422e-06 
2.0843948863591422e-06 
2.0843948863591422e-06 
2.0843948863591422e-06 
1.2209540088958803e-06 
1.2209540088958803e-06 
7.034809197392633e-07 
7.034809197392633e-07 
7.034809197392633e-07 
7.034809197392633e-07 
7.034809197392633e-07 
7.034809197392633e-07 
7.034809197392633e-07 
6.1810644624848976e-07 
6.1810644624848976e-07 
6.1810644624848976e-07 
6.1810644624848976e-07 
6.1810644624848976e-07 
6.1810644624848976e-07 
6.1810644624848976e-07 
6.1810644624848976e-07 
6.1810644624848976e-07 
6.1810644624848976e-07 
6.1810644624848976e-07 
6.1810644624848976e-07 
6.1810644624848976e-07 
6.1810644624848976e-07 
6.1810644624848976e-07 
6.1810644624848976e-07 
6.1810644624848976e-07 
6.1810644624848976e-07 
6.1810644624848976e-07 
5.3471552619033247e-07 
5.3471552619033247e-07 
5.3471552619033247e-07 
4.7116945844916103e-07 
1.3636831075469757e-07 
1.3636831075469757e-07 
1.0254620941285708e-07 
8.2810553525547448e-08 
1.9489628022562044e-08 
1.9489628022562044e-08 
1.9489628022562044e-08 
1.9489628022562044e-08 
1.9489628022562044e-08 
1.9489628022562044e-08 
1.9489628022562044e-08 
1.9399370443373698e-08 
1.9399370443373698e-08 
1.9399370443373698e-08 
1.9399370443373698e-08 
1.9399370443373698e-08 
1.9399370443373698e-08 
1.9399370443373698e-08 
1.9399370443373698e-08 
1.9399370443373698e-08 
1.9399370443373698e-08 
1.9399370443373698e-08 
1.9399370443373698e-08 
1.9399370443373698e-08 
1.9399370443373698e-08 
1.9399370443373698e-08 
1.9399370443373698e-08 
1.9399370443373698e-08 
1.9399370443373698e-08 
1.9399370443373698e-08 
1.9399370443373698e-08 
1.9399370443373698e-08 
1.9399370443373698e-08 
1.9399370443373698e-08 
1.9399370443373698e-08 
1.9399370443373698e-08 
1.9399370443373698e-08 
1.9399370443373698e-08 
1.9399370443373698e-08 
1.9399370443373698e-08 
1.9399370443373698e-08 
1.9399370443373698e-08 
1.9399370443373698e-08 
1.9399370443373698e-08 
1.9399370443373698e-08 
1.9399370443373698e-08 
1.9399370443373698e-08 
1.9399370443373698e-08 
1.9399370443373698e-08 
1.9399370443373698e-08 
1.9399370443373698e-08 
1.9399370443373698e-08 
1.9399370443373698e-08 
1.9399370443373698e-08 
1.9390386407636129e-08 
1.9390386407636129e-08 
1.9390386407636129e-08 
1.9390386407636129e-08 
1.9382269789147699e-08 
1.9382269789147699e-08 
1.9382269789147699e-08 
1.9382269789147699e-08 
1.9382269789147699e-08 
1.9382269789147699e-08 
1.9382269789147699e-08 
1.938110572030638e-08 
1.938110572030638e-08 
1.938110572030638e-08 
1.938110572030638e-08 
1.9380723914608211e-08 
1.9380723914608211e-08 
1.9380723914608211e-08 
1.9380723914608211e-08 
1.9380037907801295e-08 
1.9380037907801295e-08 
1.9380037907801295e-08 
1.9380037907801295e-08 
1.9379917670647728e-08 
1.9379917670647728e-08 
1.9379917670647728e-08 
1.9379917670647728e-08 
1.9379552962384139e-08 
1.9379552962384139e-08 
1.9379552962384139e-08 
1.9379552962384139e-08 
1.9379537752328702e-08 
1.9379537752328702e-08 
1.9379537752328702e-08 
1.9379537752328702e-08 
1.9379341353875645e-08 
1.9379341353875645e-08 
1.9379341353875645e-08 
1.9379341353875645e-08 
1.9379341353875645e-08 
1.9379341353875645e-08 
1.9379341353875645e-08 
1.9379310822742468e-08 
1.9379310822742468e-08 
1.9379310822742468e-08 
1.9379310822742468e-08 
1.9379221338766683e-08 
1.9379221338766683e-08 
1.9379221338766683e-08 
1.9379221338766683e-08 
1.9379221338766683e-08 
1.9379221338766683e-08 
1.9379221338766683e-08 
1.9379217341963795e-08 
1.9379217341963795e-08 
1.9379217341963795e-08 
1.9379217341963795e-08 
1.9379214455383931e-08 
1.9379214455383931e-08 
1.9379214455383931e-08 
1.9379214455383931e-08 
1.9379208793246505e-08 
1.9379208793246505e-08 
1.9379208793246505e-08 
1.9379208793246505e-08 
1.937920812711269e-08 
1.937920812711269e-08 
1.937920812711269e-08 
1.937920812711269e-08 
1.9379205462577431e-08 
1.9379205462577431e-08 
1.9379205462577431e-08 
1.9379205462577431e-08 
1.9379205462577431e-08 
1.9379205462577431e-08 
1.9379205462577431e-08 
1.9379205129510524e-08 
1.9379205129510524e-08 
1.9379205129510524e-08 
1.9379205129510524e-08 
1.9379203908265197e-08 
1.9379203908265197e-08 
1.9379203908265197e-08 
1.9379203908265197e-08 
1.9379203908265197e-08 
1.9379203908265197e-08 
1.9379203908265197e-08 
1.9379203797242894e-08 
1.9379203797242894e-08 
1.9379203797242894e-08 
1.9379203797242894e-08 
1.9379203797242894e-08 
1.9379203797242894e-08 
1.9379203797242894e-08 
1.9379203575198289e-08 
1.9379203575198289e-08 
1.9379203575198289e-08 
1.9379203575198289e-08 
1.9379203575198289e-08 
1.9379203575198289e-08 
1.9379203575198289e-08 
1.9379203575198289e-08 
1.9379203575198289e-08 
1.9379203575198289e-08 
1.9379203575198289e-08 
1.9379203575198289e-08 
1.9379203575198289e-08 
1.9379203575198289e-08 
1.9379203575198289e-08 
1.9379203575198289e-08 
1.9379203575198289e-08 
1.9379203575198289e-08 
1.9379203575198289e-08 
1.9379203575198289e-08 
1.9379203464175987e-08 
1.9379203464175987e-08 
1.9379203464175987e-08 
1.9379203464175987e-08 
1.9379203464175987e-08 
1.9379203464175987e-08 
1.9379203464175987e-08 
1.9379203464175987e-08 
1.9379203464175987e-08 
1.9379203464175987e-08 
1.9379203464175987e-08 
1.9379203464175987e-08 
1.9379203464175987e-08 
1.9379203464175987e-08 
1.9379203464175987e-08 
1.9379203464175987e-08 
1.9379203464175987e-08 
1.9379203464175987e-08 
1.9379203464175987e-08 
1.9379203464175987e-08 
1.9379203464175987e-08 
1.9379203464175987e-08 
1.9379203464175987e-08 
1.9379203464175987e-08 
1.9379203464175987e-08 
1.9379203464175987e-08 
1.9379203464175987e-08 
1.9379203464175987e-08 
1.9379203464175987e-08 
1.9379203464175987e-08 
1.9379203464175987e-08 
1.9379203464175987e-08 
1.9379203464175987e-08 
1.9379203464175987e-08 
1.9379203464175987e-08 
1.9379203464175987e-08 
1.9379203464175987e-08 
1.9379203464175987e-08 
1.9379203464175987e-08 
1.9379203464175987e-08 
1.9379203464175987e-08 
1.9379203464175987e-08 
1.9379203464175987e-08 
1.9379203464175987e-08 
1.9379203464175987e-08 
1.9379203464175987e-08 
1.9379203464175987e-08 
1.9379203464175987e-08 
1.9379203464175987e-08 
1.9379203464175987e-08 
1.9379203464175987e-08 
1.9379203464175987e-08 
1.9379203464175987e-08 
1.9379203464175987e-08 
1.9379203464175987e-08 
1.9379203464175987e-08 
1.9379203464175987e-08 
1.9379203464175987e-08 
1.9379203464175987e-08 
1.9379203464175987e-08 
1.9379203464175987e-08 
1.9379203464175987e-08 
1.9379203464175987e-08 
1.9379203464175987e-08 
1.9379203464175987e-08 
1.9379203464175987e-08 
1.9379203464175987e-08 
1.9379203464175987e-08 
1.9379203464175987e-08 
1.9379203464175987e-08 
1.9379203464175987e-08 
1.9379203464175987e-08 
1.9379203464175987e-08 
1.9379203464175987e-08 
1.9379203464175987e-08 
1.9379203464175987e-08 
1.9379203464175987e-08 
1.9379203464175987e-08 
1.9379203464175987e-08 
1.9379203464175987e-08 
1.9379203464175987e-08 
1.9379203464175987e-08 
1.9379203464175987e-08 
1.9379203464175987e-08 
1.9379203464175987e-08 
1.9379203464175987e-08 
1.9379203464175987e-08 
1.9379203464175987e-08 
1.9379203464175987e-08 
1.9379203464175987e-08 
1.9379203464175987e-08 
1.9379203464175987e-08 
1.9379203464175987e-08 
1.9379203464175987e-08 
1.9379203464175987e-08 
1.9379203464175987e-08 
1.9379203464175987e-08 
1.9379203464175987e-08 
1.9379203464175987e-08 
1.9379203464175987e-08 
1.9379203464175987e-08 
1.9379203464175987e-08 
1.9379203464175987e-08 
1.9379203464175987e-08 
1.9379203464175987e-08 
1.9379203464175987e-08 
1.9379203464175987e-08 
1.9379203464175987e-08 
1.9379203464175987e-08 
1.9379203464175987e-08 
1.9379203464175987e-08 
1.9379203464175987e-08 
1.9379203464175987e-08 
1.9379203464175987e-08 
1.9379203464175987e-08 
1.9379203464175987e-08 
1.9379203464175987e-08 
1.9379203464175987e-08 
1.9379203464175987e-08 
1.9379203464175987e-08 
1.9379203464175987e-08 
1.9379203464175987e-08 
1.9379203464175987e-08 
1.9379203464175987e-08 
1.9379203464175987e-08 
1.9379203464175987e-08 
1.9379203464175987e-08 
1.9379203464175987e-08 
1.9379203464175987e-08 
1.9379203464175987e-08 
1.2688548545192191e-08 
1.2688548545192191e-08 
1.2688548545192191e-08 
1.2688548545192191e-08 
1.2688548545192191e-08 
1.2688548545192191e-08 
1.2688548545192191e-08 
1.2688548545192191e-08 
1.2688548545192191e-08 
1.2688548545192191e-08 
1.2688548545192191e-08 
1.2688548545192191e-08 
1.2688548545192191e-08 
1.2688548545192191e-08 
1.2688548545192191e-08 
1.2688548545192191e-08 
1.2688548545192191e-08 
1.2688548545192191e-08 
1.2688548545192191e-08 
1.2688548545192191e-08 
1.2688548545192191e-08 
1.2688548545192191e-08 
1.2688548545192191e-08 
1.2688548545192191e-08 
1.2688548545192191e-08 
1.2688548545192191e-08 
1.2688548545192191e-08 
1.2688548545192191e-08 
1.2688548545192191e-08 
1.2688548545192191e-08 
1.2688548545192191e-08 
1.2688548545192191e-08 
1.2688548545192191e-08 
1.2688548545192191e-08 
1.2688548545192191e-08 
1.2688548545192191e-08 
1.2688548545192191e-08 
1.2688548545192191e-08 
1.2688548545192191e-08 
1.2688548545192191e-08 
1.2688548545192191e-08 
7.538064616952056e-10 
7.538064616952056e-10 
7.538064616952056e-10 
7.538064616952056e-10 
7.538064616952056e-10 
7.538064616952056e-10 
7.538064616952056e-10 
7.538064616952056e-10 
7.538064616952056e-10 
7.538064616952056e-10 
7.538064616952056e-10 
7.538064616952056e-10 
7.538064616952056e-10 
7.538064616952056e-10 
7.538064616952056e-10 
7.538064616952056e-10 
7.538064616952056e-10 
7.538064616952056e-10 
7.538064616952056e-10 
7.538064616952056e-10 
7.538064616952056e-10 
7.538064616952056e-10 
7.538064616952056e-10 
7.538064616952056e-10 
7.538064616952056e-10 
7.538064616952056e-10 
7.538064616952056e-10 
7.538064616952056e-10 
7.538064616952056e-10 
7.538064616952056e-10 
7.538064616952056e-10 
7.538064616952056e-10 
7.538064616952056e-10 
7.538064616952056e-10 
7.0404060359408049e-10 
7.0404060359408049e-10 
7.0404060359408049e-10 
7.0143457708837786e-10 
7.0143457708837786e-10 
7.0143457708837786e-10 
7.0130368179377456e-10 
7.0130368179377456e-10 
7.0130368179377456e-10 
7.0092420756395768e-10 
7.0092420756395768e-10 
7.0092420756395768e-10 
7.0092420756395768e-10 
7.0092420756395768e-10 
7.0092420756395768e-10 
7.0092420756395768e-10 
7.0091499271285329e-10 
7.0091499271285329e-10 
7.0091499271285329e-10 
7.0091499271285329e-10 
7.0091499271285329e-10 
7.0091499271285329e-10 
7.0091499271285329e-10 
7.0091343840061882e-10 
7.0091343840061882e-10 
7.0091343840061882e-10 
7.0091343840061882e-10 
7.0091343840061882e-10 
7.0091343840061882e-10 
7.0091343840061882e-10 
7.0091343840061882e-10 
7.0091343840061882e-10 
7.0091343840061882e-10 
7.0091343840061882e-10 
7.0091343840061882e-10 
7.0091343840061882e-10 
7.0091343840061882e-10 
7.0091343840061882e-10 
7.0091343840061882e-10 
7.0091343840061882e-10 
7.0091343840061882e-10 
7.0091343840061882e-10 
7.0091343840061882e-10 
7.0091343840061882e-10 
7.0091343840061882e-10 
7.0091343840061882e-10 
7.0091332737831635e-10 
7.0091332737831635e-10 
7.0091332737831635e-10 
7.0091332737831635e-10 
7.0091332737831635e-10 
7.0091332737831635e-10 
7.0091332737831635e-10 
7.0091332737831635e-10 
7.0091332737831635e-10 
7.0091332737831635e-10 
7.0091332737831635e-10 
7.0091332737831635e-10 
7.0091332737831635e-10 
7.0091332737831635e-10 
7.0091332737831635e-10 
7.0091332737831635e-10 
7.0091332737831635e-10 
7.0091332737831635e-10 
7.0091332737831635e-10 
7.0091332737831635e-10 
7.0091332737831635e-10 
7.0091332737831635e-10 
7.0091332737831635e-10 
7.0091332737831635e-10 
7.0091332737831635e-10 
7.0091332737831635e-10 
7.0091332737831635e-10 
7.0091332737831635e-10 
7.0091332737831635e-10 
7.0091332737831635e-10 
7.0091332737831635e-10 
7.0091332737831635e-10 
7.0091332737831635e-10 
7.0091332737831635e-10 
7.0091332737831635e-10 
7.0091332737831635e-10 
7.0091332737831635e-10 
7.0091332737831635e-10 
7.0091332737831635e-10 
7.0091332737831635e-10 
7.0091332737831635e-10 
7.0091332737831635e-10 
7.0091332737831635e-10 
7.0091332737831635e-10 
7.0091332737831635e-10 
7.0091332737831635e-10 
7.0091332737831635e-10 
7.0091332737831635e-10 
7.0091332737831635e-10 
7.0091332737831635e-10 
7.0091332737831635e-10 
7.0091332737831635e-10 
7.0091332737831635e-10 
7.0091332737831635e-10 
7.0091332737831635e-10 
7.0091332737831635e-10 
7.0091332737831635e-10 
7.0091332737831635e-10 
7.0091332737831635e-10 
7.0091332737831635e-10 
7.0091332737831635e-10 
7.0091332737831635e-10 
7.0091332737831635e-10 
7.0091332737831635e-10 
7.0091332737831635e-10 
7.0091332737831635e-10 
7.0091332737831635e-10 
7.0091332737831635e-10 
7.0091332737831635e-10 
7.0091332737831635e-10 
7.0091332737831635e-10 
7.0091332737831635e-10 
7.0091332737831635e-10 
7.0091332737831635e-10 
7.0091332737831635e-10 
7.0091332737831635e-10 
7.0091332737831635e-10 
7.0091332737831635e-10 
7.0091332737831635e-10 
7.0091332737831635e-10 
7.0091332737831635e-10 
7.0091332737831635e-10 
7.0091332737831635e-10 
7.0091332737831635e-10 
7.0091332737831635e-10 
7.0091332737831635e-10 
7.0091332737831635e-10 
7.0091332737831635e-10 
7.0091332737831635e-10 
7.0091332737831635e-10 
7.0091332737831635e-10 
7.0091332737831635e-10 
7.0091332737831635e-10 
7.0091332737831635e-10 
7.0091332737831635e-10 
7.0091332737831635e-10 
7.0091332737831635e-10 
7.0091332737831635e-10 
7.0091332737831635e-10 
7.0091332737831635e-10 
7.0091332737831635e-10 
7.0091332737831635e-10 
7.0091332737831635e-10 
7.0091332737831635e-10 
7.0091332737831635e-10 
7.0091332737831635e-10 
7.0091332737831635e-10 
7.0091332737831635e-10 
7.0091332737831635e-10 
7.0091332737831635e-10 
7.0091332737831635e-10 
7.0091332737831635e-10 
7.0091332737831635e-10 
7.0091332737831635e-10 
7.0091332737831635e-10 
7.0091332737831635e-10 
7.0091332737831635e-10 
7.0091332737831635e-10 
7.0091332737831635e-10 
7.0091332737831635e-10 
2.1306845177093692e-10 
2.1306845177093692e-10 
2.1306845177093692e-10 
2.1306845177093692e-10 
2.1306845177093692e-10 
2.1306845177093692e-10 
2.1306845177093692e-10 
2.1306845177093692e-10 
2.1306845177093692e-10 
2.1306845177093692e-10 
2.1306845177093692e-10 
2.1306845177093692e-10 
2.1306845177093692e-10 
2.1306845177093692e-10 
2.1306845177093692e-10 
2.1306845177093692e-10 
2.1306845177093692e-10 
2.1306845177093692e-10 
2.1306845177093692e-10 
2.1306845177093692e-10 
2.1306845177093692e-10 
2.1306845177093692e-10 
2.1306845177093692e-10 
2.1306845177093692e-10 
2.1306845177093692e-10 
2.1306845177093692e-10 
2.1306845177093692e-10 
2.1306845177093692e-10 
2.1306845177093692e-10 
2.1306845177093692e-10 
2.1306845177093692e-10 
2.1306845177093692e-10 
2.1306845177093692e-10 
2.0286550217463173e-11 
2.0286550217463173e-11 
2.0286550217463173e-11 
2.0286550217463173e-11 
2.0286550217463173e-11 
2.0286550217463173e-11 
2.0286550217463173e-11 
2.0286550217463173e-11 
2.0286550217463173e-11 
2.0286550217463173e-11 
2.0220269902893051e-11 
2.0220269902893051e-11 
2.0220269902893051e-11 
2.0220269902893051e-11 
2.0220269902893051e-11 
2.0220269902893051e-11 
2.0220269902893051e-11 
2.0139112599792952e-11 
2.0139112599792952e-11 
2.0139112599792952e-11 
2.0139112599792952e-11 
2.0139112599792952e-11 
2.0139112599792952e-11 
2.0139112599792952e-11 
2.0136337042231389e-11 
2.0136337042231389e-11 
2.0136337042231389e-11 
2.0136337042231389e-11 
2.0136337042231389e-11 
2.0136337042231389e-11 
2.0136337042231389e-11 
2.0136337042231389e-11 
2.0136337042231389e-11 
2.0136337042231389e-11 
2.0136337042231389e-11 
2.0136226019928927e-11 
2.0136226019928927e-11 
2.0136226019928927e-11 
2.0136226019928927e-11 
2.0135781930719077e-11 
2.0135781930719077e-11 
2.0135781930719077e-11 
2.0135781930719077e-11 
2.0135781930719077e-11 
2.0135781930719077e-11 
2.0135781930719077e-11 
2.0135781930719077e-11 
2.0135670908416614e-11 
2.0135670908416614e-11 
2.0135670908416614e-11 
2.0135670908416614e-11 
2.0135670908416614e-11 
2.0135670908416614e-11 
2.0135670908416614e-11 
2.0135670908416614e-11 
2.0135670908416614e-11 
2.0135670908416614e-11 
2.0135670908416614e-11 
2.0135670908416614e-11 
2.0135670908416614e-11 
2.0135670908416614e-11 
2.0135670908416614e-11 
2.0135670908416614e-11 
2.0135670908416614e-11 
2.0135670908416614e-11 
2.0135670908416614e-11 
2.0135670908416614e-11 
2.0135670908416614e-11 
2.0135670908416614e-11 
2.0135670908416614e-11 
2.0135670908416614e-11 
2.0135670908416614e-11 
2.0135670908416614e-11 
2.0135670908416614e-11 
2.0135670908416614e-11 
2.0135670908416614e-11 
2.0135670908416614e-11 
2.0135670908416614e-11 
2.0135670908416614e-11 
2.0135670908416614e-11 
2.0135670908416614e-11 
2.0135670908416614e-11 
2.0135670908416614e-11 
2.0135670908416614e-11 
2.0135670908416614e-11 
2.0135670908416614e-11 
2.0135670908416614e-11 
2.0135670908416614e-11 
2.0135670908416614e-11 
2.0135670908416614e-11 
2.0135670908416614e-11 
2.0135670908416614e-11 
2.0135670908416614e-11 
2.0135670908416614e-11 
2.0135670908416614e-11 
2.0135670908416614e-11 
2.0135670908416614e-11 
2.0135670908416614e-11 
2.0135670908416614e-11 
2.0135670908416614e-11 
2.0135670908416614e-11 
2.0135670908416614e-11 
2.0135670908416614e-11 
2.0135670908416614e-11 
2.0135670908416614e-11 
2.0135670908416614e-11 
2.0135670908416614e-11 
2.0135670908416614e-11 
2.0135670908416614e-11 
2.0135670908416614e-11 
2.0135670908416614e-11 
2.0135670908416614e-11 
2.0135670908416614e-11 
2.0135670908416614e-11 
2.0135670908416614e-11 
2.0135670908416614e-11 
2.0135670908416614e-11 
2.0135670908416614e-11 
2.0135670908416614e-11 
2.0135670908416614e-11 
2.0135670908416614e-11 
2.0135670908416614e-11 
2.0135670908416614e-11 
2.0135670908416614e-11 
2.0135670908416614e-11 
2.0135670908416614e-11 
2.0135670908416614e-11 
2.0135670908416614e-11 
2.0135670908416614e-11 
2.0135670908416614e-11 
2.0135670908416614e-11 
2.0135670908416614e-11 
2.0135670908416614e-11 
2.0135670908416614e-11 
2.0135670908416614e-11 
2.0135670908416614e-11 
2.0135670908416614e-11 
2.0135670908416614e-11 
2.0135670908416614e-11 
2.0135670908416614e-11 
2.0135670908416614e-11 
2.0135670908416614e-11 
2.0135670908416614e-11 
2.0135670908416614e-11 
2.0135670908416614e-11 
2.0135670908416614e-11 
2.0135670908416614e-11 
2.0135670908416614e-11 
2.0135670908416614e-11 
2.0135670908416614e-11 
2.0135670908416614e-11 
2.0135670908416614e-11 
2.0135670908416614e-11 
2.0135670908416614e-11 
2.0135670908416614e-11 
2.0135670908416614e-11 
2.0135670908416614e-11 
2.0135670908416614e-11 
2.0135670908416614e-11 
2.0135670908416614e-11 
2.0135670908416614e-11 
2.0135670908416614e-11 
2.0135670908416614e-11 
1.8278156765916265e-11 
1.8278156765916265e-11 
1.8278156765916265e-11 
1.8177570559885226e-11 
1.8177570559885226e-11 
1.8177570559885226e-11 
1.8177570559885226e-11 
1.8162471526750323e-11 
1.8162471526750323e-11 
1.8162471526750323e-11 
1.8162471526750323e-11 
1.8162471526750323e-11 
1.8162471526750323e-11 
1.8162471526750323e-11 
1.8162471526750323e-11 
1.8162471526750323e-11 
1.8162471526750323e-11 
1.8162471526750323e-11 
1.8162027437540473e-11 
1.8162027437540473e-11 
1.8162027437540473e-11 
1.8162027437540473e-11 
1.8162027437540473e-11 
1.8162027437540473e-11 
1.8162027437540473e-11 
1.8162027437540473e-11 
1.8162027437540473e-11 
1.8162027437540473e-11 
1.8161805392935548e-11 
1.8161805392935548e-11 
1.8161805392935548e-11 
1.8161805392935548e-11 
1.8161805392935548e-11 
1.8161805392935548e-11 
1.8161805392935548e-11 
1.8161805392935548e-11 
1.8161805392935548e-11 
1.8161805392935548e-11 
1.8161805392935548e-11 
1.8161805392935548e-11 
1.8161805392935548e-11 
1.8161805392935548e-11 
1.8161805392935548e-11 
1.8161805392935548e-11 
1.8161805392935548e-11 
1.8161805392935548e-11 
1.8161805392935548e-11 
1.8161805392935548e-11 
1.8161805392935548e-11 
1.8161805392935548e-11 
1.8161805392935548e-11 
1.8161805392935548e-11 
1.8161805392935548e-11 
1.8161805392935548e-11 
1.8161805392935548e-11 
1.8161805392935548e-11 
1.8161805392935548e-11 
1.8161805392935548e-11 
1.8161805392935548e-11 
1.8161805392935548e-11 
1.8161805392935548e-11 
1.8161805392935548e-11 
1.8161805392935548e-11 
1.8161805392935548e-11 
1.8161805392935548e-11 
1.8161805392935548e-11 
1.8161805392935548e-11 
1.8161805392935548e-11 
1.8161805392935548e-11 
1.8161805392935548e-11 
1.8161805392935548e-11 
1.8161805392935548e-11 
1.8161805392935548e-11 
1.8161805392935548e-11 
1.8161805392935548e-11 
1.8161805392935548e-11 
1.8161805392935548e-11 
1.8161805392935548e-11 
1.8161805392935548e-11 
1.8161805392935548e-11 
1.8161805392935548e-11 
1.8161805392935548e-11 
1.8161805392935548e-11 
