2.3190437050665489 
1.46663303254342 
1.46663303254342 
0.79129139215659483 
0.79129139215659483 
0.79129139215659483 
0.73105948815283328 
0.73105948815283328 
0.73105948815283328 
0.63764496380382041 
0.45771643291469594 
0.45771643291469594 
0.44884657211590062 
0.28452602973947438 
0.28452602973947438 
0.24160655981210993 
0.17825864635862479 
0.17825864635862479 
0.17825864635862479 
0.17825864635862479 
0.17825864635862479 
0.17825864635862479 
0.17825864635862479 
0.17825864635862479 
0.17825864635862479 
0.17825864635862479 
0.17825864635862479 
0.17825864635862479 
0.17825864635862479 
0.17237341058195982 
0.17237341058195982 
0.16400470451628951 
0.16400470451628951 
0.16400470451628951 
0.16400470451628951 
0.16400470451628951 
0.16400470451628951 
0.16400470451628951 
0.16400470451628951 
0.1599424026756692 
0.1599424026756692 
0.14830685059223339 
0.14263812481658703 
0.1384352248241453 
0.12774137230042948 
0.11977001845502054 
0.11322848423928782 
0.10733613542738352 
0.098409725072563875 
0.086530778121317153 
0.078937600947546413 
0.072307436252537827 
0.05995623078463741 
0.050529977846060947 
0.044170700303570364 
0.038235522264396728 
0.034628025881449406 
0.030845038841362301 
0.023534154025030805 
0.017617964432676922 
0.01292039993064099 
0.0095897917698392048 
0.0079012222984451604 
0.0058936709497279726 
0.0027809904528516447 
0.0012470893764324907 
0.0012470893764324907 
0.00052072425900529266 
0.00038048953312040651 
0.0002624998883152378 
0.0002624998883152378 
0.00011020744602086973 
4.3230559722407221e-05 
2.5506057051260413e-05 
2.5506057051260413e-05 
2.5506057051260413e-05 
2.0648836353929427e-05 
2.0648836353929427e-05 
2.0648836353929427e-05 
1.1459128201918084e-05 
1.1459128201918084e-05 
1.1459128201918084e-05 
1.1459128201918084e-05 
1.1459128201918084e-05 
7.9996794719526059e-06 
7.9996794719526059e-06 
7.9996794719526059e-06 
7.9996794719526059e-06 
7.9996794719526059e-06 
8.8849916538499329e-07 
8.8849916538499329e-07 
8.8849916538499329e-07 
8.8849916538499329e-07 
8.8849916538499329e-07 
8.8849916538499329e-07 
8.8849916538499329e-07 
1.0267315804982441e-07 
1.0267315804982441e-07 
1.0267315804982441e-07 
1.0267315804982441e-07 
1.0267315804982441e-07 
1.0267315804982441e-07 
1.0267315804982441e-07 
1.0267315804982441e-07 
9.0448339327386125e-08 
9.0448339327386125e-08 
9.0448339327386125e-08 
9.0448339327386125e-08 
9.0448339327386125e-08 
9.0448339327386125e-08 
9.0448339327386125e-08 
9.0448339327386125e-08 
9.0448339327386125e-08 
9.0448339327386125e-08 
9.0448339327386125e-08 
9.0448339327386125e-08 
9.0448339327386125e-08 
9.0448339327386125e-08 
9.0448339327386125e-08 
9.0448339327386125e-08 
9.0448339327386125e-08 
3.3594888550270667e-08 
3.3594888550270667e-08 
3.3594888550270667e-08 
3.3594888550270667e-08 
3.3594888550270667e-08 
3.3594888550270667e-08 
3.3594888550270667e-08 
2.5099189645919221e-08 
2.5099189645919221e-08 
2.5099189645919221e-08 
2.5099189645919221e-08 
2.5099189645919221e-08 
2.5099189645919221e-08 
2.5099189645919221e-08 
2.5099189645919221e-08 
1.7706765270289188e-08 
1.7706765270289188e-08 
1.7706765270289188e-08 
1.7706765270289188e-08 
1.7706765270289188e-08 
1.7706765270289188e-08 
1.7706765270289188e-08 
1.7706765270289188e-08 
1.7706765270289188e-08 
1.5823015885012995e-08 
1.5823015885012995e-08 
1.5823015885012995e-08 
1.5823015885012995e-08 
1.5823015885012995e-08 
1.5823015885012995e-08 
1.5823015885012995e-08 
2.4277565192326615e-09 
2.4277565192326615e-09 
2.4277565192326615e-09 
9.9696390933387981e-10 
9.9696390933387981e-10 
9.9696390933387981e-10 
9.9696390933387981e-10 
9.9696390933387981e-10 
9.9696390933387981e-10 
9.9696390933387981e-10 
3.3721156447146096e-10 
3.3721156447146096e-10 
3.3721156447146096e-10 
3.3721156447146096e-10 
3.3721156447146096e-10 
3.3721156447146096e-10 
3.3721156447146096e-10 
3.3721156447146096e-10 
3.3721156447146096e-10 
3.3721156447146096e-10 
3.3721156447146096e-10 
3.3721156447146096e-10 
3.3721156447146096e-10 
3.3721156447146096e-10 
3.3721156447146096e-10 
3.3721156447146096e-10 
3.3721156447146096e-10 
3.3721156447146096e-10 
3.3721156447146096e-10 
3.3721156447146096e-10 
3.3721156447146096e-10 
3.3721156447146096e-10 
3.3721156447146096e-10 
3.3721156447146096e-10 
3.3721156447146096e-10 
3.3721156447146096e-10 
3.3721156447146096e-10 
3.3216545211171905e-10 
3.3216545211171905e-10 
3.3216545211171905e-10 
3.3216545211171905e-10 
3.3216545211171905e-10 
3.3216545211171905e-10 
3.3216545211171905e-10 
3.3216545211171905e-10 
3.3216545211171905e-10 
3.3216545211171905e-10 
3.3216545211171905e-10 
3.3216545211171905e-10 
3.3216545211171905e-10 
3.3216545211171905e-10 
3.3216545211171905e-10 
3.3216545211171905e-10 
3.3216545211171905e-10 
7.7917853909692469e-11 
7.7917853909692469e-11 
7.7917853909692469e-11 
3.932314545209504e-11 
2.224535185019709e-11 
2.224535185019709e-11 
2.224535185019709e-11 
2.224535185019709e-11 
2.224535185019709e-11 
2.224535185019709e-11 
2.224535185019709e-11 
2.224535185019709e-11 
2.224535185019709e-11 
2.224535185019709e-11 
2.224535185019709e-11 
1.9818180083338187e-11 
1.9818180083338187e-11 
1.9818180083338187e-11 
1.8800197513586859e-12 
1.8800197513586859e-12 
1.8800197513586859e-12 
1.8800197513586859e-12 
1.8800197513586859e-12 
1.8800197513586859e-12 
1.8800197513586859e-12 
1.8800197513586859e-12 
1.8800197513586859e-12 
1.8800197513586859e-12 
1.8800197513586859e-12 
1.8800197513586859e-12 
1.8800197513586859e-12 
1.8800197513586859e-12 
1.8800197513586859e-12 
1.8800197513586859e-12 
1.8800197513586859e-12 
1.8800197513586859e-12 
1.8800197513586859e-12 
1.8800197513586859e-12 
1.8800197513586859e-12 
1.8800197513586859e-12 
1.8800197513586859e-12 
1.8800197513586859e-12 
1.8800197513586859e-12 
1.8800197513586859e-12 
1.8800197513586859e-12 
1.8800197513586859e-12 
1.8800197513586859e-12 
1.8800197513586859e-12 
1.8800197513586859e-12 
1.8800197513586859e-12 
1.8800197513586859e-12 
1.8800197513586859e-12 
1.8800197513586859e-12 
1.8800197513586859e-12 
1.8800197513586859e-12 
1.8800197513586859e-12 
1.8800197513586859e-12 
1.8800197513586859e-12 
1.8800197513586859e-12 
1.8800197513586859e-12 
1.8800197513586859e-12 
1.8800197513586859e-12 
1.8800197513586859e-12 
1.8800197513586859e-12 
1.8800197513586859e-12 
1.8800197513586859e-12 
1.8800197513586859e-12 
1.8800197513586859e-12 
1.8800197513586859e-12 
1.8800197513586859e-12 
1.8800197513586859e-12 
1.8800197513586859e-12 
1.8800197513586859e-12 
1.8800197513586859e-12 
1.8800197513586859e-12 
1.8800197513586859e-12 
1.8800197513586859e-12 
1.8800197513586859e-12 
1.8800197513586859e-12 
1.8800197513586859e-12 
1.8800197513586859e-12 
1.8800197513586859e-12 
1.8800197513586859e-12 
1.8800197513586859e-12 
1.8800197513586859e-12 
1.8800197513586859e-12 
1.8800197513586859e-12 
1.8800197513586859e-12 
1.8800197513586859e-12 
1.8800197513586859e-12 
1.8800197513586859e-12 
1.8800197513586859e-12 
1.8800197513586859e-12 
1.8800197513586859e-12 
1.8800197513586859e-12 
1.8800197513586859e-12 
1.8800197513586859e-12 
1.8800197513586859e-12 
1.8800197513586859e-12 
1.8800197513586859e-12 
1.8800197513586859e-12 
1.8800197513586859e-12 
1.8800197513586859e-12 
1.8800197513586859e-12 
1.8800197513586859e-12 
1.8800197513586859e-12 
1.8800197513586859e-12 
1.8800197513586859e-12 
1.8800197513586859e-12 
1.8800197513586859e-12 
1.8800197513586859e-12 
1.8800197513586859e-12 
1.8800197513586859e-12 
1.8800197513586859e-12 
1.8800197513586859e-12 
1.8800197513586859e-12 
1.8800197513586859e-12 
1.8800197513586859e-12 
1.8800197513586859e-12 
1.8800197513586859e-12 
1.8800197513586859e-12 
1.8800197513586859e-12 
1.8800197513586859e-12 
1.8800197513586859e-12 
1.8800197513586859e-12 
1.8800197513586859e-12 
1.8800197513586859e-12 
1.8800197513586859e-12 
1.8800197513586859e-12 
1.8800197513586859e-12 
1.8800197513586859e-12 
1.8800197513586859e-12 
1.8800197513586859e-12 
1.8800197513586859e-12 
1.8800197513586859e-12 
1.8800197513586859e-12 
1.8800197513586859e-12 
1.8800197513586859e-12 
1.8800197513586859e-12 
1.8800197513586859e-12 
1.8800197513586859e-12 
1.8800197513586859e-12 
1.8800197513586859e-12 
1.8800197513586859e-12 
1.8800197513586859e-12 
1.8800197513586859e-12 
1.8800197513586859e-12 
1.8800197513586859e-12 
1.8800197513586859e-12 
1.8800197513586859e-12 
1.8800197513586859e-12 
1.8800197513586859e-12 
1.8800197513586859e-12 
1.8800197513586859e-12 
1.8800197513586859e-12 
1.8800197513586859e-12 
1.8800197513586859e-12 
1.8800197513586859e-12 
1.8800197513586859e-12 
1.8800197513586859e-12 
1.8800197513586859e-12 
1.8800197513586859e-12 
1.8800197513586859e-12 
1.8800197513586859e-12 
1.8800197513586859e-12 
1.8800197513586859e-12 
1.8800197513586859e-12 
1.8800197513586859e-12 
1.8800197513586859e-12 
1.8800197513586859e-12 
1.8800197513586859e-12 
1.8800197513586859e-12 
1.8800197513586859e-12 
1.8800197513586859e-12 
1.8800197513586859e-12 
1.8800197513586859e-12 
1.8800197513586859e-12 
1.8800197513586859e-12 
1.8800197513586859e-12 
1.8800197513586859e-12 
1.8800197513586859e-12 
1.8800197513586859e-12 
1.8800197513586859e-12 
1.8800197513586859e-12 
1.8800197513586859e-12 
1.8800197513586859e-12 
1.8800197513586859e-12 
1.8800197513586859e-12 
1.8800197513586859e-12 
1.8800197513586859e-12 
1.8800197513586859e-12 
1.8800197513586859e-12 
1.8800197513586859e-12 
1.8800197513586859e-12 
1.8800197513586859e-12 
1.8800197513586859e-12 
1.8800197513586859e-12 
1.8800197513586859e-12 
1.8800197513586859e-12 
1.8800197513586859e-12 
1.8800197513586859e-12 
1.8800197513586859e-12 
1.8800197513586859e-12 
1.8800197513586859e-12 
1.8800197513586859e-12 
1.8800197513586859e-12 
1.8800197513586859e-12 
1.8800197513586859e-12 
1.8800197513586859e-12 
1.8800197513586859e-12 
1.8800197513586859e-12 
1.8800197513586859e-12 
1.8800197513586859e-12 
1.8800197513586859e-12 
1.8800197513586859e-12 
1.8800197513586859e-12 
1.8800197513586859e-12 
1.8800197513586859e-12 
1.8800197513586859e-12 
1.8800197513586859e-12 
1.8800197513586859e-12 
1.8800197513586859e-12 
1.8800197513586859e-12 
1.8800197513586859e-12 
1.8800197513586859e-12 
1.8800197513586859e-12 
1.8800197513586859e-12 
1.8800197513586859e-12 
1.8800197513586859e-12 
1.8800197513586859e-12 
1.8800197513586859e-12 
1.8800197513586859e-12 
1.8800197513586859e-12 
1.8800197513586859e-12 
1.8800197513586859e-12 
1.8800197513586859e-12 
1.8800197513586859e-12 
1.8800197513586859e-12 
1.8800197513586859e-12 
1.8800197513586859e-12 
1.8800197513586859e-12 
1.8800197513586859e-12 
1.8800197513586859e-12 
1.8800197513586859e-12 
1.8800197513586859e-12 
1.8800197513586859e-12 
1.8800197513586859e-12 
1.8800197513586859e-12 
1.8800197513586859e-12 
1.8800197513586859e-12 
1.8800197513586859e-12 
1.8800197513586859e-12 
1.8800197513586859e-12 
1.8800197513586859e-12 
1.8800197513586859e-12 
1.8800197513586859e-12 
1.8800197513586859e-12 
1.8800197513586859e-12 
1.8800197513586859e-12 
1.8800197513586859e-12 
1.8800197513586859e-12 
1.8800197513586859e-12 
1.8800197513586859e-12 
1.8800197513586859e-12 
1.8800197513586859e-12 
1.8800197513586859e-12 
1.8800197513586859e-12 
1.8800197513586859e-12 
1.8800197513586859e-12 
1.8800197513586859e-12 
1.8800197513586859e-12 
1.8800197513586859e-12 
1.8800197513586859e-12 
1.8800197513586859e-12 
1.8800197513586859e-12 
1.8800197513586859e-12 
1.8800197513586859e-12 
1.8800197513586859e-12 
1.8800197513586859e-12 
1.8800197513586859e-12 
1.8800197513586859e-12 
1.8800197513586859e-12 
1.8800197513586859e-12 
1.8800197513586859e-12 
1.8800197513586859e-12 
1.8800197513586859e-12 
1.8800197513586859e-12 
1.8800197513586859e-12 
1.8800197513586859e-12 
1.8800197513586859e-12 
1.8800197513586859e-12 
1.8800197513586859e-12 
1.8800197513586859e-12 
1.8800197513586859e-12 
1.8800197513586859e-12 
1.8800197513586859e-12 
1.8800197513586859e-12 
1.8800197513586859e-12 
1.8800197513586859e-12 
1.8800197513586859e-12 
1.8800197513586859e-12 
1.8800197513586859e-12 
1.8800197513586859e-12 
1.8800197513586859e-12 
1.8800197513586859e-12 
1.8800197513586859e-12 
1.8800197513586859e-12 
1.8800197513586859e-12 
1.8800197513586859e-12 
1.8800197513586859e-12 
1.8800197513586859e-12 
1.8800197513586859e-12 
1.8800197513586859e-12 
1.8800197513586859e-12 
1.8800197513586859e-12 
1.8800197513586859e-12 
1.8800197513586859e-12 
1.8800197513586859e-12 
1.8800197513586859e-12 
1.8800197513586859e-12 
1.8800197513586859e-12 
1.8800197513586859e-12 
1.8800197513586859e-12 
1.8800197513586859e-12 
1.8800197513586859e-12 
1.8800197513586859e-12 
1.8800197513586859e-12 
1.8800197513586859e-12 
1.8800197513586859e-12 
1.8800197513586859e-12 
1.8800197513586859e-12 
1.8800197513586859e-12 
1.8800197513586859e-12 
1.8800197513586859e-12 
1.8800197513586859e-12 
1.8800197513586859e-12 
1.8800197513586859e-12 
1.8800197513586859e-12 
1.8800197513586859e-12 
1.8800197513586859e-12 
1.8800197513586859e-12 
1.8800197513586859e-12 
1.8800197513586859e-12 
1.8800197513586859e-12 
1.8800197513586859e-12 
1.8800197513586859e-12 
1.8800197513586859e-12 
1.8800197513586859e-12 
1.8800197513586859e-12 
1.8800197513586859e-12 
1.8800197513586859e-12 
1.8800197513586859e-12 
1.8800197513586859e-12 
1.8800197513586859e-12 
1.8800197513586859e-12 
1.8800197513586859e-12 
1.8800197513586859e-12 
1.8800197513586859e-12 
1.8800197513586859e-12 
1.8800197513586859e-12 
1.8800197513586859e-12 
1.8800197513586859e-12 
1.8800197513586859e-12 
1.8800197513586859e-12 
1.8800197513586859e-12 
1.8800197513586859e-12 
1.8800197513586859e-12 
1.8800197513586859e-12 
1.8800197513586859e-12 
1.8800197513586859e-12 
1.8800197513586859e-12 
1.8800197513586859e-12 
1.8800197513586859e-12 
1.8800197513586859e-12 
1.8800197513586859e-12 
1.8800197513586859e-12 
1.8800197513586859e-12 
1.8800197513586859e-12 
1.8800197513586859e-12 
1.8800197513586859e-12 
1.8800197513586859e-12 
1.8800197513586859e-12 
1.8800197513586859e-12 
1.8800197513586859e-12 
1.8800197513586859e-12 
1.8800197513586859e-12 
1.8800197513586859e-12 
1.8800197513586859e-12 
1.8800197513586859e-12 
1.8800197513586859e-12 
1.8800197513586859e-12 
1.8800197513586859e-12 
1.8800197513586859e-12 
1.8800197513586859e-12 
1.8800197513586859e-12 
1.8800197513586859e-12 
1.8800197513586859e-12 
1.8800197513586859e-12 
1.8800197513586859e-12 
1.8800197513586859e-12 
1.8800197513586859e-12 
1.8800197513586859e-12 
1.8800197513586859e-12 
1.8800197513586859e-12 
1.8800197513586859e-12 
1.8800197513586859e-12 
1.8800197513586859e-12 
1.8800197513586859e-12 
1.8800197513586859e-12 
1.8800197513586859e-12 
1.8800197513586859e-12 
1.8800197513586859e-12 
1.8800197513586859e-12 
1.8800197513586859e-12 
1.8800197513586859e-12 
1.8800197513586859e-12 
1.8800197513586859e-12 
1.8800197513586859e-12 
1.8800197513586859e-12 
1.8800197513586859e-12 
1.8800197513586859e-12 
1.8800197513586859e-12 
1.8800197513586859e-12 
1.8800197513586859e-12 
1.8800197513586859e-12 
1.8800197513586859e-12 
1.8800197513586859e-12 
1.8800197513586859e-12 
1.8800197513586859e-12 
1.8800197513586859e-12 
1.8800197513586859e-12 
1.8800197513586859e-12 
1.8800197513586859e-12 
1.8800197513586859e-12 
1.8800197513586859e-12 
1.8800197513586859e-12 
1.8800197513586859e-12 
1.8800197513586859e-12 
1.8800197513586859e-12 
1.8800197513586859e-12 
1.8800197513586859e-12 
1.8800197513586859e-12 
1.8800197513586859e-12 
1.8800197513586859e-12 
1.8800197513586859e-12 
1.8800197513586859e-12 
1.8800197513586859e-12 
1.8800197513586859e-12 
1.8800197513586859e-12 
1.8800197513586859e-12 
1.8800197513586859e-12 
1.8800197513586859e-12 
1.8800197513586859e-12 
1.8800197513586859e-12 
1.8800197513586859e-12 
1.8800197513586859e-12 
1.8800197513586859e-12 
1.8800197513586859e-12 
1.8800197513586859e-12 
1.8800197513586859e-12 
1.8800197513586859e-12 
1.8800197513586859e-12 
1.8800197513586859e-12 
1.8800197513586859e-12 
1.8800197513586859e-12 
1.8800197513586859e-12 
1.8800197513586859e-12 
1.8800197513586859e-12 
1.8800197513586859e-12 
1.8800197513586859e-12 
1.8800197513586859e-12 
1.8800197513586859e-12 
1.8800197513586859e-12 
1.8800197513586859e-12 
1.8800197513586859e-12 
1.8800197513586859e-12 
1.8800197513586859e-12 
1.8800197513586859e-12 
1.8800197513586859e-12 
1.8800197513586859e-12 
1.8800197513586859e-12 
1.8800197513586859e-12 
1.8800197513586859e-12 
1.8800197513586859e-12 
1.8800197513586859e-12 
1.8800197513586859e-12 
1.8800197513586859e-12 
1.8800197513586859e-12 
1.8800197513586859e-12 
1.8800197513586859e-12 
1.8800197513586859e-12 
1.8800197513586859e-12 
1.8800197513586859e-12 
1.8800197513586859e-12 
1.8800197513586859e-12 
1.8800197513586859e-12 
1.8800197513586859e-12 
1.8800197513586859e-12 
1.8800197513586859e-12 
1.8800197513586859e-12 
1.8800197513586859e-12 
1.8800197513586859e-12 
1.8800197513586859e-12 
1.8800197513586859e-12 
1.8800197513586859e-12 
1.8800197513586859e-12 
1.8800197513586859e-12 
1.8800197513586859e-12 
1.8800197513586859e-12 
1.8800197513586859e-12 
1.8800197513586859e-12 
1.8800197513586859e-12 
1.8800197513586859e-12 
1.8800197513586859e-12 
1.8800197513586859e-12 
1.8800197513586859e-12 
1.8800197513586859e-12 
1.8800197513586859e-12 
1.8800197513586859e-12 
1.8800197513586859e-12 
1.8800197513586859e-12 
1.8800197513586859e-12 
1.8800197513586859e-12 
1.8800197513586859e-12 
1.8800197513586859e-12 
1.8800197513586859e-12 
1.8800197513586859e-12 
1.8800197513586859e-12 
1.8800197513586859e-12 
1.8800197513586859e-12 
1.8800197513586859e-12 
1.8800197513586859e-12 
1.8800197513586859e-12 
1.8800197513586859e-12 
1.8800197513586859e-12 
1.8800197513586859e-12 
1.8800197513586859e-12 
1.8800197513586859e-12 
1.8800197513586859e-12 
1.8800197513586859e-12 
1.8800197513586859e-12 
1.8800197513586859e-12 
1.8800197513586859e-12 
1.8800197513586859e-12 
1.8800197513586859e-12 
1.8800197513586859e-12 
1.8800197513586859e-12 
1.8800197513586859e-12 
1.8800197513586859e-12 
1.8800197513586859e-12 
1.8800197513586859e-12 
1.8800197513586859e-12 
1.8800197513586859e-12 
1.8800197513586859e-12 
1.8800197513586859e-12 
1.8800197513586859e-12 
1.8800197513586859e-12 
1.8800197513586859e-12 
1.8800197513586859e-12 
1.8800197513586859e-12 
1.8800197513586859e-12 
1.8800197513586859e-12 
1.8800197513586859e-12 
1.8800197513586859e-12 
1.8800197513586859e-12 
1.8800197513586859e-12 
1.8800197513586859e-12 
1.8800197513586859e-12 
1.8800197513586859e-12 
1.8800197513586859e-12 
1.8800197513586859e-12 
1.8800197513586859e-12 
1.8800197513586859e-12 
1.8800197513586859e-12 
1.8800197513586859e-12 
1.8800197513586859e-12 
1.8800197513586859e-12 
1.8800197513586859e-12 
1.8800197513586859e-12 
1.8800197513586859e-12 
1.8800197513586859e-12 
1.8800197513586859e-12 
1.8800197513586859e-12 
1.8800197513586859e-12 
1.8800197513586859e-12 
1.8800197513586859e-12 
1.8800197513586859e-12 
1.8800197513586859e-12 
1.8800197513586859e-12 
1.8800197513586859e-12 
1.8800197513586859e-12 
1.8800197513586859e-12 
1.8800197513586859e-12 
1.8800197513586859e-12 
1.8800197513586859e-12 
1.8800197513586859e-12 
1.8800197513586859e-12 
1.8800197513586859e-12 
1.8800197513586859e-12 
1.8800197513586859e-12 
1.8800197513586859e-12 
1.8800197513586859e-12 
1.8800197513586859e-12 
1.8800197513586859e-12 
1.8800197513586859e-12 
1.8800197513586859e-12 
1.8800197513586859e-12 
1.8800197513586859e-12 
1.8800197513586859e-12 
1.8800197513586859e-12 
1.8800197513586859e-12 
1.8800197513586859e-12 
1.8800197513586859e-12 
1.8800197513586859e-12 
1.8800197513586859e-12 
1.8800197513586859e-12 
1.8800197513586859e-12 
1.8800197513586859e-12 
1.8800197513586859e-12 
1.8800197513586859e-12 
1.8800197513586859e-12 
1.8800197513586859e-12 
1.8800197513586859e-12 
1.8800197513586859e-12 
1.8800197513586859e-12 
1.8800197513586859e-12 
1.8800197513586859e-12 
1.8800197513586859e-12 
1.8800197513586859e-12 
1.8800197513586859e-12 
1.8800197513586859e-12 
1.8800197513586859e-12 
1.8800197513586859e-12 
1.8800197513586859e-12 
1.8800197513586859e-12 
1.8800197513586859e-12 
1.8800197513586859e-12 
1.8800197513586859e-12 
1.8800197513586859e-12 
1.8800197513586859e-12 
1.8800197513586859e-12 
1.8800197513586859e-12 
1.8800197513586859e-12 
1.8800197513586859e-12 
1.8800197513586859e-12 
1.8800197513586859e-12 
1.8800197513586859e-12 
1.8800197513586859e-12 
1.8800197513586859e-12 
1.8800197513586859e-12 
1.8800197513586859e-12 
1.8800197513586859e-12 
1.8800197513586859e-12 
1.8800197513586859e-12 
1.8800197513586859e-12 
1.8800197513586859e-12 
1.8800197513586859e-12 
1.8800197513586859e-12 
1.8800197513586859e-12 
1.8800197513586859e-12 
1.8800197513586859e-12 
1.8800197513586859e-12 
1.8800197513586859e-12 
1.8800197513586859e-12 
1.8800197513586859e-12 
1.8800197513586859e-12 
1.8800197513586859e-12 
1.8800197513586859e-12 
1.8800197513586859e-12 
1.8800197513586859e-12 
1.8800197513586859e-12 
1.8800197513586859e-12 
1.8800197513586859e-12 
1.8800197513586859e-12 
1.8800197513586859e-12 
1.8800197513586859e-12 
1.8800197513586859e-12 
1.8800197513586859e-12 
1.8800197513586859e-12 
1.8800197513586859e-12 
1.8800197513586859e-12 
1.8800197513586859e-12 
1.8800197513586859e-12 
1.8800197513586859e-12 
1.8800197513586859e-12 
1.8800197513586859e-12 
1.8800197513586859e-12 
1.8800197513586859e-12 
1.8800197513586859e-12 
1.8800197513586859e-12 
1.8800197513586859e-12 
1.8800197513586859e-12 
1.8800197513586859e-12 
1.8800197513586859e-12 
1.8800197513586859e-12 
1.8800197513586859e-12 
1.8800197513586859e-12 
1.8800197513586859e-12 
1.8800197513586859e-12 
1.8800197513586859e-12 
1.8800197513586859e-12 
1.8800197513586859e-12 
1.8800197513586859e-12 
1.8800197513586859e-12 
1.8800197513586859e-12 
1.8800197513586859e-12 
1.8800197513586859e-12 
1.8800197513586859e-12 
1.8800197513586859e-12 
1.8800197513586859e-12 
1.8800197513586859e-12 
1.8800197513586859e-12 
1.8800197513586859e-12 
1.8800197513586859e-12 
1.8800197513586859e-12 
1.8800197513586859e-12 
1.8800197513586859e-12 
1.8800197513586859e-12 
1.8800197513586859e-12 
1.8800197513586859e-12 
1.8800197513586859e-12 
1.8800197513586859e-12 
1.8800197513586859e-12 
1.8800197513586859e-12 
1.8800197513586859e-12 
1.8800197513586859e-12 
1.8800197513586859e-12 
1.8800197513586859e-12 
1.8800197513586859e-12 
1.8800197513586859e-12 
1.8800197513586859e-12 
1.8800197513586859e-12 
1.8800197513586859e-12 
1.8800197513586859e-12 
1.8800197513586859e-12 
1.8800197513586859e-12 
1.8800197513586859e-12 
1.8800197513586859e-12 
1.8800197513586859e-12 
1.8800197513586859e-12 
1.8800197513586859e-12 
1.8800197513586859e-12 
1.8800197513586859e-12 
1.8800197513586859e-12 
1.8800197513586859e-12 
1.8800197513586859e-12 
1.8800197513586859e-12 
1.8800197513586859e-12 
1.8800197513586859e-12 
1.8800197513586859e-12 
1.8800197513586859e-12 
1.8800197513586859e-12 
1.8800197513586859e-12 
1.8800197513586859e-12 
1.8800197513586859e-12 
1.8800197513586859e-12 
1.8800197513586859e-12 
1.8800197513586859e-12 
1.8800197513586859e-12 
1.8800197513586859e-12 
1.8800197513586859e-12 
1.8800197513586859e-12 
1.8800197513586859e-12 
1.8800197513586859e-12 
1.8800197513586859e-12 
1.8800197513586859e-12 
1.8800197513586859e-12 
1.8800197513586859e-12 
1.8800197513586859e-12 
1.8800197513586859e-12 
1.8800197513586859e-12 
1.8800197513586859e-12 
1.8800197513586859e-12 
1.8800197513586859e-12 
1.8800197513586859e-12 
1.8800197513586859e-12 
1.8800197513586859e-12 
1.8800197513586859e-12 
1.8800197513586859e-12 
1.8800197513586859e-12 
1.8800197513586859e-12 
1.8800197513586859e-12 
1.8800197513586859e-12 
1.8800197513586859e-12 
1.8800197513586859e-12 
1.8800197513586859e-12 
1.8800197513586859e-12 
1.8800197513586859e-12 
1.8800197513586859e-12 
1.8800197513586859e-12 
1.8800197513586859e-12 
1.8800197513586859e-12 
1.8800197513586859e-12 
1.8800197513586859e-12 
