0.43666120697234212 
0.43666120697234212 
0.43666120697234212 
0.42480375787825297 
0.38770923505875377 
0.35244576255256133 
0.31909759959157802 
0.28774517131310906 
0.2584648784955812 
0.23132891669676481 
0.20640510522014932 
0.18375672631200923 
0.16344237496764447 
0.14551581970033634 
0.13002587460077852 
0.11701628298819922 
0.10652561292712748 
0.098587164855864828 
0.093228891544232639 
0.090473330569182941 
0.090337549467419676 
0.090337549467419676 
0.090337549467419676 
0.090337549467419676 
0.090098650829464111 
0.090098650829464111 
0.090098650829464111 
0.090098650829464111 
0.090098650829464111 
0.090098650829464111 
0.090098650829464111 
0.090098650829464111 
0.090098650829464111 
0.090098650829464111 
0.090098650829464111 
0.090098650829464111 
0.090098650829464111 
0.090098650829464111 
0.090098650829464111 
0.090098650829464111 
0.090098650829464111 
0.090098650829464111 
0.090096589976256691 
0.090096589976256691 
0.090096589976256691 
0.090096589976256691 
0.090096589976256691 
0.090096589976256691 
0.090096589976256691 
0.090096589976256691 
0.090096589976256691 
0.090096589976256691 
0.090096589976256691 
0.088941483528912735 
0.086780227637129892 
0.086780227637129892 
0.086780227637129892 
0.085023372931090968 
0.084617544379601561 
0.084617544379601561 
0.084617544379601561 
0.084617544379601561 
0.084582654953974101 
0.084582654953974101 
0.084582654953974101 
0.084529131586413397 
0.084529131586413397 
0.084529131586413397 
0.084479910507804346 
0.084479910507804346 
0.084479910507804346 
0.084463999555099534 
0.084463999555099534 
0.084463999555099534 
0.070424723450006832 
0.056513796837654562 
0.045217930555852437 
0.036548165934794152 
0.030511509736863118 
0.027110926049047857 
0.02439503392808684 
0.024139672453147742 
0.024139672453147742 
0.024139672453147742 
0.024139672453147742 
0.022743599666690817 
0.022743599666690817 
0.021139626317991489 
0.01946115090790812 
0.01861745970801465 
0.018609019235138469 
0.017244532183633754 
0.014795795326282613 
0.012459623529219699 
0.010328645408105408 
0.0084032102973394807 
0.0066836325032313404 
0.0047794202938112873 
0.0032620503864148054 
0.0021694612105577216 
0.00080148979264049736 
0.00050240072022778026 
0.00032116684680849605 
0.00032116684680849605 
0.00032116684680849605 
0.00023799071747343525 
0.00023799071747343525 
0.00023799071747343525 
0.00023799071747343525 
0.00023799071747343525 
0.00020087515864519734 
0.00020087515864519734 
0.00020087515864519734 
0.00011076630315220992 
0.00011076630315220992 
0.00011076630315220992 
0.00011076630315220992 
0.00011076630315220992 
8.3342907097327945e-05 
8.3342907097327945e-05 
8.3342907097327945e-05 
8.3342907097327945e-05 
8.3342907097327945e-05 
8.3342907097327945e-05 
8.3342907097327945e-05 
8.2463569386015401e-05 
8.2463569386015401e-05 
8.2463569386015401e-05 
6.7367506946469646e-05 
5.1516292510878081e-05 
5.1516292510878081e-05 
5.0399214145735449e-05 
5.0399214145735449e-05 
5.0399214145735449e-05 
5.0399214145735449e-05 
4.9679043153560976e-05 
4.9679043153560976e-05 
4.9679043153560976e-05 
4.9679043153560976e-05 
4.9679043153560976e-05 
3.9236678766485511e-05 
3.9236678766485511e-05 
3.3133826905618058e-05 
3.3133826905618058e-05 
3.3133826905618058e-05 
3.3133826905618058e-05 
3.3133826905618058e-05 
3.3133826905618058e-05 
3.3133826905618058e-05 
3.3133826905618058e-05 
3.3133826905618058e-05 
3.3133826905618058e-05 
3.3133826905618058e-05 
3.3133826905618058e-05 
3.3133826905618058e-05 
3.3133826905618058e-05 
3.3133826905618058e-05 
2.0408194008836311e-05 
2.0408194008836311e-05 
2.0408194008836311e-05 
2.0408194008836311e-05 
2.0408194008836311e-05 
2.0408194008836311e-05 
2.0408194008836311e-05 
2.0408194008836311e-05 
2.0408194008836311e-05 
2.0408194008836311e-05 
2.0408194008836311e-05 
2.0408194008836311e-05 
2.0408194008836311e-05 
2.0408194008836311e-05 
2.0408194008836311e-05 
2.0408194008836311e-05 
2.0408194008836311e-05 
2.0408194008836311e-05 
2.0408194008836311e-05 
2.0408194008836311e-05 
2.0408194008836311e-05 
2.0408194008836311e-05 
2.0408194008836311e-05 
1.0421552439243698e-05 
1.0421552439243698e-05 
1.0421552439243698e-05 
1.0421552439243698e-05 
1.0421552439243698e-05 
1.0421552439243698e-05 
1.0421552439243698e-05 
1.0421552439243698e-05 
1.0421552439243698e-05 
1.0421552439243698e-05 
1.0421552439243698e-05 
1.0421552439243698e-05 
1.0421552439243698e-05 
5.15552087898552e-06 
5.15552087898552e-06 
5.15552087898552e-06 
5.15552087898552e-06 
5.15552087898552e-06 
5.15552087898552e-06 
5.15552087898552e-06 
5.15552087898552e-06 
5.15552087898552e-06 
5.15552087898552e-06 
5.15552087898552e-06 
5.15552087898552e-06 
5.15552087898552e-06 
5.15552087898552e-06 
5.15552087898552e-06 
5.15552087898552e-06 
5.15552087898552e-06 
5.15552087898552e-06 
5.15552087898552e-06 
5.15552087898552e-06 
5.15552087898552e-06 
5.15552087898552e-06 
5.15552087898552e-06 
5.15552087898552e-06 
5.15552087898552e-06 
5.15552087898552e-06 
5.15552087898552e-06 
5.15552087898552e-06 
5.15552087898552e-06 
5.15552087898552e-06 
5.15552087898552e-06 
5.15552087898552e-06 
5.15552087898552e-06 
5.15552087898552e-06 
5.15552087898552e-06 
5.15552087898552e-06 
5.15552087898552e-06 
5.15552087898552e-06 
5.15552087898552e-06 
5.15552087898552e-06 
5.15552087898552e-06 
5.15552087898552e-06 
5.15552087898552e-06 
5.15552087898552e-06 
5.15552087898552e-06 
5.15552087898552e-06 
5.15552087898552e-06 
5.15552087898552e-06 
5.15552087898552e-06 
5.15552087898552e-06 
5.15552087898552e-06 
5.15552087898552e-06 
5.15552087898552e-06 
5.15552087898552e-06 
5.15552087898552e-06 
5.15552087898552e-06 
5.15552087898552e-06 
5.15552087898552e-06 
5.15552087898552e-06 
5.15552087898552e-06 
5.15552087898552e-06 
5.15552087898552e-06 
5.15552087898552e-06 
5.15552087898552e-06 
5.15552087898552e-06 
5.15552087898552e-06 
5.15552087898552e-06 
2.8888908121249557e-06 
2.8888908121249557e-06 
2.8888908121249557e-06 
2.8888908121249557e-06 
2.8888908121249557e-06 
2.8888908121249557e-06 
2.8888908121249557e-06 
2.8888908121249557e-06 
2.8888908121249557e-06 
2.8888908121249557e-06 
2.8888908121249557e-06 
2.8888908121249557e-06 
2.8888908121249557e-06 
2.8888908121249557e-06 
2.8888908121249557e-06 
2.8888908121249557e-06 
2.8888908121249557e-06 
2.8888908121249557e-06 
2.8888908121249557e-06 
2.8888908121249557e-06 
2.8888908121249557e-06 
2.8888908121249557e-06 
2.8888908121249557e-06 
2.8888908121249557e-06 
2.8888908121249557e-06 
2.8888908121249557e-06 
2.8888908121249557e-06 
2.8888908121249557e-06 
2.8888908121249557e-06 
2.8888908121249557e-06 
2.8888908121249557e-06 
2.8888908121249557e-06 
2.8888908121249557e-06 
2.8888908121249557e-06 
2.8888908121249557e-06 
2.8888908121249557e-06 
2.8888908121249557e-06 
2.8888908121249557e-06 
2.8888908121249557e-06 
2.8888908121249557e-06 
2.8888908121249557e-06 
2.8888908121249557e-06 
2.8888908121249557e-06 
2.8888908121249557e-06 
2.8888908121249557e-06 
2.8888908121249557e-06 
2.8888908121249557e-06 
2.8888908121249557e-06 
2.8888908121249557e-06 
2.8888908121249557e-06 
2.8888908121249557e-06 
2.8888908121249557e-06 
2.8888908121249557e-06 
2.8888908121249557e-06 
2.8888908121249557e-06 
2.8888908121249557e-06 
2.8888908121249557e-06 
2.8888908121249557e-06 
2.8888908121249557e-06 
2.8888908121249557e-06 
2.8888908121249557e-06 
2.8888908121249557e-06 
2.8888908121249557e-06 
2.8888908121249557e-06 
2.8888908121249557e-06 
2.8888908121249557e-06 
2.8888908121249557e-06 
2.8888908121249557e-06 
2.8888908121249557e-06 
2.8888908121249557e-06 
2.8888908121249557e-06 
2.8888908121249557e-06 
2.8888908121249557e-06 
2.8888908121249557e-06 
2.8888908121249557e-06 
2.8888908121249557e-06 
2.8888908121249557e-06 
2.8888908121249557e-06 
2.8888908121249557e-06 
2.8888908121249557e-06 
2.8888908121249557e-06 
2.8888908121249557e-06 
2.8888908121249557e-06 
2.8888908121249557e-06 
2.8888908121249557e-06 
2.8888908121249557e-06 
2.8888908121249557e-06 
2.8888908121249557e-06 
2.8888908121249557e-06 
2.8888908121249557e-06 
2.8888908121249557e-06 
2.6535452157805395e-06 
2.6535452157805395e-06 
2.6535452157805395e-06 
2.6535452157805395e-06 
2.6535452157805395e-06 
2.6535452157805395e-06 
2.6535452157805395e-06 
2.6535452157805395e-06 
2.6535452157805395e-06 
2.6535452157805395e-06 
2.6535452157805395e-06 
2.6535452157805395e-06 
2.6535452157805395e-06 
2.6535452157805395e-06 
2.6535452157805395e-06 
2.6535452157805395e-06 
2.6535452157805395e-06 
2.0684300788831322e-06 
2.0684300788831322e-06 
2.0684300788831322e-06 
2.0684300788831322e-06 
2.0684300788831322e-06 
2.0684300788831322e-06 
2.0684300788831322e-06 
2.0684300788831322e-06 
2.0684300788831322e-06 
2.0684300788831322e-06 
2.0684300788831322e-06 
2.0684300788831322e-06 
2.0684300788831322e-06 
2.0684300788831322e-06 
2.0684300788831322e-06 
2.0684300788831322e-06 
2.0684300788831322e-06 
2.0684300788831322e-06 
2.0684300788831322e-06 
2.0684300788831322e-06 
2.0684300788831322e-06 
2.0684300788831322e-06 
2.0684300788831322e-06 
2.0530742840252358e-06 
2.0530742840252358e-06 
2.0530742840252358e-06 
2.0530742840252358e-06 
2.0530742840252358e-06 
2.0530742840252358e-06 
2.0530742840252358e-06 
2.0530742840252358e-06 
2.0530742840252358e-06 
2.0530742840252358e-06 
2.0530742840252358e-06 
2.0530742840252358e-06 
2.0530742840252358e-06 
2.0530742840252358e-06 
2.0530742840252358e-06 
2.0530742840252358e-06 
2.0530742840252358e-06 
9.6546861405588658e-07 
9.6546861405588658e-07 
9.6546861405588658e-07 
9.6546861405588658e-07 
9.6546861405588658e-07 
9.6546861405588658e-07 
9.6546861405588658e-07 
9.6546861405588658e-07 
9.6546861405588658e-07 
9.6546861405588658e-07 
9.6546861405588658e-07 
9.6546861405588658e-07 
9.6546861405588658e-07 
9.6546861405588658e-07 
9.6546861405588658e-07 
9.6546861405588658e-07 
9.6546861405588658e-07 
9.6546861405588658e-07 
9.6546861405588658e-07 
9.6546861405588658e-07 
9.6546861405588658e-07 
9.6546861405588658e-07 
9.6546861405588658e-07 
9.6546861405588658e-07 
9.6546861405588658e-07 
9.6546861405588658e-07 
9.6546861405588658e-07 
9.6546861405588658e-07 
9.6546861405588658e-07 
9.6546861405588658e-07 
9.6546861405588658e-07 
9.6546861405588658e-07 
9.6546861405588658e-07 
9.6546861405588658e-07 
9.6546861405588658e-07 
9.6546861405588658e-07 
9.6546861405588658e-07 
9.6546861405588658e-07 
9.6546861405588658e-07 
9.6546861405588658e-07 
9.6546861405588658e-07 
9.6546861405588658e-07 
9.6546861405588658e-07 
9.6546861405588658e-07 
9.6546861405588658e-07 
9.6546861405588658e-07 
9.6546861405588658e-07 
9.6546861405588658e-07 
9.6546861405588658e-07 
9.6546861405588658e-07 
9.6546861405588658e-07 
9.6546861405588658e-07 
9.6546861405588658e-07 
9.6546861405588658e-07 
9.6546861405588658e-07 
9.6546861405588658e-07 
9.6546861405588658e-07 
9.6546861405588658e-07 
9.6546861405588658e-07 
9.6546861405588658e-07 
9.6546861405588658e-07 
9.6546861405588658e-07 
9.6546861405588658e-07 
5.389349118090081e-07 
5.389349118090081e-07 
5.389349118090081e-07 
5.389349118090081e-07 
5.389349118090081e-07 
5.389349118090081e-07 
5.389349118090081e-07 
5.389349118090081e-07 
5.389349118090081e-07 
5.389349118090081e-07 
5.389349118090081e-07 
5.389349118090081e-07 
5.389349118090081e-07 
5.389349118090081e-07 
5.389349118090081e-07 
5.389349118090081e-07 
5.389349118090081e-07 
5.389349118090081e-07 
5.389349118090081e-07 
5.389349118090081e-07 
5.389349118090081e-07 
5.389349118090081e-07 
5.389349118090081e-07 
5.389349118090081e-07 
5.389349118090081e-07 
5.389349118090081e-07 
5.389349118090081e-07 
5.389349118090081e-07 
5.389349118090081e-07 
5.389349118090081e-07 
5.389349118090081e-07 
5.389349118090081e-07 
5.389349118090081e-07 
5.389349118090081e-07 
5.389349118090081e-07 
5.389349118090081e-07 
5.389349118090081e-07 
5.389349118090081e-07 
5.389349118090081e-07 
5.389349118090081e-07 
5.389349118090081e-07 
5.389349118090081e-07 
5.389349118090081e-07 
5.389349118090081e-07 
5.389349118090081e-07 
5.389349118090081e-07 
5.389349118090081e-07 
5.389349118090081e-07 
5.389349118090081e-07 
5.389349118090081e-07 
5.389349118090081e-07 
5.389349118090081e-07 
5.389349118090081e-07 
5.389349118090081e-07 
5.389349118090081e-07 
5.389349118090081e-07 
5.389349118090081e-07 
5.389349118090081e-07 
5.389349118090081e-07 
5.389349118090081e-07 
5.389349118090081e-07 
5.389349118090081e-07 
5.389349118090081e-07 
5.389349118090081e-07 
5.389349118090081e-07 
5.389349118090081e-07 
5.389349118090081e-07 
5.389349118090081e-07 
5.389349118090081e-07 
5.389349118090081e-07 
5.389349118090081e-07 
5.389349118090081e-07 
5.389349118090081e-07 
5.389349118090081e-07 
5.389349118090081e-07 
5.389349118090081e-07 
5.389349118090081e-07 
5.389349118090081e-07 
5.389349118090081e-07 
5.389349118090081e-07 
5.389349118090081e-07 
5.389349118090081e-07 
5.389349118090081e-07 
5.389349118090081e-07 
5.389349118090081e-07 
5.389349118090081e-07 
5.389349118090081e-07 
5.389349118090081e-07 
5.389349118090081e-07 
5.389349118090081e-07 
5.389349118090081e-07 
4.800674923144399e-07 
4.800674923144399e-07 
4.800674923144399e-07 
4.800674923144399e-07 
4.800674923144399e-07 
4.800674923144399e-07 
4.800674923144399e-07 
4.800674923144399e-07 
4.800674923144399e-07 
4.800674923144399e-07 
4.800674923144399e-07 
4.800674923144399e-07 
4.800674923144399e-07 
4.800674923144399e-07 
4.800674923144399e-07 
4.800674923144399e-07 
4.800674923144399e-07 
4.800674923144399e-07 
4.800674923144399e-07 
4.800674923144399e-07 
4.800674923144399e-07 
4.800674923144399e-07 
4.800674923144399e-07 
4.800674923144399e-07 
4.800674923144399e-07 
4.800674923144399e-07 
4.800674923144399e-07 
4.800674923144399e-07 
4.800674923144399e-07 
4.800674923144399e-07 
4.800674923144399e-07 
4.800674923144399e-07 
4.800674923144399e-07 
4.800674923144399e-07 
4.800674923144399e-07 
4.800674923144399e-07 
4.800674923144399e-07 
4.800674923144399e-07 
4.800674923144399e-07 
4.800674923144399e-07 
4.800674923144399e-07 
4.800674923144399e-07 
4.800674923144399e-07 
4.800674923144399e-07 
4.800674923144399e-07 
4.800674923144399e-07 
4.800674923144399e-07 
4.800674923144399e-07 
4.800674923144399e-07 
4.800674923144399e-07 
4.800674923144399e-07 
4.800674923144399e-07 
4.800674923144399e-07 
4.800674923144399e-07 
4.800674923144399e-07 
4.800674923144399e-07 
4.800674923144399e-07 
4.800674923144399e-07 
4.800674923144399e-07 
4.800674923144399e-07 
4.800674923144399e-07 
4.800674923144399e-07 
4.800674923144399e-07 
4.800674923144399e-07 
4.800674923144399e-07 
4.800674923144399e-07 
4.800674923144399e-07 
4.800674923144399e-07 
3.0628812819344375e-07 
3.0628812819344375e-07 
3.0628812819344375e-07 
3.0628812819344375e-07 
3.0628812819344375e-07 
3.0628812819344375e-07 
3.0628812819344375e-07 
3.0628812819344375e-07 
3.0628812819344375e-07 
3.0628812819344375e-07 
3.0628812819344375e-07 
3.0628812819344375e-07 
3.0628812819344375e-07 
3.0628812819344375e-07 
3.0628812819344375e-07 
3.0628812819344375e-07 
3.0628812819344375e-07 
3.0628812819344375e-07 
3.0628812819344375e-07 
3.0628812819344375e-07 
3.0628812819344375e-07 
3.0628812819344375e-07 
3.0628812819344375e-07 
3.0628812819344375e-07 
3.0628812819344375e-07 
3.0628812819344375e-07 
3.0628812819344375e-07 
3.0628812819344375e-07 
3.0628812819344375e-07 
3.0628812819344375e-07 
3.0628812819344375e-07 
3.0628812819344375e-07 
3.0628812819344375e-07 
3.0628812819344375e-07 
3.0628812819344375e-07 
3.0628812819344375e-07 
3.0628812819344375e-07 
3.0628812819344375e-07 
3.0628812819344375e-07 
3.0628812819344375e-07 
3.0628812819344375e-07 
3.0628812819344375e-07 
3.0628812819344375e-07 
3.0628812819344375e-07 
3.0628812819344375e-07 
3.0628812819344375e-07 
3.0628812819344375e-07 
3.0628812819344375e-07 
3.0628812819344375e-07 
3.0628812819344375e-07 
3.0628812819344375e-07 
3.0628812819344375e-07 
3.0628812819344375e-07 
3.0628812819344375e-07 
3.0628812819344375e-07 
3.0628812819344375e-07 
3.0628812819344375e-07 
3.0628812819344375e-07 
3.0628812819344375e-07 
3.0628812819344375e-07 
3.0628812819344375e-07 
3.0628812819344375e-07 
3.0628812819344375e-07 
3.0628812819344375e-07 
3.0628812819344375e-07 
3.0628812819344375e-07 
3.0628812819344375e-07 
3.0628812819344375e-07 
3.0628812819344375e-07 
3.0628812819344375e-07 
3.0628812819344375e-07 
3.0628812819344375e-07 
3.0628812819344375e-07 
3.0628812819344375e-07 
3.0628812819344375e-07 
3.0628812819344375e-07 
3.0628812819344375e-07 
3.0628812819344375e-07 
3.0628812819344375e-07 
3.0628812819344375e-07 
3.0628812819344375e-07 
3.0628812819344375e-07 
3.0628812819344375e-07 
3.0628812819344375e-07 
3.0628812819344375e-07 
3.0628812819344375e-07 
3.0628812819344375e-07 
3.0628812819344375e-07 
3.0628812819344375e-07 
3.0628812819344375e-07 
3.0628812819344375e-07 
3.0140846252191267e-07 
3.0140846252191267e-07 
3.0140846252191267e-07 
3.0140846252191267e-07 
3.0140846252191267e-07 
3.0140846252191267e-07 
3.0140846252191267e-07 
3.0140846252191267e-07 
3.0140846252191267e-07 
3.0140846252191267e-07 
3.0140846252191267e-07 
3.0140846252191267e-07 
3.0140846252191267e-07 
3.0140846252191267e-07 
3.0140846252191267e-07 
3.0140846252191267e-07 
3.0140846252191267e-07 
3.0140846252191267e-07 
3.0140846252191267e-07 
3.0140846252191267e-07 
3.0140846252191267e-07 
3.0140846252191267e-07 
3.0140846252191267e-07 
1.5857121082873959e-07 
1.5857121082873959e-07 
1.5857121082873959e-07 
1.5857121082873959e-07 
1.5857121082873959e-07 
1.5857121082873959e-07 
1.5857121082873959e-07 
1.5857121082873959e-07 
1.5857121082873959e-07 
1.5857121082873959e-07 
1.5857121082873959e-07 
1.5857121082873959e-07 
1.5857121082873959e-07 
1.5857121082873959e-07 
1.5857121082873959e-07 
1.5857121082873959e-07 
1.5857121082873959e-07 
1.5857121082873959e-07 
1.5857121082873959e-07 
1.5857121082873959e-07 
1.5857121082873959e-07 
1.5857121082873959e-07 
1.5857121082873959e-07 
1.5857121082873959e-07 
1.5857121082873959e-07 
1.5857121082873959e-07 
1.5857121082873959e-07 
1.5857121082873959e-07 
1.5857121082873959e-07 
1.5857121082873959e-07 
1.5857121082873959e-07 
1.5857121082873959e-07 
1.5857121082873959e-07 
1.5857121082873959e-07 
1.5857121082873959e-07 
1.5857121082873959e-07 
1.5857121082873959e-07 
1.5857121082873959e-07 
1.5857121082873959e-07 
1.5857121082873959e-07 
1.5857121082873959e-07 
1.5857121082873959e-07 
1.5857121082873959e-07 
1.5857121082873959e-07 
1.5857121082873959e-07 
1.5857121082873959e-07 
1.5857121082873959e-07 
1.5857121082873959e-07 
1.5857121082873959e-07 
1.5857121082873959e-07 
1.5857121082873959e-07 
1.5857121082873959e-07 
1.5857121082873959e-07 
1.5857121082873959e-07 
1.5857121082873959e-07 
1.5857121082873959e-07 
1.5857121082873959e-07 
1.5857121082873959e-07 
1.5857121082873959e-07 
1.5857121082873959e-07 
1.5857121082873959e-07 
1.5857121082873959e-07 
1.5857121082873959e-07 
1.5857121082873959e-07 
1.5857121082873959e-07 
1.5857121082873959e-07 
1.5857121082873959e-07 
1.5857121082873959e-07 
1.5857121082873959e-07 
1.5857121082873959e-07 
1.5857121082873959e-07 
1.5857121082873959e-07 
1.5857121082873959e-07 
1.5857121082873959e-07 
1.5857121082873959e-07 
1.5857121082873959e-07 
1.5857121082873959e-07 
1.5857121082873959e-07 
1.5857121082873959e-07 
1.5857121082873959e-07 
1.5857121082873959e-07 
1.5857121082873959e-07 
1.5857121082873959e-07 
1.5857121082873959e-07 
1.5857121082873959e-07 
1.5857121082873959e-07 
1.5857121082873959e-07 
1.5857121082873959e-07 
1.5857121082873959e-07 
1.5857121082873959e-07 
1.5857121082873959e-07 
1.5857121082873959e-07 
1.5857121082873959e-07 
1.5857121082873959e-07 
1.5857121082873959e-07 
1.5857121082873959e-07 
1.5857121082873959e-07 
1.5857121082873959e-07 
1.5857121082873959e-07 
1.5857121082873959e-07 
1.5857121082873959e-07 
1.5857121082873959e-07 
1.5857121082873959e-07 
1.5857121082873959e-07 
1.5857121082873959e-07 
1.5857121082873959e-07 
1.5857121082873959e-07 
1.5857121082873959e-07 
1.5857121082873959e-07 
1.5857121082873959e-07 
1.5857121082873959e-07 
1.5857121082873959e-07 
1.5857121082873959e-07 
1.5857121082873959e-07 
1.5857121082873959e-07 
1.5857121082873959e-07 
1.5857121082873959e-07 
1.5857121082873959e-07 
1.5857121082873959e-07 
1.5857121082873959e-07 
1.5857121082873959e-07 
1.5857121082873959e-07 
1.5857121082873959e-07 
1.5857121082873959e-07 
1.5857121082873959e-07 
1.5857121082873959e-07 
1.5857121082873959e-07 
1.5857121082873959e-07 
1.5857121082873959e-07 
1.5857121082873959e-07 
1.5857121082873959e-07 
1.5857121082873959e-07 
1.5857121082873959e-07 
1.5857121082873959e-07 
1.5857121082873959e-07 
1.5857121082873959e-07 
1.5857121082873959e-07 
1.5857121082873959e-07 
1.5857121082873959e-07 
1.5857121082873959e-07 
1.5857121082873959e-07 
1.5857121082873959e-07 
1.5857121082873959e-07 
1.5857121082873959e-07 
1.5857121082873959e-07 
1.5857121082873959e-07 
1.5857121082873959e-07 
1.5857121082873959e-07 
1.5857121082873959e-07 
1.5857121082873959e-07 
1.5857121082873959e-07 
1.5857121082873959e-07 
1.5857121082873959e-07 
1.5857121082873959e-07 
1.5857121082873959e-07 
1.5857121082873959e-07 
1.5857121082873959e-07 
1.5857121082873959e-07 
1.5857121082873959e-07 
1.5857121082873959e-07 
1.5857121082873959e-07 
1.5857121082873959e-07 
1.5857121082873959e-07 
1.5857121082873959e-07 
1.5857121082873959e-07 
1.5857121082873959e-07 
1.5857121082873959e-07 
1.5857121082873959e-07 
1.5857121082873959e-07 
1.5857121082873959e-07 
1.5857121082873959e-07 
1.5857121082873959e-07 
1.5857121082873959e-07 
1.5857121082873959e-07 
1.5857121082873959e-07 
1.5857121082873959e-07 
1.5857121082873959e-07 
1.5857121082873959e-07 
1.5857121082873959e-07 
1.5857121082873959e-07 
1.5857121082873959e-07 
1.5857121082873959e-07 
1.5857121082873959e-07 
1.5857121082873959e-07 
1.5857121082873959e-07 
1.5857121082873959e-07 
1.5857121082873959e-07 
1.5857121082873959e-07 
1.5857121082873959e-07 
1.5857121082873959e-07 
1.5857121082873959e-07 
1.5857121082873959e-07 
1.5857121082873959e-07 
1.5857121082873959e-07 
1.5857121082873959e-07 
1.5857121082873959e-07 
1.5857121082873959e-07 
1.5857121082873959e-07 
1.5857121082873959e-07 
1.5857121082873959e-07 
1.5857121082873959e-07 
1.5857121082873959e-07 
1.5857121082873959e-07 
1.5857121082873959e-07 
1.5857121082873959e-07 
1.5857121082873959e-07 
1.5857121082873959e-07 
1.5857121082873959e-07 
1.5857121082873959e-07 
1.5857121082873959e-07 
1.5857121082873959e-07 
1.5857121082873959e-07 
1.5857121082873959e-07 
1.5857121082873959e-07 
1.5857121082873959e-07 
1.5857121082873959e-07 
1.5857121082873959e-07 
1.5857121082873959e-07 
1.5857121082873959e-07 
1.5857121082873959e-07 
1.5857121082873959e-07 
1.5857121082873959e-07 
1.382655931969623e-07 
1.382655931969623e-07 
1.382655931969623e-07 
1.382655931969623e-07 
1.382655931969623e-07 
1.382655931969623e-07 
1.382655931969623e-07 
1.382655931969623e-07 
1.382655931969623e-07 
1.382655931969623e-07 
1.382655931969623e-07 
1.382655931969623e-07 
1.382655931969623e-07 
1.382655931969623e-07 
1.382655931969623e-07 
1.382655931969623e-07 
1.382655931969623e-07 
1.382655931969623e-07 
1.382655931969623e-07 
1.382655931969623e-07 
1.382655931969623e-07 
1.382655931969623e-07 
1.382655931969623e-07 
1.382655931969623e-07 
1.382655931969623e-07 
1.382655931969623e-07 
1.382655931969623e-07 
1.382655931969623e-07 
1.382655931969623e-07 
1.382655931969623e-07 
1.382655931969623e-07 
1.382655931969623e-07 
1.382655931969623e-07 
1.382655931969623e-07 
