1.444923364827509 
1.3911502270587459 
1.3469753098947852 
1.3126336815909525 
1.2883622353199011 
1.2743996891716076 
1.270986586153374 
1.270986586153374 
1.270986586153374 
1.270986586153374 
1.2709018188505039 
1.2709018188505039 
1.2709018188505039 
1.2709018188505039 
1.2709018188505039 
1.2709018188505039 
1.2709018188505039 
1.2709018188505039 
1.2709018188505039 
1.2709018188505039 
1.2709018188505039 
1.2708771121581002 
1.2708771121581002 
1.2708771121581002 
1.2708771121581002 
1.2708771121581002 
1.2708771121581002 
1.2708771121581002 
1.2708771121581002 
1.2708771121581002 
1.2708771121581002 
1.2708771121581002 
1.2708771121581002 
1.2708771121581002 
1.2708771121581002 
1.2708771121581002 
1.2708771121581002 
1.2708771121581002 
1.2708771121581002 
1.2708679509908312 
1.2708679509908312 
1.2708679509908312 
1.2708679509908312 
1.2708679509908312 
1.2706392213563331 
1.2706392213563331 
1.2703955950532984 
1.2703955950532984 
1.2703770932726008 
1.2703770932726008 
1.2703770932726008 
1.2703770932726008 
1.2702541792334077 
1.2702541792334077 
1.2702541792334077 
1.2702541792334077 
1.2702541792334077 
1.2702217011757346 
1.2702217011757346 
1.2702217011757346 
1.2702217011757346 
1.2702217011757346 
1.2702217011757346 
1.2702072418205874 
1.2702072418205874 
1.2702072418205874 
1.2702072418205874 
1.2702072418205874 
1.2701138612597762 
1.2701138612597762 
1.2701138612597762 
1.2701138612597762 
1.2701138612597762 
1.2701138612597762 
1.2701138612597762 
1.2701138612597762 
1.2701138612597762 
1.2701138612597762 
1.2701138612597762 
1.2700913967055425 
1.2700913967055425 
1.2700913967055425 
1.2700913967055425 
1.2700913967055425 
1.2700913967055425 
1.2700913967055425 
1.2700913967055425 
1.2700913967055425 
1.2700913967055425 
1.2700913967055425 
1.2700913967055425 
1.2700913967055425 
1.2700913967055425 
1.2700913967055425 
1.2700913967055425 
1.2700913967055425 
1.2700913967055425 
1.2700913967055425 
1.2700913967055425 
1.2700913967055425 
1.2700913967055425 
1.2700913967055425 
1.2684796906290388 
1.2589977464624418 
1.2520066577455911 
1.2472453547566162 
1.2444615582039358 
1.2434117792262525 
1.2367036787946057 
1.2235007813202361 
1.2101412724559462 
1.1965498739158407 
1.1826610965937769 
1.1684192405633624 
1.1443590350274822 
1.1196638507987584 
1.0959996548440287 
1.0735345251528083 
1.0524434948172277 
1.0329085520320287 
1.0151186400945673 
0.99926965740481322 
0.98556445746534871 
0.97421284888136983 
0.96543159536068612 
0.9594444157137203 
0.95648198385350824 
0.95567938363260396 
0.94772435649299158 
0.94111939801351085 
0.93601053310297 
0.93255324742183054 
0.93008984673598627 
0.92048734880057992 
0.91192885598142415 
0.90452151310920781 
0.89838227153448835 
0.88406182309763504 
0.86796358843261423 
0.85249729287955867 
0.83761945532261839 
0.82328979209848874 
0.80947121699641134 
0.79612984125817332 
0.77844612870301633 
0.76172663445897126 
0.74773244135755124 
0.73623155440149579 
0.72102774741353792 
0.71062984907334437 
0.70235352799270823 
0.69489814309093045 
0.68464750856655554 
0.67475511925474374 
0.66514899318064258 
0.65576241587374773 
0.64653394036790202 
0.63577470498417643 
0.62054441188557441 
0.60633954758050324 
0.59333536930832664 
0.58171658105811219 
0.5716773335686316 
0.56342122432836017 
0.55716129757547694 
0.55312004429786488 
0.55152940223311075 
0.55152940223311075 
0.55148631802429193 
0.54480728022143809 
0.53610057447097503 
0.52763221725729803 
0.51938946097012173 
0.51136122020574137 
0.50353807176703291 
0.49591225466345279 
0.48332928960666438 
0.47162651058698041 
0.46283034836376119 
0.45689814100381954 
0.44743106119184095 
0.439550703533239 
0.43185118825627422 
0.42379861855951312 
0.41609726137086478 
0.40869872498208415 
0.40155765362376433 
0.39435657590636491 
0.38636229794026072 
0.37742202866555019 
0.37113337973205324 
0.36362876251543513 
0.35629717977699915 
0.34915344739922061 
0.34221635730394928 
0.3355086774524092 
0.32905715184519885 
0.32289250052229096 
0.3162401595361013 
0.30945181150784695 
0.30367304170704174 
0.29682080187070847 
0.29109109549012735 
0.28676089593527182 
0.28035500492397269 
0.27412715114258585 
0.26811501791734527 
0.26235503054769121 
0.25688619310436311 
0.2508947547520799 
0.24659756961569385 
0.24205216942425728 
0.23753564992458612 
0.23330469985166225 
0.22939268652071215 
0.22583535325900039 
0.22230828745953007 
0.2156953073894097 
0.20968729565645011 
0.20416384022368758 
0.19914622257945405 
0.19408474810114273 
0.19068047699013224 
0.18685288224810065 
0.18332740044261497 
0.18011218172938004 
0.17717837516105672 
0.17427741487840687 
0.17152670522669713 
0.168906434594084 
0.16519918673091882 
0.16023093311638792 
0.15494350714659455 
0.15005283251647136 
0.14561190548246514 
0.14167617950558467 
0.13796168844039627 
0.13486250366220329 
0.13262300877706651 
0.13036056613381056 
0.1285622950218766 
0.12727415211765949 
0.12654419382356585 
0.12544473402022827 
0.12185498975576106 
0.11841407875520009 
0.11511778064288591 
0.11196304829788614 
0.10894800785399505 
0.10607195869973353 
0.10333537347834956 
0.1007398980878174 
0.098288351680838271 
0.095592081672043805 
0.092610068490992375 
0.089751369179217499 
0.087012585931891095 
0.084391330488454097 
0.081886224132615842 
0.079496897692355739 
0.076823118488083611 
0.074079484974817228 
0.071442950493868645 
0.068516644792571843 
0.06555070396449493 
0.062983591900585875 
0.060801212656761978 
0.058517043724800114 
0.056422916803133071 
0.054772012875079157 
0.053358149436478708 
0.051433192494298258 
0.049543432812400603 
0.04768590507391296 
0.045858436183498601 
0.04405964526735668 
0.042288943673222348 
0.040546534970366734 
0.038833414949596967 
0.037151371623256053 
0.035502985225223063 
0.033891628210913009 
0.032321465257276881 
0.030797453262801606 
0.029325341347510119 
0.027911670852961319 
0.026563775342250049 
0.025289780600007153 
0.024098604632399479 
0.022999957667129728 
0.022004342153436683 
0.021123052762095057 
0.020368176385415548 
0.019752592137244819 
0.019289971352965497 
0.018994777589496189 
0.018798462913695448 
0.018518762826560189 
0.01838503968646717 
0.01838503968646717 
0.017728322523422258 
0.017122159446137559 
0.016569749231915148 
0.016071798075201919 
0.015629260809518028 
0.0152433409074576 
0.014915490480687995 
0.014647410279950566 
0.014441049695060094 
0.014298606754904568 
0.014222528127446579 
0.014215509119721335 
0.014215509119721335 
0.014215509119721335 
0.014215509119721335 
0.014055892599146629 
0.013895599872976023 
0.013214189087689936 
0.01263009592699333 
0.012088837297870211 
0.011645945219121125 
0.011400930937157676 
0.01116903722740141 
0.010820277483984737 
0.010582291809965935 
0.010452422471413638 
0.010141641094122987 
0.0096617863344982905 
0.0093836042650832854 
0.0088901412217945903 
0.0083080336264764899 
0.0077592593974675139 
0.0072428568169040988 
0.0067580478717339798 
0.0063042382537157639 
0.0058810173594189387 
0.0054881582902243679 
0.0051256178523236317 
0.0047378742401134712 
0.0040685458895062324 
0.0034687712335693499 
0.0029331381833220416 
0.0024566322846478312 
0.0020346367182944788 
0.0016629322998736747 
0.001337697479861407 
0.0010555083435977227 
0.00081333861128688627 
0.00060855963799726488 
0.00043060664863970417 
0.00028645958143165161 
0.00017398826117224754 
9.1043173363000037e-05 
3.5861897287861126e-05 
7.0691060132493084e-06 
3.6765663880451444e-06 
3.6765663880451444e-06 
3.6765663880451444e-06 
3.6765663880451444e-06 
2.0555523991750712e-06 
2.0555523991750712e-06 
2.0555523991750712e-06 
2.0555523991750712e-06 
2.0555523991750712e-06 
2.0555523991750712e-06 
2.0555523991750712e-06 
2.0555523991750712e-06 
2.0555523991750712e-06 
2.0555523991750712e-06 
2.0555523991750712e-06 
2.0555523991750712e-06 
2.0555523991750712e-06 
2.0555523991750712e-06 
2.0555523991750712e-06 
2.0555523991750712e-06 
2.0555523991750712e-06 
2.0555523991750712e-06 
2.0555523991750712e-06 
2.0555523991750712e-06 
2.0555523991750712e-06 
2.0555523991750712e-06 
2.0439919641472138e-06 
2.0439919641472138e-06 
2.0439919641472138e-06 
2.0439919641472138e-06 
2.0439919641472138e-06 
2.0439919641472138e-06 
2.0439919641472138e-06 
2.0439919641472138e-06 
2.0439919641472138e-06 
2.0439919641472138e-06 
2.0439919641472138e-06 
2.0207442847752068e-06 
2.0207442847752068e-06 
2.0207442847752068e-06 
2.0207442847752068e-06 
2.0207442847752068e-06 
2.0207442847752068e-06 
2.0207442847752068e-06 
2.0207442847752068e-06 
2.0207442847752068e-06 
2.0207442847752068e-06 
2.0207442847752068e-06 
2.0207442847752068e-06 
2.0207442847752068e-06 
2.0207442847752068e-06 
2.0207442847752068e-06 
2.0207442847752068e-06 
2.0207442847752068e-06 
2.0207442847752068e-06 
2.0207442847752068e-06 
2.0207442847752068e-06 
2.0207442847752068e-06 
2.0207442847752068e-06 
2.0207442847752068e-06 
2.0207442847752068e-06 
2.0207442847752068e-06 
2.0207442847752068e-06 
2.0207442847752068e-06 
2.0207442847752068e-06 
2.0207442847752068e-06 
2.0207442847752068e-06 
2.0207442847752068e-06 
2.0207442847752068e-06 
2.0207442847752068e-06 
2.0207442847752068e-06 
2.0207442847752068e-06 
2.0207442847752068e-06 
2.0207442847752068e-06 
2.0207442847752068e-06 
2.0207442847752068e-06 
2.0207442847752068e-06 
2.0207442847752068e-06 
2.0207442847752068e-06 
2.0207442847752068e-06 
2.0207442847752068e-06 
2.0207442847752068e-06 
2.0207442847752068e-06 
2.0207442847752068e-06 
2.0207442847752068e-06 
2.0207442847752068e-06 
2.0207442847752068e-06 
2.0207442847752068e-06 
2.0207442847752068e-06 
2.0207442847752068e-06 
2.0207442847752068e-06 
2.0207442847752068e-06 
2.0207442847752068e-06 
2.0207442847752068e-06 
2.0207442847752068e-06 
2.0207442847752068e-06 
2.0207442847752068e-06 
2.0207442847752068e-06 
2.0207442847752068e-06 
2.0207442847752068e-06 
2.0207442847752068e-06 
2.0207442847752068e-06 
2.0207442847752068e-06 
2.0207442847752068e-06 
2.0207442847752068e-06 
2.0207442847752068e-06 
2.0207442847752068e-06 
2.0207442847752068e-06 
2.0207442847752068e-06 
2.0207442847752068e-06 
2.0207442847752068e-06 
2.0207442847752068e-06 
2.0207442847752068e-06 
2.0207442847752068e-06 
2.0207442847752068e-06 
2.0207442847752068e-06 
2.0207442847752068e-06 
2.0207442847752068e-06 
2.0207442847752068e-06 
2.0207442847752068e-06 
2.0207442847752068e-06 
2.0207442847752068e-06 
2.0207442847752068e-06 
2.0207442847752068e-06 
2.0207442847752068e-06 
2.0207442847752068e-06 
2.0207442847752068e-06 
2.0207442847752068e-06 
2.0207442847752068e-06 
2.0207442847752068e-06 
2.0207442847752068e-06 
2.0207442847752068e-06 
2.0207442847752068e-06 
2.0207442847752068e-06 
2.0207442847752068e-06 
2.0207442847752068e-06 
2.0207442847752068e-06 
2.0207442847752068e-06 
2.0207442847752068e-06 
2.0207442847752068e-06 
2.0207442847752068e-06 
2.0207442847752068e-06 
2.0207442847752068e-06 
2.0207442847752068e-06 
2.0207442847752068e-06 
2.0207442847752068e-06 
2.0207442847752068e-06 
2.0207442847752068e-06 
2.0207442847752068e-06 
2.0207442847752068e-06 
2.0207442847752068e-06 
2.0207442847752068e-06 
2.0207442847752068e-06 
2.0207442847752068e-06 
2.0207442847752068e-06 
2.0207442847752068e-06 
2.0207442847752068e-06 
2.0207442847752068e-06 
2.0207442847752068e-06 
2.0207442847752068e-06 
2.0207442847752068e-06 
2.0207442847752068e-06 
2.0207442847752068e-06 
2.0207442847752068e-06 
2.0207442847752068e-06 
2.0207442847752068e-06 
2.0207442847752068e-06 
2.0207442847752068e-06 
2.0207442847752068e-06 
2.0207442847752068e-06 
2.0207442847752068e-06 
2.0207442847752068e-06 
2.0207442847752068e-06 
2.0207442847752068e-06 
2.0207442847752068e-06 
2.0207442847752068e-06 
2.0207442847752068e-06 
2.0207442847752068e-06 
2.0207442847752068e-06 
2.0207442847752068e-06 
2.0207442847752068e-06 
2.0207442847752068e-06 
2.0207442847752068e-06 
2.0207442847752068e-06 
2.0207442847752068e-06 
2.0207442847752068e-06 
2.0207442847752068e-06 
2.0207442847752068e-06 
2.0207442847752068e-06 
2.0207442847752068e-06 
2.0207442847752068e-06 
2.0207442847752068e-06 
2.0207442847752068e-06 
2.0207442847752068e-06 
2.0207442847752068e-06 
2.0207442847752068e-06 
2.0207442847752068e-06 
2.0207442847752068e-06 
2.0207442847752068e-06 
2.0207442847752068e-06 
2.0207442847752068e-06 
2.0207442847752068e-06 
2.0207442847752068e-06 
2.0207442847752068e-06 
2.0207442847752068e-06 
2.0207442847752068e-06 
2.0207442847752068e-06 
2.0207442847752068e-06 
2.0207442847752068e-06 
2.0207442847752068e-06 
2.0207442847752068e-06 
2.0207442847752068e-06 
2.0207442847752068e-06 
2.0207442847752068e-06 
2.0207442847752068e-06 
2.0207442847752068e-06 
2.0207442847752068e-06 
2.0207442847752068e-06 
2.0207442847752068e-06 
2.0207442847752068e-06 
2.0207442847752068e-06 
2.0207442847752068e-06 
2.0207442847752068e-06 
2.0207442847752068e-06 
2.0207442847752068e-06 
2.0207442847752068e-06 
2.0207442847752068e-06 
2.0207442847752068e-06 
2.0207442847752068e-06 
2.0207442847752068e-06 
2.0207442847752068e-06 
2.0207442847752068e-06 
2.0207442847752068e-06 
2.0207442847752068e-06 
2.0207442847752068e-06 
2.0207442847752068e-06 
2.0207442847752068e-06 
2.0207442847752068e-06 
2.0207442847752068e-06 
2.0207442847752068e-06 
2.0207442847752068e-06 
2.0207442847752068e-06 
2.0207442847752068e-06 
2.0207442847752068e-06 
2.0207442847752068e-06 
2.0207442847752068e-06 
2.0207442847752068e-06 
2.0207442847752068e-06 
2.0207442847752068e-06 
2.0207442847752068e-06 
2.0207442847752068e-06 
2.0207442847752068e-06 
2.0207442847752068e-06 
2.0207442847752068e-06 
2.0207442847752068e-06 
2.0207442847752068e-06 
2.0207442847752068e-06 
2.0207442847752068e-06 
2.0207442847752068e-06 
2.0207442847752068e-06 
2.0207442847752068e-06 
2.0207442847752068e-06 
2.0207442847752068e-06 
2.0207442847752068e-06 
2.0207442847752068e-06 
2.0207442847752068e-06 
2.0207442847752068e-06 
2.0207442847752068e-06 
2.0207442847752068e-06 
2.0207442847752068e-06 
2.0207442847752068e-06 
2.0207442847752068e-06 
2.0207442847752068e-06 
2.0207442847752068e-06 
2.0207442847752068e-06 
2.0207442847752068e-06 
2.0207442847752068e-06 
2.0207442847752068e-06 
2.0207442847752068e-06 
2.0207442847752068e-06 
2.0207442847752068e-06 
2.0207442847752068e-06 
2.0207442847752068e-06 
2.0207442847752068e-06 
2.0207442847752068e-06 
2.0207442847752068e-06 
2.0207442847752068e-06 
2.0207442847752068e-06 
2.0207442847752068e-06 
2.0207442847752068e-06 
2.0207442847752068e-06 
2.0207442847752068e-06 
2.0207442847752068e-06 
2.0207442847752068e-06 
2.0207442847752068e-06 
2.0207442847752068e-06 
2.0207442847752068e-06 
2.0207442847752068e-06 
2.0207442847752068e-06 
2.0207442847752068e-06 
2.0207442847752068e-06 
2.0207442847752068e-06 
2.0207442847752068e-06 
2.0207442847752068e-06 
2.0207442847752068e-06 
2.0207442847752068e-06 
2.0207442847752068e-06 
2.0207442847752068e-06 
2.0207442847752068e-06 
2.0207442847752068e-06 
2.0180440436650608e-06 
2.0180440436650608e-06 
2.0180440436650608e-06 
2.0180440436650608e-06 
2.0180440436650608e-06 
2.0180440436650608e-06 
2.0180440436650608e-06 
2.0180440436650608e-06 
2.0180440436650608e-06 
2.0180440436650608e-06 
2.0180440436650608e-06 
2.0180440436650608e-06 
2.0180440436650608e-06 
2.0180440436650608e-06 
2.0180440436650608e-06 
2.0180440436650608e-06 
2.0180440436650608e-06 
2.0180440436650608e-06 
2.0180440436650608e-06 
2.0180440436650608e-06 
2.0180440436650608e-06 
2.0180440436650608e-06 
2.0180440436650608e-06 
2.0180440436650608e-06 
2.0180440436650608e-06 
2.0180440436650608e-06 
2.0180440436650608e-06 
2.0180440436650608e-06 
2.0180440436650608e-06 
2.0180440436650608e-06 
2.0180440436650608e-06 
2.0180440436650608e-06 
2.0180440436650608e-06 
2.0180440436650608e-06 
2.0180440436650608e-06 
2.0180440436650608e-06 
2.0180440436650608e-06 
2.0180440436650608e-06 
2.0180440436650608e-06 
2.0180440436650608e-06 
2.0180440436650608e-06 
2.0180440436650608e-06 
2.0180440436650608e-06 
2.0180440436650608e-06 
2.0180440436650608e-06 
2.0180440436650608e-06 
2.0180440436650608e-06 
2.0180440436650608e-06 
2.0180440436650608e-06 
2.0180440436650608e-06 
2.0180440436650608e-06 
2.0180440436650608e-06 
2.0180440436650608e-06 
2.0180440436650608e-06 
2.0180440436650608e-06 
2.0180440436650608e-06 
2.0180440436650608e-06 
2.0180440436650608e-06 
2.0180440436650608e-06 
2.0180440436650608e-06 
2.0180440436650608e-06 
2.0180440436650608e-06 
2.0180440436650608e-06 
2.0180440436650608e-06 
2.0180440436650608e-06 
2.0180440436650608e-06 
2.0180440436650608e-06 
2.0180440436650608e-06 
2.0180440436650608e-06 
2.0180440436650608e-06 
2.0180440436650608e-06 
2.0180440436650608e-06 
2.0180440436650608e-06 
2.0180440436650608e-06 
2.0180440436650608e-06 
2.0180440436650608e-06 
2.0180440436650608e-06 
2.0180440436650608e-06 
2.0180440436650608e-06 
2.0180440436650608e-06 
2.0180440436650608e-06 
2.0180440436650608e-06 
2.0180440436650608e-06 
2.0180440436650608e-06 
2.0180440436650608e-06 
2.0180440436650608e-06 
2.0180440436650608e-06 
2.0180440436650608e-06 
2.0180440436650608e-06 
2.0180440436650608e-06 
2.0180440436650608e-06 
2.017751391925256e-06 
2.017751391925256e-06 
2.017751391925256e-06 
2.017751391925256e-06 
2.017751391925256e-06 
2.017751391925256e-06 
2.017751391925256e-06 
2.017751391925256e-06 
2.017751391925256e-06 
2.017751391925256e-06 
2.017751391925256e-06 
2.017751391925256e-06 
2.017751391925256e-06 
2.017751391925256e-06 
2.017751391925256e-06 
2.017751391925256e-06 
2.017751391925256e-06 
2.017751391925256e-06 
2.017751391925256e-06 
2.017751391925256e-06 
2.017751391925256e-06 
2.017751391925256e-06 
2.017751391925256e-06 
2.017751391925256e-06 
2.017751391925256e-06 
2.017751391925256e-06 
2.017751391925256e-06 
2.017751391925256e-06 
2.017751391925256e-06 
2.017751391925256e-06 
2.017751391925256e-06 
2.017751391925256e-06 
2.017751391925256e-06 
2.017751391925256e-06 
2.017751391925256e-06 
2.017751391925256e-06 
2.017751391925256e-06 
2.017751391925256e-06 
2.017751391925256e-06 
2.017751391925256e-06 
2.017751391925256e-06 
2.017751391925256e-06 
2.017751391925256e-06 
2.017751391925256e-06 
2.017751391925256e-06 
2.017751391925256e-06 
2.017751391925256e-06 
2.017751391925256e-06 
2.017751391925256e-06 
2.017751391925256e-06 
2.017751391925256e-06 
2.017751391925256e-06 
2.017751391925256e-06 
2.017751391925256e-06 
2.017751391925256e-06 
2.017751391925256e-06 
2.017751391925256e-06 
2.017751391925256e-06 
2.017751391925256e-06 
2.017751391925256e-06 
2.017751391925256e-06 
2.017751391925256e-06 
2.017751391925256e-06 
2.017751391925256e-06 
2.017751391925256e-06 
2.017751391925256e-06 
2.017751391925256e-06 
2.017751391925256e-06 
2.017751391925256e-06 
2.017751391925256e-06 
2.017751391925256e-06 
2.017751391925256e-06 
2.017751391925256e-06 
2.017751391925256e-06 
2.017751391925256e-06 
2.017751391925256e-06 
2.017751391925256e-06 
2.017751391925256e-06 
2.017751391925256e-06 
2.017751391925256e-06 
2.017751391925256e-06 
2.017751391925256e-06 
2.017751391925256e-06 
2.017751391925256e-06 
2.017751391925256e-06 
2.017751391925256e-06 
2.017751391925256e-06 
2.017751391925256e-06 
2.017751391925256e-06 
2.017751391925256e-06 
2.017751391925256e-06 
2.017751391925256e-06 
2.017751391925256e-06 
2.017751391925256e-06 
2.017751391925256e-06 
2.017751391925256e-06 
2.017751391925256e-06 
2.017751391925256e-06 
2.017751391925256e-06 
2.017751391925256e-06 
2.017751391925256e-06 
2.017751391925256e-06 
2.017751391925256e-06 
2.017751391925256e-06 
2.017751391925256e-06 
2.017751391925256e-06 
2.017751391925256e-06 
2.017751391925256e-06 
2.017751391925256e-06 
2.017751391925256e-06 
2.017751391925256e-06 
2.017751391925256e-06 
2.017751391925256e-06 
2.017751391925256e-06 
2.017751391925256e-06 
2.017751391925256e-06 
2.017751391925256e-06 
2.017751391925256e-06 
2.017751391925256e-06 
2.017751391925256e-06 
2.017751391925256e-06 
2.017751391925256e-06 
2.017751391925256e-06 
2.017751391925256e-06 
2.017751391925256e-06 
2.017751391925256e-06 
2.017751391925256e-06 
2.017751391925256e-06 
2.017751391925256e-06 
2.017751391925256e-06 
2.017751391925256e-06 
2.017751391925256e-06 
2.017751391925256e-06 
2.017751391925256e-06 
2.017751391925256e-06 
2.017751391925256e-06 
2.017751391925256e-06 
2.017751391925256e-06 
2.017751391925256e-06 
2.017751391925256e-06 
2.017751391925256e-06 
2.017751391925256e-06 
2.017751391925256e-06 
2.017751391925256e-06 
2.017751391925256e-06 
2.017751391925256e-06 
2.017751391925256e-06 
2.017751391925256e-06 
2.017751391925256e-06 
2.017751391925256e-06 
2.017751391925256e-06 
2.017751391925256e-06 
2.017751391925256e-06 
2.017751391925256e-06 
2.017751391925256e-06 
2.017751391925256e-06 
2.017751391925256e-06 
2.017751391925256e-06 
2.017751391925256e-06 
2.017751391925256e-06 
2.017751391925256e-06 
2.017751391925256e-06 
2.017751391925256e-06 
2.017751391925256e-06 
2.017751391925256e-06 
2.017751391925256e-06 
2.017751391925256e-06 
2.017751391925256e-06 
2.017751391925256e-06 
2.017751391925256e-06 
2.017751391925256e-06 
2.017751391925256e-06 
2.017751391925256e-06 
2.017751391925256e-06 
2.017751391925256e-06 
2.017751391925256e-06 
2.017751391925256e-06 
2.017751391925256e-06 
2.017751391925256e-06 
2.017751391925256e-06 
2.017751391925256e-06 
2.017751391925256e-06 
2.017751391925256e-06 
2.017751391925256e-06 
2.017751391925256e-06 
2.017751391925256e-06 
2.017751391925256e-06 
2.017751391925256e-06 
2.017751391925256e-06 
2.017751391925256e-06 
2.017751391925256e-06 
2.017751391925256e-06 
2.017751391925256e-06 
2.017751391925256e-06 
2.017751391925256e-06 
2.017751391925256e-06 
2.017751391925256e-06 
2.017751391925256e-06 
2.017751391925256e-06 
2.017751391925256e-06 
2.017751391925256e-06 
2.017751391925256e-06 
2.017751391925256e-06 
2.017751391925256e-06 
2.017751391925256e-06 
2.017751391925256e-06 
2.017751391925256e-06 
2.017751391925256e-06 
2.017751391925256e-06 
2.017751391925256e-06 
2.017751391925256e-06 
2.017751391925256e-06 
2.017751391925256e-06 
2.017751391925256e-06 
2.017751391925256e-06 
2.017751391925256e-06 
2.017751391925256e-06 
2.017751391925256e-06 
2.017751391925256e-06 
2.017751391925256e-06 
2.017751391925256e-06 
2.017751391925256e-06 
2.017751391925256e-06 
2.017751391925256e-06 
2.017751391925256e-06 
2.017751391925256e-06 
2.017751391925256e-06 
2.017751391925256e-06 
2.017751391925256e-06 
2.017751391925256e-06 
2.017751391925256e-06 
2.017751391925256e-06 
2.017751391925256e-06 
2.017751391925256e-06 
2.017751391925256e-06 
2.017751391925256e-06 
2.017751391925256e-06 
2.017751391925256e-06 
2.017751391925256e-06 
2.017751391925256e-06 
2.017751391925256e-06 
2.017751391925256e-06 
2.017751391925256e-06 
2.017751391925256e-06 
