2.1140807476162822 
0.4191256636022207 
0.4191256636022207 
0.20946269098090919 
0.18725202351299386 
0.086229808519364459 
0.086229808519364459 
0.019330931242728444 
0.019330931242728444 
0.019330931242728444 
0.019330931242728444 
0.019330931242728444 
0.019330931242728444 
0.019330931242728444 
0.019330931242728444 
0.0096715168672932839 
0.00073380156286040332 
0.00073380156286040332 
0.00073380156286040332 
0.00073380156286040332 
0.00073380156286040332 
0.00073380156286040332 
0.00059073803144238379 
0.00059073803144238379 
0.00059073803144238379 
0.00059073803144238379 
0.00059073803144238379 
0.00059073803144238379 
0.00059073803144238379 
0.00059073803144238379 
0.00059073803144238379 
0.00059073803144238379 
0.00059073803144238379 
0.00059073803144238379 
0.00010510480029313207 
0.00010510480029313207 
0.00010510480029313207 
0.00010510480029313207 
0.00010510480029313207 
0.00010510480029313207 
2.4823565181852913e-05 
2.4823565181852913e-05 
2.4823565181852913e-05 
2.4823565181852913e-05 
2.4823565181852913e-05 
2.4823565181852913e-05 
2.4823565181852913e-05 
2.4823565181852913e-05 
2.4823565181852913e-05 
2.4823565181852913e-05 
2.4823565181852913e-05 
2.4823565181852913e-05 
2.4823565181852913e-05 
2.4823565181852913e-05 
2.4823565181852913e-05 
2.4823565181852913e-05 
2.4823565181852913e-05 
2.4823565181852913e-05 
2.4823565181852913e-05 
2.4823565181852913e-05 
2.4823565181852913e-05 
2.4823565181852913e-05 
2.4823565181852913e-05 
2.4823565181852913e-05 
2.4823565181852913e-05 
1.1824691506068241e-05 
1.1824691506068241e-05 
1.1824691506068241e-05 
1.1824691506068241e-05 
1.1824691506068241e-05 
1.1824691506068241e-05 
1.1824691506068241e-05 
1.1824691506068241e-05 
1.1824691506068241e-05 
1.1824691506068241e-05 
1.1824691506068241e-05 
1.1824691506068241e-05 
1.1824691506068241e-05 
1.1824691506068241e-05 
1.1824691506068241e-05 
1.1824691506068241e-05 
1.1824691506068241e-05 
1.1824691506068241e-05 
1.1824691506068241e-05 
1.1824691506068241e-05 
1.1824691506068241e-05 
1.1824691506068241e-05 
1.1824691506068241e-05 
1.1824691506068241e-05 
1.1824691506068241e-05 
1.1824691506068241e-05 
1.1824691506068241e-05 
1.1824691506068241e-05 
1.1824691506068241e-05 
1.1824691506068241e-05 
1.1824691506068241e-05 
1.1824691506068241e-05 
1.1824691506068241e-05 
1.1824691506068241e-05 
1.1824691506068241e-05 
1.1824691506068241e-05 
1.1824691506068241e-05 
1.1824691506068241e-05 
1.1824691506068241e-05 
3.691952938145171e-06 
3.691952938145171e-06 
3.691952938145171e-06 
3.691952938145171e-06 
3.691952938145171e-06 
3.691952938145171e-06 
3.691952938145171e-06 
1.5426348110025856e-07 
1.5426348110025856e-07 
1.5426348110025856e-07 
1.5426348110025856e-07 
1.5426348110025856e-07 
1.5426348110025856e-07 
1.5426348110025856e-07 
1.5426348110025856e-07 
1.5426348110025856e-07 
1.5426348110025856e-07 
1.5426348110025856e-07 
1.5426348110025856e-07 
1.5426348110025856e-07 
1.5426348110025856e-07 
1.5426348110025856e-07 
1.5426348110025856e-07 
1.5426348110025856e-07 
1.5426348110025856e-07 
1.5426348110025856e-07 
1.5426348110025856e-07 
1.5426348110025856e-07 
1.5426348110025856e-07 
1.5426348110025856e-07 
1.5426348110025856e-07 
1.5426348110025856e-07 
1.5426348110025856e-07 
1.5426348110025856e-07 
1.5426348110025856e-07 
1.5426348110025856e-07 
1.5426348110025856e-07 
1.5426348110025856e-07 
1.5426348110025856e-07 
1.4033014339442929e-07 
1.4033014339442929e-07 
1.4033014339442929e-07 
1.4033014339442929e-07 
1.4033014339442929e-07 
1.4033014339442929e-07 
1.4033014339442929e-07 
5.4999168219715955e-08 
5.4999168219715955e-08 
5.4999168219715955e-08 
5.4999168219715955e-08 
5.4999168219715955e-08 
5.4999168219715955e-08 
5.4999168219715955e-08 
5.4999168219715955e-08 
5.4999168219715955e-08 
5.4999168219715955e-08 
5.4999168219715955e-08 
5.4999168219715955e-08 
5.4999168219715955e-08 
5.4999168219715955e-08 
5.4999168219715955e-08 
5.4999168219715955e-08 
5.4999168219715955e-08 
5.4999168219715955e-08 
5.4999168219715955e-08 
2.2349350814465652e-08 
2.2349350814465652e-08 
2.2349350814465652e-08 
2.2349350814465652e-08 
2.2349350814465652e-08 
2.2349350814465652e-08 
2.2349350814465652e-08 
9.4825265417597393e-09 
9.4825265417597393e-09 
9.4825265417597393e-09 
9.4825265417597393e-09 
9.4825265417597393e-09 
9.4825265417597393e-09 
9.4825265417597393e-09 
4.268592479483857e-09 
4.268592479483857e-09 
4.268592479483857e-09 
4.268592479483857e-09 
4.268592479483857e-09 
4.268592479483857e-09 
4.268592479483857e-09 
2.1583462794794173e-09 
2.1583462794794173e-09 
2.1583462794794173e-09 
2.1583462794794173e-09 
2.1583462794794173e-09 
2.1583462794794173e-09 
2.1583462794794173e-09 
1.30150268340401e-09 
1.30150268340401e-09 
1.0411477235905409e-09 
1.0411477235905409e-09 
1.0411477235905409e-09 
1.0411477235905409e-09 
1.0411477235905409e-09 
1.8412504854126155e-10 
1.8412504854126155e-10 
2.8995472689530288e-11 
2.8995472689530288e-11 
2.8995472689530288e-11 
2.8995472689530288e-11 
2.8995472689530288e-11 
2.8995472689530288e-11 
2.8995472689530288e-11 
2.8995472689530288e-11 
2.8995472689530288e-11 
2.8995472689530288e-11 
2.8995472689530288e-11 
2.8995472689530288e-11 
2.8995472689530288e-11 
2.8995472689530288e-11 
2.8995472689530288e-11 
2.8995472689530288e-11 
2.8995472689530288e-11 
2.8995472689530288e-11 
2.8995472689530288e-11 
2.8995472689530288e-11 
2.8995472689530288e-11 
2.8995472689530288e-11 
2.8995472689530288e-11 
2.8995472689530288e-11 
2.8995472689530288e-11 
2.8995472689530288e-11 
7.4373840419639237e-13 
7.4373840419639237e-13 
7.4373840419639237e-13 
6.5358829459682966e-13 
6.5358829459682966e-13 
6.5358829459682966e-13 
6.5358829459682966e-13 
6.5358829459682966e-13 
6.5358829459682966e-13 
6.5358829459682966e-13 
6.5358829459682966e-13 
6.5358829459682966e-13 
6.5358829459682966e-13 
6.5358829459682966e-13 
6.5358829459682966e-13 
2.262634524186069e-13 
2.262634524186069e-13 
2.262634524186069e-13 
2.262634524186069e-13 
2.262634524186069e-13 
2.262634524186069e-13 
2.262634524186069e-13 
2.262634524186069e-13 
2.262634524186069e-13 
2.262634524186069e-13 
2.262634524186069e-13 
2.262634524186069e-13 
2.262634524186069e-13 
2.262634524186069e-13 
2.262634524186069e-13 
2.262634524186069e-13 
2.262634524186069e-13 
2.262634524186069e-13 
2.262634524186069e-13 
2.262634524186069e-13 
2.262634524186069e-13 
2.262634524186069e-13 
2.262634524186069e-13 
2.262634524186069e-13 
2.262634524186069e-13 
2.262634524186069e-13 
2.262634524186069e-13 
2.262634524186069e-13 
2.262634524186069e-13 
2.262634524186069e-13 
2.262634524186069e-13 
2.262634524186069e-13 
2.262634524186069e-13 
2.262634524186069e-13 
2.262634524186069e-13 
2.262634524186069e-13 
2.262634524186069e-13 
2.262634524186069e-13 
2.262634524186069e-13 
2.262634524186069e-13 
2.262634524186069e-13 
2.262634524186069e-13 
2.262634524186069e-13 
2.262634524186069e-13 
2.262634524186069e-13 
2.262634524186069e-13 
2.262634524186069e-13 
2.262634524186069e-13 
2.262634524186069e-13 
2.262634524186069e-13 
2.262634524186069e-13 
2.262634524186069e-13 
2.262634524186069e-13 
2.262634524186069e-13 
2.262634524186069e-13 
2.262634524186069e-13 
2.262634524186069e-13 
2.262634524186069e-13 
2.262634524186069e-13 
2.262634524186069e-13 
2.262634524186069e-13 
2.262634524186069e-13 
2.262634524186069e-13 
2.262634524186069e-13 
2.262634524186069e-13 
2.262634524186069e-13 
2.262634524186069e-13 
2.262634524186069e-13 
2.262634524186069e-13 
2.262634524186069e-13 
2.262634524186069e-13 
2.262634524186069e-13 
2.262634524186069e-13 
2.262634524186069e-13 
2.262634524186069e-13 
2.262634524186069e-13 
2.262634524186069e-13 
2.262634524186069e-13 
2.262634524186069e-13 
2.262634524186069e-13 
2.262634524186069e-13 
2.262634524186069e-13 
2.262634524186069e-13 
2.262634524186069e-13 
2.262634524186069e-13 
2.262634524186069e-13 
2.262634524186069e-13 
2.262634524186069e-13 
2.262634524186069e-13 
2.262634524186069e-13 
2.262634524186069e-13 
2.262634524186069e-13 
2.262634524186069e-13 
2.262634524186069e-13 
2.262634524186069e-13 
2.262634524186069e-13 
2.262634524186069e-13 
2.262634524186069e-13 
2.262634524186069e-13 
2.262634524186069e-13 
2.262634524186069e-13 
2.262634524186069e-13 
2.262634524186069e-13 
2.262634524186069e-13 
2.262634524186069e-13 
2.262634524186069e-13 
2.262634524186069e-13 
2.262634524186069e-13 
2.262634524186069e-13 
2.262634524186069e-13 
2.262634524186069e-13 
2.262634524186069e-13 
2.262634524186069e-13 
2.262634524186069e-13 
2.262634524186069e-13 
2.262634524186069e-13 
2.262634524186069e-13 
2.262634524186069e-13 
2.262634524186069e-13 
2.262634524186069e-13 
2.262634524186069e-13 
2.262634524186069e-13 
2.262634524186069e-13 
2.262634524186069e-13 
2.262634524186069e-13 
2.262634524186069e-13 
2.262634524186069e-13 
2.262634524186069e-13 
2.262634524186069e-13 
2.262634524186069e-13 
2.262634524186069e-13 
2.262634524186069e-13 
2.262634524186069e-13 
2.262634524186069e-13 
2.262634524186069e-13 
2.262634524186069e-13 
2.262634524186069e-13 
2.262634524186069e-13 
2.262634524186069e-13 
2.262634524186069e-13 
2.262634524186069e-13 
2.262634524186069e-13 
2.262634524186069e-13 
2.262634524186069e-13 
2.262634524186069e-13 
2.262634524186069e-13 
2.262634524186069e-13 
2.262634524186069e-13 
2.262634524186069e-13 
2.262634524186069e-13 
2.262634524186069e-13 
2.262634524186069e-13 
2.262634524186069e-13 
2.262634524186069e-13 
2.262634524186069e-13 
2.262634524186069e-13 
2.262634524186069e-13 
2.262634524186069e-13 
2.262634524186069e-13 
2.262634524186069e-13 
2.262634524186069e-13 
2.262634524186069e-13 
2.262634524186069e-13 
2.262634524186069e-13 
2.262634524186069e-13 
2.262634524186069e-13 
2.262634524186069e-13 
2.262634524186069e-13 
2.262634524186069e-13 
2.262634524186069e-13 
2.262634524186069e-13 
2.262634524186069e-13 
2.262634524186069e-13 
2.262634524186069e-13 
2.262634524186069e-13 
2.262634524186069e-13 
2.262634524186069e-13 
2.262634524186069e-13 
2.262634524186069e-13 
2.262634524186069e-13 
2.262634524186069e-13 
2.262634524186069e-13 
2.262634524186069e-13 
2.262634524186069e-13 
2.262634524186069e-13 
2.262634524186069e-13 
2.262634524186069e-13 
2.262634524186069e-13 
2.262634524186069e-13 
2.262634524186069e-13 
2.262634524186069e-13 
2.262634524186069e-13 
2.262634524186069e-13 
2.262634524186069e-13 
2.262634524186069e-13 
2.262634524186069e-13 
2.262634524186069e-13 
2.262634524186069e-13 
2.262634524186069e-13 
2.262634524186069e-13 
2.262634524186069e-13 
2.262634524186069e-13 
2.262634524186069e-13 
2.262634524186069e-13 
2.262634524186069e-13 
2.262634524186069e-13 
2.262634524186069e-13 
2.262634524186069e-13 
2.262634524186069e-13 
2.262634524186069e-13 
2.262634524186069e-13 
2.262634524186069e-13 
2.262634524186069e-13 
2.262634524186069e-13 
2.262634524186069e-13 
2.262634524186069e-13 
2.262634524186069e-13 
2.262634524186069e-13 
2.262634524186069e-13 
2.262634524186069e-13 
2.262634524186069e-13 
2.262634524186069e-13 
2.262634524186069e-13 
2.262634524186069e-13 
2.262634524186069e-13 
2.262634524186069e-13 
2.262634524186069e-13 
2.262634524186069e-13 
2.262634524186069e-13 
2.262634524186069e-13 
2.262634524186069e-13 
2.262634524186069e-13 
2.262634524186069e-13 
2.262634524186069e-13 
2.262634524186069e-13 
2.262634524186069e-13 
2.262634524186069e-13 
2.262634524186069e-13 
2.262634524186069e-13 
2.262634524186069e-13 
2.262634524186069e-13 
2.262634524186069e-13 
2.262634524186069e-13 
2.262634524186069e-13 
2.262634524186069e-13 
2.262634524186069e-13 
2.262634524186069e-13 
2.262634524186069e-13 
2.262634524186069e-13 
2.262634524186069e-13 
2.262634524186069e-13 
2.262634524186069e-13 
2.262634524186069e-13 
2.262634524186069e-13 
2.262634524186069e-13 
2.262634524186069e-13 
2.262634524186069e-13 
2.262634524186069e-13 
2.262634524186069e-13 
2.262634524186069e-13 
2.262634524186069e-13 
2.262634524186069e-13 
2.262634524186069e-13 
2.262634524186069e-13 
2.262634524186069e-13 
2.262634524186069e-13 
2.262634524186069e-13 
2.262634524186069e-13 
2.262634524186069e-13 
2.262634524186069e-13 
2.262634524186069e-13 
2.262634524186069e-13 
2.262634524186069e-13 
2.262634524186069e-13 
2.262634524186069e-13 
2.262634524186069e-13 
2.262634524186069e-13 
2.262634524186069e-13 
2.262634524186069e-13 
2.262634524186069e-13 
2.262634524186069e-13 
2.262634524186069e-13 
2.262634524186069e-13 
2.262634524186069e-13 
2.262634524186069e-13 
2.262634524186069e-13 
2.262634524186069e-13 
2.262634524186069e-13 
2.262634524186069e-13 
2.262634524186069e-13 
2.262634524186069e-13 
2.262634524186069e-13 
2.262634524186069e-13 
2.262634524186069e-13 
2.262634524186069e-13 
2.262634524186069e-13 
2.262634524186069e-13 
2.262634524186069e-13 
2.262634524186069e-13 
2.262634524186069e-13 
2.262634524186069e-13 
2.262634524186069e-13 
2.262634524186069e-13 
2.262634524186069e-13 
2.262634524186069e-13 
2.262634524186069e-13 
2.262634524186069e-13 
2.262634524186069e-13 
2.262634524186069e-13 
2.262634524186069e-13 
2.262634524186069e-13 
2.262634524186069e-13 
2.262634524186069e-13 
2.262634524186069e-13 
2.262634524186069e-13 
2.262634524186069e-13 
2.262634524186069e-13 
2.262634524186069e-13 
2.262634524186069e-13 
2.262634524186069e-13 
2.262634524186069e-13 
2.262634524186069e-13 
2.262634524186069e-13 
2.262634524186069e-13 
2.262634524186069e-13 
2.262634524186069e-13 
2.262634524186069e-13 
2.262634524186069e-13 
2.262634524186069e-13 
2.262634524186069e-13 
2.262634524186069e-13 
2.262634524186069e-13 
2.262634524186069e-13 
2.262634524186069e-13 
2.262634524186069e-13 
2.262634524186069e-13 
2.262634524186069e-13 
2.262634524186069e-13 
2.262634524186069e-13 
2.262634524186069e-13 
2.262634524186069e-13 
2.262634524186069e-13 
2.262634524186069e-13 
2.262634524186069e-13 
2.262634524186069e-13 
2.262634524186069e-13 
2.262634524186069e-13 
2.262634524186069e-13 
2.262634524186069e-13 
2.262634524186069e-13 
2.262634524186069e-13 
2.262634524186069e-13 
2.262634524186069e-13 
2.262634524186069e-13 
2.262634524186069e-13 
2.262634524186069e-13 
2.262634524186069e-13 
2.262634524186069e-13 
2.262634524186069e-13 
2.262634524186069e-13 
2.262634524186069e-13 
2.262634524186069e-13 
2.262634524186069e-13 
2.262634524186069e-13 
2.262634524186069e-13 
2.262634524186069e-13 
2.262634524186069e-13 
2.262634524186069e-13 
2.262634524186069e-13 
2.262634524186069e-13 
2.262634524186069e-13 
2.262634524186069e-13 
2.262634524186069e-13 
2.262634524186069e-13 
2.262634524186069e-13 
2.262634524186069e-13 
2.262634524186069e-13 
2.262634524186069e-13 
2.262634524186069e-13 
2.262634524186069e-13 
2.262634524186069e-13 
2.262634524186069e-13 
2.262634524186069e-13 
2.262634524186069e-13 
2.262634524186069e-13 
2.262634524186069e-13 
2.262634524186069e-13 
2.262634524186069e-13 
2.262634524186069e-13 
2.262634524186069e-13 
2.262634524186069e-13 
2.262634524186069e-13 
2.262634524186069e-13 
2.262634524186069e-13 
2.262634524186069e-13 
2.262634524186069e-13 
2.262634524186069e-13 
2.262634524186069e-13 
2.262634524186069e-13 
2.262634524186069e-13 
2.262634524186069e-13 
2.262634524186069e-13 
2.262634524186069e-13 
2.262634524186069e-13 
2.262634524186069e-13 
2.262634524186069e-13 
2.262634524186069e-13 
2.262634524186069e-13 
2.262634524186069e-13 
2.262634524186069e-13 
2.262634524186069e-13 
2.262634524186069e-13 
2.262634524186069e-13 
2.262634524186069e-13 
2.262634524186069e-13 
2.262634524186069e-13 
2.262634524186069e-13 
2.262634524186069e-13 
2.262634524186069e-13 
2.262634524186069e-13 
2.262634524186069e-13 
2.262634524186069e-13 
2.262634524186069e-13 
2.262634524186069e-13 
2.262634524186069e-13 
2.262634524186069e-13 
2.262634524186069e-13 
2.262634524186069e-13 
2.262634524186069e-13 
2.262634524186069e-13 
2.262634524186069e-13 
2.262634524186069e-13 
2.262634524186069e-13 
2.262634524186069e-13 
2.262634524186069e-13 
2.262634524186069e-13 
2.262634524186069e-13 
2.262634524186069e-13 
2.262634524186069e-13 
2.262634524186069e-13 
2.262634524186069e-13 
2.262634524186069e-13 
2.262634524186069e-13 
2.262634524186069e-13 
2.262634524186069e-13 
2.262634524186069e-13 
2.262634524186069e-13 
2.262634524186069e-13 
2.262634524186069e-13 
2.262634524186069e-13 
2.262634524186069e-13 
2.262634524186069e-13 
2.262634524186069e-13 
2.262634524186069e-13 
2.262634524186069e-13 
2.262634524186069e-13 
2.262634524186069e-13 
2.262634524186069e-13 
2.262634524186069e-13 
2.262634524186069e-13 
2.262634524186069e-13 
2.262634524186069e-13 
2.262634524186069e-13 
2.262634524186069e-13 
2.262634524186069e-13 
2.262634524186069e-13 
2.262634524186069e-13 
2.262634524186069e-13 
2.262634524186069e-13 
2.262634524186069e-13 
2.262634524186069e-13 
2.262634524186069e-13 
2.262634524186069e-13 
2.262634524186069e-13 
2.262634524186069e-13 
2.262634524186069e-13 
2.262634524186069e-13 
2.262634524186069e-13 
2.262634524186069e-13 
2.262634524186069e-13 
2.262634524186069e-13 
2.262634524186069e-13 
2.262634524186069e-13 
2.262634524186069e-13 
2.262634524186069e-13 
2.262634524186069e-13 
2.262634524186069e-13 
2.262634524186069e-13 
2.262634524186069e-13 
2.262634524186069e-13 
2.262634524186069e-13 
2.262634524186069e-13 
2.262634524186069e-13 
2.262634524186069e-13 
2.262634524186069e-13 
2.262634524186069e-13 
2.262634524186069e-13 
2.262634524186069e-13 
2.262634524186069e-13 
2.262634524186069e-13 
2.262634524186069e-13 
2.262634524186069e-13 
2.262634524186069e-13 
2.262634524186069e-13 
2.262634524186069e-13 
2.262634524186069e-13 
2.262634524186069e-13 
2.262634524186069e-13 
2.262634524186069e-13 
2.262634524186069e-13 
2.262634524186069e-13 
2.262634524186069e-13 
2.262634524186069e-13 
2.262634524186069e-13 
2.262634524186069e-13 
2.262634524186069e-13 
2.262634524186069e-13 
2.262634524186069e-13 
2.262634524186069e-13 
2.262634524186069e-13 
2.262634524186069e-13 
2.262634524186069e-13 
2.262634524186069e-13 
2.262634524186069e-13 
2.262634524186069e-13 
2.262634524186069e-13 
2.262634524186069e-13 
2.262634524186069e-13 
2.262634524186069e-13 
2.262634524186069e-13 
2.262634524186069e-13 
2.262634524186069e-13 
2.262634524186069e-13 
2.262634524186069e-13 
2.262634524186069e-13 
2.262634524186069e-13 
2.262634524186069e-13 
2.262634524186069e-13 
2.262634524186069e-13 
2.262634524186069e-13 
2.262634524186069e-13 
2.262634524186069e-13 
2.262634524186069e-13 
2.262634524186069e-13 
2.262634524186069e-13 
2.262634524186069e-13 
2.262634524186069e-13 
2.262634524186069e-13 
2.262634524186069e-13 
2.262634524186069e-13 
2.262634524186069e-13 
2.262634524186069e-13 
2.262634524186069e-13 
2.262634524186069e-13 
2.262634524186069e-13 
2.262634524186069e-13 
2.262634524186069e-13 
2.262634524186069e-13 
2.262634524186069e-13 
2.262634524186069e-13 
2.262634524186069e-13 
2.262634524186069e-13 
2.262634524186069e-13 
2.262634524186069e-13 
2.262634524186069e-13 
2.262634524186069e-13 
2.262634524186069e-13 
2.262634524186069e-13 
2.262634524186069e-13 
2.262634524186069e-13 
2.262634524186069e-13 
2.262634524186069e-13 
2.262634524186069e-13 
2.262634524186069e-13 
2.262634524186069e-13 
2.262634524186069e-13 
2.262634524186069e-13 
2.262634524186069e-13 
2.262634524186069e-13 
2.262634524186069e-13 
2.262634524186069e-13 
2.262634524186069e-13 
2.262634524186069e-13 
2.262634524186069e-13 
2.262634524186069e-13 
2.262634524186069e-13 
2.262634524186069e-13 
2.262634524186069e-13 
2.262634524186069e-13 
2.262634524186069e-13 
2.262634524186069e-13 
2.262634524186069e-13 
2.262634524186069e-13 
2.262634524186069e-13 
2.262634524186069e-13 
2.262634524186069e-13 
2.262634524186069e-13 
2.262634524186069e-13 
2.262634524186069e-13 
2.262634524186069e-13 
2.262634524186069e-13 
2.262634524186069e-13 
2.262634524186069e-13 
2.262634524186069e-13 
2.262634524186069e-13 
2.262634524186069e-13 
2.262634524186069e-13 
2.262634524186069e-13 
2.262634524186069e-13 
2.262634524186069e-13 
2.262634524186069e-13 
2.262634524186069e-13 
2.262634524186069e-13 
2.262634524186069e-13 
2.262634524186069e-13 
2.262634524186069e-13 
2.262634524186069e-13 
2.262634524186069e-13 
2.262634524186069e-13 
2.262634524186069e-13 
2.262634524186069e-13 
2.262634524186069e-13 
2.262634524186069e-13 
2.262634524186069e-13 
2.262634524186069e-13 
2.262634524186069e-13 
2.262634524186069e-13 
2.262634524186069e-13 
2.262634524186069e-13 
2.262634524186069e-13 
2.262634524186069e-13 
2.262634524186069e-13 
2.262634524186069e-13 
2.262634524186069e-13 
2.262634524186069e-13 
2.262634524186069e-13 
2.262634524186069e-13 
2.262634524186069e-13 
2.262634524186069e-13 
2.262634524186069e-13 
2.262634524186069e-13 
2.262634524186069e-13 
2.262634524186069e-13 
2.262634524186069e-13 
2.262634524186069e-13 
2.262634524186069e-13 
2.262634524186069e-13 
2.262634524186069e-13 
2.262634524186069e-13 
2.262634524186069e-13 
2.262634524186069e-13 
2.262634524186069e-13 
2.262634524186069e-13 
2.262634524186069e-13 
2.262634524186069e-13 
2.262634524186069e-13 
2.262634524186069e-13 
2.262634524186069e-13 
2.262634524186069e-13 
2.262634524186069e-13 
2.262634524186069e-13 
2.262634524186069e-13 
2.262634524186069e-13 
2.262634524186069e-13 
2.262634524186069e-13 
2.262634524186069e-13 
2.262634524186069e-13 
2.262634524186069e-13 
2.262634524186069e-13 
2.262634524186069e-13 
2.262634524186069e-13 
2.262634524186069e-13 
2.262634524186069e-13 
2.262634524186069e-13 
2.262634524186069e-13 
2.262634524186069e-13 
2.262634524186069e-13 
2.262634524186069e-13 
2.262634524186069e-13 
2.262634524186069e-13 
2.262634524186069e-13 
2.262634524186069e-13 
2.262634524186069e-13 
2.262634524186069e-13 
2.262634524186069e-13 
2.262634524186069e-13 
2.262634524186069e-13 
2.262634524186069e-13 
2.262634524186069e-13 
2.262634524186069e-13 
2.262634524186069e-13 
2.262634524186069e-13 
2.262634524186069e-13 
2.262634524186069e-13 
2.262634524186069e-13 
2.262634524186069e-13 
2.262634524186069e-13 
2.262634524186069e-13 
2.262634524186069e-13 
2.262634524186069e-13 
2.262634524186069e-13 
2.262634524186069e-13 
2.262634524186069e-13 
2.262634524186069e-13 
2.262634524186069e-13 
2.262634524186069e-13 
2.262634524186069e-13 
2.262634524186069e-13 
2.262634524186069e-13 
2.262634524186069e-13 
2.262634524186069e-13 
2.262634524186069e-13 
2.262634524186069e-13 
2.262634524186069e-13 
2.262634524186069e-13 
2.262634524186069e-13 
2.262634524186069e-13 
2.262634524186069e-13 
2.262634524186069e-13 
2.262634524186069e-13 
2.262634524186069e-13 
2.262634524186069e-13 
2.262634524186069e-13 
2.262634524186069e-13 
2.262634524186069e-13 
2.262634524186069e-13 
2.262634524186069e-13 
2.262634524186069e-13 
2.262634524186069e-13 
2.262634524186069e-13 
2.262634524186069e-13 
2.262634524186069e-13 
2.262634524186069e-13 
2.262634524186069e-13 
2.262634524186069e-13 
2.262634524186069e-13 
2.262634524186069e-13 
2.262634524186069e-13 
2.262634524186069e-13 
2.262634524186069e-13 
2.262634524186069e-13 
2.262634524186069e-13 
2.262634524186069e-13 
2.262634524186069e-13 
2.262634524186069e-13 
2.262634524186069e-13 
2.262634524186069e-13 
2.262634524186069e-13 
2.262634524186069e-13 
2.262634524186069e-13 
2.262634524186069e-13 
2.262634524186069e-13 
2.262634524186069e-13 
