1.8099437759900265 
1.809934903554042 
1.402226481184027 
0.63378699706218111 
0.63378699706218111 
0.49208907360615156 
0.48070342861675652 
0.48070342861675652 
0.46517269412354589 
0.46517269412354589 
0.37684190017437208 
0.37684190017437208 
0.37684190017437208 
0.34076365393870756 
0.34076365393870756 
0.30666808893110625 
0.26595790691604521 
0.22380625873856308 
0.18501986048380492 
0.15497574359328495 
0.13885716146116067 
0.13885716146116067 
0.13885716146116067 
0.13777108683528838 
0.13777108683528838 
0.13777108683528838 
0.13759927790440854 
0.13759927790440854 
0.13759927790440854 
0.13738560384678952 
0.13738560384678952 
0.13738560384678952 
0.13738560384678952 
0.13738560384678952 
0.13738560384678952 
0.13738560384678952 
0.13738560384678952 
0.13738560384678952 
0.13738560384678952 
0.13738560384678952 
0.13738560384678952 
0.13738560384678952 
0.13738560384678952 
0.13738560384678952 
0.13736918334331749 
0.13736918334331749 
0.13736918334331749 
0.13736918334331749 
0.13735402876030919 
0.1262955075348251 
0.12425491575976109 
0.11583493990216433 
0.11133763880766437 
0.10994014964590322 
0.10994014964590322 
0.10994014964590322 
0.10994014964590322 
0.10994014964590322 
0.10994014964590322 
0.10860898547764129 
0.10860898547764129 
0.10764867745829512 
0.10615455361120731 
0.10482958288929753 
0.10364864792417541 
0.1025911626553004 
0.099356811042993196 
0.096486034948549931 
0.09416010256801792 
0.092270776790056172 
0.090731891562508313 
0.089474767796169655 
0.087583602672459709 
0.085049406784459949 
0.082760292370298208 
0.080684369268974071 
0.07879563423319301 
0.077072622917151029 
0.075497396335061001 
0.074054777221211857 
0.0727317730512652 
0.070910363827181036 
0.068924299199867159 
0.067445655783539241 
0.066368053659670731 
0.06542183440905916 
0.063858106959215968 
0.062436491652553848 
0.061141223026188359 
0.0599589709093203 
0.057383591099693189 
0.056060810376788665 
0.055874496648234552 
0.053032718270790889 
0.051418339351188717 
0.051418339351188717 
0.050449640186645821 
0.048774772219954986 
0.047304717023007821 
0.04583582302242601 
0.044081460099928499 
0.042563314619667454 
0.041256516579201027 
0.040137719952372308 
0.037780892179944868 
0.036657960630328362 
0.035392824588839654 
0.033803215094538576 
0.032404589614737932 
0.031176962547284366 
0.029794064948767518 
0.028509804940570212 
0.027370160672574723 
0.026355745006369245 
0.025450485828878947 
0.024392260630033028 
0.022918514830687228 
0.021798085898155302 
0.021248794260429093 
0.020340151276910422 
0.019280372978876508 
0.018387547897043895 
0.016105108940309028 
0.014546857103254327 
0.013932920500845646 
0.013411842698926537 
0.01211560864342095 
0.011010454474661358 
0.010037373660692813 
0.0091498301009735241 
0.0081867852252735553 
0.0075501665070000657 
0.0070238725309895358 
0.0064168988838907192 
0.0051416756841024171 
0.0043179458112418845 
0.0042357101187895235 
0.0038070431065902722 
0.0031690461110752128 
0.002623258615249131 
0.0021536026158812845 
0.0017767174552887151 
0.0014755009814936958 
0.0012364499688038337 
0.0010320559627211283 
0.00083879102917540859 
0.0005012765790320796 
0.00028618825572553715 
0.00028618825572553715 
0.00020227390717456254 
9.393848254415205e-05 
3.5227563793989047e-05 
7.9671977811663446e-06 
4.3735968319187431e-07 
4.3735968319187431e-07 
4.3735968319187431e-07 
4.3735968319187431e-07 
4.3735968319187431e-07 
4.3735968319187431e-07 
4.3735968319187431e-07 
2.9608076036153711e-07 
2.9608076036153711e-07 
2.9608076036153711e-07 
8.5702060346280676e-08 
8.5702060346280676e-08 
8.5702060346280676e-08 
8.5702060346280676e-08 
8.5702060346280676e-08 
8.5702060346280676e-08 
8.5702060346280676e-08 
7.6660168382968663e-08 
7.6660168382968663e-08 
7.6660168382968663e-08 
7.6660168382968663e-08 
7.6660168382968663e-08 
7.6660168382968663e-08 
7.6660168382968663e-08 
7.541598546540849e-08 
7.541598546540849e-08 
7.541598546540849e-08 
7.541598546540849e-08 
7.541598546540849e-08 
7.541598546540849e-08 
7.541598546540849e-08 
7.541598546540849e-08 
7.541598546540849e-08 
7.541598546540849e-08 
7.541598546540849e-08 
7.541598546540849e-08 
5.1758851891930011e-08 
5.1758851891930011e-08 
5.1758851891930011e-08 
3.9753311493998219e-08 
3.9753311493998219e-08 
3.9753311493998219e-08 
3.8513261196663689e-08 
3.8513261196663689e-08 
3.6786143501697176e-08 
2.8334327255721565e-08 
2.2035025407887832e-08 
1.4530364384952826e-08 
1.0021824524844112e-08 
6.931125096580549e-09 
4.8299627190126609e-09 
3.3461761339458005e-09 
2.7670646802763634e-09 
2.7670646802763634e-09 
2.7670646802763634e-09 
2.7670646802763634e-09 
2.7670646802763634e-09 
2.4468884859320384e-09 
1.6518875775177445e-09 
1.6518875775177445e-09 
1.6518875775177445e-09 
1.6518875775177445e-09 
1.6518875775177445e-09 
1.6518875775177445e-09 
1.6518875775177445e-09 
1.6518875775177445e-09 
1.6518875775177445e-09 
1.6518875775177445e-09 
1.6518875775177445e-09 
1.6518875775177445e-09 
1.6518875775177445e-09 
1.6518875775177445e-09 
1.6518875775177445e-09 
1.6518875775177445e-09 
1.6518875775177445e-09 
1.6518875775177445e-09 
1.6518875775177445e-09 
1.6518875775177445e-09 
1.6518875775177445e-09 
1.6518875775177445e-09 
1.6518875775177445e-09 
1.6518875775177445e-09 
1.6518875775177445e-09 
1.6518875775177445e-09 
1.6518875775177445e-09 
1.6518875775177445e-09 
1.6518875775177445e-09 
1.6518875775177445e-09 
1.6518875775177445e-09 
1.6518875775177445e-09 
1.6518875775177445e-09 
1.6518875775177445e-09 
1.6518875775177445e-09 
1.6518875775177445e-09 
1.6518875775177445e-09 
1.6518875775177445e-09 
1.6518875775177445e-09 
1.6518875775177445e-09 
1.6518875775177445e-09 
1.6518875775177445e-09 
1.6518875775177445e-09 
1.6518875775177445e-09 
1.6518875775177445e-09 
1.6518875775177445e-09 
1.6518875775177445e-09 
1.6518875775177445e-09 
1.6518875775177445e-09 
1.6518875775177445e-09 
1.6518875775177445e-09 
1.6518875775177445e-09 
1.6518875775177445e-09 
1.6518875775177445e-09 
1.6518875775177445e-09 
1.6518875775177445e-09 
1.6518875775177445e-09 
1.6518875775177445e-09 
1.6518875775177445e-09 
1.6518875775177445e-09 
1.6518875775177445e-09 
1.6518875775177445e-09 
1.6518875775177445e-09 
1.6518875775177445e-09 
1.6518875775177445e-09 
1.6518875775177445e-09 
1.6518875775177445e-09 
1.6518875775177445e-09 
1.6518875775177445e-09 
1.6518875775177445e-09 
1.6518875775177445e-09 
1.6518875775177445e-09 
1.6518875775177445e-09 
1.6518875775177445e-09 
1.6518875775177445e-09 
1.6518875775177445e-09 
1.6518875775177445e-09 
1.6518875775177445e-09 
1.6518875775177445e-09 
1.6518875775177445e-09 
1.6518875775177445e-09 
1.6487095065693663e-09 
1.6487095065693663e-09 
1.6487095065693663e-09 
1.6487095065693663e-09 
1.6487095065693663e-09 
1.6487095065693663e-09 
1.6487095065693663e-09 
1.6487095065693663e-09 
1.6487095065693663e-09 
1.6487095065693663e-09 
1.6487095065693663e-09 
1.6487095065693663e-09 
1.6487095065693663e-09 
1.6487095065693663e-09 
1.6487095065693663e-09 
1.6487095065693663e-09 
1.6487095065693663e-09 
1.6487095065693663e-09 
1.6487095065693663e-09 
1.6487095065693663e-09 
1.6487095065693663e-09 
1.6487095065693663e-09 
1.6487095065693663e-09 
1.6487095065693663e-09 
1.6487095065693663e-09 
1.6487095065693663e-09 
1.6487095065693663e-09 
1.6487095065693663e-09 
1.6487095065693663e-09 
1.6487095065693663e-09 
1.6487095065693663e-09 
1.6487095065693663e-09 
1.6487095065693663e-09 
1.6487095065693663e-09 
1.6487095065693663e-09 
1.6487095065693663e-09 
1.6487095065693663e-09 
1.6487095065693663e-09 
1.6487095065693663e-09 
1.6487095065693663e-09 
1.6487095065693663e-09 
1.6487095065693663e-09 
1.6487095065693663e-09 
1.6487095065693663e-09 
1.6487095065693663e-09 
1.6487095065693663e-09 
1.6487095065693663e-09 
1.6487095065693663e-09 
1.6487095065693663e-09 
1.6487095065693663e-09 
1.6487095065693663e-09 
1.6487095065693663e-09 
1.6487095065693663e-09 
1.6487095065693663e-09 
1.6487095065693663e-09 
1.6487095065693663e-09 
1.6487095065693663e-09 
1.6487095065693663e-09 
1.6487095065693663e-09 
1.6487095065693663e-09 
1.6487095065693663e-09 
1.6487095065693663e-09 
1.6487095065693663e-09 
1.6487095065693663e-09 
1.6487095065693663e-09 
1.6487095065693663e-09 
1.6487095065693663e-09 
1.6487095065693663e-09 
1.6487095065693663e-09 
1.6487095065693663e-09 
1.6487095065693663e-09 
1.6487095065693663e-09 
1.6487095065693663e-09 
1.6487095065693663e-09 
1.6487095065693663e-09 
1.6487095065693663e-09 
1.6487095065693663e-09 
1.6487095065693663e-09 
1.6487095065693663e-09 
1.6487095065693663e-09 
1.6487095065693663e-09 
1.6487095065693663e-09 
1.6487095065693663e-09 
1.6487095065693663e-09 
1.6487095065693663e-09 
1.6487095065693663e-09 
1.6487095065693663e-09 
1.6487095065693663e-09 
1.6487095065693663e-09 
1.6487095065693663e-09 
1.6487095065693663e-09 
1.6487095065693663e-09 
1.6487095065693663e-09 
1.6487095065693663e-09 
1.6487095065693663e-09 
1.6487095065693663e-09 
1.6487095065693663e-09 
1.6487095065693663e-09 
1.6487095065693663e-09 
1.6487095065693663e-09 
1.6487095065693663e-09 
1.6487095065693663e-09 
1.6487095065693663e-09 
1.6487095065693663e-09 
1.6487095065693663e-09 
1.6487095065693663e-09 
1.6487095065693663e-09 
1.6487095065693663e-09 
1.6487095065693663e-09 
1.6487095065693663e-09 
1.6487095065693663e-09 
1.6487095065693663e-09 
1.6487095065693663e-09 
1.6487095065693663e-09 
1.6487095065693663e-09 
1.6487095065693663e-09 
1.6487095065693663e-09 
1.6487095065693663e-09 
1.6487095065693663e-09 
1.6487095065693663e-09 
1.6487095065693663e-09 
1.6487095065693663e-09 
1.6487095065693663e-09 
1.6487095065693663e-09 
1.6487095065693663e-09 
1.6487095065693663e-09 
1.6487095065693663e-09 
1.6487095065693663e-09 
1.6487095065693663e-09 
1.6487095065693663e-09 
1.6487095065693663e-09 
1.6487095065693663e-09 
1.6487095065693663e-09 
1.6487095065693663e-09 
1.6487095065693663e-09 
1.6487095065693663e-09 
1.6487095065693663e-09 
1.6487095065693663e-09 
1.6487095065693663e-09 
1.6487095065693663e-09 
1.6487095065693663e-09 
1.6487095065693663e-09 
1.6487095065693663e-09 
1.6487095065693663e-09 
1.6487095065693663e-09 
1.6487095065693663e-09 
1.6487095065693663e-09 
1.6487095065693663e-09 
1.6487095065693663e-09 
1.6487095065693663e-09 
1.6487095065693663e-09 
1.6487095065693663e-09 
1.6487095065693663e-09 
1.6487095065693663e-09 
1.6487095065693663e-09 
1.6487095065693663e-09 
1.6487095065693663e-09 
1.6487095065693663e-09 
1.6487095065693663e-09 
1.6487095065693663e-09 
1.6487095065693663e-09 
1.6487095065693663e-09 
1.6487095065693663e-09 
1.6487095065693663e-09 
1.6487095065693663e-09 
1.6487095065693663e-09 
1.6487095065693663e-09 
1.6487095065693663e-09 
1.6487095065693663e-09 
1.6487095065693663e-09 
1.6487095065693663e-09 
1.6487095065693663e-09 
1.6487095065693663e-09 
1.6487095065693663e-09 
1.6487095065693663e-09 
1.6487095065693663e-09 
1.6487095065693663e-09 
1.6487095065693663e-09 
1.6487095065693663e-09 
1.6487095065693663e-09 
1.6487095065693663e-09 
1.6487095065693663e-09 
1.6487095065693663e-09 
1.6487095065693663e-09 
1.6487095065693663e-09 
1.6487095065693663e-09 
1.6487095065693663e-09 
1.6487095065693663e-09 
1.6487095065693663e-09 
1.6487095065693663e-09 
1.6487095065693663e-09 
1.6487095065693663e-09 
1.6487095065693663e-09 
1.6487095065693663e-09 
1.6487095065693663e-09 
1.6487095065693663e-09 
1.6487095065693663e-09 
1.6487095065693663e-09 
1.6487095065693663e-09 
1.6487095065693663e-09 
1.6487095065693663e-09 
1.6487095065693663e-09 
1.6487095065693663e-09 
1.6487095065693663e-09 
1.6487095065693663e-09 
1.6487095065693663e-09 
1.6487095065693663e-09 
1.6487095065693663e-09 
1.6487095065693663e-09 
1.6487095065693663e-09 
1.6487095065693663e-09 
1.6487095065693663e-09 
1.6487095065693663e-09 
1.6487095065693663e-09 
1.6487095065693663e-09 
1.6487095065693663e-09 
1.6487095065693663e-09 
1.6487095065693663e-09 
1.6487095065693663e-09 
1.6487095065693663e-09 
1.6487095065693663e-09 
1.6487095065693663e-09 
1.6487095065693663e-09 
1.6487095065693663e-09 
1.6487095065693663e-09 
1.6487095065693663e-09 
1.6487095065693663e-09 
1.6487095065693663e-09 
1.6487095065693663e-09 
1.6487095065693663e-09 
1.6487095065693663e-09 
1.6487095065693663e-09 
1.6487095065693663e-09 
1.6487095065693663e-09 
1.6487095065693663e-09 
1.6487095065693663e-09 
1.6487095065693663e-09 
1.6487095065693663e-09 
1.6487095065693663e-09 
1.6487095065693663e-09 
1.6487095065693663e-09 
1.6487095065693663e-09 
1.6487095065693663e-09 
1.6487095065693663e-09 
1.6487095065693663e-09 
1.6487095065693663e-09 
1.6487095065693663e-09 
1.6487095065693663e-09 
1.6487095065693663e-09 
1.6487095065693663e-09 
1.6487095065693663e-09 
1.6487095065693663e-09 
1.6487095065693663e-09 
1.6487095065693663e-09 
1.6487095065693663e-09 
1.6487095065693663e-09 
1.6487095065693663e-09 
1.6487095065693663e-09 
1.6487095065693663e-09 
1.6487095065693663e-09 
1.6487095065693663e-09 
1.6487095065693663e-09 
1.6487095065693663e-09 
1.6487095065693663e-09 
1.6487095065693663e-09 
1.6487095065693663e-09 
1.6487095065693663e-09 
1.6487095065693663e-09 
1.6487095065693663e-09 
1.6487095065693663e-09 
1.6487095065693663e-09 
1.6487095065693663e-09 
1.6487095065693663e-09 
1.6487095065693663e-09 
1.6487095065693663e-09 
1.6487095065693663e-09 
1.6487095065693663e-09 
1.6487095065693663e-09 
1.6487095065693663e-09 
1.6487095065693663e-09 
1.6487095065693663e-09 
1.6487095065693663e-09 
1.6487095065693663e-09 
1.6487095065693663e-09 
1.6487095065693663e-09 
1.6487095065693663e-09 
1.6487095065693663e-09 
1.6487095065693663e-09 
1.6487095065693663e-09 
1.6487095065693663e-09 
1.6487095065693663e-09 
1.6487095065693663e-09 
1.6487095065693663e-09 
1.6487095065693663e-09 
1.6487095065693663e-09 
1.6487095065693663e-09 
1.6487095065693663e-09 
1.6487095065693663e-09 
1.6487095065693663e-09 
1.6487095065693663e-09 
1.6487095065693663e-09 
1.6487095065693663e-09 
1.6487095065693663e-09 
1.6487095065693663e-09 
1.6487095065693663e-09 
1.6487095065693663e-09 
1.6487095065693663e-09 
1.6487095065693663e-09 
1.6487095065693663e-09 
1.6487095065693663e-09 
1.6487095065693663e-09 
1.6487095065693663e-09 
1.6487095065693663e-09 
1.6487095065693663e-09 
1.6487095065693663e-09 
1.6487095065693663e-09 
1.6487095065693663e-09 
1.6487095065693663e-09 
1.6487095065693663e-09 
1.6487095065693663e-09 
1.6487095065693663e-09 
1.6487095065693663e-09 
1.6487095065693663e-09 
1.6487095065693663e-09 
1.6487095065693663e-09 
1.6487095065693663e-09 
1.6487095065693663e-09 
1.6487095065693663e-09 
1.6487095065693663e-09 
1.6487095065693663e-09 
1.6487095065693663e-09 
1.6487095065693663e-09 
1.6487095065693663e-09 
1.6487095065693663e-09 
1.6487095065693663e-09 
1.6487095065693663e-09 
1.6487095065693663e-09 
1.6487095065693663e-09 
1.6487095065693663e-09 
1.6487095065693663e-09 
1.6487095065693663e-09 
1.6487095065693663e-09 
1.6487095065693663e-09 
1.6487095065693663e-09 
1.6487095065693663e-09 
1.6487095065693663e-09 
1.6487095065693663e-09 
1.6487095065693663e-09 
1.6487095065693663e-09 
1.6487095065693663e-09 
1.6487095065693663e-09 
1.6487095065693663e-09 
1.6487095065693663e-09 
1.6487095065693663e-09 
1.6487095065693663e-09 
1.6487095065693663e-09 
1.6487095065693663e-09 
1.6487095065693663e-09 
1.6487095065693663e-09 
1.6487095065693663e-09 
1.6487095065693663e-09 
1.6487095065693663e-09 
1.6487095065693663e-09 
1.6487095065693663e-09 
1.6487095065693663e-09 
1.6487095065693663e-09 
1.6487095065693663e-09 
1.6487095065693663e-09 
1.6487095065693663e-09 
1.6487095065693663e-09 
1.6487095065693663e-09 
1.6487095065693663e-09 
1.6487095065693663e-09 
1.6487095065693663e-09 
1.6487095065693663e-09 
1.6487095065693663e-09 
1.6487095065693663e-09 
1.6487095065693663e-09 
1.6487095065693663e-09 
1.6487095065693663e-09 
1.6487095065693663e-09 
1.6487095065693663e-09 
1.6487095065693663e-09 
1.6487095065693663e-09 
1.6487095065693663e-09 
1.6487095065693663e-09 
1.6487095065693663e-09 
1.6487095065693663e-09 
1.6487095065693663e-09 
1.6487095065693663e-09 
1.6487095065693663e-09 
1.6487095065693663e-09 
1.6487095065693663e-09 
1.6487095065693663e-09 
1.6487095065693663e-09 
1.6487095065693663e-09 
1.6487095065693663e-09 
1.6487095065693663e-09 
1.6487095065693663e-09 
1.6487095065693663e-09 
1.6487095065693663e-09 
1.6487095065693663e-09 
1.6487095065693663e-09 
1.6487095065693663e-09 
1.6487095065693663e-09 
1.6487095065693663e-09 
1.6487095065693663e-09 
1.6487095065693663e-09 
1.6487095065693663e-09 
1.6487095065693663e-09 
1.6487095065693663e-09 
1.6487095065693663e-09 
1.6487095065693663e-09 
1.6487095065693663e-09 
1.6487095065693663e-09 
1.6487095065693663e-09 
1.6487095065693663e-09 
1.6487095065693663e-09 
1.6487095065693663e-09 
1.6487095065693663e-09 
1.6487095065693663e-09 
1.6487095065693663e-09 
1.6487095065693663e-09 
1.6487095065693663e-09 
1.6487095065693663e-09 
1.6487095065693663e-09 
1.6487095065693663e-09 
1.6487095065693663e-09 
1.6487095065693663e-09 
1.6487095065693663e-09 
1.6487095065693663e-09 
1.6487095065693663e-09 
1.6487095065693663e-09 
1.6487095065693663e-09 
1.6487095065693663e-09 
1.6487095065693663e-09 
1.6487095065693663e-09 
1.6487095065693663e-09 
1.6487095065693663e-09 
1.6487095065693663e-09 
1.6487095065693663e-09 
1.6487095065693663e-09 
1.6487095065693663e-09 
1.6487095065693663e-09 
1.6487095065693663e-09 
1.6487095065693663e-09 
1.6487095065693663e-09 
1.6487095065693663e-09 
1.6487095065693663e-09 
1.6487095065693663e-09 
1.6487095065693663e-09 
1.6487095065693663e-09 
1.6487095065693663e-09 
1.6487095065693663e-09 
1.6487095065693663e-09 
1.6487095065693663e-09 
1.6487095065693663e-09 
1.6487095065693663e-09 
1.6487095065693663e-09 
1.6487095065693663e-09 
1.6487095065693663e-09 
1.6487095065693663e-09 
1.6487095065693663e-09 
1.6487095065693663e-09 
1.6487095065693663e-09 
1.6487095065693663e-09 
1.6487095065693663e-09 
1.6487095065693663e-09 
1.6487095065693663e-09 
1.6487095065693663e-09 
1.6487095065693663e-09 
1.6487095065693663e-09 
1.6487095065693663e-09 
1.6487095065693663e-09 
1.6487095065693663e-09 
1.6487095065693663e-09 
1.6487095065693663e-09 
1.6487095065693663e-09 
1.6487095065693663e-09 
1.6487095065693663e-09 
1.6487095065693663e-09 
1.6487095065693663e-09 
1.6487095065693663e-09 
1.6487095065693663e-09 
1.6487095065693663e-09 
1.6487095065693663e-09 
1.6487095065693663e-09 
1.6487095065693663e-09 
1.6487095065693663e-09 
1.6487095065693663e-09 
1.6487095065693663e-09 
1.6487095065693663e-09 
1.6487095065693663e-09 
1.6487095065693663e-09 
1.6487095065693663e-09 
1.6487095065693663e-09 
1.6487095065693663e-09 
1.6487095065693663e-09 
1.6487095065693663e-09 
1.6487095065693663e-09 
1.6487095065693663e-09 
1.6487095065693663e-09 
1.6487095065693663e-09 
1.6487095065693663e-09 
1.6487095065693663e-09 
1.6487095065693663e-09 
1.6487095065693663e-09 
1.6487095065693663e-09 
1.6487095065693663e-09 
1.6487095065693663e-09 
1.6487095065693663e-09 
1.6487095065693663e-09 
1.6487095065693663e-09 
1.6487095065693663e-09 
1.6487095065693663e-09 
1.6487095065693663e-09 
1.6487095065693663e-09 
1.6487095065693663e-09 
1.6487095065693663e-09 
1.6487095065693663e-09 
1.6487095065693663e-09 
1.6487095065693663e-09 
1.6487095065693663e-09 
1.6487095065693663e-09 
1.6487095065693663e-09 
1.6487095065693663e-09 
1.6487095065693663e-09 
1.6487095065693663e-09 
1.6487095065693663e-09 
1.6487095065693663e-09 
1.6487095065693663e-09 
1.6487095065693663e-09 
1.6487095065693663e-09 
1.6487095065693663e-09 
1.6487095065693663e-09 
1.6487095065693663e-09 
1.6487095065693663e-09 
1.6487095065693663e-09 
1.6487095065693663e-09 
1.6487095065693663e-09 
1.6487095065693663e-09 
1.6487095065693663e-09 
1.6487095065693663e-09 
1.6487095065693663e-09 
1.6487095065693663e-09 
1.6487095065693663e-09 
1.6487095065693663e-09 
1.6487095065693663e-09 
1.6487095065693663e-09 
1.6487095065693663e-09 
1.6487095065693663e-09 
1.6487095065693663e-09 
1.6487095065693663e-09 
1.6487095065693663e-09 
1.6487095065693663e-09 
1.6487095065693663e-09 
1.6487095065693663e-09 
1.6487095065693663e-09 
1.6487095065693663e-09 
1.6487095065693663e-09 
1.6487095065693663e-09 
1.6487095065693663e-09 
1.6487095065693663e-09 
1.6487095065693663e-09 
1.6487095065693663e-09 
1.6487095065693663e-09 
1.6487095065693663e-09 
1.6487095065693663e-09 
1.6487095065693663e-09 
1.6487095065693663e-09 
1.6487095065693663e-09 
1.6487095065693663e-09 
1.6487095065693663e-09 
1.6487095065693663e-09 
1.6487095065693663e-09 
1.6487095065693663e-09 
1.6487095065693663e-09 
1.6487095065693663e-09 
1.6487095065693663e-09 
1.6487095065693663e-09 
1.6487095065693663e-09 
1.6487095065693663e-09 
1.6487095065693663e-09 
1.6487095065693663e-09 
1.6487095065693663e-09 
1.6487095065693663e-09 
1.6487095065693663e-09 
1.6487095065693663e-09 
1.6487095065693663e-09 
1.6487095065693663e-09 
1.6487095065693663e-09 
1.6487095065693663e-09 
1.6487095065693663e-09 
1.6487095065693663e-09 
1.6487095065693663e-09 
1.6487095065693663e-09 
1.6487095065693663e-09 
1.6487095065693663e-09 
1.6487095065693663e-09 
1.6487095065693663e-09 
1.6487095065693663e-09 
1.6487095065693663e-09 
1.6487095065693663e-09 
1.6487095065693663e-09 
1.6487095065693663e-09 
1.6487095065693663e-09 
1.6487095065693663e-09 
1.6487095065693663e-09 
1.6487095065693663e-09 
1.6487095065693663e-09 
1.6487095065693663e-09 
1.6487095065693663e-09 
1.6487095065693663e-09 
1.6487095065693663e-09 
1.6487095065693663e-09 
1.6487095065693663e-09 
1.6487095065693663e-09 
1.6487095065693663e-09 
1.6487095065693663e-09 
1.6487095065693663e-09 
1.6487095065693663e-09 
1.6487095065693663e-09 
1.6487095065693663e-09 
1.6487095065693663e-09 
1.6487095065693663e-09 
1.6487095065693663e-09 
1.6487095065693663e-09 
1.6487095065693663e-09 
1.6487095065693663e-09 
1.6487095065693663e-09 
1.6487095065693663e-09 
1.6487095065693663e-09 
1.6487095065693663e-09 
1.6487095065693663e-09 
1.6487095065693663e-09 
1.6487095065693663e-09 
1.6487095065693663e-09 
1.6487095065693663e-09 
1.6487095065693663e-09 
1.6487095065693663e-09 
1.6487095065693663e-09 
1.6487095065693663e-09 
1.6487095065693663e-09 
1.6487095065693663e-09 
1.6487095065693663e-09 
1.6487095065693663e-09 
1.6487095065693663e-09 
1.6487095065693663e-09 
1.6487095065693663e-09 
1.6487095065693663e-09 
1.6487095065693663e-09 
1.6487095065693663e-09 
1.6487095065693663e-09 
1.6487095065693663e-09 
1.6487095065693663e-09 
1.6487095065693663e-09 
1.6487095065693663e-09 
1.6487095065693663e-09 
1.6487095065693663e-09 
1.6487095065693663e-09 
1.6487095065693663e-09 
1.6487095065693663e-09 
1.6487095065693663e-09 
1.6487095065693663e-09 
1.6487095065693663e-09 
1.6487095065693663e-09 
1.6487095065693663e-09 
1.6487095065693663e-09 
1.6487095065693663e-09 
1.6487095065693663e-09 
1.6487095065693663e-09 
1.6487095065693663e-09 
1.6487095065693663e-09 
1.6487095065693663e-09 
1.6487095065693663e-09 
1.6487095065693663e-09 
1.6487095065693663e-09 
1.6487095065693663e-09 
1.6487095065693663e-09 
1.6487095065693663e-09 
1.6487095065693663e-09 
1.6487095065693663e-09 
1.6487095065693663e-09 
1.6487095065693663e-09 
1.6487095065693663e-09 
1.6487095065693663e-09 
1.6487095065693663e-09 
1.6487095065693663e-09 
1.6487095065693663e-09 
1.6487095065693663e-09 
1.6487095065693663e-09 
1.6487095065693663e-09 
1.6487095065693663e-09 
1.6487095065693663e-09 
1.6487095065693663e-09 
1.6487095065693663e-09 
1.6487095065693663e-09 
1.6487095065693663e-09 
1.6487095065693663e-09 
1.6487095065693663e-09 
1.6487095065693663e-09 
1.6487095065693663e-09 
1.6487095065693663e-09 
1.6487095065693663e-09 
1.6487095065693663e-09 
1.6487095065693663e-09 
1.6487095065693663e-09 
1.6487095065693663e-09 
