1.2636985017931361 
1.1291028306835429 
1.0031501798720885 
0.88584959247003292 
0.77721011472577373 
0.67724079602484366 
0.58595068888991142 
0.50334884898078203 
0.42944433509439583 
0.36424620916483086 
0.30776353626329911 
0.26000538459815059 
0.22098082551486969 
0.19069893349607797 
0.16916878616153275 
0.15639946426812712 
0.15240005170989079 
0.15240005170989079 
0.15240005170989079 
0.15240005170989079 
0.15240005170989079 
0.15240005170989079 
0.15240005170989079 
0.15240005170989079 
0.15240005170989079 
0.15240005170989079 
0.15240005170989079 
0.15239421562555072 
0.15167793386545103 
0.15167793386545103 
0.15140190799448772 
0.15113641964387947 
0.15113641964387947 
0.15113641964387947 
0.15113641964387947 
0.15066044538889845 
0.15066044538889845 
0.15066044538889845 
0.15066044538889845 
0.15039104846528778 
0.15039104846528778 
0.15039104846528778 
0.15039104846528778 
0.15039104846528778 
0.15039104846528778 
0.15039104846528778 
0.15039104846528778 
0.15039104846528778 
0.15039104846528778 
0.15039104846528778 
0.15023932819899741 
0.15023932819899741 
0.15023932819899741 
0.15023932819899741 
0.15023932819899741 
0.15023932819899741 
0.15023932819899741 
0.15023932819899741 
0.15023932819899741 
0.15023932819899741 
0.15023932819899741 
0.15023932819899741 
0.15023932819899741 
0.15023932819899741 
0.15014266800739245 
0.15014266800739245 
0.15014266800739245 
0.15014266800739245 
0.15014266800739245 
0.15014266800739245 
0.15014266800739245 
0.15014266800739245 
0.15014266800739245 
0.15014266800739245 
0.15014266800739245 
0.15014266800739245 
0.15003310829676467 
0.15003310829676467 
0.15003310829676467 
0.14932558580796323 
0.14932558580796323 
0.14932558580796323 
0.14932558580796323 
0.14932558580796323 
0.14932558580796323 
0.14932558580796323 
0.14932558580796323 
0.14910346780081388 
0.14910346780081388 
0.1487407499593193 
0.1474983083568894 
0.1474983083568894 
0.1474983083568894 
0.1474983083568894 
0.1474983083568894 
0.14689575578176634 
0.14689575578176634 
0.14689575578176634 
0.14661764681539013 
0.14661764681539013 
0.14661764681539013 
0.14661764681539013 
0.14661764681539013 
0.14657544902659114 
0.14657544902659114 
0.14636303267704762 
0.14486869331158622 
0.14412202119423451 
0.14412202119423451 
0.14412202119423451 
0.14412202119423451 
0.14374239980679623 
0.14374239980679623 
0.14374239980679623 
0.14374239980679623 
0.14295736088451089 
0.14223101307819025 
0.14186272806509348 
0.14185725307960059 
0.14148330331008463 
0.14096551083353337 
0.13993495550811783 
0.13912767638756884 
0.13854365903255517 
0.13818288900405681 
0.13804535186336508 
0.13804535186336508 
0.13804535186336508 
0.13804535186336508 
0.13804535186336508 
0.13804535186336508 
0.13804535186336508 
0.13804535186336508 
0.13804535186336508 
0.13804535186336508 
0.13804535186336508 
0.13804535186336508 
0.13804535186336508 
0.13804535186336508 
0.13804535186336508 
0.13804535186336508 
0.13804535186336508 
0.13804535186336508 
0.13804511640172695 
0.13804511640172695 
0.13804511640172695 
0.13804511640172695 
0.13804511640172695 
0.13804511640172695 
0.13804511640172695 
0.13804511640172695 
0.13804511640172695 
0.13804511640172695 
0.13804511640172695 
0.13804511640172695 
0.13804511640172695 
0.13804511640172695 
0.13804511640172695 
0.13804511640172695 
0.13804511640172695 
0.13804511640172695 
0.138044865269182 
0.138044865269182 
0.138044865269182 
0.138044865269182 
0.138044865269182 
0.138044865269182 
0.138044865269182 
0.138044865269182 
0.138044865269182 
0.13798588935891221 
0.13798530107894752 
0.13790474656206994 
0.13790474656206994 
0.13790474656206994 
0.13789940304325571 
0.13771632980189086 
0.13771632980189086 
0.1376844570138499 
0.13759505029879879 
0.13754842542329665 
0.13754463613312712 
0.13754463613312712 
0.13754463613312712 
0.13754463613312712 
0.13754100684623383 
0.13754100684623383 
0.13754100684623383 
0.13754100684623383 
0.13754100684623383 
0.13754100684623383 
0.13750815305602423 
0.13748220721872462 
0.13748220721872462 
0.13748220721872462 
0.13748220721872462 
0.13748220721872462 
0.13748220721872462 
0.13748220721872462 
0.13748220721872462 
0.13577025129927561 
0.13213987696233703 
0.12859498301640035 
0.12512677306632897 
0.12172769387944449 
0.11839143538552664 
0.11511293067681344 
0.11188835600800105 
0.10871513079624384 
0.10559191762115439 
0.10251862222480347 
0.099496393511720072 
0.096527623548891356 
0.093615947565762692 
0.090766243954237671 
0.087984634268678072 
0.085278483225903798 
0.082656398705193077 
0.080128231748282291 
0.077705076559365968 
0.075399270505096913 
0.07322439411458613 
0.071195271079402697 
0.069327968253574054 
0.067639795653585674 
0.066149306458381435 
0.064876297009363329 
0.063841806810391352 
0.063068118527784059 
0.062578757990317799 
0.062398494189227549 
0.062398494189227549 
0.062398494189227549 
0.062369606780762338 
0.062369606780762338 
0.062369606780762338 
0.062369606780762338 
0.062369606780762338 
0.062369606780762338 
0.062369606780762338 
0.062369606780762338 
0.062369606780762338 
0.06236663301003624 
0.06236663301003624 
0.06236663301003624 
0.06236663301003624 
0.06236663301003624 
0.06236663301003624 
0.06236663301003624 
0.06236663301003624 
0.06236663301003624 
0.06236663301003624 
0.06236663301003624 
0.062366173477549795 
0.062366173477549795 
0.062366173477549795 
0.062366173477549795 
0.062366173477549795 
0.062366173477549795 
0.062366173477549795 
0.062366173477549795 
0.062366173477549795 
0.062366173477549795 
0.062366173477549795 
0.062366173477549795 
0.062366173477549795 
0.062365473876894992 
0.062365473876894992 
0.062365473876894992 
0.062365473876894992 
0.062365473876894992 
0.062365473876894992 
0.062365473876894992 
0.062365473876894992 
0.062365473876894992 
0.062365473876894992 
0.062365473876894992 
0.062365473876894992 
0.062365473876894992 
0.062365473876894992 
0.062365473876894992 
0.062365473876894992 
0.062365473876894992 
0.062365473876894992 
0.062365473876894992 
0.062365473876894992 
0.062365473876894992 
0.062365473876894992 
0.062365473876894992 
0.062365473876894992 
0.062365473876894992 
0.062365473876894992 
0.062365473876894992 
0.062365473876894992 
0.062365473876894992 
0.062365473876894992 
0.062365473876894992 
0.062365473876894992 
0.062365473876894992 
0.062365473876894992 
0.062365473876894992 
0.062365473876894992 
0.062365473876894992 
0.062365473876894992 
0.062365473876894992 
0.062365473876894992 
0.062365279042495191 
0.062365279042495191 
0.062365279042495191 
0.062365279042495191 
0.062365279042495191 
0.062365279042495191 
0.062365279042495191 
0.062365279042495191 
0.062365279042495191 
0.062365279042495191 
0.062365279042495191 
0.062365279042495191 
0.062365279042495191 
0.062365279042495191 
0.062365279042495191 
0.062365279042495191 
0.062365279042495191 
0.062365279042495191 
0.062365279042495191 
0.062365279042495191 
0.062365279042495191 
0.062365279042495191 
0.062365279042495191 
0.062365279042495191 
0.062365279042495191 
0.062365279042495191 
0.062365279042495191 
0.062365271990910125 
0.062365271990910125 
0.062365271990910125 
0.062365271990910125 
0.062365271990910125 
0.062365271990910125 
0.062365271990910125 
0.062365271990910125 
0.062365271990910125 
0.062365271990910125 
0.062365271990910125 
0.062365271990910125 
0.062365271990910125 
0.062365271990910125 
0.062365271990910125 
0.062365271990910125 
0.062365271990910125 
0.062365271990910125 
0.062365271990910125 
0.062365271990910125 
0.062365271990910125 
0.062365271990910125 
0.062365271990910125 
0.062365271990910125 
0.062365271990910125 
0.062365271990910125 
0.062365271990910125 
0.062365271990910125 
0.062365271990910125 
0.062365271990910125 
0.062365271990910125 
0.062365271990910125 
0.062365271990910125 
0.062365271990910125 
0.062365271990910125 
0.062365271990910125 
0.062365271990910125 
0.062365271990910125 
0.062365271990910125 
0.062365271990910125 
0.062365271990910125 
0.062365271990910125 
0.062365271990910125 
0.062365271990910125 
0.062365271990910125 
0.062365271990910125 
0.062365271990910125 
0.062365271990910125 
0.062365271990910125 
0.062365271990910125 
0.062365271990910125 
0.062365271990910125 
0.062365271990910125 
0.062365182666026267 
0.062365182666026267 
0.062365182666026267 
0.062365182666026267 
0.062365182666026267 
0.062365182666026267 
0.062365182666026267 
0.062365182666026267 
0.062365182666026267 
0.062365182666026267 
0.062365182666026267 
0.062365182666026267 
0.062365182666026267 
0.062365182666026267 
0.062365182666026267 
0.062365182666026267 
0.062365182666026267 
0.062365182666026267 
0.062365182666026267 
0.062365182666026267 
0.062365182666026267 
0.062365182666026267 
0.062365182666026267 
0.062365182666026267 
0.062365182666026267 
0.062365182666026267 
0.062365182666026267 
0.062365182666026267 
0.062365182666026267 
0.062365182666026267 
0.062365182666026267 
0.062365182666026267 
0.062365182666026267 
0.062365182666026267 
0.062365182666026267 
0.062365182666026267 
0.062365182666026267 
0.062365182666026267 
0.062365182666026267 
0.062365182666026267 
0.062364953188204376 
0.062364953188204376 
0.062364953188204376 
0.062364953188204376 
0.062364953188204376 
0.062364953188204376 
0.062364953188204376 
0.062364953188204376 
0.062364953188204376 
0.062364953188204376 
0.062364953188204376 
0.062364953188204376 
0.062364953188204376 
0.062364953188204376 
0.062364953188204376 
0.062364953188204376 
0.062364953188204376 
0.062364953188204376 
0.062364953188204376 
0.062364953188204376 
0.062364953188204376 
0.062364953188204376 
0.062364953188204376 
0.062364953188204376 
0.062364953188204376 
0.062364953188204376 
0.062364953188204376 
0.062364953188204376 
0.062364953188204376 
0.062364953188204376 
0.062364953188204376 
0.062364953188204376 
0.062364953188204376 
0.062364953188204376 
0.062364953188204376 
0.062364953188204376 
0.062364953188204376 
0.062364953188204376 
0.062364953188204376 
0.062364953188204376 
0.062364953188204376 
0.062364953188204376 
0.062364953188204376 
0.062364953188204376 
0.062364953188204376 
0.062364953188204376 
0.062364953188204376 
0.062364953188204376 
0.062364953188204376 
0.062364953188204376 
0.062364953188204376 
0.062364953188204376 
0.062364953188204376 
0.062364953188204376 
0.062364953188204376 
0.062364953188204376 
0.062364953188204376 
0.062364953188204376 
0.062364953188204376 
0.062364953188204376 
0.062364953188204376 
0.062364953188204376 
0.062364953188204376 
0.062364953188204376 
0.062364953188204376 
0.062364953188204376 
0.062364953188204376 
0.062364953188204376 
0.062364953188204376 
0.062364953188204376 
0.062364953188204376 
0.062364953188204376 
0.062364953188204376 
0.062364953188204376 
0.062364953188204376 
0.062364953188204376 
0.062364953188204376 
0.062364953188204376 
0.062364953188204376 
0.062364953188204376 
0.062364953188204376 
0.062364953188204376 
0.062364953188204376 
0.062364953188204376 
0.062364953188204376 
0.062364953188204376 
0.062364953188204376 
0.062364953188204376 
0.062364953188204376 
0.062364953188204376 
0.062364953188204376 
0.062364953188204376 
0.062364953188204376 
0.062364953188204376 
0.062364953188204376 
0.062364953188204376 
0.062364953188204376 
0.062364953188204376 
0.062364953188204376 
0.062364953188204376 
0.062364953188204376 
0.062364953188204376 
0.062364953188204376 
0.062364953188204376 
0.062364953188204376 
0.062364953188204376 
0.062364953188204376 
0.062364953188204376 
0.062364953188204376 
0.062364953188204376 
0.062364953188204376 
0.062364953188204376 
0.062364953188204376 
0.062364953188204376 
0.062364953188204376 
0.062364953188204376 
0.062364953188204376 
0.062364953188204376 
0.062364953188204376 
0.062364953188204376 
0.062364953188204376 
0.062364953188204376 
0.062364953188204376 
0.062364953188204376 
0.062364953188204376 
0.062364953188204376 
0.062364953188204376 
0.062364953188204376 
0.062364953188204376 
0.062364953188204376 
0.062364953188204376 
0.062364953188204376 
0.062364953188204376 
0.062364953188204376 
0.062364953188204376 
0.062364953188204376 
0.062364953188204376 
0.062364953188204376 
0.062364953188204376 
0.062364953188204376 
0.062364953188204376 
0.062364953188204376 
0.062364953188204376 
0.062364953188204376 
0.062364953188204376 
0.062364953188204376 
0.062364953188204376 
0.062364953188204376 
0.062364953188204376 
0.062364953188204376 
0.062364953188204376 
0.062364953188204376 
0.062364953188204376 
0.062364953188204376 
0.062364953188204376 
0.062364953188204376 
0.062364953188204376 
0.062364953188204376 
0.062364953188204376 
0.062364953188204376 
0.062364953188204376 
0.062364953188204376 
0.062364953188204376 
0.062364953188204376 
0.062364953188204376 
0.062364953188204376 
0.062364953188204376 
0.062364953188204376 
0.062364953188204376 
0.062364953188204376 
0.062364953188204376 
0.062364953188204376 
0.062364953188204376 
0.062364953188204376 
0.062364953188204376 
0.062364953188204376 
0.062364953188204376 
0.062364953188204376 
0.062364953188204376 
0.062364953188204376 
0.062364953188204376 
0.062364953188204376 
0.062364953188204376 
0.062364953188204376 
0.062364953188204376 
0.062364953188204376 
0.062364953188204376 
0.062364953188204376 
0.062364953188204376 
0.062364953188204376 
0.062364953188204376 
0.062364953188204376 
0.062364953188204376 
0.062364953188204376 
0.062364953188204376 
0.062364953188204376 
0.062364953188204376 
0.062364953188204376 
0.062364953188204376 
0.062364953188204376 
0.062364953188204376 
0.062364953188204376 
0.062364953188204376 
0.062364953188204376 
0.062364953188204376 
0.062364953188204376 
0.062364953188204376 
0.062364953188204376 
0.062364953188204376 
0.062364953188204376 
0.062364953188204376 
0.062364953188204376 
0.062364953188204376 
0.062364953188204376 
0.062364953188204376 
0.062364953188204376 
0.062364953188204376 
0.062364953188204376 
0.062364953188204376 
0.062364953188204376 
0.062364953188204376 
0.062364953188204376 
0.062364953188204376 
0.062364953188204376 
0.062364953188204376 
0.062364953188204376 
0.062364953188204376 
0.062364953188204376 
0.062364953188204376 
0.062364953188204376 
0.062364953188204376 
0.062364953188204376 
0.062364953188204376 
0.062364953188204376 
0.062364953188204376 
0.062364953188204376 
0.062364953188204376 
0.062364953188204376 
0.062364953188204376 
0.062364953188204376 
0.062364953188204376 
0.062364953188204376 
0.062364953188204376 
0.062364953188204376 
0.062364953188204376 
0.062364953188204376 
0.062364953188204376 
0.062364953188204376 
0.062364953188204376 
0.062364953188204376 
0.062364953188204376 
0.062364953188204376 
0.062364953188204376 
0.062364953188204376 
0.062364953188204376 
0.062364953188204376 
0.062364953188204376 
0.062364953188204376 
0.062364953188204376 
0.062364953188204376 
0.062364953188204376 
0.062364953188204376 
0.062364953188204376 
0.062364953188204376 
0.062364953188204376 
0.062364953188204376 
0.062364953188204376 
0.062364953188204376 
0.062364953188204376 
0.062364953188204376 
0.062364953188204376 
0.062364953188204376 
0.062364953188204376 
0.062364953188204376 
0.062364953188204376 
0.062364953188204376 
0.062364953188204376 
0.062364953188204376 
0.062364953188204376 
0.062364953188204376 
0.062364953188204376 
0.062364953188204376 
0.062364953188204376 
0.062364953188204376 
0.062364953188204376 
0.062364953188204376 
0.062364953188204376 
0.062364953188204376 
0.062364953188204376 
0.062364953188204376 
0.062364953188204376 
0.062364953188204376 
0.062364953188204376 
0.062364953188204376 
0.062364953188204376 
0.062364953188204376 
0.062364953188204376 
0.062364953188204376 
0.062364953188204376 
0.062364953188204376 
0.062364953188204376 
0.062364953188204376 
0.062364953188204376 
0.062364953188204376 
0.062364953188204376 
0.062364953188204376 
0.062364953188204376 
0.062364953188204376 
0.062364953188204376 
0.062364953188204376 
0.062364953188204376 
0.062364953188204376 
0.062364953188204376 
0.062364953188204376 
0.062364953188204376 
0.062364953188204376 
0.062364953188204376 
0.062364953188204376 
0.062364953188204376 
0.062364953188204376 
0.062364953188204376 
0.062364953188204376 
0.062364953188204376 
0.062364953188204376 
0.062364953188204376 
0.062364953188204376 
0.062364953188204376 
0.062364953188204376 
0.062364953188204376 
0.062364953188204376 
0.062364953188204376 
0.062364953188204376 
0.062364953188204376 
0.062364953188204376 
0.062364953188204376 
0.062364953188204376 
0.062364953188204376 
0.062364953188204376 
0.062364953188204376 
0.062364953188204376 
0.062364953188204376 
0.062364953188204376 
0.062364953188204376 
0.062364953188204376 
0.062364953188204376 
0.062364953188204376 
0.062364953188204376 
0.062364953188204376 
0.062364953188204376 
0.062364953188204376 
0.062364953188204376 
0.062364953188204376 
0.062364953188204376 
0.062364953188204376 
0.062364953188204376 
0.062364953188204376 
0.062364953188204376 
0.062364953188204376 
0.062364953188204376 
0.062364953188204376 
0.062364953188204376 
0.062364953188204376 
0.062364953188204376 
0.062364953188204376 
0.062364953188204376 
0.062364953188204376 
0.062364953188204376 
0.062364953188204376 
0.062364953188204376 
0.062364953188204376 
0.062364953188204376 
0.062364953188204376 
0.062364953188204376 
0.062364953188204376 
0.062364953188204376 
0.062364953188204376 
0.062364953188204376 
0.062364953188204376 
0.062364953188204376 
0.062364953188204376 
0.062364953188204376 
0.062364953188204376 
0.062364953188204376 
0.062364953188204376 
0.062364953188204376 
0.062364953188204376 
0.062364953188204376 
0.062364953188204376 
0.062364953188204376 
0.062364953188204376 
0.062364953188204376 
0.062364953188204376 
0.062364953188204376 
0.062364953188204376 
0.062364953188204376 
0.062364953188204376 
0.062364953188204376 
0.062364953188204376 
0.062364953188204376 
0.062364953188204376 
0.062364953188204376 
0.062364953188204376 
0.062364953188204376 
0.062364953188204376 
0.062364953188204376 
0.062364953188204376 
0.062364953188204376 
0.062364953188204376 
0.062364953188204376 
0.062364953188204376 
0.062364953188204376 
0.062364953188204376 
0.062364953188204376 
0.062364953188204376 
0.062364953188204376 
0.062364953188204376 
0.062364953188204376 
0.062364953188204376 
0.062364953188204376 
0.062364953188204376 
0.062364953188204376 
0.062364953188204376 
0.062364953188204376 
0.062364953188204376 
0.062364953188204376 
0.062364953188204376 
0.062364953188204376 
0.062364953188204376 
0.062364953188204376 
0.062364953188204376 
0.062364953188204376 
0.062364953188204376 
0.062364953188204376 
0.062364953188204376 
0.062364953188204376 
0.062364953188204376 
0.062364953188204376 
0.062364953188204376 
0.062364953188204376 
0.062364953188204376 
0.062364953188204376 
0.062364953188204376 
0.062364953188204376 
0.062364953188204376 
0.062364953188204376 
0.062364953188204376 
0.062364953188204376 
0.062364953188204376 
0.062364953188204376 
0.062364953188204376 
0.062364953188204376 
0.062364953188204376 
0.062364953188204376 
0.062364953188204376 
0.062364953188204376 
0.062364953188204376 
0.062364953188204376 
0.062364953188204376 
0.062364953188204376 
0.062364953188204376 
0.062364953188204376 
0.062364953188204376 
0.062364953188204376 
0.062364953188204376 
0.062364953188204376 
0.062364953188204376 
0.062364953188204376 
0.062364953188204376 
0.062364953188204376 
0.062364953188204376 
0.062364953188204376 
0.062364953188204376 
0.062364953188204376 
0.062364953188204376 
0.062364953188204376 
0.062364953188204376 
0.062364953188204376 
0.062364953188204376 
0.062364953188204376 
0.062364953188204376 
0.062364953188204376 
0.062364953188204376 
0.062364953188204376 
0.062364953188204376 
0.062364953188204376 
0.062364953188204376 
0.062364953188204376 
0.062364953188204376 
0.062364953188204376 
0.062364953188204376 
0.062364953188204376 
0.062364953188204376 
0.062364953188204376 
0.062364953188204376 
0.062364953188204376 
0.062364953188204376 
0.062364953188204376 
0.062364953188204376 
0.062364953188204376 
0.062364953188204376 
0.062364953188204376 
0.062364953188204376 
0.062364953188204376 
0.062364953188204376 
0.062364953188204376 
0.062364953188204376 
0.062364953188204376 
0.062364953188204376 
0.062364953188204376 
0.062364953188204376 
0.062364953188204376 
0.062364953188204376 
0.062364953188204376 
0.062364953188204376 
0.062364953188204376 
0.062364953188204376 
0.062364953188204376 
0.062364953188204376 
0.062364953188204376 
0.062364953188204376 
0.062364953188204376 
0.062364953188204376 
0.062364953188204376 
0.062364953188204376 
0.062364953188204376 
0.062364953188204376 
0.062364953188204376 
0.062364953188204376 
0.062364953188204376 
0.062364953188204376 
0.062364953188204376 
0.062364953188204376 
0.062364953188204376 
0.062364953188204376 
0.062364953188204376 
0.062364950213401493 
0.062364950213401493 
0.062364950213401493 
0.062364950213401493 
0.062364950213401493 
0.062364950213401493 
0.062364950213401493 
0.062364950213401493 
0.062364950213401493 
0.062364950213401493 
0.062364950213401493 
0.062364950213401493 
0.062364950213401493 
0.062364950213401493 
0.062364950213401493 
0.062364950213401493 
0.062364950213401493 
0.062364950213401493 
0.062364950213401493 
0.062364950213401493 
0.062364950213401493 
0.062364950213401493 
0.062364950213401493 
0.062364950213401493 
0.062364950213401493 
0.062364950213401493 
0.062364950213401493 
0.062364950213401493 
0.062364950213401493 
0.062364950213401493 
0.062364950213401493 
0.062364950213401493 
0.062364950213401493 
0.062364950213401493 
0.062364950213401493 
0.062364950213401493 
0.062364950213401493 
0.062364950213401493 
0.062364950213401493 
