1.2846375514613371 
0.77987686380797505 
0.76012050645075824 
0.6842561319363476 
0.67967233194448962 
0.67967233194448962 
0.66814695238761845 
0.25099586501712584 
0.25099586501712584 
0.25099586501712584 
0.078268154900659512 
0.078268154900659512 
0.049514660573186195 
0.049514660573186195 
0.049514660573186195 
0.049514660573186195 
0.022773395321008805 
0.022773395321008805 
0.022773395321008805 
0.022773395321008805 
0.022773395321008805 
0.022773395321008805 
0.022773395321008805 
0.020663511674179291 
0.020663511674179291 
0.020663511674179291 
0.020663511674179291 
0.020663511674179291 
0.020663511674179291 
0.020663511674179291 
0.020663511674179291 
0.020663511674179291 
0.020663511674179291 
0.020663511674179291 
0.020663511674179291 
0.020663511674179291 
0.020663511674179291 
0.020663511674179291 
0.020663511674179291 
0.020663511674179291 
0.020663511674179291 
0.020663511674179291 
0.020663511674179291 
0.020663511674179291 
0.020663511674179291 
0.020663511674179291 
0.020663511674179291 
0.020663511674179291 
0.020133471127639534 
0.020133471127639534 
0.020133471127639534 
0.020133471127639534 
0.020133471127639534 
0.020133471127639534 
0.020133471127639534 
0.020073022506026938 
0.020073022506026938 
0.020073022506026938 
0.020073022506026938 
0.020073022506026938 
0.020073022506026938 
0.020073022506026938 
0.020073022506026938 
0.020073022506026938 
0.020073022506026938 
0.020073022506026938 
0.020073022506026938 
0.020073022506026938 
0.020073022506026938 
0.020073022506026938 
0.020073022506026938 
0.020073022506026938 
0.020073022506026938 
0.020073022506026938 
0.020073022506026938 
0.020073022506026938 
0.020073022506026938 
0.020073022506026938 
0.020073022506026938 
0.020073022506026938 
0.020063070614613362 
0.020063070614613362 
0.020063070614613362 
0.020063070614613362 
0.020063070614613362 
0.020063070614613362 
0.020063070614613362 
0.019987254545238229 
0.019987254545238229 
0.019987254545238229 
0.019987254545238229 
0.019987254545238229 
0.019987254545238229 
0.019987254545238229 
0.019942672245044687 
0.019942672245044687 
0.019773634287474296 
0.019499665501912546 
0.019256413085534652 
0.01904010540206981 
0.018847470595601816 
0.018675666994141814 
0.018522223461576823 
0.018384988258347112 
0.018262085181227072 
0.018151875931623727 
0.018052927814511208 
0.017963986000444802 
0.01788394969436544 
0.017811851649947641 
0.017746840549452723 
0.017688165838457587 
0.017635164664168691 
0.0175872506167708 
0.017543904016654652 
0.017504663527479498 
0.017442964391055107 
0.017410675152382284 
0.017370192818145256 
0.017243884709435487 
0.017167180428468615 
0.017161678892752875 
0.017120543248212969 
0.017045777775342358 
0.016977842688619803 
0.016916115779939893 
0.016860032612777635 
0.016809080922052876 
0.016752679466292022 
0.016718131255276311 
0.016602354820637408 
0.016486186132877841 
0.016384243448894879 
0.016268257518815037 
0.01616510018184 
0.016073165132637433 
0.015991072223882467 
0.015755951342102181 
0.015421974652559884 
0.015154053922944055 
0.014940876327044472 
0.014772856946052602 
0.014641913577060628 
0.014541261735924337 
0.014416974883079296 
0.013972427062550152 
0.0135831328312538 
0.013242186699836463 
0.012943492137952806 
0.012681688780266135 
0.012452079381746212 
0.012250558972879241 
0.012073547858831133 
0.011693732956532784 
0.01141066599439158 
0.01128333780158142 
0.010763722917254867 
0.010364199779158105 
0.010066341507209444 
0.0096254961564847703 
0.0091786403243928911 
0.0089182905380316025 
0.0085328279890163061 
0.0081519610275794067 
0.0078138411644404094 
0.0075661289976159804 
0.0072777159337039134 
0.0069209329811401243 
0.006608194716407746 
0.0063336146182519839 
0.0060921855088730053 
0.0058796262814651825 
0.0056701713717379207 
0.0054306617768607925 
0.0052217294375427811 
0.0050389723162176676 
0.0048787267929913183 
0.0046877648919041032 
0.0045106967395324394 
0.0043290826488181994 
0.0041800182860238511 
0.0040572128047822488 
0.0039174560486348242 
0.0038097255571676748 
0.0037132235541935121 
0.0036088366627383957 
0.0035255902739094263 
0.0034524614344140412 
0.0033647443102193314 
0.0032681778977013869 
0.0031825437231961114 
0.0031082899711877363 
0.003043818327667756 
0.0029877660599431058 
0.0029281219372752723 
0.0028781195848977823 
0.002827653240987479 
0.002782047651455431 
0.002741786418927885 
0.0027062215752435186 
0.0026672304609140574 
0.002628958344818271 
0.0025955701815022123 
0.0025663878685197217 
0.00253304653603275 
0.0025037695418696649 
0.0024742829743605501 
0.0024479109062946354 
0.0024252071965463621 
0.0024031248778604744 
0.0023809446928899848 
0.0023626657284809309 
0.0023447852903026732 
0.0023263659966517372 
0.0023105553342233744 
0.0022969334754496941 
0.0022828527320270481 
0.002267699224495533 
0.0022543136557690315 
0.0022424854585234885 
0.002232029880649731 
0.0022214054117842478 
0.0022103601008298781 
0.0022004097475995712 
0.0021916235561646922 
0.002183863790212254 
0.0021755664681557567 
0.0021677646533708201 
0.0021608830300918476 
0.0021548124304066516 
0.0021488315017594148 
0.0021428784005221441 
0.002137548558186121 
0.0021325434931493276 
0.0021276824263096344 
0.0021234026739757684 
0.0021194383545263583 
0.0021153151960140431 
0.0021116876045614848 
0.002108494539162347 
0.00210516318655052 
0.0021019923567169819 
0.002099203170477547 
0.0020967487840761424 
0.0020942426059112869 
0.0020918531611736051 
0.0020897516060244463 
0.0020875958029341452 
0.0020856677463347646 
0.0020839716572687182 
0.0020823028658504645 
0.0020806577405196656 
0.0020792120771975777 
0.0020779403765448208 
0.0020765289853789297 
0.002075284110775026 
0.0020741888680650151 
0.0020732243774918896 
0.0020721696554959691 
0.0020712401950089584 
0.0020703796088444716 
0.0020695260325219057 
0.0020687741894751316 
0.0020681113965429865 
0.0020674109527774771 
0.0020667698098855774 
0.0020662042423877885 
0.0020656663038351041 
0.0020651132574742302 
0.0020646256708493306 
0.0020641954158650464 
0.0020637877925974604 
0.0020633745162365771 
0.0020630102415730325 
0.0020626515016177386 
0.0020623188212501769 
0.0020620256667141092 
0.0020617615304005842 
0.0020614789426698548 
0.0020612301191321766 
0.0020610109658431193 
0.0020607932029565257 
0.0020605827706047476 
0.0020603980733756183 
0.0020602360391189325 
0.0020600751973389921 
0.0020599229003178889 
0.0020597881633629949 
0.0020596521783282054 
0.0020595340318566345 
0.0020594316508347169 
0.0020593351443556635 
0.0020592377762386239 
0.0020591541591940409 
0.0020590827504264517 
0.0020590099964754938 
0.0020589449159138028 
0.0020588904571618486 
0.0020588454776470306 
0.0020587993570238207 
0.0020587608540592788 
0.0020587266068924437 
0.0020586964153092267 
0.0020586738564656562 
0.0020586581677005679 
0.0020586432562672706 
0.0020586314538677945 
0.0020586258233648586 
0.0020586257931193884 
0.0020586254258769749 
0.0020586254258769749 
0.0020586254258769749 
0.0020586254258769749 
0.0020586254258769749 
0.0020586254258769749 
0.0020586254258769749 
0.0020586254258769749 
0.0020586254258769749 
0.0020586254258769749 
0.0020586254258769749 
0.0020586254258769749 
0.0020586254258769749 
0.0020586254258769749 
0.0020586254258769749 
0.0020586254258769749 
0.0020586254258769749 
0.0020586254258769749 
0.0020586254258769749 
0.0020586254258769749 
0.0020586254258769749 
0.0020586254258769749 
0.0020586254258769749 
0.0020586254258769749 
0.0020586254258769749 
0.0020586254258769749 
0.0020586254258769749 
0.0020586254258769749 
0.0020586254258769749 
0.0020586254258769749 
0.0020586254258769749 
0.0020586254258769749 
0.0020586254258769749 
0.0020586254258769749 
0.0020586254258769749 
0.0020586254258769749 
0.0020586254258769749 
0.0020586254258769749 
0.0020586254258769749 
0.0020586254258769749 
0.0020586254258769749 
0.0020586254258769749 
0.0020586254258769749 
0.0020586254258769749 
0.0020586254258769749 
0.0020586254258769749 
0.0020586254258769749 
0.0020586254258769749 
0.0020586254258769749 
0.0020586254258769749 
0.0020586254258769749 
0.0020586254258769749 
0.0020586254258769749 
0.0020586254258769749 
0.0020586254258769749 
0.0020586254258769749 
0.0020586254258769749 
0.0020586254258769749 
0.0020586254258769749 
0.0020586254258769749 
0.0020586254258769749 
0.0020586254258769749 
0.0020586254258769749 
0.0020586254258769749 
0.0020586254258769749 
0.0020586254258769749 
0.0020586254258769749 
0.0020586254258769749 
0.0020586254258769749 
0.0020586254258769749 
0.0020586254258769749 
0.0020586254258769749 
0.0020586254258769749 
0.0020586254258769749 
0.0020586254258769749 
0.0020586254258769749 
0.0020586254258769749 
0.0020586254258769749 
0.0020586254258769749 
0.0020586254258769749 
0.0020586254258769749 
0.0020586254258769749 
0.0020586254258769749 
0.0020586254258769749 
0.0020586254258769749 
0.0020586254258769749 
0.0020586254258769749 
0.0020586254258769749 
0.0020586254258769749 
0.0020586254258769749 
0.0020586254258769749 
0.0020586254258769749 
0.0020586254258769749 
0.0020586254258769749 
0.0020586254258769749 
0.0020586254258769749 
0.0020586254258769749 
0.0020586254258769749 
0.0020586254258769749 
0.0020586254258769749 
0.0020586254258769749 
0.0020586254258769749 
0.0020586254258769749 
0.0020586254258769749 
0.0020586254258769749 
0.0020586254258769749 
0.0020586254258769749 
0.0020586254258769749 
0.0020586254258769749 
0.0020586254258769749 
0.0020586254258769749 
0.0020586254258769749 
0.0020586254258769749 
0.0020586254258769749 
0.0020586254258769749 
0.0020586254258769749 
0.0020586254258769749 
0.0020586254258769749 
0.0020586254258769749 
0.0020586254258769749 
0.0020586254258769749 
0.0020586254258769749 
0.0020586254258769749 
0.0020586254258769749 
0.0020586254258769749 
0.0020586254258769749 
0.0020586254258769749 
0.0020586254258769749 
0.0020586254258769749 
0.0020586254258769749 
0.0020586254258769749 
0.0020586254258769749 
0.0020586254258769749 
0.0020586254258769749 
0.0020586254258769749 
0.0020586254258769749 
0.0020586254258769749 
0.0020586254258769749 
0.0020586254258769749 
0.0020586254258769749 
0.0020586254258769749 
0.0020586254258769749 
0.0020586254258769749 
0.0020586254258769749 
0.0020586254258769749 
0.0020586254258769749 
0.0020586254258769749 
0.0020586254258769749 
0.0020586254258769749 
0.0020586254258769749 
0.0020586254258769749 
0.0020586254258769749 
0.0020586254258769749 
0.0020586254258769749 
0.0020586254258769749 
0.0020586254258769749 
0.0020586254258769749 
0.0020586254258769749 
0.0020586254258769749 
0.0020586254258769749 
0.0020586254258769749 
0.0020586254258769749 
0.0020586254258769749 
0.0020586254258769749 
0.0020586254258769749 
0.0020586254258769749 
0.0020586254258769749 
0.0020586254258769749 
0.0020586254258769749 
0.0020586254258769749 
0.0020586254258769749 
0.0020586254258769749 
0.0020586254258769749 
0.0020586254258769749 
0.0020586254258769749 
0.0020586254258769749 
0.0020586254258769749 
0.0020586254258769749 
0.0020586254258769749 
0.0020586254258769749 
0.0020586254258769749 
0.0020586254258769749 
0.0020586254258769749 
0.0020586254258769749 
0.0020586254258769749 
0.0020586254258769749 
0.0020586254258769749 
0.0020586254258769749 
0.0020586254258769749 
0.0020586254258769749 
0.0020586254258769749 
0.0020586254258769749 
0.0020586254258769749 
0.0020586254258769749 
0.0020586254258769749 
0.0020586254258769749 
0.0020586254258769749 
0.0020586254258769749 
0.0020586254258769749 
0.0020586254258769749 
0.0020586254258769749 
0.0020586254258769749 
0.0020586254258769749 
0.0020586254258769749 
0.0020586254258769749 
0.0020586254258769749 
0.0020586254258769749 
0.0020586254258769749 
0.0020586254258769749 
0.0020586254258769749 
0.0020586254258769749 
0.0020586254258769749 
0.0020586254258769749 
0.0020586254258769749 
0.0020586254258769749 
0.0020586254258769749 
0.0020586254258769749 
0.0020586254258769749 
0.0020586254258769749 
0.0020586254258769749 
0.0020586254258769749 
0.0020586254258769749 
0.0020586254258769749 
0.0020586254258769749 
0.0020586254258769749 
0.0020586254258769749 
0.0020586254258769749 
0.0020586254258769749 
0.0020586254258769749 
0.0020586254258769749 
0.0020586254258769749 
0.0020586254258769749 
0.0020586254258769749 
0.0020586254258769749 
0.0020586254258769749 
0.0020586254258769749 
0.0020586254258769749 
0.0020586254258769749 
0.0020586254258769749 
0.0020586254258769749 
0.0020586254258769749 
0.0020586254258769749 
0.0020586254258769749 
0.0020586254258769749 
0.0020586254258769749 
0.0020586254258769749 
0.0020586254258769749 
0.0020586254258769749 
0.0020586254258769749 
0.0020586254258769749 
0.0020586254258769749 
0.0020586254258769749 
0.0020586254258769749 
0.0020586254258769749 
0.0020586254258769749 
0.0020586254258769749 
0.0020586254258769749 
0.0020586254258769749 
0.0020586254258769749 
0.0020586254258769749 
0.0020586254258769749 
0.0020586254258769749 
0.0020586254258769749 
0.0020586254258769749 
0.0020586254258769749 
0.0020586254258769749 
0.0020586254258769749 
0.0020586254258769749 
0.0020586254258769749 
0.0020586254258769749 
0.0020586254258769749 
0.0020586254258769749 
0.0020586254258769749 
0.0020586254258769749 
0.0020586254258769749 
0.0020586254258769749 
0.0020586254258769749 
0.0020586254258769749 
0.0020586254258769749 
0.0020586254258769749 
0.0020586254258769749 
0.0020586254258769749 
0.0020586254258769749 
0.0020586254258769749 
0.0020586254258769749 
0.0020586254258769749 
0.0020586254258769749 
0.0020586254258769749 
0.0020586254258769749 
0.0020586254258769749 
0.0020586254258769749 
0.0020586254258769749 
0.0020586254258769749 
0.0020586254258769749 
0.0020586254258769749 
0.0020586254258769749 
0.0020586254258769749 
0.0020586254258769749 
0.0020586254258769749 
0.0020586254258769749 
0.0020586254258769749 
0.0020586254258769749 
0.0020586254258769749 
0.0020586254258769749 
0.0020586254258769749 
0.0020586254258769749 
0.0020586254258769749 
0.0020586254258769749 
0.0020586254258769749 
0.0020586254258769749 
0.0020586254258769749 
0.0020586254258769749 
0.0020586254258769749 
0.0020586254258769749 
0.0020586254258769749 
0.0020586254258769749 
0.0020586254258769749 
0.0020586254258769749 
0.0020586254258769749 
0.0020586254258769749 
0.0020586254258769749 
0.0020586254258769749 
0.0020586254258769749 
0.0020586254258769749 
0.0020586254258769749 
0.0020586254258769749 
0.0020586254258769749 
0.0020586254258769749 
0.0020586254258769749 
0.0020586254258769749 
0.0020586254258769749 
0.0020586254258769749 
0.0020586254258769749 
0.0020586254258769749 
0.0020586254258769749 
0.0020586254258769749 
0.0020586254258769749 
0.0020586254258769749 
0.0020586254258769749 
0.0020586254258769749 
0.0020586254258769749 
0.0020586254258769749 
0.0020586254258769749 
0.0020586254258769749 
0.0020586254258769749 
0.0020586254258769749 
0.0020586254258769749 
0.0020586254258769749 
0.0020586254258769749 
0.0020586254258769749 
0.0020586254258769749 
0.0020586254258769749 
0.0020586254258769749 
0.0020586254258769749 
0.0020586254258769749 
0.0020586254258769749 
0.0020586254258769749 
0.0020586254258769749 
0.0020586254258769749 
0.0020586254258769749 
0.0020586254258769749 
0.0020586254258769749 
0.0020586254258769749 
0.0020586254258769749 
0.0020586254258769749 
0.0020586254258769749 
0.0020586254258769749 
0.0020586254258769749 
0.0020586254258769749 
0.0020586254258769749 
0.0020586254258769749 
0.0020586254258769749 
0.0020586254258769749 
0.0020586254258769749 
0.0020586254258769749 
0.0020586254258769749 
0.0020586254258769749 
0.0020586254258769749 
0.0020586254258769749 
0.0020586254258769749 
0.0020586254258769749 
0.0020586254258769749 
0.0020586254258769749 
0.0020586254258769749 
0.0020586254258769749 
0.0020586254258769749 
0.0020586254258769749 
0.0020586254258769749 
0.0020586254258769749 
0.0020586254258769749 
0.0020586254258769749 
0.0020586254258769749 
0.0020586254258769749 
0.0020586254258769749 
0.0020586254258769749 
0.0020586254258769749 
0.0020586254258769749 
0.0020586254258769749 
0.0020586254258769749 
0.0020586254258769749 
0.0020586254258769749 
0.0020586254258769749 
0.0020586254258769749 
0.0020586254258769749 
0.0020586254258769749 
0.0020586254258769749 
0.0020586254258769749 
0.0020586254258769749 
0.0020586254258769749 
0.0020586254258769749 
0.0020586254258769749 
0.0020586254258769749 
0.0020586254258769749 
0.0020586254258769749 
0.0020586254258769749 
0.0020586254258769749 
0.0020586254258769749 
0.0020586254258769749 
0.0020586254258769749 
0.0020586254258769749 
0.0020586254258769749 
0.0020586254258769749 
0.0020586254258769749 
0.0020586254258769749 
0.0020586254258769749 
0.0020586254258769749 
0.0020586254258769749 
0.0020586254258769749 
0.0020586254258769749 
0.0020586254258769749 
0.0020586254258769749 
0.0020586254258769749 
0.0020586254258769749 
0.0020586254258769749 
0.0020586254258769749 
0.0020586254258769749 
0.0020586254258769749 
0.0020586254258769749 
0.0020586254258769749 
0.0020586254258769749 
0.0020586254258769749 
0.0020586254258769749 
0.0020586254258769749 
0.0020586254258769749 
0.0020586254258769749 
0.0020586254258769749 
0.0020586254258769749 
0.0020586254258769749 
0.0020586254258769749 
0.0020586254258769749 
0.0020586254258769749 
0.0020586254258769749 
0.0020586254258769749 
0.0020586254258769749 
0.0020586254258769749 
0.0020586254258769749 
0.0020586254258769749 
0.0020586254258769749 
0.0020586254258769749 
0.0020586254258769749 
0.0020586254258769749 
0.0020586254258769749 
0.0020586254258769749 
0.0020586254258769749 
0.0020586254258769749 
0.0020586254258769749 
0.0020586254258769749 
0.0020586254258769749 
0.0020586254258769749 
0.0020586254258769749 
0.0020586254258769749 
0.0020586254258769749 
0.0020586254258769749 
0.0020586254258769749 
0.0020586254258769749 
0.0020586254258769749 
0.0020586254258769749 
0.0020586254258769749 
0.0020586254258769749 
0.0020586254258769749 
0.0020586254258769749 
0.0020586254258769749 
0.0020586254258769749 
0.0020586254258769749 
0.0020586254258769749 
0.0020586254258769749 
0.0020586254258769749 
0.0020586254258769749 
0.0020586254258769749 
0.0020586254258769749 
0.0020586254258769749 
0.0020586254258769749 
0.0020586254258769749 
0.0020586254258769749 
0.0020586254258769749 
0.0020586254258769749 
0.0020586254258769749 
0.0020586254258769749 
0.0020586254258769749 
0.0020586254258769749 
0.0020586254258769749 
0.0020586254258769749 
0.0020586254258769749 
0.0020586254258769749 
0.0020586254258769749 
0.0020586254258769749 
0.0020586254258769749 
0.0020586254258769749 
0.0020586254258769749 
0.0020586254258769749 
0.0020586254258769749 
0.0020586254258769749 
0.0020586254258769749 
0.0020586254258769749 
0.0020586254258769749 
0.0020586254258769749 
0.0020586254258769749 
0.0020586254258769749 
0.0020586254258769749 
0.0020586254258769749 
0.0020586254258769749 
0.0020586254258769749 
0.0020586254258769749 
0.0020586254258769749 
0.0020586254258769749 
0.0020586254258769749 
0.0020586254258769749 
0.0020586254258769749 
0.0020586254258769749 
0.0020586254258769749 
0.0020586254258769749 
0.0020586254258769749 
0.0020586254258769749 
0.0020586254258769749 
0.0020586254258769749 
0.0020586254258769749 
0.0020586254258769749 
0.0020586254258769749 
0.0020586254258769749 
0.0020586254258769749 
0.0020586254258769749 
0.0020586254258769749 
0.0020586254258769749 
0.0020586254258769749 
0.0020586254258769749 
0.0020586254258769749 
0.0020586254258769749 
0.0020586254258769749 
0.0020586254258769749 
0.0020586254258769749 
0.0020586254258769749 
0.0020586254258769749 
0.0020586254258769749 
0.0020586254258769749 
0.0020586254258769749 
0.0020586254258769749 
0.0020586254258769749 
0.0020586254258769749 
0.0020586254258769749 
0.0020586254258769749 
0.0020586254258769749 
0.0020586254258769749 
0.0020586254258769749 
0.0020586254258769749 
0.0020586254258769749 
0.0020586254258769749 
0.0020586254258769749 
0.0020586254258769749 
0.0020586254258769749 
0.0020586254258769749 
0.0020586254258769749 
0.0020586254258769749 
0.0020586254258769749 
0.0020586254258769749 
0.0020586254258769749 
0.0020586254258769749 
0.0020586254258769749 
0.0020586254258769749 
0.0020586254258769749 
0.0020586254258769749 
0.0020586254258769749 
0.0020586254258769749 
0.0020586254258769749 
0.0020586254258769749 
0.0020586254258769749 
0.0020586254258769749 
0.0020586254258769749 
0.0020586254258769749 
0.0020586254258769749 
0.0020586254258769749 
0.0020586254258769749 
0.0020586254258769749 
0.0020586254258769749 
0.0020586254258769749 
0.0020586254258769749 
0.0020586254258769749 
0.0020586254258769749 
0.0020586254258769749 
0.0020586254258769749 
0.0020586254258769749 
0.0020586254258769749 
0.0020586254258769749 
0.0020586254258769749 
0.0020586254258769749 
0.0020586254258769749 
0.0020586254258769749 
0.0020586254258769749 
0.0020586254258769749 
0.0020586254258769749 
0.0020586254258769749 
0.0020586254258769749 
0.0020586254258769749 
0.0020586254258769749 
0.0020586254258769749 
0.0020586254258769749 
0.0020586254258769749 
0.0020586254258769749 
0.0020586254258769749 
0.0020586254258769749 
0.0020586254258769749 
0.0020586254258769749 
0.0020586254258769749 
0.0020586254258769749 
0.0020586254258769749 
0.0020586254258769749 
0.0020586254258769749 
0.0020586254258769749 
0.0020586254258769749 
0.0020586254258769749 
0.0020586254258769749 
0.0020586254258769749 
0.0020586254258769749 
0.0020586254258769749 
0.0020586254258769749 
0.0020586254258769749 
0.0020586254258769749 
0.0020586254258769749 
0.0020586254258769749 
0.0020586254258769749 
0.0020586254258769749 
0.0020586254258769749 
0.0020586254258769749 
0.0020586254258769749 
0.0020586254258769749 
0.0020586254258769749 
0.0020586254258769749 
0.0020586254258769749 
0.0020586254258769749 
0.0020586254258769749 
0.0020586254258769749 
0.0020586254258769749 
0.0020586254258769749 
0.0020586254258769749 
0.0020586254258769749 
0.0020586254258769749 
0.0020586254258769749 
0.0020586254258769749 
0.0020586254258769749 
0.0020586254258769749 
0.0020586254258769749 
0.0020586254258769749 
0.0020586254258769749 
0.0020586254258769749 
0.0020586254258769749 
0.0020586254258769749 
0.0020586254258769749 
0.0020586254258769749 
0.0020586254258769749 
0.0020586254258769749 
0.0020586254258769749 
0.0020586254258769749 
0.0020586254258769749 
0.0020586254258769749 
0.0020586254258769749 
0.0020586254258769749 
0.0020586254258769749 
0.0020586254258769749 
0.0020586254258769749 
0.0020586254258769749 
0.0020586254258769749 
0.0020586254258769749 
0.0020586254258769749 
0.0020586254258769749 
0.0020586254258769749 
0.0020586254258769749 
0.0020586254258769749 
0.0020586254258769749 
0.0020586254258769749 
0.0020586254258769749 
0.0020586254258769749 
0.0020586254258769749 
