0.74482501903649201 
0.71614326079610358 
0.689626116628826 
0.66529106794766002 
0.64315216437161382 
0.62322001797931526 
0.60550180355010608 
0.59000126477817716 
0.57671872643468913 
0.56565111244226873 
0.55679196981579937 
0.55013149841303299 
0.54565658642828019 
0.54335085155228657 
0.54319468771141699 
0.54319468771141699 
0.54319468771141699 
0.54319468771141699 
0.54301451220786745 
0.54301451220786745 
0.54301451220786745 
0.54301451220786745 
0.54301451220786745 
0.54301451220786745 
0.54301451220786745 
0.54301451220786745 
0.54301451220786745 
0.54301451220786745 
0.54301451220786745 
0.54301451220786745 
0.54301451220786745 
0.54301451220786745 
0.54301451220786745 
0.54301451220786745 
0.54301451220786745 
0.53092927264137402 
0.49824493761689392 
0.46737563328909504 
0.43840394609661604 
0.41140868648097317 
0.38646470202640715 
0.36364269978580288 
0.34300907820811444 
0.3246257690603318 
0.30855008971368736 
0.29483460613962276 
0.28352700693603328 
0.27466998867856529 
0.26830115286531364 
0.26445291469619581 
0.26315242390067162 
0.26315242390067162 
0.26315242390067162 
0.26274928580570667 
0.25992944959881004 
0.25712709684679713 
0.25434228396687719 
0.25157506703876276 
0.24882550180351493 
0.24609364366239872 
0.24279718566567499 
0.23659377973196205 
0.23055789083381562 
0.22469063328764871 
0.21899309960574176 
0.21346636031581456 
0.20811146378400336 
0.20156586083236916 
0.19377310082688481 
0.18648824112306039 
0.17971534770544884 
0.17345831067259376 
0.16772084242954066 
0.16162622197956944 
0.15479781571076112 
0.14880145809850931 
0.14364361759446087 
0.1393302819511002 
0.13529317539943053 
0.13031755335858108 
0.12600081356361892 
0.12234700313039359 
0.11935981313089861 
0.1170425762770162 
0.10956643795046894 
0.088051034979313325 
0.069090449973110202 
0.052706829068197791 
0.038919176528482424 
0.027743331268905047 
0.019191947490425632 
0.013274479450504084 
0.0099971703876432505 
0.0093630456130795459 
0.0093630456130795459 
0.0093630456130795459 
0.0093630456130795459 
0.0092768839532385572 
0.0056145378186845951 
0.0023931944763303514 
0.0018251757466604124 
0.0018251757466604124 
0.00047172561451580552 
0.00032666008927173529 
0.00032666008927173529 
0.00032666008927173529 
0.00012884970095561332 
9.4615000417963557e-05 
9.4615000417963557e-05 
9.4615000417963557e-05 
9.4615000417963557e-05 
9.4615000417963557e-05 
1.733991393115808e-05 
1.733991393115808e-05 
1.733991393115808e-05 
1.733991393115808e-05 
1.733991393115808e-05 
1.733991393115808e-05 
1.733991393115808e-05 
1.733991393115808e-05 
1.733991393115808e-05 
1.733991393115808e-05 
1.733991393115808e-05 
1.733991393115808e-05 
1.733991393115808e-05 
1.733991393115808e-05 
1.733991393115808e-05 
1.733991393115808e-05 
1.5660378051784996e-05 
1.5660378051784996e-05 
1.5660378051784996e-05 
1.5660378051784996e-05 
1.5660378051784996e-05 
1.5660378051784996e-05 
1.5660378051784996e-05 
1.5660378051784996e-05 
1.5660378051784996e-05 
1.5660378051784996e-05 
1.5660378051784996e-05 
1.5660378051784996e-05 
1.5660378051784996e-05 
1.5660378051784996e-05 
1.5660378051784996e-05 
1.5660378051784996e-05 
1.5660378051784996e-05 
1.5660378051784996e-05 
7.1630250877419144e-06 
7.1630250877419144e-06 
7.1630250877419144e-06 
7.1630250877419144e-06 
7.1630250877419144e-06 
7.1630250877419144e-06 
7.1630250877419144e-06 
7.1630250877419144e-06 
7.1630250877419144e-06 
7.1630250877419144e-06 
7.1630250877419144e-06 
7.1630250877419144e-06 
7.1630250877419144e-06 
7.1630250877419144e-06 
7.1630250877419144e-06 
7.1630250877419144e-06 
3.0398306631873595e-06 
3.0398306631873595e-06 
3.0398306631873595e-06 
3.0398306631873595e-06 
3.0398306631873595e-06 
3.0398306631873595e-06 
3.0398306631873595e-06 
3.0398306631873595e-06 
3.0398306631873595e-06 
3.0398306631873595e-06 
3.0398306631873595e-06 
7.3229661323725992e-07 
7.3229661323725992e-07 
7.3229661323725992e-07 
7.3229661323725992e-07 
7.3229661323725992e-07 
7.3229661323725992e-07 
7.3229661323725992e-07 
7.3229661323725992e-07 
7.3229661323725992e-07 
7.3229661323725992e-07 
7.3229661323725992e-07 
7.3229661323725992e-07 
7.3229661323725992e-07 
7.3229661323725992e-07 
7.3229661323725992e-07 
7.3229661323725992e-07 
7.3229661323725992e-07 
7.3229661323725992e-07 
7.3229661323725992e-07 
7.3229661323725992e-07 
7.3229661323725992e-07 
7.3229661323725992e-07 
7.3229661323725992e-07 
7.3229661323725992e-07 
7.3229661323725992e-07 
7.3229661323725992e-07 
7.3229661323725992e-07 
7.3229661323725992e-07 
7.3229661323725992e-07 
7.3229661323725992e-07 
7.3229661323725992e-07 
7.3229661323725992e-07 
7.3229661323725992e-07 
7.3229661323725992e-07 
7.3229661323725992e-07 
7.3229661323725992e-07 
7.3229661323725992e-07 
7.3229661323725992e-07 
7.3229661323725992e-07 
7.3229661323725992e-07 
7.3229661323725992e-07 
7.3229661323725992e-07 
7.3229661323725992e-07 
7.3229661323725992e-07 
7.3229661323725992e-07 
7.3229661323725992e-07 
7.3229661323725992e-07 
7.3229661323725992e-07 
7.3229661323725992e-07 
7.3229661323725992e-07 
7.3229661323725992e-07 
7.3229661323725992e-07 
6.3102586156382756e-07 
6.3102586156382756e-07 
6.3102586156382756e-07 
6.3102586156382756e-07 
6.3102586156382756e-07 
6.3102586156382756e-07 
6.3102586156382756e-07 
6.3102586156382756e-07 
6.3102586156382756e-07 
6.3102586156382756e-07 
6.3102586156382756e-07 
6.3102586156382756e-07 
6.3102586156382756e-07 
6.3102586156382756e-07 
6.3102586156382756e-07 
6.3102586156382756e-07 
6.3102586156382756e-07 
6.3102586156382756e-07 
6.3102586156382756e-07 
6.3102586156382756e-07 
6.3102586156382756e-07 
6.3102586156382756e-07 
6.3102586156382756e-07 
6.3102586156382756e-07 
6.3102586156382756e-07 
6.3102586156382756e-07 
6.3102586156382756e-07 
6.3102586156382756e-07 
6.3102586156382756e-07 
6.3102586156382756e-07 
6.3102586156382756e-07 
6.3102586156382756e-07 
6.3102586156382756e-07 
6.3102586156382756e-07 
6.3102586156382756e-07 
6.3102586156382756e-07 
6.3102586156382756e-07 
6.3102586156382756e-07 
6.3102586156382756e-07 
5.1603883288731112e-07 
4.1976608899929602e-07 
4.1976608899929602e-07 
4.1976608899929602e-07 
4.1976608899929602e-07 
4.1976608899929602e-07 
3.5974407441852208e-07 
3.5974407441852208e-07 
3.5974407441852208e-07 
3.5974407441852208e-07 
3.5974407441852208e-07 
3.5974407441852208e-07 
3.5974407441852208e-07 
3.5974407441852208e-07 
3.5974407441852208e-07 
3.5974407441852208e-07 
3.5974407441852208e-07 
3.5974407441852208e-07 
3.5974407441852208e-07 
3.5974407441852208e-07 
3.5974407441852208e-07 
3.5974407441852208e-07 
3.5974407441852208e-07 
3.5974407441852208e-07 
3.5974407441852208e-07 
3.5974407441852208e-07 
3.5974407441852208e-07 
3.5974407441852208e-07 
3.5974407441852208e-07 
3.5974407441852208e-07 
3.5974407441852208e-07 
3.5974407441852208e-07 
3.5974407441852208e-07 
3.5974407441852208e-07 
3.5974407441852208e-07 
3.5974407441852208e-07 
3.5974407441852208e-07 
3.5974407441852208e-07 
3.5974407441852208e-07 
3.5974407441852208e-07 
3.5974407441852208e-07 
3.5974407441852208e-07 
3.5974407441852208e-07 
3.5974407441852208e-07 
3.5974407441852208e-07 
3.5974407441852208e-07 
2.9066871831684438e-07 
2.9066871831684438e-07 
2.9066871831684438e-07 
2.9066871831684438e-07 
2.9066871831684438e-07 
2.9066871831684438e-07 
2.9066871831684438e-07 
2.9066871831684438e-07 
2.9066871831684438e-07 
2.9066871831684438e-07 
2.9066871831684438e-07 
2.9066871831684438e-07 
2.9066871831684438e-07 
2.9066871831684438e-07 
2.9066871831684438e-07 
2.9066871831684438e-07 
2.9066871831684438e-07 
2.9066871831684438e-07 
2.9066871831684438e-07 
2.9066871831684438e-07 
2.9066871831684438e-07 
2.9066871831684438e-07 
2.9066871831684438e-07 
2.9066871831684438e-07 
2.9066871831684438e-07 
2.9066871831684438e-07 
2.9066871831684438e-07 
2.9066871831684438e-07 
2.9066871831684438e-07 
2.9066871831684438e-07 
2.9066871831684438e-07 
2.9066871831684438e-07 
2.9066871831684438e-07 
2.9066871831684438e-07 
2.9066871831684438e-07 
2.9066871831684438e-07 
2.9066871831684438e-07 
2.9066871831684438e-07 
2.9066871831684438e-07 
2.9066871831684438e-07 
2.9066871831684438e-07 
2.9066871831684438e-07 
2.9066871831684438e-07 
2.9066871831684438e-07 
2.9066871831684438e-07 
2.9066871831684438e-07 
2.9066871831684438e-07 
2.9066871831684438e-07 
2.9066871831684438e-07 
2.9066871831684438e-07 
2.9066871831684438e-07 
2.9066871831684438e-07 
2.9066871831684438e-07 
2.9066871831684438e-07 
2.9066871831684438e-07 
2.9066871831684438e-07 
2.9066871831684438e-07 
2.9066871831684438e-07 
2.9066871831684438e-07 
2.9066871831684438e-07 
2.9066871831684438e-07 
2.9066871831684438e-07 
2.9066871831684438e-07 
2.9066871831684438e-07 
2.9066871831684438e-07 
2.9066871831684438e-07 
2.9066871831684438e-07 
2.9066871831684438e-07 
2.9066871831684438e-07 
2.9066871831684438e-07 
2.9066871831684438e-07 
2.9066871831684438e-07 
2.9066871831684438e-07 
2.9066871831684438e-07 
2.9066871831684438e-07 
2.9066871831684438e-07 
2.9066871831684438e-07 
2.9066871831684438e-07 
2.9066871831684438e-07 
2.9066871831684438e-07 
2.9066871831684438e-07 
2.9066871831684438e-07 
2.9066871831684438e-07 
2.9066871831684438e-07 
2.9066871831684438e-07 
2.9066871831684438e-07 
2.9066871831684438e-07 
2.9066871831684438e-07 
2.9066871831684438e-07 
2.9066871831684438e-07 
2.9066871831684438e-07 
2.9066871831684438e-07 
2.9066871831684438e-07 
2.9066871831684438e-07 
2.9066871831684438e-07 
2.9066871831684438e-07 
2.9066871831684438e-07 
2.9066871831684438e-07 
2.9066871831684438e-07 
2.9066871831684438e-07 
2.9066871831684438e-07 
2.9066871831684438e-07 
2.9066871831684438e-07 
2.9066871831684438e-07 
2.9066871831684438e-07 
2.9066871831684438e-07 
2.9066871831684438e-07 
2.9066871831684438e-07 
2.9066871831684438e-07 
2.9066871831684438e-07 
2.9066871831684438e-07 
2.9066871831684438e-07 
2.9066871831684438e-07 
2.9066871831684438e-07 
2.9066871831684438e-07 
2.9066871831684438e-07 
2.9066871831684438e-07 
2.9066871831684438e-07 
2.9066871831684438e-07 
2.9066871831684438e-07 
2.9066871831684438e-07 
2.9066871831684438e-07 
2.9066871831684438e-07 
2.9066871831684438e-07 
2.9066871831684438e-07 
2.9066871831684438e-07 
2.9066871831684438e-07 
2.9066871831684438e-07 
2.9066871831684438e-07 
2.9066871831684438e-07 
2.9066871831684438e-07 
2.9066871831684438e-07 
2.9066871831684438e-07 
2.9066871831684438e-07 
2.9066871831684438e-07 
2.9066871831684438e-07 
1.629127529545471e-07 
1.629127529545471e-07 
1.629127529545471e-07 
1.629127529545471e-07 
1.629127529545471e-07 
1.629127529545471e-07 
1.629127529545471e-07 
1.629127529545471e-07 
1.629127529545471e-07 
1.629127529545471e-07 
1.629127529545471e-07 
1.629127529545471e-07 
1.629127529545471e-07 
1.629127529545471e-07 
1.629127529545471e-07 
1.629127529545471e-07 
1.629127529545471e-07 
1.629127529545471e-07 
1.629127529545471e-07 
1.629127529545471e-07 
1.629127529545471e-07 
1.629127529545471e-07 
1.629127529545471e-07 
1.629127529545471e-07 
1.629127529545471e-07 
1.629127529545471e-07 
1.629127529545471e-07 
1.629127529545471e-07 
1.629127529545471e-07 
1.629127529545471e-07 
1.629127529545471e-07 
1.629127529545471e-07 
1.629127529545471e-07 
1.629127529545471e-07 
1.629127529545471e-07 
1.629127529545471e-07 
1.629127529545471e-07 
1.629127529545471e-07 
1.629127529545471e-07 
1.629127529545471e-07 
1.629127529545471e-07 
1.629127529545471e-07 
1.629127529545471e-07 
1.629127529545471e-07 
1.629127529545471e-07 
1.629127529545471e-07 
1.629127529545471e-07 
1.629127529545471e-07 
1.629127529545471e-07 
1.629127529545471e-07 
1.629127529545471e-07 
1.629127529545471e-07 
1.629127529545471e-07 
1.629127529545471e-07 
1.629127529545471e-07 
1.629127529545471e-07 
1.629127529545471e-07 
1.629127529545471e-07 
1.629127529545471e-07 
1.629127529545471e-07 
1.629127529545471e-07 
1.629127529545471e-07 
1.629127529545471e-07 
1.629127529545471e-07 
1.629127529545471e-07 
1.629127529545471e-07 
1.629127529545471e-07 
1.629127529545471e-07 
1.629127529545471e-07 
1.629127529545471e-07 
1.629127529545471e-07 
1.629127529545471e-07 
1.629127529545471e-07 
1.629127529545471e-07 
1.629127529545471e-07 
1.629127529545471e-07 
1.629127529545471e-07 
1.629127529545471e-07 
1.629127529545471e-07 
1.629127529545471e-07 
1.629127529545471e-07 
1.629127529545471e-07 
1.629127529545471e-07 
1.629127529545471e-07 
1.629127529545471e-07 
1.629127529545471e-07 
1.5063556024763614e-07 
1.5063556024763614e-07 
1.5063556024763614e-07 
1.5063556024763614e-07 
1.5063556024763614e-07 
1.5016995669192568e-07 
1.5016995669192568e-07 
1.5016995669192568e-07 
1.5016995669192568e-07 
1.5016995669192568e-07 
1.5016995669192568e-07 
1.5016995669192568e-07 
1.5016995669192568e-07 
1.5016995669192568e-07 
1.5016995669192568e-07 
1.5016995669192568e-07 
1.5016995669192568e-07 
1.5016995669192568e-07 
1.5016995669192568e-07 
1.5016995669192568e-07 
1.5016995669192568e-07 
1.5016995669192568e-07 
1.5016995669192568e-07 
1.5016995669192568e-07 
1.5016995669192568e-07 
1.5016995669192568e-07 
1.5016995669192568e-07 
1.5016995669192568e-07 
1.5016995669192568e-07 
1.5016995669192568e-07 
1.5016995669192568e-07 
1.5016995669192568e-07 
1.5016995669192568e-07 
1.5016995669192568e-07 
1.5016995669192568e-07 
1.5016995669192568e-07 
1.5016995669192568e-07 
1.5016995669192568e-07 
1.5016995669192568e-07 
1.5016995669192568e-07 
1.5016995669192568e-07 
1.5016995669192568e-07 
1.5016995669192568e-07 
1.5016995669192568e-07 
1.5016995669192568e-07 
1.5016995669192568e-07 
8.8532379871608669e-08 
8.8532379871608669e-08 
8.8532379871608669e-08 
8.8532379871608669e-08 
8.8532379871608669e-08 
8.8532379871608669e-08 
8.8532379871608669e-08 
8.8532379871608669e-08 
8.8532379871608669e-08 
8.8532379871608669e-08 
8.8532379871608669e-08 
8.8532379871608669e-08 
8.8532379871608669e-08 
8.8532379871608669e-08 
8.8532379871608669e-08 
8.8532379871608669e-08 
8.8532379871608669e-08 
8.8532379871608669e-08 
8.8532379871608669e-08 
8.8532379871608669e-08 
8.8532379871608669e-08 
8.8532379871608669e-08 
8.8532379871608669e-08 
8.8532379871608669e-08 
8.8532379871608669e-08 
8.8532379871608669e-08 
8.8532379871608669e-08 
8.8532379871608669e-08 
8.8532379871608669e-08 
8.8532379871608669e-08 
8.8532379871608669e-08 
8.8532379871608669e-08 
8.8532379871608669e-08 
8.8532379871608669e-08 
8.8532379871608669e-08 
8.8532379871608669e-08 
8.8532379871608669e-08 
8.8532379871608669e-08 
8.8532379871608669e-08 
8.8532379871608669e-08 
8.8532379871608669e-08 
8.8532379871608669e-08 
8.8532379871608669e-08 
8.8532379871608669e-08 
8.8532379871608669e-08 
8.8532379871608669e-08 
8.8532379871608669e-08 
8.8532379871608669e-08 
8.8532379871608669e-08 
8.8532379871608669e-08 
8.8532379871608669e-08 
8.8532379871608669e-08 
8.8532379871608669e-08 
8.8532379871608669e-08 
8.8532379871608669e-08 
8.8532379871608669e-08 
8.8532379871608669e-08 
8.8532379871608669e-08 
8.8532379871608669e-08 
8.8532379871608669e-08 
8.8532379871608669e-08 
8.8532379871608669e-08 
8.8532379871608669e-08 
8.8532379871608669e-08 
8.8532379871608669e-08 
8.8532379871608669e-08 
8.8532379871608669e-08 
8.8532379871608669e-08 
8.8532379871608669e-08 
8.8532379871608669e-08 
8.8532379871608669e-08 
8.8532379871608669e-08 
8.8532379871608669e-08 
8.8532379871608669e-08 
8.8532379871608669e-08 
8.8532379871608669e-08 
8.8532379871608669e-08 
8.8532379871608669e-08 
8.8532379871608669e-08 
8.8532379871608669e-08 
8.8532379871608669e-08 
8.8532379871608669e-08 
8.8532379871608669e-08 
8.8532379871608669e-08 
8.8532379871608669e-08 
8.8532379871608669e-08 
8.8532379871608669e-08 
8.8532379871608669e-08 
8.8532379871608669e-08 
8.8532379871608669e-08 
8.8532379871608669e-08 
4.3902052215827325e-08 
4.3902052215827325e-08 
4.3902052215827325e-08 
4.3902052215827325e-08 
4.3902052215827325e-08 
4.3902052215827325e-08 
4.3902052215827325e-08 
4.3902052215827325e-08 
4.3902052215827325e-08 
4.3902052215827325e-08 
4.3902052215827325e-08 
4.3902052215827325e-08 
4.3902052215827325e-08 
4.3902052215827325e-08 
4.3902052215827325e-08 
4.3902052215827325e-08 
4.3902052215827325e-08 
4.3902052215827325e-08 
4.3902052215827325e-08 
4.3902052215827325e-08 
4.3902052215827325e-08 
4.3902052215827325e-08 
4.3902052215827325e-08 
4.3902052215827325e-08 
4.3902052215827325e-08 
4.3902052215827325e-08 
4.3902052215827325e-08 
4.3902052215827325e-08 
4.3902052215827325e-08 
4.3902052215827325e-08 
4.3902052215827325e-08 
4.3902052215827325e-08 
4.3902052215827325e-08 
4.3902052215827325e-08 
4.3902052215827325e-08 
4.3902052215827325e-08 
4.3902052215827325e-08 
4.3902052215827325e-08 
4.3902052215827325e-08 
4.3902052215827325e-08 
4.3902052215827325e-08 
4.3902052215827325e-08 
4.3902052215827325e-08 
4.3902052215827325e-08 
4.3902052215827325e-08 
4.3902052215827325e-08 
4.3902052215827325e-08 
4.3902052215827325e-08 
4.3902052215827325e-08 
4.3902052215827325e-08 
4.3902052215827325e-08 
4.3902052215827325e-08 
4.3902052215827325e-08 
4.3902052215827325e-08 
4.3902052215827325e-08 
4.3902052215827325e-08 
4.3902052215827325e-08 
4.3902052215827325e-08 
4.3902052215827325e-08 
4.3902052215827325e-08 
4.3902052215827325e-08 
4.3902052215827325e-08 
4.3902052215827325e-08 
4.3902052215827325e-08 
4.3902052215827325e-08 
4.3902052215827325e-08 
4.3902052215827325e-08 
4.3902052215827325e-08 
4.3902052215827325e-08 
4.3902052215827325e-08 
4.3902052215827325e-08 
4.3902052215827325e-08 
4.3902052215827325e-08 
4.3902052215827325e-08 
4.3902052215827325e-08 
4.3902052215827325e-08 
4.3902052215827325e-08 
4.3902052215827325e-08 
4.3902052215827325e-08 
4.3902052215827325e-08 
4.3902052215827325e-08 
4.3902052215827325e-08 
4.3902052215827325e-08 
4.3902052215827325e-08 
4.3902052215827325e-08 
4.3902052215827325e-08 
4.3902052215827325e-08 
4.3902052215827325e-08 
4.3902052215827325e-08 
4.3902052215827325e-08 
4.3902052215827325e-08 
4.3902052215827325e-08 
4.3902052215827325e-08 
4.3902052215827325e-08 
4.3902052215827325e-08 
4.3902052215827325e-08 
4.3902052215827325e-08 
4.3902052215827325e-08 
4.3902052215827325e-08 
4.3902052215827325e-08 
4.3902052215827325e-08 
4.3902052215827325e-08 
4.3902052215827325e-08 
4.3902052215827325e-08 
4.3902052215827325e-08 
4.3902052215827325e-08 
4.3902052215827325e-08 
4.3902052215827325e-08 
4.3902052215827325e-08 
4.3902052215827325e-08 
4.3902052215827325e-08 
4.3902052215827325e-08 
4.3902052215827325e-08 
4.3902052215827325e-08 
4.3902052215827325e-08 
4.3902052215827325e-08 
4.3902052215827325e-08 
4.3902052215827325e-08 
4.3902052215827325e-08 
4.3902052215827325e-08 
4.3902052215827325e-08 
4.3902052215827325e-08 
4.3902052215827325e-08 
4.3902052215827325e-08 
4.3902052215827325e-08 
4.3902052215827325e-08 
4.3902052215827325e-08 
4.3902052215827325e-08 
4.3902052215827325e-08 
4.3902052215827325e-08 
4.3902052215827325e-08 
4.3902052215827325e-08 
4.3902052215827325e-08 
4.3902052215827325e-08 
4.3902052215827325e-08 
4.3902052215827325e-08 
4.3902052215827325e-08 
4.3902052215827325e-08 
4.3902052215827325e-08 
4.3902052215827325e-08 
4.3902052215827325e-08 
4.3902052215827325e-08 
4.3902052215827325e-08 
4.3902052215827325e-08 
4.3902052215827325e-08 
4.3902052215827325e-08 
4.3902052215827325e-08 
4.3902052215827325e-08 
4.3902052215827325e-08 
4.3902052215827325e-08 
4.3902052215827325e-08 
4.3902052215827325e-08 
4.3902052215827325e-08 
4.3902052215827325e-08 
4.3902052215827325e-08 
4.3902052215827325e-08 
4.3902052215827325e-08 
4.3902052215827325e-08 
4.3902052215827325e-08 
4.3902052215827325e-08 
4.3902052215827325e-08 
4.3902052215827325e-08 
4.3902052215827325e-08 
4.3902052215827325e-08 
4.3902052215827325e-08 
4.3902052215827325e-08 
4.3902052215827325e-08 
4.3902052215827325e-08 
4.3902052215827325e-08 
4.3902052215827325e-08 
4.3902052215827325e-08 
4.3902052215827325e-08 
4.3902052215827325e-08 
4.3902052215827325e-08 
4.3902052215827325e-08 
4.3902052215827325e-08 
4.3902052215827325e-08 
4.3902052215827325e-08 
4.3902052215827325e-08 
4.3902052215827325e-08 
4.3902052215827325e-08 
4.3902052215827325e-08 
4.3902052215827325e-08 
4.3902052215827325e-08 
4.3902052215827325e-08 
4.3902052215827325e-08 
4.3902052215827325e-08 
4.3902052215827325e-08 
4.3902052215827325e-08 
4.3902052215827325e-08 
4.3902052215827325e-08 
4.3902052215827325e-08 
4.3902052215827325e-08 
4.3902052215827325e-08 
4.3902052215827325e-08 
4.3902052215827325e-08 
4.3902052215827325e-08 
4.3902052215827325e-08 
4.3902052215827325e-08 
4.3902052215827325e-08 
4.3902052215827325e-08 
4.3902052215827325e-08 
4.3902052215827325e-08 
4.3902052215827325e-08 
4.3902052215827325e-08 
4.3902052215827325e-08 
4.3902052215827325e-08 
4.3902052215827325e-08 
4.3902052215827325e-08 
4.3902052215827325e-08 
4.3902052215827325e-08 
4.3902052215827325e-08 
4.3902052215827325e-08 
4.3902052215827325e-08 
4.3902052215827325e-08 
4.3902052215827325e-08 
4.3902052215827325e-08 
4.3902052215827325e-08 
4.3902052215827325e-08 
4.3902052215827325e-08 
4.3902052215827325e-08 
4.3902052215827325e-08 
4.3902052215827325e-08 
4.3902052215827325e-08 
4.3902052215827325e-08 
4.3902052215827325e-08 
4.3902052215827325e-08 
4.3902052215827325e-08 
4.3902052215827325e-08 
4.3902052215827325e-08 
4.3902052215827325e-08 
4.3902052215827325e-08 
4.3902052215827325e-08 
4.3902052215827325e-08 
4.3902052215827325e-08 
4.3902052215827325e-08 
4.3902052215827325e-08 
4.3902052215827325e-08 
4.3902052215827325e-08 
4.3902052215827325e-08 
4.3902052215827325e-08 
4.3902052215827325e-08 
4.3902052215827325e-08 
4.3902052215827325e-08 
4.3902052215827325e-08 
4.3902052215827325e-08 
4.3902052215827325e-08 
4.3902052215827325e-08 
4.3902052215827325e-08 
4.3902052215827325e-08 
4.3902052215827325e-08 
4.3902052215827325e-08 
4.3902052215827325e-08 
4.3902052215827325e-08 
4.3902052215827325e-08 
4.3902052215827325e-08 
4.3902052215827325e-08 
4.3902052215827325e-08 
4.3902052215827325e-08 
4.3902052215827325e-08 
4.3902052215827325e-08 
4.3902052215827325e-08 
4.3902052215827325e-08 
4.3902052215827325e-08 
4.3902052215827325e-08 
4.3902052215827325e-08 
4.3902052215827325e-08 
4.3902052215827325e-08 
4.3902052215827325e-08 
4.3902052215827325e-08 
4.3902052215827325e-08 
4.3902052215827325e-08 
4.3902052215827325e-08 
4.3902052215827325e-08 
4.3902052215827325e-08 
4.3902052215827325e-08 
4.3902052215827325e-08 
4.3902052215827325e-08 
4.3902052215827325e-08 
4.3902052215827325e-08 
4.3902052215827325e-08 
4.3902052215827325e-08 
4.3902052215827325e-08 
4.3902052215827325e-08 
4.3902052215827325e-08 
4.3902052215827325e-08 
4.3902052215827325e-08 
4.3902052215827325e-08 
4.3902052215827325e-08 
4.3902052215827325e-08 
4.3902052215827325e-08 
4.3902052215827325e-08 
4.3902052215827325e-08 
4.3902052215827325e-08 
4.3902052215827325e-08 
4.3902052215827325e-08 
4.3902052215827325e-08 
4.3902052215827325e-08 
4.3902052215827325e-08 
4.3902052215827325e-08 
4.3902052215827325e-08 
4.3902052215827325e-08 
4.3902052215827325e-08 
4.3902052215827325e-08 
4.3902052215827325e-08 
4.3902052215827325e-08 
4.3902052215827325e-08 
4.3902052215827325e-08 
4.3902052215827325e-08 
4.3902052215827325e-08 
4.3902052215827325e-08 
4.3902052215827325e-08 
4.3902052215827325e-08 
4.3902052215827325e-08 
4.3902052215827325e-08 
4.3902052215827325e-08 
4.3902052215827325e-08 
4.3902052215827325e-08 
4.3902052215827325e-08 
4.3902052215827325e-08 
4.3902052215827325e-08 
4.3902052215827325e-08 
4.3902052215827325e-08 
4.3902052215827325e-08 
4.3902052215827325e-08 
4.3902052215827325e-08 
4.3902052215827325e-08 
4.3902052215827325e-08 
4.3902052215827325e-08 
4.3902052215827325e-08 
4.3902052215827325e-08 
