0.80420532702084446 
0.79772179470359594 
0.3535163150221895 
0.35038127103807803 
0.20123316590519869 
0.183878799575804 
0.1086950448449433 
0.10813493628183057 
0.073371778973327917 
0.073147353612016075 
0.062113348249567268 
0.046914415105523299 
0.039212826559475999 
0.032643934387397322 
0.02974084171270186 
0.026884135986653401 
0.025859009024333579 
0.024576270406542755 
0.024260324845235659 
0.023660351152603232 
0.023596604485062733 
0.023302270854880236 
0.023300521538026087 
0.023175199340996544 
0.02317486095092991 
0.023129006959280218 
0.023129006959280218 
0.023107670285100523 
0.023107670285100523 
0.023101186625781756 
0.02310110293483203 
0.02309795903065448 
0.02309795903065448 
0.023097433585296034 
0.023097433585296034 
0.023097320579610225 
0.023097320579610225 
0.023097320579610225 
0.023097320579610225 
0.023097320579610225 
0.023097320579610225 
0.023097320579610225 
0.023097320579610225 
0.023097320579610225 
0.023097320579610225 
0.023097320579610225 
0.023097320579610225 
0.023097320579610225 
0.023097320579610225 
0.023097320579610225 
0.023097320579610225 
0.023097320579610225 
0.023097320579610225 
0.023097320579610225 
0.023097320579610225 
0.023097320579610225 
0.023097320579610225 
0.023097320579610225 
0.023097320579610225 
0.023097320579610225 
0.023097320579610225 
0.023097320579610225 
0.023097320579610225 
0.023097320579610225 
0.023097320579610225 
0.023097320579610225 
0.023097320579610225 
0.023097320579610225 
0.023097320579610225 
0.023097320579610225 
0.023097320579610225 
0.023097320579610225 
0.023097320579610225 
0.023097320579610225 
0.023097320579610225 
0.023097320579610225 
0.023097320579610225 
0.023097320579610225 
0.023097320579610225 
0.023097320579610225 
0.023097320579610225 
0.023097320579610225 
0.023097320579610225 
0.023097320579610225 
0.023097320579610225 
0.023097320579610225 
0.023097320579610225 
0.023097320579610225 
0.023097320579610225 
0.023097320579610225 
0.023097320579610225 
0.023097320579610225 
0.023097320579610225 
0.023097320579610225 
0.023097320579610225 
0.023097320579610225 
0.023097320579610225 
0.023097320579610225 
0.023097320579610225 
0.023097320579610225 
0.023097320579610225 
0.023097320579610225 
0.023097320579610225 
0.023097320579610225 
0.023097320579610225 
0.023097320579610225 
0.023097320579610225 
0.023097320579610225 
0.023097320579610225 
0.023097320579610225 
0.023097320579610225 
0.023097320579610225 
0.023097320579610225 
0.023097320579610225 
0.023097320579610225 
0.023097320579610225 
0.023097320579610225 
0.023097320579610225 
0.023097320579610225 
0.023097320579610225 
0.023097320579610225 
0.023097320579610225 
0.023097320579610225 
0.023097320579610225 
0.023097320579610225 
0.023097320579610225 
0.023097320579610225 
0.023097320579610225 
0.023097320579610225 
0.023097320579610225 
0.023097320579610225 
0.023097320579610225 
0.023097320579610225 
0.023097320579610225 
0.023097320579610225 
0.023097320579610225 
0.023097320579610225 
0.023097320579610225 
0.023097320579610225 
0.023097320579610225 
0.023097320579610225 
0.023097320579610225 
0.023097320579610225 
0.023097320579610225 
0.023097320579610225 
0.023097320579610225 
0.023097320579610225 
0.023097320579610225 
0.023097320579610225 
0.023097320579610225 
0.023097320579610225 
0.023097320579610225 
0.023097320579610225 
0.023097320579610225 
0.023097320579610225 
0.023097320579610225 
0.023097320579610225 
0.023097320579610225 
0.023097320579610225 
0.023097320579610225 
0.023097320579610225 
0.023097320579610225 
0.023097320579610225 
0.023097320579610225 
0.023097320579610225 
0.023097320579610225 
0.023097320579610225 
0.023097320579610225 
0.023097320579610225 
0.023097320579610225 
0.023097320579610225 
0.023097320579610225 
0.023097320579610225 
0.023097320579610225 
0.023097320579610225 
0.023097320579610225 
0.023097320579610225 
0.023097320579610225 
0.023097320579610225 
0.023097320579610225 
0.023097320579610225 
0.023097320579610225 
0.023097320579610225 
0.023097320579610225 
0.023097320579610225 
0.023097320579610225 
0.023097320579610225 
0.023097320579610225 
0.023097320579610225 
0.023097320579610225 
0.023097320579610225 
0.023097320579610225 
0.023097320579610225 
0.023097320579610225 
0.023097320579610225 
0.023097320579610225 
0.023097320579610225 
0.023097320579610225 
0.023097320579610225 
0.023097320579610225 
0.023097320579610225 
0.023097320579610225 
0.023097320579610225 
0.023097320579610225 
0.023097320579610225 
0.023097320579610225 
0.023097320579610225 
0.023097320579610225 
0.023097320579610225 
0.023097320579610225 
0.023097320579610225 
0.023097320579610225 
0.023097320579610225 
0.023097320579610225 
0.023097320579610225 
0.023097320579610225 
0.023097320579610225 
0.023097320579610225 
0.023097320579610225 
0.023097320579610225 
0.023097320579610225 
0.023097320579610225 
0.023097320579610225 
0.023097320579610225 
0.023097320579610225 
0.023097320579610225 
0.023097320579610225 
0.023097320579610225 
0.023097320579610225 
0.023097320579610225 
0.023097320579610225 
0.023097320579610225 
0.023097320579610225 
0.023097320579610225 
0.023097320579610225 
0.023097320579610225 
0.023097320579610225 
0.023097320579610225 
0.023097320579610225 
0.023097320579610225 
0.023097320579610225 
0.023097320579610225 
0.023097320579610225 
0.023097320579610225 
0.023097320579610225 
0.023097320579610225 
0.023097320579610225 
0.023097320579610225 
0.023097320579610225 
0.023097320579610225 
0.023097320579610225 
0.023097320579610225 
0.023097320579610225 
0.023097320579610225 
0.023097320579610225 
0.023097320579610225 
0.023097320579610225 
0.023097320579610225 
0.023097320579610225 
0.023097320579610225 
0.023097320579610225 
0.023097320579610225 
0.023097320579610225 
0.023097320579610225 
0.023097320579610225 
0.023097320579610225 
0.023097320579610225 
0.023097320579610225 
0.023097320579610225 
0.023097320579610225 
0.023097320579610225 
0.023097320579610225 
0.023097320579610225 
0.023097320579610225 
0.023097320579610225 
0.023097320579610225 
0.023097320579610225 
0.023097320579610225 
0.023097320579610225 
0.023097320579610225 
0.023097320579610225 
0.023097320579610225 
0.023097320579610225 
0.023097320579610225 
0.023097320579610225 
0.023097320579610225 
0.023097320579610225 
0.023097320579610225 
0.023097320579610225 
0.023097320579610225 
0.023097320579610225 
0.023097320579610225 
0.023097320579610225 
0.023097320579610225 
0.023097320579610225 
0.023097320579610225 
0.023097320579610225 
0.023097320579610225 
0.023097320579610225 
0.023097320579610225 
0.023097320579610225 
0.023097320579610225 
0.023097320579610225 
0.023097320579610225 
0.023097320579610225 
0.023097320579610225 
0.023097320579610225 
0.023097320579610225 
0.023097320579610225 
0.023097320579610225 
0.023097320579610225 
0.023097320579610225 
0.023097320579610225 
0.023097320579610225 
0.023097320579610225 
0.023097320579610225 
0.023097320579610225 
0.023097320579610225 
0.023097320579610225 
0.023097320579610225 
0.023097320579610225 
0.023097320579610225 
0.023097320579610225 
0.023097320579610225 
0.023097320579610225 
0.023097320579610225 
0.023097320579610225 
0.023097320579610225 
0.023097320579610225 
0.023097320579610225 
0.023097320579610225 
0.023097320579610225 
0.023097320579610225 
0.023097320579610225 
0.023097320579610225 
0.023097320579610225 
0.023097320579610225 
0.023097320579610225 
0.023097320579610225 
0.023097320579610225 
0.023097320579610225 
0.023097320579610225 
0.023097320579610225 
0.023097320579610225 
0.023097320579610225 
0.023097320579610225 
0.023097320579610225 
0.023097320579610225 
0.023097320579610225 
0.023097320579610225 
0.023097320579610225 
0.023097320579610225 
0.023097320579610225 
0.023097320579610225 
0.023097320579610225 
0.023097320579610225 
0.023097320579610225 
0.023097320579610225 
0.023097320579610225 
0.023097320579610225 
0.023097320579610225 
0.023097320579610225 
0.023097320579610225 
0.023097320579610225 
0.023097320579610225 
0.023097320579610225 
0.023097320579610225 
0.023097320579610225 
0.023097320579610225 
0.023097320579610225 
0.023097320579610225 
0.023097320579610225 
0.023097320579610225 
0.023097320579610225 
0.023097320579610225 
0.023097320579610225 
0.023097320579610225 
0.023097320579610225 
0.023097320579610225 
0.023097320579610225 
0.023097320579610225 
0.023097320579610225 
0.023097320579610225 
0.023097320579610225 
0.023097320579610225 
0.023097320579610225 
0.023097320579610225 
0.023097320579610225 
0.023097320579610225 
0.023097320579610225 
0.023097320579610225 
0.023097320579610225 
0.023097320579610225 
0.023097320579610225 
0.023097320579610225 
0.023097320579610225 
0.023097320579610225 
0.023097320579610225 
0.023097320579610225 
0.023097320579610225 
0.023097320579610225 
0.023097320579610225 
0.023097320579610225 
0.023097320579610225 
0.023097320579610225 
0.023097320579610225 
0.023097320579610225 
0.023097320579610225 
0.023097320579610225 
0.023097320579610225 
0.023097320579610225 
0.023097320579610225 
0.023097320579610225 
0.023097320579610225 
0.023097320579610225 
0.023097320579610225 
0.023097320579610225 
0.023097320579610225 
0.023097320579610225 
0.023097320579610225 
0.023097320579610225 
0.023097320579610225 
0.023097320579610225 
0.023097320579610225 
0.023097320579610225 
0.023097320579610225 
0.023097320579610225 
0.023097320579610225 
0.023097320579610225 
0.023097320579610225 
0.023097320579610225 
0.023097320579610225 
0.023097320579610225 
0.023097320579610225 
0.023097320579610225 
0.023097320579610225 
0.023097320579610225 
0.023097320579610225 
0.023097320579610225 
0.023097320579610225 
0.023097320579610225 
0.023097320579610225 
0.023097320579610225 
0.023097320579610225 
0.023097320579610225 
0.023097320579610225 
0.023097320579610225 
0.023097320579610225 
0.023097320579610225 
0.023097320579610225 
0.023097320579610225 
0.023097320579610225 
0.023097320579610225 
0.023097320579610225 
0.023097320579610225 
0.023097320579610225 
0.023097320579610225 
0.023097320579610225 
0.023097320579610225 
0.023097320579610225 
0.023097320579610225 
0.023097320579610225 
0.023097320579610225 
0.023097320579610225 
0.023097320579610225 
0.023097320579610225 
0.023097320579610225 
0.023097320579610225 
0.023097320579610225 
0.023097320579610225 
0.023097320579610225 
0.023097320579610225 
0.023097320579610225 
0.023097320579610225 
0.023097320579610225 
0.023097320579610225 
0.023097320579610225 
0.023097320579610225 
0.023097320579610225 
0.023097320579610225 
0.023097320579610225 
0.023097320579610225 
0.023097320579610225 
0.023097320579610225 
0.023097320579610225 
0.023097320579610225 
0.023097320579610225 
0.023097320579610225 
0.023097320579610225 
0.023097320579610225 
0.023097320579610225 
0.023097320579610225 
0.023097320579610225 
0.023097320579610225 
0.023097320579610225 
0.023097320579610225 
0.023097320579610225 
0.023097320579610225 
0.023097320579610225 
0.023097320579610225 
0.023097320579610225 
0.023097320579610225 
0.023097320579610225 
0.023097320579610225 
0.023097320579610225 
0.023097320579610225 
0.023097320579610225 
0.023097320579610225 
0.023097320579610225 
0.023097320579610225 
0.023097320579610225 
0.023097320579610225 
0.023097320579610225 
0.023097320579610225 
0.023097320579610225 
0.023097320579610225 
0.023097320579610225 
0.023097320579610225 
0.023097320579610225 
0.023097320579610225 
0.023097320579610225 
0.023097320579610225 
0.023097320579610225 
0.023097320579610225 
0.023097320579610225 
0.023097320579610225 
0.023097320579610225 
0.023097320579610225 
0.023097320579610225 
0.023097320579610225 
0.023097320579610225 
0.023097320579610225 
0.023097320579610225 
0.023097320579610225 
0.023097320579610225 
0.023097320579610225 
0.023097320579610225 
0.023097320579610225 
0.023097320579610225 
0.023097320579610225 
0.023097320579610225 
0.023097320579610225 
0.023097320579610225 
0.023097320579610225 
0.023097320579610225 
0.023097320579610225 
0.023097320579610225 
0.023097320579610225 
0.023097320579610225 
0.023097320579610225 
0.023097320579610225 
0.023097320579610225 
0.023097320579610225 
0.023097320579610225 
0.023097320579610225 
0.023097320579610225 
0.023097320579610225 
0.023097320579610225 
0.023097320579610225 
0.023097320579610225 
0.023097320579610225 
0.023097320579610225 
0.023097320579610225 
0.023097320579610225 
0.023097320579610225 
0.023097320579610225 
0.023097320579610225 
0.023097320579610225 
0.023097320579610225 
0.023097320579610225 
0.023097320579610225 
0.023097320579610225 
0.023097320579610225 
0.023097320579610225 
0.023097320579610225 
0.023097320579610225 
0.023097320579610225 
0.023097320579610225 
0.023097320579610225 
0.023097320579610225 
0.023097320579610225 
0.023097320579610225 
0.023097320579610225 
0.023097320579610225 
0.023097320579610225 
0.023097320579610225 
0.023097320579610225 
0.023097320579610225 
0.023097320579610225 
0.023097320579610225 
0.023097320579610225 
0.023097320579610225 
0.023097320579610225 
0.023097320579610225 
0.023097320579610225 
0.023097320579610225 
0.023097320579610225 
0.023097320579610225 
0.023097320579610225 
0.023097320579610225 
0.023097320579610225 
0.023097320579610225 
0.023097320579610225 
0.023097320579610225 
0.023097320579610225 
0.023097320579610225 
0.023097320579610225 
0.023097320579610225 
0.023097320579610225 
0.023097320579610225 
0.023097320579610225 
0.023097320579610225 
0.023097320579610225 
0.023097320579610225 
0.023097320579610225 
0.023097320579610225 
0.023097320579610225 
0.023097320579610225 
0.023097320579610225 
0.023097320579610225 
0.023097320579610225 
0.023097320579610225 
0.023097320579610225 
0.023097320579610225 
0.023097320579610225 
0.023097320579610225 
0.023097320579610225 
0.023097320579610225 
0.023097320579610225 
0.023097320579610225 
0.023097320579610225 
0.023097320579610225 
0.023097320579610225 
0.023097320579610225 
0.023097320579610225 
0.023097320579610225 
0.023097320579610225 
0.023097320579610225 
0.023097320579610225 
0.023097320579610225 
0.023097320579610225 
0.023097320579610225 
0.023097320579610225 
0.023097320579610225 
0.023097320579610225 
0.023097320579610225 
0.023097320579610225 
0.023097320579610225 
0.023097320579610225 
0.023097320579610225 
0.023097320579610225 
0.023097320579610225 
0.023097320579610225 
0.023097320579610225 
0.023097320579610225 
0.023097320579610225 
0.023097320579610225 
0.023097320579610225 
0.023097320579610225 
0.023097320579610225 
0.023097320579610225 
0.023097320579610225 
0.023097320579610225 
0.023097320579610225 
0.023097320579610225 
0.023097320579610225 
0.023097320579610225 
0.023097320579610225 
0.023097320579610225 
0.023097320579610225 
0.023097320579610225 
0.023097320579610225 
0.023097320579610225 
0.023097320579610225 
0.023097320579610225 
0.023097320579610225 
0.023097320579610225 
0.023097320579610225 
0.023097320579610225 
0.023097320579610225 
0.023097320579610225 
0.023097320579610225 
0.023097320579610225 
0.023097320579610225 
0.023097320579610225 
0.023097320579610225 
0.023097320579610225 
0.023097320579610225 
0.023097320579610225 
0.023097320579610225 
0.023097320579610225 
0.023097320579610225 
0.023097320579610225 
0.023097320579610225 
0.023097320579610225 
0.023097320579610225 
0.023097320579610225 
0.023097320579610225 
0.023097320579610225 
0.023097320579610225 
0.023097320579610225 
0.023097320579610225 
0.023097320579610225 
0.023097320579610225 
0.023097320579610225 
0.023097320579610225 
0.023097320579610225 
0.023097320579610225 
0.023097320579610225 
0.023097320579610225 
0.023097320579610225 
0.023097320579610225 
0.023097320579610225 
0.023097320579610225 
0.023097320579610225 
0.023097320579610225 
0.023097320579610225 
0.023097320579610225 
0.023097320579610225 
0.023097320579610225 
0.023097320579610225 
0.023097320579610225 
0.023097320579610225 
0.023097320579610225 
0.023097320579610225 
0.023097320579610225 
0.023097320579610225 
0.023097320579610225 
0.023097320579610225 
0.023097320579610225 
0.023097320579610225 
0.023097320579610225 
0.023097320579610225 
0.023097320579610225 
0.023097320579610225 
0.023097320579610225 
0.023097320579610225 
0.023097320579610225 
0.023097320579610225 
0.023097320579610225 
0.023097320579610225 
0.023097320579610225 
0.023097320579610225 
0.023097320579610225 
0.023097320579610225 
0.023097320579610225 
0.023097320579610225 
0.023097320579610225 
0.023097320579610225 
0.023097320579610225 
0.023097320579610225 
0.023097320579610225 
0.023097320579610225 
0.023097320579610225 
0.023097320579610225 
0.023097320579610225 
0.023097320579610225 
0.023097320579610225 
0.023097320579610225 
0.023097320579610225 
0.023097320579610225 
0.023097320579610225 
0.023097320579610225 
0.023097320579610225 
0.023097320579610225 
0.023097320579610225 
0.023097320579610225 
0.023097320579610225 
0.023097320579610225 
0.023097320579610225 
0.023097320579610225 
0.023097320579610225 
0.023097320579610225 
0.023097320579610225 
0.023097320579610225 
0.023097320579610225 
0.023097320579610225 
0.023097320579610225 
0.023097320579610225 
0.023097320579610225 
0.023097320579610225 
0.023097320579610225 
0.023097320579610225 
0.023097320579610225 
0.023097320579610225 
0.023097320579610225 
0.023097320579610225 
0.023097320579610225 
0.023097320579610225 
0.023097320579610225 
0.023097320579610225 
0.023097320579610225 
0.023097320579610225 
0.023097320579610225 
0.023097320579610225 
0.023097320579610225 
0.023097320579610225 
0.023097320579610225 
0.023097320579610225 
0.023097320579610225 
0.023097320579610225 
0.023097320579610225 
0.023097320579610225 
0.023097320579610225 
0.023097320579610225 
0.023097320579610225 
0.023097320579610225 
0.023097320579610225 
0.023097320579610225 
0.023097320579610225 
0.023097320579610225 
0.023097320579610225 
0.023097320579610225 
0.023097320579610225 
0.023097320579610225 
0.023097320579610225 
0.023097320579610225 
0.023097320579610225 
0.023097320579610225 
0.023097320579610225 
0.023097320579610225 
0.023097320579610225 
0.023097320579610225 
0.023097320579610225 
0.023097320579610225 
0.023097320579610225 
0.023097320579610225 
0.023097320579610225 
0.023097320579610225 
0.023097320579610225 
0.023097320579610225 
0.023097320579610225 
0.023097320579610225 
0.023097320579610225 
0.023097320579610225 
0.023097320579610225 
0.023097320579610225 
0.023097320579610225 
0.023097320579610225 
0.023097320579610225 
0.023097320579610225 
0.023097320579610225 
0.023097320579610225 
0.023097320579610225 
0.023097320579610225 
0.023097320579610225 
0.023097320579610225 
0.023097320579610225 
0.023097320579610225 
0.023097320579610225 
0.023097320579610225 
0.023097320579610225 
0.023097320579610225 
0.023097320579610225 
0.023097320579610225 
0.023097320579610225 
0.023097320579610225 
0.023097320579610225 
0.023097320579610225 
0.023097320579610225 
0.023097320579610225 
0.023097320579610225 
0.023097320579610225 
0.023097320579610225 
0.023097320579610225 
0.023097320579610225 
0.023097320579610225 
0.023097320579610225 
0.023097320579610225 
0.023097320579610225 
0.023097320579610225 
0.023097320579610225 
0.023097320579610225 
0.023097320579610225 
0.023097320579610225 
0.023097320579610225 
0.023097320579610225 
0.023097320579610225 
0.023097320579610225 
0.023097320579610225 
0.023097320579610225 
0.023097320579610225 
0.023097320579610225 
0.023097320579610225 
0.023097320579610225 
0.023097320579610225 
0.023097320579610225 
0.023097320579610225 
0.023097320579610225 
0.023097320579610225 
0.023097320579610225 
0.023097320579610225 
0.023097320579610225 
0.023097320579610225 
0.023097320579610225 
0.023097320579610225 
0.023097320579610225 
0.023097320579610225 
0.023097320579610225 
0.023097320579610225 
0.023097320579610225 
0.023097320579610225 
0.023097320579610225 
0.023097320579610225 
0.023097320579610225 
0.023097320579610225 
0.023097320579610225 
0.023097320579610225 
0.023097320579610225 
0.023097320579610225 
0.023097320579610225 
0.023097320579610225 
0.023097320579610225 
0.023097320579610225 
0.023097320579610225 
0.023097320579610225 
0.023097320579610225 
0.023097320579610225 
0.023097320579610225 
0.023097320579610225 
0.023097320579610225 
0.023097320579610225 
0.023097320579610225 
0.023097320579610225 
0.023097320579610225 
0.023097320579610225 
0.023097320579610225 
0.023097320579610225 
0.023097320579610225 
0.023097320579610225 
0.023097320579610225 
0.023097320579610225 
0.023097320579610225 
0.023097320579610225 
0.023097320579610225 
0.023097320579610225 
0.023097320579610225 
0.023097320579610225 
0.023097320579610225 
0.023097320579610225 
0.023097320579610225 
0.023097320579610225 
0.023097320579610225 
0.023097320579610225 
0.023097320579610225 
0.023097320579610225 
0.023097320579610225 
0.023097320579610225 
0.023097320579610225 
0.023097320579610225 
0.023097320579610225 
0.023097320579610225 
0.023097320579610225 
0.023097320579610225 
0.023097320579610225 
0.023097320579610225 
0.023097320579610225 
0.023097320579610225 
0.023097320579610225 
0.023097320579610225 
0.023097320579610225 
0.023097320579610225 
0.023097320579610225 
0.023097320579610225 
0.023097320579610225 
0.023097320579610225 
0.023097320579610225 
0.023097320579610225 
0.023097320579610225 
0.023097320579610225 
0.023097320579610225 
0.023097320579610225 
0.023097320579610225 
0.023097320579610225 
0.023097320579610225 
0.023097320579610225 
0.023097320579610225 
0.023097320579610225 
0.023097320579610225 
0.023097320579610225 
0.023097320579610225 
0.023097320579610225 
0.023097320579610225 
0.023097320579610225 
0.023097320579610225 
0.023097320579610225 
0.023097320579610225 
0.023097320579610225 
0.023097320579610225 
0.023097320579610225 
0.023097320579610225 
0.023097320579610225 
0.023097320579610225 
0.023097320579610225 
0.023097320579610225 
0.023097320579610225 
0.023097320579610225 
0.023097320579610225 
0.023097320579610225 
0.023097320579610225 
