0.16497493887875106 
0.16497472676031993 
0.16497451463202217 
0.16497430250721831 
0.16497409038601499 
0.1649738782684132 
0.16497366615441297 
0.16497345404401437 
0.16497324193721719 
0.16497302983402171 
0.16497281773442793 
0.16497260563843583 
0.16497239354604548 
0.16497218145725695 
0.16497196937207026 
0.16497175729048535 
0.16341169030251707 
0.16340137642455271 
0.16289916214115591 
0.16288174070525033 
0.16262302287339223 
0.16262110010604852 
0.16232341833007602 
0.16208315572543025 
0.16196684941052339 
0.16186297812963718 
0.1618205273935055 
0.16177430947303709 
0.16175995875790627 
0.16173856489342331 
0.16173446736001071 
0.16172404047619102 
0.16172338603553249 
0.16171797252756603 
0.16171758384367127 
0.16171562788471219 
0.16171519838783391 
0.16171401878813804 
0.16171365154116668 
0.16171302798742337 
0.16171265369178861 
0.16171216229469462 
0.16171180144111952 
0.16171139242024174 
0.16171103109749474 
0.16171065045090258 
0.16171028997321923 
0.16170992023270339 
0.16170955945269522 
0.16170919665718197 
0.16170883521714011 
0.16170847392503218 
0.16170811279820896 
0.16170775213973965 
0.1617073911577965 
0.16170703055570737 
0.16170666995857305 
0.16170630932683713 
0.16170594870757699 
0.16170558812659203 
0.16170522754869196 
0.16170486697349504 
0.16170450640099876 
0.16170414583120316 
0.1617037852641082 
0.16170342469971399 
0.16170306413802052 
0.16170270357902783 
0.16170234302273595 
0.16170198246914497 
0.1617016219182548 
0.16170126137006552 
0.16170090082457719 
0.16170054028178979 
0.16170017974170345 
0.16169981920431808 
0.16169945866963381 
0.16169909813765057 
0.1616987376083685 
0.1616983770817875 
0.16169801655790772 
0.16169765603672914 
0.16169729551825177 
0.16169693500247567 
0.16169657448940089 
0.16169621397902739 
0.16169585347135529 
0.16169549296638455 
0.16169513246411521 
0.16169477196454732 
0.16169441146768093 
0.16169405097351602 
0.16169369048205265 
0.16169332999329089 
0.16169296950723064 
0.16169260902387211 
0.16169224854321515 
0.16169188806525991 
0.16169152759000643 
0.16169116711745465 
0.16169080664760468 
0.1616904461804565 
0.16169008571601012 
0.16168972525426564 
0.16168936479522303 
0.16168900433888239 
0.16168864388524368 
0.161688283434307 
0.16168792298607229 
0.16168756254053965 
0.16168720209770909 
0.16168684165758063 
0.16168648122015433 
0.16168612078543018 
0.16168576035340826 
0.16168539992408856 
0.16168503949747109 
0.16168467907355588 
0.16168431865234306 
0.16168395823383255 
0.16168359781802444 
0.16168323740491874 
0.16168287699451547 
0.16168251658681471 
0.16168215618181642 
0.16168179577952063 
0.16168143537992744 
0.16168107498303685 
0.16168071458884886 
0.16168035419736354 
0.16167999380858095 
0.161679633422501 
0.1616792730391238 
0.16167891265844939 
0.16167855228047776 
0.16167819190520902 
0.16167783153264312 
0.16167747116278008 
0.16167711079562003 
0.16167675043116286 
0.1616763900694087 
0.16167602971035755 
0.16167566935400945 
0.16167530900036445 
0.16167494864942253 
0.16167458830118375 
0.16167422795564818 
0.16167386761281571 
0.16167350727268656 
0.16167314693526061 
0.16167278660053799 
0.16167242626851863 
0.16167206593920266 
0.16167170561259009 
0.16167134528868088 
0.16167098496747512 
0.16167062464897283 
0.16167026433317405 
0.1616699040200788 
0.16166954370968711 
0.16166918340199901 
0.16166882309701452 
0.16166846279473368 
0.16166810249515651 
0.16166774219828306 
0.16166738190411339 
0.16166702161264745 
0.16166666132388532 
0.16166630103782703 
0.16166594075447258 
0.16166558047382201 
0.16166522019587537 
0.1616648599206327 
0.16166449964809401 
0.16166413937825935 
0.1616637791111287 
0.16166341884670213 
0.16166305858497967 
0.16166269832596131 
0.16166233806964717 
0.16166197781603717 
0.16166161756513145 
0.16166125731692996 
0.16166089707143275 
0.16166053682863984 
0.16166017658855128 
0.16165981635116711 
0.16165945611648733 
0.16165909588451199 
0.16165873565524111 
0.16165837542867476 
0.1616580152048129 
0.16165765498365561 
0.16165729476520288 
0.16165693454945479 
0.16165657433641131 
0.16165621412607253 
0.16165585391843848 
0.16165549371350918 
0.1616551335112846 
0.16165477331176484 
0.16165441311494994 
0.16165405292083984 
0.16165369272943469 
0.16165333254073441 
0.16165297235473913 
0.1616526121714488 
0.16165225199086344 
0.16165189181298315 
0.16165153163780793 
0.16165117146533781 
0.16165081129557282 
0.16165045112851301 
0.16165009096415836 
0.16164973080250894 
0.16164937064356477 
0.16164901048732591 
0.1616486503337923 
0.16164829018296412 
0.16164793003484124 
0.16164756988942383 
0.16164720974671182 
0.16164684960670525 
0.16164648946940416 
0.16164612933480862 
0.16164576920291862 
0.16164540907373423 
0.16164504894725543 
0.16164468882348229 
0.16164432870241482 
0.16164396858405305 
0.16164360846839698 
0.16164324835544672 
0.16164288824520226 
0.16164252813766361 
0.16164216803283085 
0.16164180793070393 
0.16164144783128295 
0.1616410877345679 
0.16164072764055884 
0.16164036754925576 
0.16164000746065874 
0.16163964737476777 
0.16163928729158292 
0.16163892721110421 
0.16163856713333163 
0.16163820705826523 
0.16163784698590505 
0.1616374869162511 
0.16163712684930348 
0.16163676678506214 
0.16163640672352717 
0.16163604666469855 
0.16163568660857633 
0.1616353265551605 
0.16163496650445119 
0.16163460645644837 
0.16163424641115201 
0.16163388636856227 
0.16163352632867906 
0.16163316629150251 
0.16163280625703255 
0.16163244622526929 
0.16163208619621269 
0.16163172616986288 
0.16163136614621978 
0.16163100612528356 
0.16163064610705408 
0.16163028609153146 
0.16162992607871576 
0.16162956606860696 
0.16162920606120512 
0.16162884605651023 
0.16162848605452235 
0.16162812605524149 
0.16162776605866774 
0.16162740606480103 
0.16162704607364148 
0.16162668608518904 
0.16162632609944383 
0.16162596611640584 
0.16162560613607507 
0.16162524615845161 
0.1616248861835354 
0.16162452621132656 
0.16162416624182507 
0.16162380627503101 
0.16162344631094439 
0.16162308634956521 
0.16162272639089351 
0.16162236643492933 
0.16162200648167269 
0.16162164653112363 
0.16162128658328215 
0.16162092663814834 
0.16162056669572225 
0.1616202067560038 
0.16161984681899308 
0.16161948688469011 
0.16161912695309494 
0.1616187670242076 
0.16161840709802811 
0.1616180471745565 
0.16161768725379283 
0.16161732733573708 
0.16161696742038931 
0.1616166075077495 
0.16161624759781776 
0.16161588769059407 
0.16161552778607846 
0.16161516788427102 
0.16161480798517169 
0.16161444808878059 
0.16161408819509765 
0.16161372830412296 
0.16161336841585655 
0.16161300853029845 
0.16161264864744868 
0.16161228876730727 
0.16161192888987427 
0.1616115690151497 
0.16161120914313357 
0.16161084927382591 
0.16161048940722678 
0.16161012954333623 
0.16160976968215424 
0.16160940982368083 
0.16160904996791611 
0.16160869011486001 
0.1616083302645126 
0.16160797041687394 
0.16160761057194403 
0.1616072507297229 
0.1616068908902106 
0.16160653105340717 
0.16160617121931259 
0.16160581138792693 
0.16160545155925019 
0.16160509173328241 
0.16160473191002367 
0.16160437208947395 
0.16160401227163329 
0.16160365245650174 
0.16160329264407927 
0.16160293283436594 
0.16160257302736183 
0.16160221322306689 
0.16160185342148126 
0.16160149362260484 
0.16160113382643776 
0.16160077403298001 
0.16160041424223159 
0.16160005445419257 
0.16159969466886298 
0.16159933488624284 
0.1615989751063322 
0.16159861532913108 
0.1615982555546395 
0.16159789578285749 
0.16159753601378507 
0.16159717624742229 
0.16159681648376917 
0.16159645672282577 
0.16159609696459207 
0.16159573720906817 
0.16159537745625402 
0.16159501770614967 
0.16159465795875516 
0.16159429821407056 
0.16159393847209585 
0.16159357873283109 
0.16159321899627629 
0.1615928592624315 
0.16159249953129673 
0.16159213980287201 
0.16159178007715738 
0.16159142035415286 
0.16159106063385853 
0.16159070091627434 
0.16159034120140037 
0.16158998148923667 
0.1615896217797832 
0.16158926207304003 
0.16158890236900719 
0.16158854266768471 
0.16158818296907265 
0.16158782327317098 
0.16158746357997977 
0.1615871038894991 
0.16158674420172886 
0.16158638451666915 
0.16158602483432005 
0.16158566515468159 
0.16158530547775371 
0.16158494580353652 
0.16158458613203006 
0.16158422646323428 
0.16158386679714923 
0.16158350713377501 
0.16158314747311153 
0.16158278781515897 
0.16158242815991727 
0.16158206850738649 
0.16158170885756659 
0.16158134921045769 
0.16158098956605979 
0.16158062992437291 
0.16158027028539707 
0.16157991064913232 
0.16157955101557872 
0.16157919138473628 
0.16157883175660495 
0.16157847213118484 
0.16157811250847601 
0.16157775288847842 
0.16157739327119214 
0.16157703365661719 
0.16157667404475359 
0.16157631443560141 
0.16157595482916062 
0.16157559522543125 
0.16157523562441339 
0.16157487602610704 
0.16157451643051227 
0.16157415683762899 
0.16157379724745738 
0.16157343765999738 
0.16157307807524901 
0.16157271849321236 
0.16157235891388741 
0.16157199933727426 
0.16157163976337285 
0.16157128019218331 
0.16157092062370557 
0.16157056105793968 
0.16157020149488574 
0.16156984193454368 
0.1615694823769136 
0.16156912282199554 
0.1615687632697895 
0.16156840372029552 
0.16156804417351361 
0.16156768462944382 
0.16156732508808616 
0.16156696554944069 
0.16156660601350745 
0.16156624648028639 
0.16156588694977767 
0.16156552742198121 
0.16156516789689707 
0.16156480837452528 
0.1615644488548659 
0.16156408933791891 
0.16156372982368439 
0.16156337031216234 
0.16156301080335281 
0.1615626512972558 
0.16156229179387135 
0.16156193229319951 
0.1615615727952403 
0.16156121329999376 
0.16156085380745991 
0.16156049431763878 
0.16156013483053042 
0.16155977534613483 
0.16155941586445202 
0.16155905638548204 
0.16155869690922495 
0.16155833743568079 
0.16155797796484958 
0.16155761849673128 
0.16155725903132601 
0.16155689956863373 
0.1615565401086545 
0.16155618065138838 
0.16155582119683534 
0.16155546174499549 
0.16155510229586881 
0.16155474284945531 
0.16155438340575504 
0.16155402396476803 
0.16155366452649436 
0.16155330509093396 
0.16155294565808695 
0.16155258622795332 
0.16155222680053316 
0.16155186737582639 
0.16155150795383308 
0.1615511485345533 
0.16155078911798706 
0.16155042970413436 
0.16155007029299528 
0.16154971088456982 
0.16154935147885804 
0.16154899207585993 
0.16154863267557554 
0.16154827327800492 
0.16154791388314804 
0.16154755449100502 
0.16154719510157584 
0.16154683571486053 
0.16154647633085906 
0.16154611694957158 
0.16154575757099801 
0.16154539819513847 
0.16154503882199292 
0.16154467945156145 
0.16154432008384403 
0.16154396071884078 
0.16154360135655166 
0.16154324199697667 
0.16154288264011588 
0.16154252328596935 
0.16154216393453708 
0.16154180458581913 
0.16154144523981551 
0.16154108589652619 
0.16154072655595128 
0.16154036721809079 
0.16154000788294476 
0.16153964855051314 
0.16153928922079611 
0.16153892989379356 
0.16153857056950563 
0.16153821124793227 
0.16153785192907352 
0.16153749261292941 
0.16153713329950001 
0.16153677398878533 
0.16153641468078539 
0.16153605537550025 
0.16153569607292989 
0.16153533677307441 
0.16153497747593373 
0.16153461818150799 
0.16153425888979719 
0.16153389960080139 
0.16153354031452052 
0.16153318103095471 
0.16153282175010392 
0.1615324624719682 
0.16153210319654759 
0.16153174392384215 
0.16153138465385183 
0.16153102538657677 
0.16153066612201694 
0.16153030686017236 
0.16152994760104306 
0.16152958834462908 
0.16152922909093048 
0.16152886983994721 
0.16152851059167944 
0.16152815134612708 
0.16152779210329019 
0.16152743286316879 
0.16152707362576296 
0.16152671439107263 
0.16152635515909794 
0.16152599592983888 
0.16152563670329545 
0.16152527747946774 
0.16152491825835574 
0.16152455903995949 
0.16152419982427899 
0.16152384061131428 
0.16152348140106543 
0.16152312219353249 
0.1615227629887154 
0.16152240378661428 
0.1615220445872291 
0.16152168539055992 
0.16152132619660672 
0.16152096700536958 
0.16152060781684854 
0.16152024863104361 
0.16151988944795478 
0.16151953026758217 
0.16151917108992578 
0.16151881191498557 
0.16151845274276164 
0.161518093573254 
0.16151773440646264 
0.16151737524238768 
0.16151701608102911 
0.16151665692238698 
0.16151629776646126 
0.161515938613252 
0.16151557946275924 
0.16151522031498303 
0.16151486116992336 
0.16151450202758033 
0.1615141428879539 
0.16151378375104414 
0.16151342461685106 
0.16151306548537464 
0.16151270635661502 
0.16151234723057217 
0.16151198810724615 
0.1615116289866369 
0.16151126986874459 
0.16151091075356913 
0.16151055164111061 
0.16151019253136906 
0.1615098334243445 
0.16150947432003696 
0.16150911521844644 
0.16150875611957305 
0.16150839702341674 
0.16150803792997759 
0.16150767883925557 
0.16150731975125074 
0.16150696066596318 
0.16150660158339289 
0.16150624250353984 
0.16150588342640418 
0.16150552435198581 
0.16150516528028488 
0.16150480621130128 
0.1615044471450352 
0.16150408808148656 
0.16150372902065543 
0.16150336996254183 
0.16150301090714583 
0.16150265185446738 
0.16150229280450654 
0.16150193375726338 
0.16150157471273791 
0.16150121567093015 
0.16150085663184013 
0.16150049759546792 
0.16150013856181347 
0.16149977953087685 
0.16149942050265811 
0.16149906147715726 
0.16149870245437437 
0.16149834343430941 
0.16149798441696248 
0.16149762540233353 
0.16149726639042264 
0.16149690738122982 
0.16149654837475508 
0.16149618937099852 
0.16149583036996012 
0.16149547137163994 
0.16149511237603797 
0.16149475338315428 
0.16149439439298885 
0.16149403540554172 
0.16149367642081297 
0.1614933174388026 
0.16149295845951064 
0.16149259948293712 
0.16149224050908209 
0.16149188153794555 
0.16149152256952756 
0.16149116360382809 
0.16149080464084728 
0.16149044568058504 
0.16149008672304149 
0.1614897277682166 
0.16148936881611045 
0.16148900986672302 
0.16148865092005435 
0.16148829197610451 
0.16148793303487349 
0.16148757409636136 
0.16148721516056808 
0.16148685622749379 
0.16148649729713846 
0.16148613836950204 
0.1614857794445847 
0.16148542052238637 
0.16148506160290713 
0.16148470268614704 
0.16148434377210608 
0.16148398486078425 
0.16148362595218163 
0.16148326704629823 
0.16148290814313412 
0.16148254924268926 
0.16148219034496375 
0.16148183144995759 
0.16148147255767079 
0.16148111366810342 
0.16148075478125548 
0.16148039589712701 
0.16148003701571803 
0.1614796781370286 
0.16147931926105874 
0.16147896038780851 
0.16147860151727786 
0.16147824264946686 
0.16147788378437555 
0.16147752492200396 
0.1614771660623521 
0.16147680720542004 
0.16147644835120775 
0.16147608949971534 
0.16147573065094278 
0.16147537180489008 
0.16147501296155733 
0.16147465412094453 
0.16147429528305171 
0.16147393644787894 
0.16147357761542622 
0.16147321878569354 
0.16147285995868099 
0.16147250113438857 
0.16147214231281631 
0.16147178349396424 
0.16147142467783246 
0.16147106586442089 
0.16147070705372965 
0.1614703482457587 
0.16146998944050811 
0.16146963063797787 
0.16146927183816806 
0.16146891304107869 
0.16146855424670981 
0.16146819545506141 
0.16146783666613354 
0.16146747787992627 
0.16146711909643954 
0.16146676031567347 
0.16146640153762806 
0.16146604276230331 
0.16146568398969929 
0.16146532521981602 
0.16146496645265351 
0.16146460768821183 
0.16146424892649092 
0.16146389016749091 
0.16146353141121181 
0.16146317265765364 
0.16146281390681638 
0.16146245515870014 
0.16146209641330497 
0.16146173767063077 
0.16146137893067766 
0.16146102019344566 
0.16146066145893481 
0.16146030272714515 
0.16145994399807667 
0.16145958527172943 
0.16145922654810343 
0.1614588678271987 
0.16145850910901535 
0.1614581503935533 
0.16145779168081265 
0.1614574329707934 
0.16145707426349562 
0.16145671555891927 
0.16145635685706444 
0.16145599815793113 
0.16145563946151942 
0.16145528076782925 
0.16145492207686077 
0.16145456338861389 
0.16145420470308872 
0.16145384602028526 
0.16145348734020354 
0.16145312866284359 
0.16145276998820543 
0.16145241131628912 
0.16145205264709467 
0.16145169398062217 
0.16145133531687156 
0.16145097665584288 
0.16145061799753618 
0.16145025934195154 
0.1614499006890889 
0.16144954203894837 
0.16144918339152994 
0.16144882474683364 
0.16144846610485955 
0.16144810746560762 
0.16144774882907792 
0.16144739019527049 
0.16144703156418536 
0.16144667293582254 
0.16144631431018208 
0.161445955687264 
0.16144559706706829 
0.16144523844959507 
0.16144487983484429 
0.16144452122281602 
0.1614441626135103 
0.16144380400692712 
0.16144344540306654 
0.16144308680192862 
0.16144272820351332 
0.16144236960782068 
0.16144201101485076 
0.16144165242460359 
0.16144129383707922 
0.16144093525227768 
0.16144057667019893 
0.16144021809084305 
0.16143985951421005 
0.16143950094030002 
0.16143914236911291 
0.1614387838006488 
0.1614384252349077 
0.16143806667188965 
0.16143770811159469 
0.16143734955402284 
0.16143699099917408 
0.16143663244704853 
0.1614362738976462 
0.16143591535096705 
0.16143555680701119 
0.16143519826577865 
0.16143483972726938 
0.16143448119148349 
0.16143412265842097 
0.16143376412808183 
0.16143340560046618 
0.16143304707557399 
0.16143268855340528 
0.16143233003396013 
0.16143197151723854 
0.16143161300324049 
0.1614312544919661 
0.1614308959834154 
0.16143053747758832 
0.161430178974485 
0.16142982047410542 
0.16142946197644964 
0.16142910348151762 
0.16142874498930943 
0.16142838649982513 
0.16142802801306472 
0.16142766952902826 
0.16142731104771574 
0.1614269525691272 
0.16142659409326268 
0.1614262356201222 
0.1614258771497058 
0.16142551868201352 
0.16142516021704537 
0.16142480175480139 
0.16142444329528163 
0.16142408483848608 
0.16142372638441477 
0.16142336793306777 
0.16142300948444513 
0.1614226510385468 
0.16142229259537286 
0.16142193415492334 
0.16142157571719828 
0.16142121728219766 
0.16142085884992152 
0.16142050042036993 
0.16142014199354293 
0.16141978356944051 
0.16141942514806271 
0.16141906672940959 
0.1614187083134811 
0.16141834990027734 
0.16141799148979835 
0.1614176330820441 
0.16141727467701469 
0.16141691627471011 
0.1614165578751304 
0.16141619947827562 
0.16141584108414572 
0.16141548269274078 
0.16141512430406083 
0.16141476591810588 
0.16141440753487599 
0.16141404915437121 
0.16141369077659154 
0.16141333240153699 
0.1614129740292076 
0.16141261565960335 
0.16141225729272443 
0.16141189892857072 
0.16141154056714233 
0.16141118220843925 
0.16141082385246153 
0.16141046549920918 
0.16141010714868223 
0.16140974880088077 
0.16140939045580474 
0.16140903211345423 
0.16140867377382925 
0.16140831543692985 
0.16140795710275602 
0.16140759877130784 
0.16140724044258525 
0.16140688211658838 
0.16140652379331724 
0.16140616547277184 
0.16140580715495223 
0.16140544883985841 
0.16140509052749044 
0.16140473221784832 
0.1614043739109321 
0.16140401560674184 
0.1614036573052775 
0.16140329900653916 
0.16140294071052685 
0.16140258241724059 
0.1614022241266804 
0.1614018658388463 
0.16140150755373836 
0.16140114927135657 
0.16140079099170102 
0.16140043271477167 
0.16140007444056861 
0.16139971616909182 
0.16139935790034135 
0.16139899963431723 
0.1613986413710195 
0.16139828311044821 
0.16139792485260332 
0.16139756659748491 
0.16139720834509305 
0.1613968500954277 
0.16139649184848887 
0.16139613360427665 
0.16139577536279109 
0.16139541712403216 
0.16139505888799993 
0.16139470065469444 
0.16139434242411568 
0.16139398419626366 
0.16139362597113846 
0.1613932677487401 
0.16139290952906862 
0.16139255131212404 
0.16139219309790639 
0.16139183488641573 
0.16139147667765202 
0.16139111847161533 
0.16139076026830571 
0.16139040206772312 
0.16139004386986769 
0.16138968567473938 
0.16138932748233825 
0.16138896929266433 
0.16138861110571762 
0.16138825292149817 
0.16138789474000603 
0.16138753656124119 
0.16138717838520375 
0.16138682021189366 
0.16138646204131099 
0.16138610387345576 
0.161385745708328 
0.16138538754592777 
0.16138502938625507 
0.16138467122930991 
0.16138431307509238 
0.16138395492360247 
0.16138359677484021 
0.16138323862880563 
0.16138288048549876 
0.16138252234491965 
0.16138216420706827 
0.16138180607194474 
0.16138144793954906 
0.16138108980988128 
0.16138073168294134 
0.16138037355872933 
0.16138001543724531 
0.16137965731848924 
0.16137929920246127 
0.16137894108916129 
0.16137858297858942 
0.16137822487074566 
0.16137786676563004 
0.16137750866324255 
0.16137715056358329 
0.16137679246665226 
0.1613764343724495 
0.16137607628097503 
0.1613757181922289 
0.16137536010621109 
0.16137500202292168 
0.16137464394236067 
0.16137428586452812 
0.16137392778942408 
0.16137356971704853 
0.16137321164740154 
0.16137285358048309 
0.16137249551629318 
0.16137213745483198 
0.16137177939609937 
0.16137142134009547 
0.16137106328682033 
0.16137070523627389 
0.16137034718845625 
0.16136998914336742 
0.16136963110100744 
0.16136927306137627 
0.16136891502447409 
0.16136855699030078 
0.16136819895885643 
0.16136784093014112 
