0.37432771704457163 
0.37432409722373006 
0.29015179056198154 
0.23182860043921263 
0.15668945653619784 
0.15594942356662808 
0.11995288828077205 
0.1181096103583241 
0.10269090813961822 
0.1025834431202525 
0.095356017720114636 
0.095312447455935784 
0.093673502492600397 
0.093091136868950666 
0.092382980105576037 
0.092176605308153484 
0.091862063926049287 
0.09180143778045402 
0.091654135761112018 
0.0916452688918339 
0.091572252117965422 
0.090480651638249907 
0.090414255671559876 
0.089861294006448142 
0.089857373052883729 
0.089659930822302822 
0.089658003342424186 
0.089562671445240993 
0.089561775514113595 
0.089532383052785908 
0.089529970188084992 
0.089514913614698252 
0.089514474048108514 
0.089508730817505197 
0.089508369548126326 
0.089505500734221102 
0.089505151967890759 
0.089504041229576059 
0.089503646945033016 
0.089502935011184906 
0.089502606739193413 
0.089502116141877155 
0.089501786148140222 
0.089501405468072726 
0.089501072713860888 
0.08950072096078239 
0.089500392625355099 
0.08950005440904836 
0.089499726861591355 
0.089499394836409729 
0.089499067158543083 
0.089498737947607293 
0.089498410051440019 
0.089498082085231551 
0.089497754073654748 
0.089497426394503532 
0.089497098726952273 
0.089496771068052761 
0.089496443417784399 
0.089496115776147162 
0.089495788143141047 
0.089495460518766098 
0.089495132903022398 
0.089494805295909988 
0.089494477697428923 
0.089494150107579384 
0.089493822526361302 
0.089493494953774788 
0.089493167389819855 
0.089492839834496615 
0.089492512287805165 
0.089492184749745518 
0.089491857220317717 
0.08949152969952183 
0.089491202187357913 
0.089490874683826035 
0.089490547188926323 
0.089490219702658788 
0.08948989222502346 
0.089489564756020434 
0.089489237295649726 
0.089488909843911529 
0.089488582400805788 
0.089488254966332573 
0.089487927540491952 
0.089487600123283981 
0.089487272714708715 
0.089486945314766322 
0.089486617923456746 
0.089486290540780083 
0.089485963166736376 
0.08948563580132568 
0.089485308444548162 
0.089484981096403793 
0.089484653756892629 
0.089484326426014713 
0.08948399910377014 
0.089483671790158953 
0.089483344485181304 
0.089483017188837152 
0.089482689901126594 
0.089482362622049672 
0.08948203535160644 
0.089481708089797066 
0.089481380836621494 
0.089481053592079821 
0.089480726356172074 
0.089480399128898339 
0.089480071910258682 
0.089479744700253216 
0.089479417498881969 
0.089479090306144954 
0.089478763122042268 
0.089478435946573939 
0.089478108779740148 
0.089477781621540853 
0.089477454471976109 
0.089477127331045986 
0.089476800198750553 
0.089476473075089866 
0.089476145960064063 
0.089475818853673117 
0.089475491755917111 
0.089475164666796114 
0.089474837586310155 
0.089474510514459385 
0.089474183451243805 
0.08947385639666347 
0.089473529350718409 
0.089473202313408717 
0.089472875284734438 
0.08947254826469575 
0.0894722212532926 
0.089471894250525055 
0.089471567256393172 
0.089471240270897034 
0.089470913294036752 
0.089470586325812326 
0.089470259366223825 
0.089469932415271292 
0.089469605472954794 
0.089469278539274402 
0.089468951614230269 
0.089468624697822338 
0.089468297790050694 
0.089467970890915405 
0.089467644000416527 
0.089467317118554185 
0.089466990245328379 
0.08946666338073915 
0.089466336524786583 
0.089466009677470759 
0.08946568283879168 
0.089465356008749539 
0.089465029187344294 
0.089464702374576002 
0.089464375570444732 
0.089464048774950553 
0.089463721988093575 
0.089463395209873842 
0.08946306844029138 
0.089462741679346244 
0.089462414927038492 
0.089462088183368205 
0.089461761448335522 
0.089461434721940403 
0.089461108004182929 
0.089460781295063158 
0.089460454594581157 
0.089460127902737052 
0.089459801219530843 
0.089459474544962572 
0.089459147879032308 
0.08945882122174012 
0.08945849457308605 
0.089458167933070279 
0.08945784130169275 
0.089457514678953534 
0.089457188064852713 
0.089456861459390302 
0.089456534862566495 
0.089456208274381249 
0.089455881694834635 
0.089455555123926708 
0.08945522856165751 
0.089454902008027137 
0.089454575463035702 
0.089454248926683202 
0.08945392239896971 
0.089453595879895265 
0.089453269369459951 
0.089452942867663879 
0.089452616374507063 
0.089452289889989545 
0.08945196341411138 
0.089451636946872651 
0.0894513104882734 
0.08945098403831378 
0.089450657596993777 
0.089450331164313446 
0.089450004740272843 
0.089449678324872037 
0.089449351918111181 
0.089449025519990233 
0.089448699130509249 
0.08944837274966834 
0.089448046377467505 
0.089447720013906828 
0.08944739365898649 
0.089447067312706421 
0.089446740975066705 
0.089446414646067396 
0.089446088325708564 
0.089445762013990349 
0.089445435710912735 
0.089445109416475765 
0.089444783130679523 
0.089444456853524063 
0.089444130585009426 
0.089443804325135795 
0.089443478073903113 
0.089443151831311463 
0.089442825597360914 
0.089442499372051509 
0.089442173155383387 
0.089441846947356546 
0.089441520747971043 
0.089441194557226933 
0.089440868375124272 
0.089440542201663129 
0.08944021603684367 
0.089439889880665854 
0.089439563733129709 
0.08943923759423536 
0.089438911463982834 
0.08943858534237227 
0.089438259229403655 
0.089437933125077071 
0.089437607029392546 
0.08943728094235015 
0.089436954863949952 
0.089436628794192105 
0.089436302733076567 
0.089435976680603421 
0.089435650636772723 
0.089435324601584515 
0.089434998575038963 
0.089434672557136038 
0.089434346547875812 
0.089434020547258325 
0.089433694555283647 
0.089433368571951846 
0.089433042597263077 
0.089432716631217282 
0.089432390673814574 
0.08943206472505498 
0.089431738784938555 
0.089431412853465453 
0.089431086930635673 
0.089430761016449242 
0.089430435110906259 
0.089430109214006751 
0.0894297833257508 
0.089429457446138561 
0.08942913157516999 
0.089428805712845144 
0.089428479859164106 
0.089428154014126918 
0.089427828177733745 
0.089427502349984547 
0.089427176530879393 
0.089426850720418352 
0.089426524918601466 
0.089426199125428818 
0.089425873340900547 
0.089425547565016639 
0.089425221797777121 
0.089424896039182106 
0.089424570289231606 
0.089424244547925802 
0.089423918815264652 
0.089423593091248213 
0.089423267375876581 
0.089422941669149783 
0.089422615971067876 
0.089422290281631053 
0.089421964600839232 
0.089421638928692523 
0.089421313265190969 
0.08942098761033461 
0.089420661964123613 
0.089420336326557964 
0.08942001069763772 
0.089419685077362934 
0.089419359465733664 
0.089419033862749978 
0.089418708268412028 
0.089418382682719788 
0.089418057105673313 
0.089417731537272671 
0.089417405977517919 
0.08941708042640921 
0.089416754883946514 
0.089416429350129875 
0.089416103824959403 
0.089415778308435126 
0.089415452800557099 
0.089415127301325489 
0.089414801810740269 
0.089414476328801493 
0.089414150855509217 
0.089413825390863524 
0.08941349993486454 
0.089413174487512237 
0.089412849048806711 
0.089412523618747991 
0.08941219819733616 
0.089411872784571245 
0.089411547380453427 
0.089411221984982678 
0.089410896598159054 
0.08941057121998261 
0.089410245850453415 
0.089409920489571623 
0.089409595137337178 
0.08940926979375019 
0.089408944458810688 
0.089408619132518755 
0.089408293814874501 
0.089407968505877941 
0.089407643205529116 
0.089407317913828083 
0.089406992630774923 
0.089406667356369693 
0.089406342090612531 
0.089406016833503424 
0.089405691585042413 
0.089405366345229581 
0.089405041114064998 
0.089404715891548775 
0.089404390677680898 
0.089404065472461464 
0.0894037402758905 
0.089403415087968091 
0.089403089908694264 
0.089402764738069199 
0.089402439576092854 
0.089402114422765286 
0.089401789278086591 
0.089401464142056797 
0.089401139014676057 
0.08940081389594437 
0.089400488785861751 
0.08940016368442831 
0.089399838591644076 
0.089399513507509132 
0.089399188432023616 
0.089398863365187486 
0.089398538307000841 
0.089398213257463707 
0.089397888216576182 
0.089397563184338377 
0.089397238160750292 
0.089396913145811982 
0.089396588139523489 
0.089396263141884924 
0.089395938152896301 
0.089395613172557786 
0.089395288200869352 
0.089394963237831054 
0.089394638283442948 
0.089394313337705145 
0.089393988400617741 
0.089393663472180709 
0.089393338552394147 
0.089393013641258096 
0.089392688738772624 
0.089392363844937775 
0.089392038959753728 
0.089391714083220428 
0.08939138921533793 
0.089391064356106345 
0.089390739505525674 
0.089390414663596124 
0.08939008983031764 
0.089389765005690264 
0.089389440189714092 
0.089389115382389181 
0.089388790583715572 
0.089388465793693431 
0.089388141012322717 
0.089387816239603513 
0.089387491475535846 
0.089387166720119829 
0.089386841973355571 
0.08938651723524306 
0.089386192505782364 
0.089385867784973524 
0.089385543072816612 
0.089385218369311695 
0.089384893674458926 
0.089384568988258264 
0.089384244310709779 
0.089383919641813539 
0.089383594981569586 
0.089383270329978087 
0.089382945687039014 
0.089382621052752409 
0.089382296427118368 
0.089381971810136934 
0.089381647201808162 
0.089381322602132218 
0.089380998011109061 
0.089380673428738761 
0.089380348855021372 
0.089380024289956964 
0.089379699733545676 
0.089379375185787494 
0.089379050646682473 
0.08937872611623067 
0.089378401594432166 
0.089378077081286991 
0.089377752576795325 
0.089377428080957139 
0.089377103593772461 
0.089376779115241403 
0.089376454645363992 
0.089376130184140368 
0.089375805731570529 
0.089375481287654546 
0.089375156852392446 
0.089374832425784312 
0.089374508007830214 
0.089374183598530277 
0.0893738591978845 
0.089373534805892926 
0.089373210422555624 
0.089372886047872663 
0.089372561681844168 
0.089372237324470138 
0.089371912975750631 
0.0893715886356857 
0.089371264304275402 
0.08937093998151982 
0.089370615667419093 
0.089370291361973192 
0.08936996706518216 
0.089369642777046079 
0.089369318497565034 
0.089368994226739135 
0.089368669964568367 
0.089368345711052802 
0.089368021466192465 
0.089367697229987483 
0.089367373002437869 
0.08936704878354379 
0.08936672457330519 
0.089366400371722193 
0.089366076178794801 
0.08936575199452311 
0.089365427818907245 
0.089365103651947192 
0.089364779493643021 
0.089364455343994786 
0.089364131203002531 
0.089363807070666365 
0.089363482946986386 
0.089363158831962594 
0.089362834725595044 
0.089362510627883807 
0.089362186538828922 
0.089361862458430558 
0.089361538386688671 
0.089361214323603375 
0.089360890269174653 
0.089360566223402618 
0.089360242186287339 
0.089359918157828913 
0.089359594138027368 
0.089359270126882745 
0.0893589461243951 
0.089358622130564502 
0.089358298145391091 
0.089357974168874865 
0.089357650201015854 
0.089357326241814139 
0.089357002291269763 
0.089356678349382823 
0.089356354416153416 
0.089356030491581584 
0.089355706575667326 
0.089355382668410754 
0.089355058769811882 
0.08935473487987089 
0.089354410998587736 
0.089354087125962503 
0.089353763261995234 
0.089353439406685983 
0.089353115560034835 
0.089352791722041927 
0.089352467892707246 
0.089352144072030834 
0.08935182026001276 
0.089351496456653093 
0.089351172661951972 
0.089350848875909356 
0.089350525098525355 
0.089350201329799983 
0.089349877569733324 
0.089349553818325433 
0.089349230075576477 
0.0893489063414864 
0.089348582616055272 
0.089348258899283189 
0.089347935191170166 
0.089347611491716356 
0.089347287800921771 
0.089346964118786454 
0.089346640445310446 
0.089346316780493817 
0.089345993124336651 
0.089345669476839099 
0.089345345838001092 
0.089345022207822714 
0.089344698586304061 
0.089344374973445134 
0.089344051369246127 
0.089343727773706999 
0.089343404186827804 
0.089343080608608627 
0.089342757039049508 
0.089342433478150532 
0.089342109925911808 
0.089341786382333352 
0.08934146284741519 
0.089341139321157406 
0.089340815803560056 
0.089340492294623292 
0.0893401687943471 
0.089339845302731508 
0.089339521819776599 
0.089339198345482443 
0.089338874879849081 
0.08933855142287668 
0.089338227974565212 
0.089337904534914719 
0.089337581103925284 
0.089337257681596963 
0.089336934267929921 
0.08933661086292409 
0.089336287466579567 
0.089335964078896393 
0.089335640699874652 
0.089335317329514385 
0.08933499396781576 
0.089334670614778733 
0.089334347270403375 
0.089334023934689755 
0.089333700607637914 
0.08933337728924802 
0.08933305397952003 
0.089332730678454014 
0.089332407386050056 
0.089332084102308182 
0.089331760827228476 
0.089331437560811064 
0.089331114303055945 
0.089330791053963188 
0.089330467813532821 
0.089330144581764914 
0.089329821358659647 
0.089329498144216965 
0.089329174938436937 
0.089328851741319618 
0.089328528552865077 
0.089328205373073372 
0.089327882201944667 
0.089327559039478907 
0.08932723588567619 
0.089326912740536557 
0.089326589604060064 
0.089326266476246877 
0.08932594335709694 
0.089325620246610352 
0.089325297144787152 
0.089324974051627398 
0.089324650967131172 
0.089324327891298613 
0.089324004824129694 
0.089323681765624469 
0.089323358715783022 
0.089323035674605381 
0.089322712642091739 
0.089322389618242029 
0.089322066603056333 
0.089321743596534706 
0.089321420598677204 
0.08932109760948391 
0.089320774628954963 
0.089320451657090322 
0.089320128693890055 
0.089319805739354247 
0.089319482793482952 
0.089319159856276281 
0.089318836927734249 
0.089318514007856911 
0.089318191096644323 
0.089317868194096539 
0.08931754530021363 
0.089317222414995748 
0.089316899538442851 
0.089316576670555023 
0.089316253811332319 
0.089315930960774795 
0.089315608118882589 
0.089315285285655702 
0.089314962461094161 
0.089314639645198063 
0.089314316837967464 
0.089313994039402406 
0.089313671249503054 
0.089313348468269355 
0.089313025695701417 
0.089312702931799257 
0.089312380176562983 
0.089312057429992708 
0.089311734692088404 
0.089311411962850154 
0.089311089242278013 
0.089310766530372024 
0.089310443827132366 
0.089310121132558998 
0.089309798446651975 
0.089309475769411367 
0.089309153100837257 
0.08930883044092966 
0.089308507789688768 
0.089308185147114527 
0.089307862513207006 
0.089307539887966275 
0.089307217271392389 
0.089306894663485487 
0.089306572064245582 
0.089306249473672689 
0.08930592689176689 
0.089305604318528242 
0.089305281753956828 
0.089304959198052758 
0.089304636650816033 
0.089304314112246708 
0.089303991582344852 
0.089303669061110522 
0.089303346548543869 
0.089303024044644838 
0.089302701549413541 
0.089302379062850018 
0.089302056584954312 
0.089301734115726519 
0.089301411655166765 
0.089301089203274994 
0.089300766760051345 
0.089300444325495817 
0.089300121899608495 
0.089299799482389516 
0.089299477073838882 
0.089299154673956618 
0.08929883228274281 
0.089298509900197526 
0.089298187526320807 
0.089297865161112794 
0.089297542804573499 
0.08929722045670295 
0.089296898117501217 
0.089296575786968369 
0.089296253465104558 
0.089295931151909744 
0.089295608847383995 
0.089295286551527381 
0.089294964264339943 
0.089294641985821779 
0.089294319715973 
0.089293997454793592 
0.089293675202283609 
0.089293352958443137 
0.089293030723272243 
0.089292708496771026 
0.089292386278939498 
0.08929206406977773 
0.089291741869285762 
0.089291419677463665 
0.089291097494311494 
0.089290775319829388 
0.089290453154017346 
0.089290130996875411 
0.089289808848403651 
0.08928948670860215 
0.08928916457747102 
0.089288842455010245 
0.089288520341219896 
0.089288198236100041 
0.08928787613965071 
0.089287554051872012 
0.089287231972764058 
0.089286909902326836 
0.0892865878405604 
0.089286265787464833 
0.089285943743040178 
0.089285621707286572 
0.089285299680204017 
0.089284977661792567 
0.089284655652052278 
0.089284333650983205 
0.089284011658585433 
0.089283689674859085 
0.089283367699804148 
0.089283045733420677 
0.089282723775708742 
0.089282401826668398 
0.089282079886299798 
0.089281757954602928 
0.089281436031577829 
0.089281114117224572 
0.089280792211543211 
0.089280470314533816 
0.08928014842619654 
0.089279826546531341 
0.089279504675538301 
0.089279182813217478 
0.089278860959568926 
0.089278539114592784 
0.089278217278289038 
0.089277895450657757 
0.089277573631698998 
0.089277251821412815 
0.089276930019799278 
0.089276608226858525 
0.08927628644259053 
0.089275964666995389 
0.089275642900073102 
0.089275321141823807 
0.089274999392247589 
0.089274677651344447 
0.089274355919114451 
0.089274034195557628 
0.089273712480674089 
0.089273390774463862 
0.0892730690769271 
0.089272747388063775 
0.08927242570787397 
0.089272104036357741 
0.089271782373515129 
0.089271460719346302 
0.089271139073851216 
0.089270817437029942 
0.089270495808882563 
0.089270174189409121 
0.089269852578609657 
0.089269530976484365 
0.089269209383033177 
0.089268887798256175 
0.089268566222153442 
0.089268244654724993 
0.089267923095971008 
0.089267601545891459 
0.089267280004486388 
0.089266958471755892 
0.089266636947699984 
0.089266315432318791 
0.089265993925612394 
0.089265672427580808 
0.089265350938224075 
0.089265029457542291 
0.089264707985535471 
0.089264386522203809 
0.089264065067547235 
0.089263743621565847 
0.089263422184259686 
0.089263100755628808 
0.089262779335673295 
0.089262457924393301 
0.089262136521788771 
0.089261815127859773 
0.089261493742606404 
0.089261172366028679 
0.089260850998126778 
0.08926052963890066 
0.089260208288350407 
0.089259886946476047 
0.089259565613277664 
0.089259244288755313 
0.089258922972909147 
0.089258601665739137 
0.089258280367245355 
0.089257959077427854 
0.08925763779628669 
0.089257316523822031 
0.08925699526003382 
0.08925667400492214 
0.089256352758487062 
0.089256031520728626 
0.089255710291646917 
0.089255389071242058 
0.089255067859514037 
0.089254746656462922 
0.089254425462088754 
0.089254104276391605 
0.089253783099371625 
0.089253461931028802 
0.08925314077136319 
0.089252819620374846 
0.089252498478063824 
0.089252177344430195 
0.08925185621947411 
0.089251535103195528 
0.089251213995594533 
0.08925089289667118 
0.089250571806425524 
0.089250250724857719 
0.089249929651967722 
0.08924960858775563 
0.089249287532221486 
0.08924896648536533 
0.089248645447187261 
0.089248324417687416 
0.089248003396865741 
0.089247682384722332 
0.089247361381257259 
0.089247040386470536 
0.089246719400362357 
0.08924639842293268 
0.089246077454181547 
0.089245756494109069 
0.08924543554271526 
0.089245114600000217 
0.089244793665964051 
0.089244472740606762 
0.089244151823928419 
0.089243830915929065 
0.089243510016608754 
0.089243189125967667 
0.089242868244005749 
0.089242547370723083 
0.08924222650611971 
0.089241905650195713 
0.089241584802951149 
0.089241263964386142 
0.089240943134500705 
0.089240622313294868 
0.089240301500768698 
0.08923998069692228 
0.089239659901755738 
0.089239339115269059 
0.089239018337462298 
0.089238697568335523 
0.089238376807888792 
0.089238056056122159 
0.08923773531303579 
0.089237414578629645 
0.089237093852903793 
0.089236773135858288 
0.089236452427493215 
0.089236131727808699 
0.08923581103680471 
0.08923549035448132 
0.089235169680838597 
0.089234849015876611 
0.089234528359595375 
0.089234207711995112 
0.089233887073075724 
0.089233566442837323 
0.08923324582127995 
0.089232925208403674 
0.089232604604208648 
0.089232284008694804 
0.089231963421862265 
0.089231642843711059 
0.089231322274241257 
0.089231001713452912 
0.089230681161346193 
0.089230360617921042 
0.089230040083177559 
0.089229719557115769 
0.089229399039735771 
0.089229078531037676 
0.089228758031021482 
0.089228437539687233 
0.089228117057035011 
0.089227796583064872 
0.089227476117776872 
0.089227155661171162 
0.089226835213247715 
0.089226514774006602 
0.089226194343447876 
0.089225873921571622 
0.089225553508377922 
0.089225233103866833 
0.089224912708038354 
0.089224592320892582 
0.089224271942429573 
0.089223951572649451 
0.089223631211552232 
0.089223310859137941 
0.089222990515406678 
0.089222670180358482 
0.089222349853993396 
0.089222029536311601 
0.08922170922731304 
0.089221388926997811 
0.089221068635365941 
0.089220748352417528 
0.089220428078152697 
0.08922010781257142 
0.089219787555673752 
0.08921946730745979 
0.089219147067929577 
0.089218826837083168 
0.089218506614920701 
0.089218186401442162 
0.089217866196647636 
0.089217546000537162 
0.089217225813110798 
0.089216905634368696 
0.089216585464310841 
0.089216265302937289 
0.089215945150248083 
0.089215625006243318 
0.089215304870923037 
0.089214984744287379 
0.089214664626336343 
0.089214344517069971 
0.089214024416488347 
0.089213704324591497 
0.089213384241379604 
0.089213064166852624 
0.089212744101010613 
0.089212424043853655 
0.08921210399538182 
0.089211783955595134 
0.08921146392449375 
0.089211143902077669 
0.089210823888346918 
0.089210503883301609 
0.089210183886941755 
0.089209863899267522 
0.089209543920278883 
0.089209223949975908 
0.089208903988358665 
0.089208584035427196 
0.089208264091181572 
0.089207944155621929 
0.089207624228748256 
0.08920730431056062 
0.089206984401059078 
0.089206664500243685 
0.089206344608114579 
0.089206024724671776 
0.089205704849915288 
0.089205384983845198 
0.089205065126461577 
0.089204745277764494 
0.089204425437754073 
0.089204105606430273 
0.089203785783793191 
0.089203465969842882 
0.08920314616457943 
0.089202826368002919 
0.089202506580113389 
0.089202186800910868 
0.089201867030395413 
0.089201547268567105 
0.089201227515426015 
0.08920090777097224 
0.089200588035205822 
0.089200268308126773 
0.089199948589735178 
0.089199628880031107 
0.089199309179014669 
0.089198989486685878 
0.089198669803044778 
0.089198350128091422 
0.089198030461825908 
0.089197710804248265 
0.089197391155358643 
0.089197071515157031 
0.089196751883643483 
0.089196432260818068 
0.089196112646680828 
0.089195793041231944 
0.08919547344447136 
0.089195153856399145 
0.08919483427701537 
0.089194514706320102 
0.089194195144313385 
0.089193875590995383 
0.089193556046366043 
0.089193236510425461 
0.089192916983173706 
0.089192597464610793 
0.089192277954736887 
0.089191958453551989 
