0.8322703542127956 
0.8322703542127956 
0.8322703542127956 
0.15032676556016666 
0.15032676556016666 
0.058115781094107428 
0.058115781094107428 
0.058115781094107428 
0.0073815704808096764 
0.0073815704808096764 
0.0073815704808096764 
0.0073815704808096764 
0.0073815704808096764 
0.0073815704808096764 
0.0073815704808096764 
0.0073815704808096764 
0.0073815704808096764 
0.0073815704808096764 
0.0073815704808096764 
0.0073815704808096764 
0.0073815704808096764 
0.0073815704808096764 
0.0073815704808096764 
0.0073815704808096764 
0.0073815704808096764 
0.0073815704808096764 
0.0073815704808096764 
0.0073815704808096764 
0.0073815704808096764 
0.0073815704808096764 
0.0073815704808096764 
0.0069301846577959443 
0.0069301846577959443 
0.00068805764536846239 
0.00068805764536846239 
0.00068805764536846239 
0.00068805764536846239 
0.00068805764536846239 
0.00068805764536846239 
0.00068805764536846239 
0.00068805764536846239 
0.00068805764536846239 
0.00068805764536846239 
0.00068805764536846239 
0.00068805764536846239 
0.00068805764536846239 
0.00068805764536846239 
0.00068805764536846239 
0.00068805764536846239 
0.00068805764536846239 
0.00068805764536846239 
0.00068805764536846239 
0.00068805764536846239 
0.00068805764536846239 
0.00068805764536846239 
0.00068805764536846239 
0.00068805764536846239 
0.00068805764536846239 
9.9990577508251584e-05 
9.9990577508251584e-05 
9.9990577508251584e-05 
9.9990577508251584e-05 
9.9990577508251584e-05 
9.9990577508251584e-05 
9.9990577508251584e-05 
9.9990577508251584e-05 
9.9990577508251584e-05 
9.9990577508251584e-05 
9.9990577508251584e-05 
9.9990577508251584e-05 
9.9990577508251584e-05 
9.9990577508251584e-05 
9.9990577508251584e-05 
9.9990577508251584e-05 
9.9990577508251584e-05 
9.9990577508251584e-05 
9.9990577508251584e-05 
9.9990577508251584e-05 
9.9990577508251584e-05 
9.9990577508251584e-05 
9.9990577508251584e-05 
9.9990577508251584e-05 
9.9990577508251584e-05 
9.947301415250797e-05 
9.947301415250797e-05 
9.947301415250797e-05 
9.947301415250797e-05 
9.947301415250797e-05 
9.947301415250797e-05 
9.947301415250797e-05 
9.947301415250797e-05 
9.947301415250797e-05 
9.947301415250797e-05 
9.947301415250797e-05 
9.947301415250797e-05 
9.947301415250797e-05 
9.947301415250797e-05 
9.947301415250797e-05 
9.947301415250797e-05 
9.947301415250797e-05 
9.947301415250797e-05 
9.947301415250797e-05 
9.947301415250797e-05 
9.947301415250797e-05 
9.947301415250797e-05 
9.947301415250797e-05 
9.947301415250797e-05 
9.947301415250797e-05 
9.947301415250797e-05 
9.947301415250797e-05 
9.947301415250797e-05 
9.947301415250797e-05 
9.947301415250797e-05 
9.947301415250797e-05 
9.947301415250797e-05 
9.947301415250797e-05 
9.947301415250797e-05 
9.947301415250797e-05 
9.947301415250797e-05 
9.947301415250797e-05 
9.947301415250797e-05 
9.947301415250797e-05 
9.947301415250797e-05 
9.947301415250797e-05 
9.947301415250797e-05 
9.947301415250797e-05 
9.947301415250797e-05 
9.947301415250797e-05 
9.947301415250797e-05 
9.947301415250797e-05 
9.947301415250797e-05 
9.947301415250797e-05 
9.947301415250797e-05 
9.947301415250797e-05 
9.947301415250797e-05 
9.947301415250797e-05 
9.947301415250797e-05 
9.947301415250797e-05 
9.947301415250797e-05 
9.947301415250797e-05 
9.947301415250797e-05 
9.947301415250797e-05 
9.947301415250797e-05 
9.947301415250797e-05 
9.947301415250797e-05 
9.947301415250797e-05 
9.947301415250797e-05 
9.947301415250797e-05 
9.947301415250797e-05 
9.947301415250797e-05 
9.947301415250797e-05 
9.947301415250797e-05 
9.947301415250797e-05 
9.947301415250797e-05 
9.947301415250797e-05 
9.947301415250797e-05 
9.947301415250797e-05 
9.947301415250797e-05 
9.947301415250797e-05 
9.947301415250797e-05 
9.947301415250797e-05 
9.947301415250797e-05 
9.947301415250797e-05 
9.947301415250797e-05 
9.947301415250797e-05 
9.947301415250797e-05 
9.947301415250797e-05 
9.947301415250797e-05 
9.947301415250797e-05 
9.947301415250797e-05 
9.947301415250797e-05 
9.947301415250797e-05 
9.947301415250797e-05 
9.947301415250797e-05 
9.947301415250797e-05 
9.947301415250797e-05 
9.947301415250797e-05 
9.947301415250797e-05 
9.947301415250797e-05 
9.947301415250797e-05 
9.947301415250797e-05 
9.947301415250797e-05 
9.947301415250797e-05 
9.947301415250797e-05 
9.947301415250797e-05 
9.947301415250797e-05 
9.947301415250797e-05 
9.947301415250797e-05 
9.947301415250797e-05 
9.947301415250797e-05 
9.947301415250797e-05 
9.947301415250797e-05 
9.947301415250797e-05 
9.947301415250797e-05 
9.947301415250797e-05 
9.947301415250797e-05 
9.947301415250797e-05 
9.947301415250797e-05 
9.947301415250797e-05 
9.947301415250797e-05 
9.947301415250797e-05 
9.947301415250797e-05 
9.947301415250797e-05 
9.947301415250797e-05 
9.947301415250797e-05 
9.947301415250797e-05 
9.947301415250797e-05 
9.947301415250797e-05 
9.947301415250797e-05 
9.947301415250797e-05 
9.9464723471873645e-05 
9.9464723471873645e-05 
9.9464723471873645e-05 
9.9464723471873645e-05 
9.944706270159504e-05 
9.944706270159504e-05 
9.944706270159504e-05 
9.944706270159504e-05 
9.944706270159504e-05 
9.944706270159504e-05 
9.944706270159504e-05 
9.944706270159504e-05 
9.944706270159504e-05 
9.944706270159504e-05 
9.944706270159504e-05 
9.944706270159504e-05 
9.944706270159504e-05 
9.944706270159504e-05 
9.944706270159504e-05 
9.944706270159504e-05 
9.944706270159504e-05 
9.944706270159504e-05 
9.944706270159504e-05 
9.944706270159504e-05 
9.944706270159504e-05 
9.944706270159504e-05 
9.944706270159504e-05 
9.944706270159504e-05 
9.944706270159504e-05 
9.944706270159504e-05 
9.944706270159504e-05 
9.944706270159504e-05 
9.944706270159504e-05 
9.944706270159504e-05 
9.944706270159504e-05 
9.944706270159504e-05 
9.944706270159504e-05 
9.944706270159504e-05 
9.944706270159504e-05 
9.944706270159504e-05 
9.944706270159504e-05 
9.944706270159504e-05 
9.944706270159504e-05 
9.944706270159504e-05 
9.944706270159504e-05 
9.944706270159504e-05 
9.944706270159504e-05 
9.944706270159504e-05 
9.944706270159504e-05 
9.944706270159504e-05 
9.944706270159504e-05 
9.944706270159504e-05 
9.944706270159504e-05 
9.944706270159504e-05 
9.9447046134674665e-05 
9.9447046134674665e-05 
9.9447046134674665e-05 
9.9447046134674665e-05 
9.9447044488137538e-05 
9.9447044488137538e-05 
9.9447044488137538e-05 
9.9447044488137538e-05 
9.9447042865840853e-05 
9.9447042865840853e-05 
9.9447042865840853e-05 
9.9447042865840853e-05 
9.9447042212209597e-05 
9.9447042212209597e-05 
9.9447042212209597e-05 
9.9447042212209597e-05 
9.9447041441400779e-05 
9.9447041441400779e-05 
9.9447041441400779e-05 
9.9447041441400779e-05 
9.9447041209423364e-05 
9.9447041209423364e-05 
9.9447041209423364e-05 
9.9447041209423364e-05 
9.9447040840225419e-05 
9.9447040840225419e-05 
9.9447040840225419e-05 
9.9447040840225419e-05 
9.9447040775537188e-05 
9.9447040775537188e-05 
9.9447040775537188e-05 
9.9447040775537188e-05 
9.9447040595622186e-05 
9.9447040595622186e-05 
9.9447040595622186e-05 
9.9447040595622186e-05 
9.9447040590411618e-05 
9.9447040590411618e-05 
9.9447040590411618e-05 
9.9447040590411618e-05 
9.9447040500487497e-05 
9.9447040500487497e-05 
9.9447040500487497e-05 
9.9447040500487497e-05 
9.9447040500487497e-05 
9.9447040500487497e-05 
9.9447040500487497e-05 
9.9447040495215591e-05 
9.9447040495215591e-05 
9.9447040495215591e-05 
9.9447040495215591e-05 
9.9447040454547086e-05 
9.9447040454547086e-05 
9.9447040454547086e-05 
9.9447040454547086e-05 
9.9447040454547086e-05 
9.9447040454547086e-05 
9.9447040454547086e-05 
9.9447040454136987e-05 
9.9447040454136987e-05 
9.9447040454136987e-05 
9.9447040454136987e-05 
9.9447040454136987e-05 
9.9447040454136987e-05 
9.9447040454136987e-05 
9.9447040453996827e-05 
9.9447040453996827e-05 
9.9447040453996827e-05 
9.9447040453996827e-05 
9.9447040450846108e-05 
9.9447040450846108e-05 
9.9447040450846108e-05 
9.9447040450846108e-05 
9.9447040450846108e-05 
9.9447040450846108e-05 
9.9447040450846108e-05 
9.9447040450846108e-05 
9.9447040450846108e-05 
9.9447040450846108e-05 
9.9447040450846108e-05 
9.9447040450846108e-05 
9.9447040450846108e-05 
9.9447040450846108e-05 
9.9447040450846108e-05 
9.9447040450846108e-05 
9.9447040450846108e-05 
9.9447040450846108e-05 
9.9447040450716614e-05 
9.9447040450716614e-05 
9.9447040450716614e-05 
9.9447040450716614e-05 
9.9447040450716614e-05 
9.9447040450716614e-05 
9.9447040450716614e-05 
9.9447040450716614e-05 
9.9447040450716614e-05 
9.9447040450716614e-05 
9.9447040450716614e-05 
9.9447040450699673e-05 
9.9447040450699673e-05 
9.9447040450699673e-05 
9.9447040450699673e-05 
9.9447040450698968e-05 
9.9447040450698968e-05 
9.9447040450698968e-05 
9.9447040450698968e-05 
9.944704045069329e-05 
9.944704045069329e-05 
9.944704045069329e-05 
9.944704045069329e-05 
9.944704045069329e-05 
9.944704045069329e-05 
9.944704045069329e-05 
9.9447040450690173e-05 
9.9447040450690173e-05 
9.9447040450690173e-05 
9.9447040450690173e-05 
9.9447040450688804e-05 
9.9447040450688804e-05 
9.9447040450688804e-05 
9.9447040450688804e-05 
9.9447040450688804e-05 
9.9447040450688804e-05 
9.9447040450688804e-05 
9.9447040450688804e-05 
9.9447040450688804e-05 
9.9447040450688804e-05 
9.944704045068776e-05 
9.9447040450687313e-05 
9.9447040450687313e-05 
9.9447040450687313e-05 
9.9447040450686554e-05 
9.9447040450685849e-05 
9.9447040450685849e-05 
9.9447040450685849e-05 
9.9447040450685741e-05 
9.9447040450684847e-05 
9.9447040450682285e-05 
9.9447040450682285e-05 
9.9447040450682163e-05 
9.9447040450681431e-05 
9.9447040450680374e-05 
9.9447040450678518e-05 
9.9447040450678518e-05 
9.9447040450678518e-05 
9.9447040450678518e-05 
9.9447040450678518e-05 
9.9447040450678518e-05 
9.9447040450678518e-05 
9.9447040450678518e-05 
9.9447040450678423e-05 
9.9447040450678192e-05 
9.9447040450677149e-05 
9.9447040450677149e-05 
9.9447040450676078e-05 
9.9447040450674438e-05 
9.9447040450674438e-05 
9.9447040450674438e-05 
9.9447040450674438e-05 
9.9447040450674411e-05 
9.9447040450674411e-05 
9.9447040450674411e-05 
9.9447040450673815e-05 
9.9447040450673815e-05 
9.9447040450673815e-05 
9.9447040450673815e-05 
9.9447040450673571e-05 
9.944704045067227e-05 
9.9447040450671199e-05 
9.9447040450671199e-05 
9.9447040450671199e-05 
9.9447040450671199e-05 
9.9447040450669424e-05 
9.9447040450669424e-05 
9.9447040450669424e-05 
9.9447040450669424e-05 
9.9447040450668611e-05 
9.9447040450668611e-05 
9.9447040450668611e-05 
9.9447040450668611e-05 
9.9447040450668516e-05 
9.9447040450668516e-05 
9.9447040450668516e-05 
9.9447040450668516e-05 
9.9447040450668516e-05 
9.9447040450668001e-05 
9.9447040450667093e-05 
9.9447040450666171e-05 
9.9447040450665575e-05 
9.9447040450664965e-05 
9.944704045066468e-05 
9.9447040450664369e-05 
9.9447040450664071e-05 
9.9447040450663759e-05 
9.9447040450663447e-05 
9.9447040450663447e-05 
9.9447040450663447e-05 
9.9447040450663447e-05 
9.9447040450663447e-05 
9.9447040450663447e-05 
9.9447040450663447e-05 
9.9447040450663447e-05 
9.9447040450663447e-05 
9.9447040450663447e-05 
9.7699187854013162e-05 
9.7699187854013162e-05 
9.7699187854013162e-05 
9.7699187854013162e-05 
9.7514323000250991e-05 
9.7341313305831178e-05 
9.7262115626122343e-05 
9.7237680749749801e-05 
9.7237680749749801e-05 
9.7237680749749801e-05 
9.7237406890732117e-05 
9.7237406890732117e-05 
9.7237406890732117e-05 
9.7237060930605279e-05 
9.7237060930605279e-05 
9.7237060930605279e-05 
9.7237060930605279e-05 
9.7237060930605279e-05 
9.7237060930605279e-05 
9.7237060930605279e-05 
9.7237046730850937e-05 
9.7237046730850937e-05 
9.7237046730850937e-05 
9.7237037596273646e-05 
9.7237037596273646e-05 
9.7237037596273646e-05 
9.723703214579318e-05 
9.7110369214637471e-05 
9.6780027181862154e-05 
9.6568029441533427e-05 
9.6497016516055594e-05 
9.6497016516055594e-05 
9.6497016516055594e-05 
9.6497016516055594e-05 
9.6497016516055594e-05 
9.6497016516055594e-05 
9.6497016516055594e-05 
9.6356153913540127e-05 
9.6356153913540127e-05 
9.6356153913540127e-05 
9.6356153913540127e-05 
9.6356153913540127e-05 
9.6356153913540127e-05 
9.6356153913540127e-05 
9.634836612950522e-05 
9.634836612950522e-05 
9.634836612950522e-05 
9.6345034364480689e-05 
9.6345034364480689e-05 
9.6345034364480689e-05 
9.6341994531460364e-05 
9.6341994531460364e-05 
9.6341994531460364e-05 
9.6341994531460364e-05 
9.6341994531460364e-05 
9.6341994531460364e-05 
9.6341994531460364e-05 
9.6341815292247008e-05 
9.6341815292247008e-05 
9.6341815292247008e-05 
9.6341686068650436e-05 
9.6341686068650436e-05 
9.6341686068650436e-05 
9.6341666706484811e-05 
9.6341666706484811e-05 
9.6341666706484811e-05 
9.6341650481908238e-05 
9.6341650481908238e-05 
9.6341650481908238e-05 
9.6341650481908238e-05 
9.6341650481908238e-05 
9.6341650481908238e-05 
9.6341650481908238e-05 
9.6341649419769241e-05 
9.6341649419769241e-05 
9.6341649419769241e-05 
9.6341648692268458e-05 
9.6341648692268458e-05 
9.6341648692268458e-05 
9.6341648620689878e-05 
9.6341648620689878e-05 
9.6341648620689878e-05 
9.6341648521821929e-05 
9.6341648521821929e-05 
9.6341648521821929e-05 
9.6341648521821929e-05 
9.6341648521821929e-05 
9.6341648521821929e-05 
9.6341648521821929e-05 
9.6341648517517646e-05 
9.6341648517517646e-05 
9.6341648517517646e-05 
9.6341648517517646e-05 
9.6341648517517646e-05 
9.6341648517517646e-05 
9.6341648517517646e-05 
9.6341648516353986e-05 
9.6341648516353986e-05 
9.6341648516353986e-05 
9.6341648515579784e-05 
9.6341648515579784e-05 
9.6341648515579784e-05 
9.6341648515575e-05 
9.6341648515575e-05 
9.6341648515575e-05 
9.6341648515455006e-05 
9.6341648515455006e-05 
9.6341648515455006e-05 
9.6341648515455006e-05 
9.6341648515455006e-05 
9.6341648515455006e-05 
9.6341648515455006e-05 
9.6341648515452932e-05 
9.6341648515452932e-05 
9.6341648515452932e-05 
9.6341648515452932e-05 
9.6341648515452932e-05 
9.6341648515452932e-05 
9.6341648515452932e-05 
9.6341648515452932e-05 
9.6341648515452932e-05 
9.6341648515452932e-05 
9.6341648515452932e-05 
9.6341648515452932e-05 
9.6341648515452932e-05 
9.6341648515452932e-05 
9.6341648515452932e-05 
9.6341648515452932e-05 
9.6341648515452932e-05 
9.6341648515452932e-05 
9.6341648515452932e-05 
9.6341648515452932e-05 
9.6341648515452932e-05 
9.6341648515452932e-05 
9.6341648515452932e-05 
9.6341648515452295e-05 
9.6341648515452295e-05 
9.6341648515452295e-05 
9.6341648515452295e-05 
9.6341648515452295e-05 
9.6341648515452295e-05 
9.6341648515452295e-05 
9.6341648515452295e-05 
9.6341648515451835e-05 
9.6341648515451631e-05 
9.6341648515451021e-05 
9.6341648515451021e-05 
9.6341648515451021e-05 
9.6341648515451021e-05 
9.6341648515449707e-05 
9.6341648515449707e-05 
9.6341648515449707e-05 
9.6341648515449707e-05 
9.6341648515449707e-05 
9.6341648515449707e-05 
9.6341648515449707e-05 
9.6341648515449707e-05 
9.6341648515448934e-05 
9.6341648515448934e-05 
9.6341648515448934e-05 
9.6341648515448934e-05 
9.6341648515448934e-05 
9.6341648515448324e-05 
9.6341648515448324e-05 
9.6341648515448324e-05 
9.6341648515447579e-05 
9.6341648515447579e-05 
9.6341648515447579e-05 
9.6341648515447444e-05 
9.6341648515445763e-05 
9.6341648515445763e-05 
9.6341648515444747e-05 
9.6341648515444191e-05 
9.6341648515444164e-05 
9.634164851544308e-05 
9.634164851544308e-05 
9.634164851544308e-05 
9.634164851544308e-05 
9.6341648515441995e-05 
9.6341648515440911e-05 
9.6341648515439841e-05 
9.6341648515438756e-05 
9.6341648515437686e-05 
9.6341648515437686e-05 
9.6341648515437686e-05 
9.6341648515437686e-05 
9.6341648515437686e-05 
9.6341648515437686e-05 
9.6341648515437686e-05 
9.6341648515437686e-05 
9.6341648515437686e-05 
9.6341648515437686e-05 
9.6341648515437686e-05 
9.6341648515437686e-05 
9.6341648515437686e-05 
9.6341648515437686e-05 
9.6341648515437686e-05 
9.6341648515437686e-05 
9.6341648515437686e-05 
9.6341648515437686e-05 
9.6341648515437686e-05 
9.6341648515437686e-05 
9.6341648515437686e-05 
9.6341648515437686e-05 
9.6341648515437686e-05 
9.6341648515437686e-05 
9.6341648515437686e-05 
9.6341648515437686e-05 
9.6341648515437686e-05 
9.6341648515437686e-05 
9.6341648515437686e-05 
9.6341648515437686e-05 
9.6341648515437686e-05 
9.6341648515437686e-05 
9.6341648515437686e-05 
9.6341648515437686e-05 
9.6341648515437686e-05 
9.6341648515437686e-05 
9.6341648515437686e-05 
9.6341648515437686e-05 
9.6341648515437686e-05 
9.5549772199827305e-05 
9.5504244883689552e-05 
9.5275961383534805e-05 
9.5179507501647387e-05 
9.4600461645800846e-05 
9.2234239741083442e-05 
8.9940277795431118e-05 
8.9260074735564724e-05 
8.9260074735564724e-05 
8.9260074735564724e-05 
8.9260074735564724e-05 
8.9260074735564724e-05 
8.9186875677598937e-05 
8.9122314330767759e-05 
8.9121133958692313e-05 
8.9121133958692313e-05 
8.9121133958692313e-05 
8.9121133958692313e-05 
8.9117298582960298e-05 
8.9117298582960298e-05 
8.9117298582960298e-05 
8.9116775102590827e-05 
8.9116775102590827e-05 
8.9116775102590827e-05 
8.9116775102590827e-05 
8.9116775102590827e-05 
8.9116775102590827e-05 
8.9116775102590827e-05 
8.9116775102590827e-05 
8.9116775102590827e-05 
8.9116775102590827e-05 
8.9116775102590827e-05 
8.9116775102590827e-05 
8.9116775102590827e-05 
8.9116775102590827e-05 
8.9116775102590827e-05 
8.9116775102590827e-05 
8.9116775102590827e-05 
8.898650722722343e-05 
8.887588316973677e-05 
8.8827992728811301e-05 
8.8810628239999789e-05 
8.8807362680134465e-05 
8.8807362680134465e-05 
8.8807362680134465e-05 
8.8673528605795471e-05 
8.7825171385117192e-05 
8.729144867233064e-05 
8.6947541873274204e-05 
8.6720933798836483e-05 
8.6568609280600854e-05 
8.646445729519984e-05 
8.6392236176268005e-05 
8.6341592113561516e-05 
8.630576804721698e-05 
8.6280259082330141e-05 
8.626200555097901e-05 
8.624889686657423e-05 
8.6239458766236058e-05 
8.6232651290634891e-05 
8.6227735302307607e-05 
8.6224182500629443e-05 
8.6221613716008338e-05 
8.621975600137528e-05 
8.6218412462784434e-05 
8.6217440865044454e-05 
8.6216738361994974e-05 
8.621623054611535e-05 
8.6215863568500089e-05 
8.6215598454445559e-05 
8.6215406995946711e-05 
8.6215268780316824e-05 
8.621516903916457e-05 
8.6215097090618003e-05 
8.6215045210975982e-05 
8.6215007817406607e-05 
8.6214980876002096e-05 
8.6214961473145551e-05 
8.6214947505207904e-05 
8.6214937453972737e-05 
8.6214930224166343e-05 
8.6214925025959922e-05 
8.6214921290022066e-05 
8.6214918606130464e-05 
8.6214916678831486e-05 
8.6214915295417839e-05 
8.6214914302819637e-05 
8.621491359092871e-05 
8.6214913080574879e-05 
8.6214912714855109e-05 
8.6214912452889218e-05 
8.6214912265322459e-05 
8.6214912131081208e-05 
8.6214912035044273e-05 
8.6214911966368428e-05 
8.621491191727986e-05 
8.6214911882205161e-05 
8.6214911857154873e-05 
8.6214911839271771e-05 
8.6214911826510007e-05 
8.6214911817407669e-05 
8.6214911810918122e-05 
8.6214911806292807e-05 
8.6214911802997416e-05 
8.6214911800650552e-05 
8.6214911798980379e-05 
8.6214911797792351e-05 
8.6214911796946673e-05 
8.6214911796345713e-05 
8.6214911795918077e-05 
8.6214911795614514e-05 
8.6214911795399896e-05 
8.6214911795247308e-05 
8.6214911795139213e-05 
8.6214911795062343e-05 
8.6214911795007821e-05 
8.6214911794969061e-05 
8.6214911794941482e-05 
8.6214911794921397e-05 
8.621491179490817e-05 
8.6214911794898588e-05 
8.6214911794892205e-05 
8.6214911794887434e-05 
8.6214911794884236e-05 
8.6214911794882162e-05 
8.6214911794880577e-05 
8.6214911794878978e-05 
8.6214911794877378e-05 
8.6214911794877378e-05 
8.6214911794877378e-05 
8.6214911794877378e-05 
8.6214911794877378e-05 
8.6214911794877378e-05 
8.6214911794877378e-05 
8.6214911794877378e-05 
8.6214911794877378e-05 
6.8703460420158673e-05 
6.8703460420158673e-05 
6.8703460420158673e-05 
4.089766696217742e-05 
3.6047158006786172e-05 
2.1465735233115975e-05 
1.6147533529213905e-05 
1.4753572183671692e-05 
1.4753572183671692e-05 
1.4112632171428108e-05 
1.4112632171428108e-05 
1.4112632171428108e-05 
1.4112632171428108e-05 
1.4112632171428108e-05 
1.3973614298729848e-05 
1.3883972654132426e-05 
1.3828048673622652e-05 
1.3792264839587114e-05 
1.3768883036081052e-05 
1.3753349435915721e-05 
1.3753349435915721e-05 
1.3753349435915721e-05 
1.3753349435915721e-05 
1.3753349435915721e-05 
1.3753349435915721e-05 
1.3753349435915721e-05 
1.3753349435915721e-05 
1.3753349435915721e-05 
1.372860658158043e-05 
1.3713638829671192e-05 
1.3705317526795928e-05 
1.3700538247269937e-05 
1.3697701482331943e-05 
1.3695964496888872e-05 
1.3694871150143048e-05 
1.3694166837915555e-05 
1.3693704684537984e-05 
1.3693397114161846e-05 
1.369319026702666e-05 
1.3693050104760207e-05 
1.3692954623571993e-05 
1.2865111554788617e-05 
7.3595457220169627e-06 
7.3595457220169627e-06 
7.3595457220169627e-06 
7.3595457220169627e-06 
7.3595457220169627e-06 
7.3595457220169627e-06 
6.8922715084774568e-06 
6.6303996950962894e-06 
6.4810118261274876e-06 
6.3928013578338012e-06 
6.0341318212213887e-06 
5.4965610685608187e-06 
5.3957668694702092e-06 
5.2748372041385735e-06 
4.844728608733611e-06 
4.6578482483233618e-06 
4.5803925109908146e-06 
4.5510461101821543e-06 
4.3363904395110601e-06 
4.0594447381718248e-06 
4.0594447381718248e-06 
4.0594447381718248e-06 
4.0457751904612546e-06 
4.0457751904612546e-06 
4.0457751904612546e-06 
4.0457751904612546e-06 
2.4219532946531645e-06 
2.3700512220108338e-06 
2.3700512220108338e-06 
2.3700512220108338e-06 
2.1983446469249301e-06 
2.0544160484034985e-06 
1.9878987457822867e-06 
1.9497406301243351e-06 
1.8228952463533528e-06 
1.7318315387093439e-06 
1.6496705549807104e-06 
1.6020580978981857e-06 
1.6020580978981857e-06 
1.6020580978981857e-06 
1.6020580978981857e-06 
1.6020580978981857e-06 
1.6020580978981857e-06 
1.6015359393131992e-06 
1.5975242476963631e-06 
1.5948135753041621e-06 
1.5929821863608468e-06 
1.5917451260724147e-06 
1.5909097622160177e-06 
1.5903458478319418e-06 
1.5899653181902959e-06 
1.5897086384649101e-06 
1.5895355709563932e-06 
1.5894189287381971e-06 
1.5893403492769367e-06 
1.5892874349544538e-06 
1.5892518188184923e-06 
1.5892278565034434e-06 
1.5892117419498976e-06 
1.5892009097909269e-06 
1.5891936316831065e-06 
1.5891887437154041e-06 
1.5891854624274585e-06 
1.5891832606862113e-06 
1.5891817839770655e-06 
1.5891807939924269e-06 
1.5891801306040841e-06 
1.5891796862655082e-06 
1.5891793887813144e-06 
1.5891791897031788e-06 
1.5891790565415905e-06 
1.5891789675089148e-06 
1.5891789080088279e-06 
1.5891788682624631e-06 
1.5891788417256419e-06 
1.589178824014181e-06 
1.5891788121992742e-06 
1.5891788043214936e-06 
1.5891787990709706e-06 
1.5891787955717405e-06 
1.5891787932417491e-06 
1.5891787916904373e-06 
1.589178790658806e-06 
1.5891787899732085e-06 
1.5891787895180479e-06 
1.5891787892152798e-06 
1.5891787890123963e-06 
1.589178788877561e-06 
1.5891787887892256e-06 
1.5891787887306715e-06 
1.5891787886913969e-06 
1.5891787886661106e-06 
1.5891787886476275e-06 
1.5891787886375895e-06 
1.5891787886317941e-06 
1.5891787886253243e-06 
1.5891787886228046e-06 
1.5891787886198217e-06 
1.4025213994412958e-07 
1.4025213994412958e-07 
1.4025213994412958e-07 
1.4025213994412958e-07 
1.2543015010581267e-07 
4.6498143471726108e-08 
1.5535929384306149e-08 
4.28795204571867e-09 
8.495000953926152e-10 
3.0483562099177635e-10 
3.0483562099177635e-10 
3.0483562099177635e-10 
3.0483562099177635e-10 
3.0483562099177635e-10 
3.0483562099177635e-10 
3.0139237806720832e-10 
2.9944472453318022e-10 
2.9944472453318022e-10 
2.9944472453318022e-10 
2.9944472453318022e-10 
2.9816107668405707e-10 
2.9810066850984392e-10 
2.9810066850984392e-10 
2.9810066850984392e-10 
2.9810066850984392e-10 
2.9810066850984392e-10 
2.9810066850984392e-10 
2.9810066850984392e-10 
2.9810066850984392e-10 
2.9810066850984392e-10 
2.9810066850984392e-10 
2.9810066850984392e-10 
2.9810066850984392e-10 
2.9810066850984392e-10 
2.9810066850984392e-10 
