1.2687126166349454 
1.2002482902432701 
1.1329718529985069 
1.0669649055256061 
1.0023076030687048 
0.93907854939975921 
0.87735469275156197 
0.81721122391611456 
0.75872147664641543 
0.70195683049664703 
0.64698661623244602 
0.5938780239394984 
0.54269601395504818 
0.4935032307431112 
0.4463599198301893 
0.40132384791416242 
0.35845022625472533 
0.31779163744929662 
0.27939796569373943 
0.24331633062250646 
0.20959102481796543 
0.17826345507367825 
0.14937208749131448 
0.1229523964856637 
0.099036817766908092 
0.077654705363901622 
0.058832292746715531 
0.042592658101128666 
0.028955693802093285 
0.017938080127496536 
0.0095532632477671742 
0.0038114375210537288 
0.00071953211784714366 
0.00028120199301906457 
0.00028120199301906457 
0.00028120199301906457 
0.00028120199301906457 
0.0001331970800098059 
0.0001331970800098059 
0.0001331970800098059 
0.0001331970800098059 
0.0001331970800098059 
0.0001331970800098059 
0.0001331970800098059 
0.0001331970800098059 
0.0001331970800098059 
0.0001331970800098059 
0.0001331970800098059 
0.0001331970800098059 
0.0001331970800098059 
0.0001331970800098059 
0.0001331970800098059 
0.0001331970800098059 
0.0001331970800098059 
0.0001331970800098059 
0.0001331970800098059 
0.0001331970800098059 
0.0001331970800098059 
0.0001331970800098059 
0.0001331970800098059 
0.0001331970800098059 
0.0001331970800098059 
0.0001331970800098059 
0.0001331970800098059 
0.0001331970800098059 
0.0001331970800098059 
0.0001331970800098059 
8.1551909154264912e-05 
8.1551909154264912e-05 
8.1551909154264912e-05 
3.1093988659636196e-05 
1.0788505844239182e-05 
1.0788505844239182e-05 
1.0788505844239182e-05 
1.0788505844239182e-05 
1.0788505844239182e-05 
1.0788505844239182e-05 
1.0788505844239182e-05 
1.0788505844239182e-05 
1.0788505844239182e-05 
1.0788505844239182e-05 
4.5543899408473365e-06 
1.6876454822511988e-07 
1.6876454822511988e-07 
1.6876454822511988e-07 
1.6876454822511988e-07 
1.6876454822511988e-07 
1.6876454822511988e-07 
1.6876454822511988e-07 
1.6876454822511988e-07 
1.6876454822511988e-07 
1.6876454822511988e-07 
1.6876454822511988e-07 
1.6876454822511988e-07 
1.6876454822511988e-07 
1.6876454822511988e-07 
1.6876454822511988e-07 
1.6876454822511988e-07 
1.6876454822511988e-07 
1.6876454822511988e-07 
1.6876454822511988e-07 
1.6876454822511988e-07 
1.6876454822511988e-07 
1.6876454822511988e-07 
1.6876454822511988e-07 
1.6876454822511988e-07 
1.6876454822511988e-07 
1.6876454822511988e-07 
1.6876454822511988e-07 
1.6876454822511988e-07 
1.6876454822511988e-07 
1.6876454822511988e-07 
1.6876454822511988e-07 
1.6876454822511988e-07 
1.6876454822511988e-07 
1.6876454822511988e-07 
1.6876454822511988e-07 
1.6876454822511988e-07 
1.6876454822511988e-07 
1.6876454822511988e-07 
1.6876454822511988e-07 
1.6876454822511988e-07 
1.6876454822511988e-07 
1.6876454822511988e-07 
1.6876454822511988e-07 
1.6876454822511988e-07 
1.6876454822511988e-07 
1.6876454822511988e-07 
1.6876454822511988e-07 
1.6876454822511988e-07 
1.6876454822511988e-07 
1.6876454822511988e-07 
1.6876454822511988e-07 
1.6876454822511988e-07 
1.6876454822511988e-07 
1.6876454822511988e-07 
1.6876454822511988e-07 
1.6876454822511988e-07 
1.6876454822511988e-07 
1.6876454822511988e-07 
1.6876454822511988e-07 
1.6876454822511988e-07 
1.6876454822511988e-07 
1.6876454822511988e-07 
1.6876454822511988e-07 
1.6876454822511988e-07 
1.6876454822511988e-07 
1.6876454822511988e-07 
1.6876454822511988e-07 
1.6876454822511988e-07 
1.6876454822511988e-07 
1.6876454822511988e-07 
1.6876454822511988e-07 
1.6876454822511988e-07 
1.6876454822511988e-07 
1.6876454822511988e-07 
1.6876454822511988e-07 
1.6876454822511988e-07 
1.6876454822511988e-07 
1.6876454822511988e-07 
1.6876454822511988e-07 
1.6876454822511988e-07 
1.6876454822511988e-07 
1.6876454822511988e-07 
1.6876454822511988e-07 
1.6876454822511988e-07 
1.6876454822511988e-07 
1.6876454822511988e-07 
1.6876454822511988e-07 
1.6876454822511988e-07 
1.6876454822511988e-07 
1.6876454822511988e-07 
1.6876454822511988e-07 
1.6876454822511988e-07 
1.6876454822511988e-07 
1.6876454822511988e-07 
1.6876454822511988e-07 
1.6876454822511988e-07 
1.6876454822511988e-07 
1.6876454822511988e-07 
1.6876454822511988e-07 
1.6876454822511988e-07 
1.6876454822511988e-07 
1.6876454822511988e-07 
1.6876454822511988e-07 
1.6876454822511988e-07 
1.6876454822511988e-07 
1.6876454822511988e-07 
1.6876454822511988e-07 
1.6876454822511988e-07 
1.6876454822511988e-07 
1.6876454822511988e-07 
1.6876454822511988e-07 
1.6876454822511988e-07 
1.6876454822511988e-07 
1.6876454822511988e-07 
1.6876454822511988e-07 
1.6876454822511988e-07 
1.6876454822511988e-07 
1.6876454822511988e-07 
1.6876454822511988e-07 
1.6876454822511988e-07 
1.6876454822511988e-07 
1.6876454822511988e-07 
1.6876454822511988e-07 
1.6876454822511988e-07 
1.6876454822511988e-07 
1.6876454822511988e-07 
1.6876454822511988e-07 
1.6876454822511988e-07 
1.6876454822511988e-07 
1.6876454822511988e-07 
1.6876454822511988e-07 
1.6876454822511988e-07 
1.6876454822511988e-07 
1.6876454822511988e-07 
1.6876454822511988e-07 
1.6876454822511988e-07 
1.6876454822511988e-07 
1.6876454822511988e-07 
1.6876454822511988e-07 
1.6876454822511988e-07 
1.6876454822511988e-07 
1.6876454822511988e-07 
1.6876454822511988e-07 
1.6876454822511988e-07 
1.6876454822511988e-07 
1.6876454822511988e-07 
1.6876454822511988e-07 
1.6876454822511988e-07 
1.6876454822511988e-07 
1.6876454822511988e-07 
1.6876454822511988e-07 
1.6876454822511988e-07 
1.6876454822511988e-07 
1.6876454822511988e-07 
1.6876454822511988e-07 
1.6876454822511988e-07 
1.6876454822511988e-07 
1.6876454822511988e-07 
1.6876454822511988e-07 
1.6876454822511988e-07 
1.6876454822511988e-07 
1.6876454822511988e-07 
1.6876454822511988e-07 
1.6876454822511988e-07 
1.6876454822511988e-07 
1.6876454822511988e-07 
1.6876454822511988e-07 
1.6876454822511988e-07 
1.6876454822511988e-07 
1.6876454822511988e-07 
1.6876454822511988e-07 
1.6876454822511988e-07 
1.6876454822511988e-07 
1.6876454822511988e-07 
1.6876454822511988e-07 
1.6876454822511988e-07 
1.6876454822511988e-07 
1.6876454822511988e-07 
1.6876454822511988e-07 
1.6876454822511988e-07 
1.6876454822511988e-07 
1.6876454822511988e-07 
1.6876454822511988e-07 
1.6876454822511988e-07 
1.6876454822511988e-07 
1.6876454822511988e-07 
1.6876454822511988e-07 
1.6876454822511988e-07 
1.6876454822511988e-07 
1.6876454822511988e-07 
1.6876454822511988e-07 
1.6876454822511988e-07 
1.6876454822511988e-07 
1.6876454822511988e-07 
1.6876454822511988e-07 
1.6876454822511988e-07 
1.6876454822511988e-07 
1.6876454822511988e-07 
1.6876454822511988e-07 
1.6876454822511988e-07 
1.6876454822511988e-07 
1.6876454822511988e-07 
1.6876454822511988e-07 
1.6876454822511988e-07 
1.6876454822511988e-07 
1.6876454822511988e-07 
1.6876454822511988e-07 
1.6876454822511988e-07 
1.6876454822511988e-07 
1.6876454822511988e-07 
1.6876454822511988e-07 
1.6876454822511988e-07 
1.6876454822511988e-07 
1.6876454822511988e-07 
1.6876454822511988e-07 
1.6876454822511988e-07 
1.6876454822511988e-07 
1.6876454822511988e-07 
1.6876454822511988e-07 
1.6876454822511988e-07 
1.6876454822511988e-07 
1.6876454822511988e-07 
1.2371131175026306e-07 
1.2371131175026306e-07 
1.2371131175026306e-07 
1.2371131175026306e-07 
1.2371131175026306e-07 
1.2371131175026306e-07 
1.2371131175026306e-07 
1.2371131175026306e-07 
1.2371131175026306e-07 
1.2371131175026306e-07 
1.2371131175026306e-07 
1.2371131175026306e-07 
1.2371131175026306e-07 
1.2371131175026306e-07 
1.2371131175026306e-07 
1.2371131175026306e-07 
1.2371131175026306e-07 
1.2371131175026306e-07 
1.2371131175026306e-07 
1.2371131175026306e-07 
1.2371131175026306e-07 
1.2371131175026306e-07 
1.2371131175026306e-07 
1.2371131175026306e-07 
1.2371131175026306e-07 
1.2371131175026306e-07 
1.2371131175026306e-07 
1.2371131175026306e-07 
1.2371131175026306e-07 
1.2371131175026306e-07 
1.2371131175026306e-07 
1.2371131175026306e-07 
1.2371131175026306e-07 
1.2371131175026306e-07 
1.2371131175026306e-07 
1.2371131175026306e-07 
1.2371131175026306e-07 
1.2371131175026306e-07 
1.2371131175026306e-07 
1.2371131175026306e-07 
1.2371131175026306e-07 
1.2371131175026306e-07 
1.2371131175026306e-07 
1.2371131175026306e-07 
1.2371131175026306e-07 
1.2371131175026306e-07 
1.2371131175026306e-07 
1.2371131175026306e-07 
1.2371131175026306e-07 
1.2371131175026306e-07 
1.2371131175026306e-07 
1.2371131175026306e-07 
1.2371131175026306e-07 
1.2371131175026306e-07 
1.2371131175026306e-07 
1.2371131175026306e-07 
1.2371131175026306e-07 
1.2371131175026306e-07 
1.2371131175026306e-07 
1.2371131175026306e-07 
1.2371131175026306e-07 
1.2371131175026306e-07 
1.2371131175026306e-07 
1.2371131175026306e-07 
1.2371131175026306e-07 
1.2371131175026306e-07 
1.2371131175026306e-07 
1.2371131175026306e-07 
1.2371131175026306e-07 
1.2371131175026306e-07 
1.2371131175026306e-07 
1.2371131175026306e-07 
1.2371131175026306e-07 
1.2371131175026306e-07 
1.2371131175026306e-07 
1.2371131175026306e-07 
1.2371131175026306e-07 
1.2371131175026306e-07 
1.2371131175026306e-07 
1.2371131175026306e-07 
1.2371131175026306e-07 
1.2371131175026306e-07 
1.2371131175026306e-07 
1.2371131175026306e-07 
1.2371131175026306e-07 
1.2371131175026306e-07 
1.2371131175026306e-07 
1.2371131175026306e-07 
1.2371131175026306e-07 
1.2371131175026306e-07 
1.2371131175026306e-07 
1.2371131175026306e-07 
1.2371131175026306e-07 
1.2371131175026306e-07 
1.2371131175026306e-07 
1.2371131175026306e-07 
1.2371131175026306e-07 
1.2371131175026306e-07 
1.2371131175026306e-07 
1.2371131175026306e-07 
1.2371131175026306e-07 
1.2371131175026306e-07 
1.2371131175026306e-07 
1.2371131175026306e-07 
1.2371131175026306e-07 
1.2371131175026306e-07 
1.2371131175026306e-07 
1.2371131175026306e-07 
1.2371131175026306e-07 
1.2371131175026306e-07 
1.2371131175026306e-07 
1.2371131175026306e-07 
1.2371131175026306e-07 
1.2371131175026306e-07 
1.2371131175026306e-07 
1.2371131175026306e-07 
1.2371131175026306e-07 
1.2371131175026306e-07 
1.2371131175026306e-07 
1.2371131175026306e-07 
1.2371131175026306e-07 
1.2371131175026306e-07 
1.2371131175026306e-07 
1.2371131175026306e-07 
1.2371131175026306e-07 
1.2371131175026306e-07 
1.2371131175026306e-07 
1.2371131175026306e-07 
1.2371131175026306e-07 
1.2371131175026306e-07 
1.2371131175026306e-07 
1.2371131175026306e-07 
1.2371131175026306e-07 
1.2371131175026306e-07 
1.2371131175026306e-07 
1.2371131175026306e-07 
1.2371131175026306e-07 
1.2371131175026306e-07 
1.2371131175026306e-07 
1.2371131175026306e-07 
1.2371131175026306e-07 
1.2371131175026306e-07 
1.2371131175026306e-07 
1.2371131175026306e-07 
1.2371131175026306e-07 
1.2371131175026306e-07 
1.2371131175026306e-07 
1.2371131175026306e-07 
1.2371131175026306e-07 
1.2371131175026306e-07 
1.2371131175026306e-07 
1.2371131175026306e-07 
1.2371131175026306e-07 
1.2371131175026306e-07 
1.2371131175026306e-07 
1.2371131175026306e-07 
1.2371131175026306e-07 
1.2371131175026306e-07 
1.2371131175026306e-07 
1.2371131175026306e-07 
1.2371131175026306e-07 
1.2371131175026306e-07 
1.2371131175026306e-07 
1.2371131175026306e-07 
1.2371131175026306e-07 
1.2371131175026306e-07 
1.2371131175026306e-07 
1.2371131175026306e-07 
9.1588050588065073e-08 
9.1588050588065073e-08 
5.9990107992291541e-08 
5.9990107992291541e-08 
5.9990107992291541e-08 
5.9990107992291541e-08 
5.9990107992291541e-08 
5.9990107992291541e-08 
5.9990107992291541e-08 
5.9990107992291541e-08 
5.9990107992291541e-08 
5.9990107992291541e-08 
5.9990107992291541e-08 
5.9990107992291541e-08 
5.9990107992291541e-08 
5.9990107992291541e-08 
5.9990107992291541e-08 
5.9990107992291541e-08 
5.9990107992291541e-08 
5.9990107992291541e-08 
5.9990107992291541e-08 
5.9990107992291541e-08 
5.9990107992291541e-08 
5.9990107992291541e-08 
5.9990107992291541e-08 
5.9990107992291541e-08 
5.9990107992291541e-08 
5.9990107992291541e-08 
5.9990107992291541e-08 
5.9990107992291541e-08 
5.9990107992291541e-08 
5.9990107992291541e-08 
5.9990107992291541e-08 
5.9990107992291541e-08 
5.9990107992291541e-08 
5.9990107992291541e-08 
5.9990107992291541e-08 
5.9990107992291541e-08 
5.9990107992291541e-08 
5.9990107992291541e-08 
5.9990107992291541e-08 
5.9990107992291541e-08 
5.9990107992291541e-08 
5.9990107992291541e-08 
5.9990107992291541e-08 
5.9990107992291541e-08 
5.9990107992291541e-08 
5.9990107992291541e-08 
5.9990107992291541e-08 
5.9990107992291541e-08 
5.9990107992291541e-08 
5.9990107992291541e-08 
5.9990107992291541e-08 
5.9990107992291541e-08 
5.9990107992291541e-08 
5.9990107992291541e-08 
5.9990107992291541e-08 
5.9990107992291541e-08 
5.9990107992291541e-08 
5.9990107992291541e-08 
5.9990107992291541e-08 
5.9990107992291541e-08 
5.9990107992291541e-08 
5.9990107992291541e-08 
5.9990107992291541e-08 
5.9990107992291541e-08 
5.9990107992291541e-08 
5.9990107992291541e-08 
5.9990107992291541e-08 
5.9990107992291541e-08 
5.9990107992291541e-08 
5.9990107992291541e-08 
5.9990107992291541e-08 
5.9990107992291541e-08 
5.9990107992291541e-08 
5.9990107992291541e-08 
5.9990107992291541e-08 
5.9990107992291541e-08 
5.9990107992291541e-08 
5.9990107992291541e-08 
5.9990107992291541e-08 
5.9990107992291541e-08 
5.9990107992291541e-08 
5.9990107992291541e-08 
5.9990107992291541e-08 
5.9990107992291541e-08 
5.9990107992291541e-08 
5.9990107992291541e-08 
5.9990107992291541e-08 
5.9990107992291541e-08 
5.9990107992291541e-08 
5.9990107992291541e-08 
5.9990107992291541e-08 
5.9990107992291541e-08 
5.9990107992291541e-08 
5.9990107992291541e-08 
5.9990107992291541e-08 
5.9990107992291541e-08 
5.9990107992291541e-08 
5.9990107992291541e-08 
5.9990107992291541e-08 
5.9990107992291541e-08 
5.9990107992291541e-08 
5.9990107992291541e-08 
5.9990107992291541e-08 
5.9990107992291541e-08 
5.9990107992291541e-08 
5.9990107992291541e-08 
5.9990107992291541e-08 
5.9990107992291541e-08 
5.9990107992291541e-08 
5.9990107992291541e-08 
5.9990107992291541e-08 
5.9990107992291541e-08 
5.9990107992291541e-08 
5.9990107992291541e-08 
5.9990107992291541e-08 
5.9990107992291541e-08 
5.9990107992291541e-08 
5.9990107992291541e-08 
5.9990107992291541e-08 
5.9990107992291541e-08 
5.9990107992291541e-08 
5.9990107992291541e-08 
5.9990107992291541e-08 
5.9990107992291541e-08 
5.9990107992291541e-08 
5.9990107992291541e-08 
5.9990107992291541e-08 
5.9990107992291541e-08 
5.9990107992291541e-08 
5.9990107992291541e-08 
5.9990107992291541e-08 
5.9990107992291541e-08 
5.9990107992291541e-08 
5.9990107992291541e-08 
5.9990107992291541e-08 
5.9990107992291541e-08 
5.9990107992291541e-08 
5.9990107992291541e-08 
5.9990107992291541e-08 
5.9990107992291541e-08 
5.9990107992291541e-08 
5.9990107992291541e-08 
5.9990107992291541e-08 
5.9990107992291541e-08 
5.9990107992291541e-08 
5.9990107992291541e-08 
5.9990107992291541e-08 
5.9990107992291541e-08 
5.9990107992291541e-08 
5.9990107992291541e-08 
5.9990107992291541e-08 
5.9990107992291541e-08 
5.9990107992291541e-08 
5.9990107992291541e-08 
5.9990107992291541e-08 
5.9990107992291541e-08 
5.9990107992291541e-08 
5.9990107992291541e-08 
5.9990107992291541e-08 
5.9990107992291541e-08 
5.9990107992291541e-08 
5.9990107992291541e-08 
5.9990107992291541e-08 
5.9990107992291541e-08 
5.9990107992291541e-08 
5.9990107992291541e-08 
5.9990107992291541e-08 
5.9990107992291541e-08 
5.9990107992291541e-08 
5.9990107992291541e-08 
5.9990107992291541e-08 
5.9990107992291541e-08 
5.9990107992291541e-08 
5.9990107992291541e-08 
5.9990107992291541e-08 
5.9990107992291541e-08 
5.9990107992291541e-08 
5.9990107992291541e-08 
5.9990107992291541e-08 
5.9990107992291541e-08 
5.9990107992291541e-08 
5.9990107992291541e-08 
5.9990107992291541e-08 
5.9990107992291541e-08 
5.9990107992291541e-08 
5.9990107992291541e-08 
5.9990107992291541e-08 
5.9990107992291541e-08 
5.9990107992291541e-08 
5.9990107992291541e-08 
5.9990107992291541e-08 
5.9990107992291541e-08 
5.9990107992291541e-08 
5.9990107992291541e-08 
5.9990107992291541e-08 
5.9990107992291541e-08 
5.9990107992291541e-08 
5.9990107992291541e-08 
5.9990107992291541e-08 
5.9990107992291541e-08 
5.9990107992291541e-08 
5.9990107992291541e-08 
5.9990107992291541e-08 
5.9990107992291541e-08 
5.9990107992291541e-08 
5.9990107992291541e-08 
5.9990107992291541e-08 
5.9990107992291541e-08 
5.9990107992291541e-08 
5.9990107992291541e-08 
5.9990107992291541e-08 
5.9990107992291541e-08 
5.9990107992291541e-08 
5.9990107992291541e-08 
5.9990107992291541e-08 
5.9990107992291541e-08 
5.9990107992291541e-08 
5.9990107992291541e-08 
5.9990107992291541e-08 
5.9990107992291541e-08 
5.2405851325154629e-08 
5.2405851325154629e-08 
5.2405851325154629e-08 
5.2405851325154629e-08 
5.2405851325154629e-08 
5.2405851325154629e-08 
5.2405851325154629e-08 
5.2405851325154629e-08 
5.2405851325154629e-08 
5.2405851325154629e-08 
5.2405851325154629e-08 
5.2405851325154629e-08 
5.2405851325154629e-08 
5.2405851325154629e-08 
5.2405851325154629e-08 
5.2405851325154629e-08 
5.2405851325154629e-08 
5.2405851325154629e-08 
5.2405851325154629e-08 
5.2405851325154629e-08 
5.2405851325154629e-08 
5.2405851325154629e-08 
5.2405851325154629e-08 
5.2405851325154629e-08 
5.2405851325154629e-08 
5.2405851325154629e-08 
5.2405851325154629e-08 
5.2405851325154629e-08 
5.2405851325154629e-08 
5.2405851325154629e-08 
5.2405851325154629e-08 
5.2405851325154629e-08 
5.2405851325154629e-08 
5.2405851325154629e-08 
5.2405851325154629e-08 
5.2405851325154629e-08 
5.2405851325154629e-08 
5.2405851325154629e-08 
5.2405851325154629e-08 
5.2405851325154629e-08 
5.2405851325154629e-08 
5.2405851325154629e-08 
5.2405851325154629e-08 
5.2405851325154629e-08 
5.2405851325154629e-08 
5.2405851325154629e-08 
5.2405851325154629e-08 
5.2405851325154629e-08 
5.2405851325154629e-08 
5.2405851325154629e-08 
5.2405851325154629e-08 
5.2405851325154629e-08 
5.2405851325154629e-08 
5.2405851325154629e-08 
5.2405851325154629e-08 
5.2405851325154629e-08 
5.2405851325154629e-08 
5.2405851325154629e-08 
5.2405851325154629e-08 
5.2405851325154629e-08 
5.2405851325154629e-08 
5.2405851325154629e-08 
5.2405851325154629e-08 
5.2405851325154629e-08 
5.2405851325154629e-08 
5.2405851325154629e-08 
5.2405851325154629e-08 
5.2405851325154629e-08 
5.2405851325154629e-08 
5.2405851325154629e-08 
5.2405851325154629e-08 
5.2405851325154629e-08 
5.2405851325154629e-08 
5.2405851325154629e-08 
5.2405851325154629e-08 
5.2405851325154629e-08 
5.2405851325154629e-08 
5.2405851325154629e-08 
5.2405851325154629e-08 
5.2405851325154629e-08 
5.2405851325154629e-08 
5.2405851325154629e-08 
5.2405851325154629e-08 
5.2405851325154629e-08 
5.2405851325154629e-08 
5.2405851325154629e-08 
5.2405851325154629e-08 
5.2405851325154629e-08 
5.2405851325154629e-08 
5.2405851325154629e-08 
5.2405851325154629e-08 
5.2405851325154629e-08 
5.2405851325154629e-08 
5.2405851325154629e-08 
5.2405851325154629e-08 
5.2405851325154629e-08 
5.2405851325154629e-08 
5.2405851325154629e-08 
5.2405851325154629e-08 
5.2405851325154629e-08 
5.2405851325154629e-08 
5.2405851325154629e-08 
5.2405851325154629e-08 
5.2405851325154629e-08 
5.2405851325154629e-08 
5.2405851325154629e-08 
5.2405851325154629e-08 
5.2405851325154629e-08 
5.2405851325154629e-08 
5.2405851325154629e-08 
5.2405851325154629e-08 
5.2405851325154629e-08 
5.2405851325154629e-08 
5.2405851325154629e-08 
5.2405851325154629e-08 
5.2405851325154629e-08 
5.2405851325154629e-08 
5.2405851325154629e-08 
5.2405851325154629e-08 
5.2405851325154629e-08 
5.2405851325154629e-08 
5.2405851325154629e-08 
5.2405851325154629e-08 
5.2405851325154629e-08 
5.2405851325154629e-08 
5.2405851325154629e-08 
5.2405851325154629e-08 
5.2405851325154629e-08 
5.2405851325154629e-08 
5.2405851325154629e-08 
5.2405851325154629e-08 
5.2405851325154629e-08 
5.2405851325154629e-08 
5.2405851325154629e-08 
5.2405851325154629e-08 
5.2405851325154629e-08 
5.2405851325154629e-08 
5.2405851325154629e-08 
5.2405851325154629e-08 
5.2405851325154629e-08 
5.2405851325154629e-08 
5.2405851325154629e-08 
5.2405851325154629e-08 
5.2405851325154629e-08 
5.2405851325154629e-08 
3.432763784338988e-08 
3.432763784338988e-08 
3.432763784338988e-08 
3.432763784338988e-08 
3.432763784338988e-08 
3.432763784338988e-08 
3.432763784338988e-08 
3.432763784338988e-08 
3.432763784338988e-08 
3.432763784338988e-08 
3.432763784338988e-08 
3.432763784338988e-08 
3.432763784338988e-08 
3.432763784338988e-08 
3.432763784338988e-08 
3.432763784338988e-08 
3.432763784338988e-08 
3.432763784338988e-08 
3.432763784338988e-08 
3.432763784338988e-08 
3.432763784338988e-08 
3.432763784338988e-08 
3.432763784338988e-08 
3.432763784338988e-08 
3.432763784338988e-08 
3.432763784338988e-08 
3.432763784338988e-08 
3.432763784338988e-08 
3.432763784338988e-08 
3.432763784338988e-08 
3.432763784338988e-08 
3.432763784338988e-08 
3.432763784338988e-08 
3.432763784338988e-08 
3.432763784338988e-08 
3.432763784338988e-08 
3.432763784338988e-08 
3.432763784338988e-08 
3.432763784338988e-08 
3.432763784338988e-08 
3.432763784338988e-08 
3.432763784338988e-08 
3.432763784338988e-08 
3.432763784338988e-08 
3.432763784338988e-08 
3.432763784338988e-08 
3.432763784338988e-08 
3.432763784338988e-08 
3.432763784338988e-08 
3.432763784338988e-08 
3.432763784338988e-08 
3.432763784338988e-08 
3.432763784338988e-08 
3.432763784338988e-08 
3.432763784338988e-08 
3.432763784338988e-08 
3.432763784338988e-08 
3.432763784338988e-08 
3.432763784338988e-08 
3.432763784338988e-08 
3.432763784338988e-08 
3.432763784338988e-08 
3.432763784338988e-08 
3.432763784338988e-08 
3.432763784338988e-08 
3.432763784338988e-08 
3.432763784338988e-08 
3.432763784338988e-08 
3.432763784338988e-08 
3.432763784338988e-08 
3.432763784338988e-08 
3.432763784338988e-08 
3.432763784338988e-08 
3.432763784338988e-08 
3.432763784338988e-08 
3.432763784338988e-08 
3.432763784338988e-08 
3.432763784338988e-08 
3.432763784338988e-08 
3.432763784338988e-08 
3.432763784338988e-08 
3.432763784338988e-08 
3.432763784338988e-08 
3.432763784338988e-08 
3.432763784338988e-08 
3.432763784338988e-08 
3.432763784338988e-08 
3.432763784338988e-08 
3.432763784338988e-08 
3.432763784338988e-08 
3.432763784338988e-08 
3.432763784338988e-08 
3.432763784338988e-08 
3.432763784338988e-08 
3.432763784338988e-08 
3.432763784338988e-08 
3.432763784338988e-08 
3.432763784338988e-08 
3.432763784338988e-08 
3.432763784338988e-08 
3.432763784338988e-08 
3.432763784338988e-08 
3.432763784338988e-08 
3.432763784338988e-08 
3.432763784338988e-08 
3.432763784338988e-08 
3.432763784338988e-08 
3.432763784338988e-08 
3.432763784338988e-08 
3.432763784338988e-08 
3.432763784338988e-08 
3.432763784338988e-08 
3.432763784338988e-08 
3.432763784338988e-08 
3.432763784338988e-08 
3.432763784338988e-08 
3.432763784338988e-08 
3.432763784338988e-08 
3.432763784338988e-08 
3.432763784338988e-08 
3.432763784338988e-08 
3.432763784338988e-08 
3.432763784338988e-08 
3.432763784338988e-08 
3.432763784338988e-08 
3.432763784338988e-08 
3.432763784338988e-08 
3.432763784338988e-08 
3.432763784338988e-08 
3.432763784338988e-08 
3.432763784338988e-08 
3.432763784338988e-08 
3.432763784338988e-08 
3.432763784338988e-08 
3.432763784338988e-08 
3.432763784338988e-08 
3.432763784338988e-08 
3.432763784338988e-08 
3.432763784338988e-08 
3.432763784338988e-08 
3.432763784338988e-08 
3.432763784338988e-08 
3.432763784338988e-08 
3.432763784338988e-08 
3.432763784338988e-08 
3.432763784338988e-08 
3.432763784338988e-08 
3.432763784338988e-08 
3.432763784338988e-08 
3.432763784338988e-08 
3.432763784338988e-08 
3.432763784338988e-08 
3.432763784338988e-08 
3.432763784338988e-08 
3.432763784338988e-08 
3.432763784338988e-08 
3.432763784338988e-08 
3.432763784338988e-08 
3.432763784338988e-08 
3.432763784338988e-08 
3.432763784338988e-08 
