10.028749323117461 
2.5165198018102481 
0.54888645110766865 
0.54888645110766865 
0.54888645110766865 
0.54888645110766865 
0.54888645110766865 
0.54888645110766865 
0.54888645110766865 
0.54888645110766865 
0.54888645110766865 
0.54888645110766865 
0.54888645110766865 
0.54134184306494071 
0.54134184306494071 
0.54134184306494071 
0.54134184306494071 
0.43726776567027564 
0.43726776567027564 
0.43726776567027564 
0.43726776567027564 
0.43726776567027564 
0.43726776567027564 
0.43726776567027564 
0.43726776567027564 
0.43726776567027564 
0.43726776567027564 
0.43726776567027564 
0.43726776567027564 
0.43726776567027564 
0.43726776567027564 
0.43726776567027564 
0.43726776567027564 
0.43726776567027564 
0.43726776567027564 
0.43726776567027564 
0.43726776567027564 
0.43726776567027564 
0.43726776567027564 
0.43726776567027564 
0.43726776567027564 
0.43726776567027564 
0.43267002371614111 
0.43267002371614111 
0.43267002371614111 
0.43267002371614111 
0.43267002371614111 
0.43267002371614111 
0.43267002371614111 
0.42972358631182594 
0.42972358631182594 
0.42972358631182594 
0.41141803572219449 
0.40569213913954949 
0.40569213913954949 
0.40569213913954949 
0.37743380604593763 
0.37743380604593763 
0.37743380604593763 
0.37472643194571875 
0.37472643194571875 
0.37472643194571875 
0.37472643194571875 
0.37472643194571875 
0.374004179134374 
0.374004179134374 
0.37092135596310433 
0.36034999997201395 
0.35168218569623361 
0.3448082780959541 
0.33959609093430893 
0.33589896934502378 
0.3335626965722262 
0.32558793729141483 
0.31069340124339101 
0.30184595840723444 
0.29881482857273334 
0.29536981552207581 
0.28056966915201687 
0.26584301832426188 
0.253278354419403 
0.24290853930606698 
0.23469913534146178 
0.21583517153456203 
0.20176707664211829 
0.19285585370449629 
0.18288269810528174 
0.16579925098972578 
0.1628364981351941 
0.15021441798516114 
0.14045409599043157 
0.13456116513861338 
0.13159893505301112 
0.11616885316698897 
0.10659123327376206 
0.098079170165302293 
0.092569022816727783 
0.087440950886282856 
0.081948293696596189 
0.078357150832451719 
0.070221086743693387 
0.065092679585145558 
0.05964513444505902 
0.056910093160588912 
0.056910093160588912 
0.056910093160588912 
0.047730648873837711 
0.04209905028058699 
0.041892310174055807 
0.039039451223590989 
0.036642271880467502 
0.03197759224950035 
0.02945704729671739 
0.025833217443002241 
0.02285451181202891 
0.021147160010517856 
0.02019746013205628 
0.01853836672836209 
0.014993094781207561 
0.012899658833487449 
0.012139157603058092 
0.0099484069059176412 
0.0078549241942063638 
0.0059634918924759582 
0.0059634918924759582 
0.0048490092255493731 
0.0031882743955380446 
0.0025797133798794178 
0.0021532625916471084 
0.0014491612553712684 
0.00051550067905252244 
0.00031971967291431113 
0.00031971967291431113 
0.00014512004993268976 
2.4917831334060882e-05 
2.4917831334060882e-05 
2.4917831334060882e-05 
2.4917831334060882e-05 
2.4917831334060882e-05 
2.4917831334060882e-05 
2.4917831334060882e-05 
2.1486315565174441e-06 
2.1486315565174441e-06 
2.1486315565174441e-06 
2.1486315565174441e-06 
2.1486315565174441e-06 
2.1486315565174441e-06 
2.1486315565174441e-06 
1.8600874261924926e-06 
6.4081798585163857e-07 
6.4081798585163857e-07 
6.4081798585163857e-07 
6.4081798585163857e-07 
6.4081798585163857e-07 
6.4081798585163857e-07 
4.7562439407023271e-07 
3.1540074636701248e-07 
3.1540074636701248e-07 
3.1540074636701248e-07 
3.1540074636701248e-07 
3.1540074636701248e-07 
3.1540074636701248e-07 
3.1540074636701248e-07 
3.1540074636701248e-07 
3.1540074636701248e-07 
3.1540074636701248e-07 
3.1540074636701248e-07 
3.1540074636701248e-07 
3.1540074636701248e-07 
3.1540074636701248e-07 
3.1540074636701248e-07 
2.9241920211560908e-07 
2.9241920211560908e-07 
2.9241920211560908e-07 
2.9241920211560908e-07 
2.9241920211560908e-07 
2.9241920211560908e-07 
2.9241920211560908e-07 
2.8694902468293357e-07 
2.8694902468293357e-07 
2.8694902468293357e-07 
2.8694902468293357e-07 
2.8694902468293357e-07 
2.8694902468293357e-07 
2.8694902468293357e-07 
2.8694902468293357e-07 
2.8694902468293357e-07 
2.8525728635803067e-07 
1.7747316969035413e-07 
1.2975231286785712e-07 
1.2975231286785712e-07 
1.2975231286785712e-07 
1.2212901644971105e-07 
1.1312336945839021e-07 
1.0843996372392316e-07 
9.0385718429310532e-08 
7.2808918738825422e-08 
5.1898293059199778e-08 
4.3449467758608545e-08 
4.3449467758608545e-08 
4.3449467758608545e-08 
4.3449467758608545e-08 
4.3449467758608545e-08 
4.3449467758608545e-08 
4.3449467758608545e-08 
4.3342642978235086e-08 
4.3342642978235086e-08 
4.3342642978235086e-08 
4.2616028658486058e-08 
4.1652295580647914e-08 
4.0959888013472795e-08 
4.0081147759411721e-08 
3.885282510178804e-08 
3.7314856117846927e-08 
3.5642052822770521e-08 
3.4093493205658224e-08 
3.2975518933260632e-08 
3.2615136883108003e-08 
3.2615136883108003e-08 
3.2615136883108003e-08 
3.2615136883108003e-08 
3.2615136883108003e-08 
3.1828835430683918e-08 
3.1178418395383317e-08 
3.0735089685017755e-08 
3.0645153290495878e-08 
3.0645153290495878e-08 
3.0645153290495878e-08 
2.6682713667283628e-08 
2.5005447843035539e-08 
2.5005447843035539e-08 
2.5005447843035539e-08 
2.3709023417631561e-08 
2.3093681527501427e-08 
2.0171468329980537e-08 
1.7885994041106e-08 
1.6549972473356263e-08 
1.4255262228264373e-08 
1.4255262228264373e-08 
1.2707389234099364e-08 
1.0725428393419735e-08 
9.616282917050056e-09 
9.2589367815698387e-09 
6.795936328884355e-09 
4.8832569311454542e-09 
3.6114116435039916e-09 
3.1516797991177134e-09 
2.330852417778858e-09 
1.5825760416028029e-09 
1.5825760416028029e-09 
1.5825760416028029e-09 
1.5825760416028029e-09 
1.5825760416028029e-09 
1.3225766754555023e-09 
1.0273361513935e-09 
1.0273361513935e-09 
1.0273361513935e-09 
1.0273361513935e-09 
1.0273361513935e-09 
1.0273361513935e-09 
1.0273361513935e-09 
1.0273361513935e-09 
1.0273361513935e-09 
1.0273361513935e-09 
1.0273361513935e-09 
1.0273361513935e-09 
1.0273361513935e-09 
1.0273361513935e-09 
6.005483480548623e-10 
6.005483480548623e-10 
5.443539823775266e-10 
3.1135900095338949e-10 
1.197725327154356e-10 
1.197725327154356e-10 
5.9334824231079311e-11 
5.9334824231079311e-11 
5.9334824231079311e-11 
5.9334824231079311e-11 
5.9334824231079311e-11 
5.9334824231079311e-11 
5.9334824231079311e-11 
5.9334824231079311e-11 
5.9334824231079311e-11 
5.9334824231079311e-11 
5.9334824231079311e-11 
5.9334824231079311e-11 
5.9334824231079311e-11 
5.9334824231079311e-11 
5.9334824231079311e-11 
5.9334824231079311e-11 
5.9334824231079311e-11 
5.9334824231079311e-11 
5.9334824231079311e-11 
5.9334824231079311e-11 
5.9334824231079311e-11 
5.9334824231079311e-11 
5.9334824231079311e-11 
5.9334824231079311e-11 
5.9334824231079311e-11 
5.9334824231079311e-11 
5.9334824231079311e-11 
5.9334824231079311e-11 
5.9334824231079311e-11 
5.9334824231079311e-11 
5.9334824231079311e-11 
5.9334824231079311e-11 
5.9334824231079311e-11 
5.9334824231079311e-11 
5.9334824231079311e-11 
5.9334824231079311e-11 
5.9334824231079311e-11 
5.9334824231079311e-11 
5.9334824231079311e-11 
5.9334824231079311e-11 
5.9334824231079311e-11 
5.9334824231079311e-11 
5.9334824231079311e-11 
5.9334824231079311e-11 
5.9334824231079311e-11 
5.9334824231079311e-11 
5.9334824231079311e-11 
5.9334824231079311e-11 
5.9334824231079311e-11 
5.9334824231079311e-11 
5.9334824231079311e-11 
5.9334824231079311e-11 
5.9334824231079311e-11 
5.9334824231079311e-11 
5.9334824231079311e-11 
5.9334824231079311e-11 
5.9334824231079311e-11 
5.9334824231079311e-11 
5.9334824231079311e-11 
5.9334824231079311e-11 
5.9334824231079311e-11 
5.9334824231079311e-11 
5.9334824231079311e-11 
5.9334824231079311e-11 
5.9334824231079311e-11 
5.9334824231079311e-11 
5.9334824231079311e-11 
5.9334824231079311e-11 
5.9334824231079311e-11 
5.9334824231079311e-11 
5.9334824231079311e-11 
5.9334824231079311e-11 
5.9334824231079311e-11 
5.9334824231079311e-11 
5.9334824231079311e-11 
5.9334824231079311e-11 
5.9334824231079311e-11 
5.9334824231079311e-11 
5.9334824231079311e-11 
5.9334824231079311e-11 
5.9334824231079311e-11 
5.9334824231079311e-11 
5.9334824231079311e-11 
5.9334824231079311e-11 
5.9334824231079311e-11 
5.9334824231079311e-11 
5.9334824231079311e-11 
5.9334824231079311e-11 
5.9334824231079311e-11 
5.9334824231079311e-11 
5.9334824231079311e-11 
5.9334824231079311e-11 
5.9334824231079311e-11 
5.9334824231079311e-11 
5.9334824231079311e-11 
5.9334824231079311e-11 
5.9334824231079311e-11 
5.9334824231079311e-11 
5.9334824231079311e-11 
5.9334824231079311e-11 
5.9334824231079311e-11 
5.9334824231079311e-11 
5.9334824231079311e-11 
5.9334824231079311e-11 
5.9334824231079311e-11 
5.9334824231079311e-11 
5.9334824231079311e-11 
5.9334824231079311e-11 
5.9334824231079311e-11 
5.9334824231079311e-11 
5.9334824231079311e-11 
5.9334824231079311e-11 
5.9334824231079311e-11 
5.9334824231079311e-11 
5.9334824231079311e-11 
5.9334824231079311e-11 
5.9334824231079311e-11 
5.9334824231079311e-11 
5.9334824231079311e-11 
5.9334824231079311e-11 
5.9334824231079311e-11 
5.9334824231079311e-11 
5.9334824231079311e-11 
5.9334824231079311e-11 
5.9334824231079311e-11 
5.9334824231079311e-11 
5.9334824231079311e-11 
5.9334824231079311e-11 
5.9334824231079311e-11 
5.9334824231079311e-11 
5.9334824231079311e-11 
5.9334824231079311e-11 
5.9334824231079311e-11 
5.9334824231079311e-11 
5.9334824231079311e-11 
5.9334824231079311e-11 
5.9334824231079311e-11 
5.9334824231079311e-11 
5.9334824231079311e-11 
5.9334824231079311e-11 
5.9334824231079311e-11 
5.9334824231079311e-11 
5.9334824231079311e-11 
5.9334824231079311e-11 
5.9334824231079311e-11 
5.9334824231079311e-11 
5.9334824231079311e-11 
5.9334824231079311e-11 
5.9334824231079311e-11 
5.9334824231079311e-11 
5.9334824231079311e-11 
5.9334824231079311e-11 
5.9334824231079311e-11 
5.9334824231079311e-11 
5.9334824231079311e-11 
5.9334824231079311e-11 
5.9334824231079311e-11 
5.9334824231079311e-11 
5.9334824231079311e-11 
5.9334824231079311e-11 
5.9334824231079311e-11 
5.9334824231079311e-11 
5.9334824231079311e-11 
5.9334824231079311e-11 
5.9334824231079311e-11 
5.9334824231079311e-11 
5.9334824231079311e-11 
5.9334824231079311e-11 
5.9334824231079311e-11 
5.9334824231079311e-11 
5.9334824231079311e-11 
5.9334824231079311e-11 
5.9334824231079311e-11 
5.9334824231079311e-11 
5.9334824231079311e-11 
5.9334824231079311e-11 
5.9334824231079311e-11 
5.9334824231079311e-11 
5.9334824231079311e-11 
5.9334824231079311e-11 
5.9334824231079311e-11 
5.9334824231079311e-11 
5.9334824231079311e-11 
5.9334824231079311e-11 
5.9334824231079311e-11 
5.9334824231079311e-11 
5.9334824231079311e-11 
5.9334824231079311e-11 
5.9334824231079311e-11 
5.9334824231079311e-11 
5.9334824231079311e-11 
5.9334824231079311e-11 
5.9334824231079311e-11 
5.9334824231079311e-11 
5.9334824231079311e-11 
5.9334824231079311e-11 
5.9334824231079311e-11 
5.9334824231079311e-11 
5.9334824231079311e-11 
5.9334824231079311e-11 
5.9334824231079311e-11 
5.9334824231079311e-11 
5.9334824231079311e-11 
5.9334824231079311e-11 
5.9334824231079311e-11 
5.9334824231079311e-11 
5.9334824231079311e-11 
5.9334824231079311e-11 
5.9334824231079311e-11 
5.9334824231079311e-11 
5.9334824231079311e-11 
5.9334824231079311e-11 
5.9334824231079311e-11 
5.9334824231079311e-11 
5.9334824231079311e-11 
5.9334824231079311e-11 
5.9334824231079311e-11 
5.9334824231079311e-11 
5.9334824231079311e-11 
5.9334824231079311e-11 
5.9334824231079311e-11 
5.9334824231079311e-11 
5.9334824231079311e-11 
5.9334824231079311e-11 
5.9334824231079311e-11 
5.9334824231079311e-11 
5.9334824231079311e-11 
5.9334824231079311e-11 
5.9334824231079311e-11 
5.9334824231079311e-11 
5.9334824231079311e-11 
5.9334824231079311e-11 
5.9334824231079311e-11 
5.9334824231079311e-11 
5.9334824231079311e-11 
5.9334824231079311e-11 
5.9334824231079311e-11 
5.9334824231079311e-11 
5.9334824231079311e-11 
5.9334824231079311e-11 
5.9334824231079311e-11 
5.9334824231079311e-11 
5.9334824231079311e-11 
5.9334824231079311e-11 
5.9334824231079311e-11 
5.9334824231079311e-11 
5.9334824231079311e-11 
5.9334824231079311e-11 
5.9334824231079311e-11 
5.9334824231079311e-11 
5.9334824231079311e-11 
5.9334824231079311e-11 
5.9334824231079311e-11 
5.9334824231079311e-11 
5.9334824231079311e-11 
5.9334824231079311e-11 
5.9334824231079311e-11 
5.9334824231079311e-11 
5.9334824231079311e-11 
5.9334824231079311e-11 
5.9334824231079311e-11 
5.9334824231079311e-11 
5.9334824231079311e-11 
5.9334824231079311e-11 
5.9334824231079311e-11 
5.9334824231079311e-11 
5.9334824231079311e-11 
5.9334824231079311e-11 
5.9334824231079311e-11 
5.9334824231079311e-11 
5.9334824231079311e-11 
5.9334824231079311e-11 
5.9334824231079311e-11 
5.9334824231079311e-11 
5.9334824231079311e-11 
5.9334824231079311e-11 
5.9334824231079311e-11 
5.9334824231079311e-11 
5.9334824231079311e-11 
5.9334824231079311e-11 
5.9334824231079311e-11 
5.9334824231079311e-11 
5.9334824231079311e-11 
5.9334824231079311e-11 
5.9334824231079311e-11 
5.9334824231079311e-11 
5.9334824231079311e-11 
5.9334824231079311e-11 
5.9334824231079311e-11 
5.9334824231079311e-11 
5.9334824231079311e-11 
5.9334824231079311e-11 
5.9334824231079311e-11 
5.9334824231079311e-11 
5.9334824231079311e-11 
5.9334824231079311e-11 
5.9334824231079311e-11 
5.9334824231079311e-11 
5.9334824231079311e-11 
5.9334824231079311e-11 
5.9334824231079311e-11 
5.9334824231079311e-11 
5.9334824231079311e-11 
5.9334824231079311e-11 
5.9334824231079311e-11 
5.9334824231079311e-11 
5.9334824231079311e-11 
5.9334824231079311e-11 
5.9334824231079311e-11 
5.9334824231079311e-11 
5.9334824231079311e-11 
5.9334824231079311e-11 
5.9334824231079311e-11 
5.9334824231079311e-11 
5.9334824231079311e-11 
5.9334824231079311e-11 
5.9334824231079311e-11 
5.9334824231079311e-11 
5.9334824231079311e-11 
5.9334824231079311e-11 
5.9334824231079311e-11 
5.9334824231079311e-11 
5.9334824231079311e-11 
5.9334824231079311e-11 
5.9334824231079311e-11 
5.9334824231079311e-11 
5.9334824231079311e-11 
5.9334824231079311e-11 
5.9334824231079311e-11 
5.9334824231079311e-11 
5.9334824231079311e-11 
5.9334824231079311e-11 
5.9334824231079311e-11 
5.9334824231079311e-11 
5.9334824231079311e-11 
5.9334824231079311e-11 
5.9334824231079311e-11 
5.9334824231079311e-11 
5.9334824231079311e-11 
5.9334824231079311e-11 
5.9334824231079311e-11 
5.9334824231079311e-11 
5.9334824231079311e-11 
5.9334824231079311e-11 
5.9334824231079311e-11 
5.9334824231079311e-11 
5.9334824231079311e-11 
5.9334824231079311e-11 
5.9334824231079311e-11 
5.9334824231079311e-11 
5.9334824231079311e-11 
5.9334824231079311e-11 
5.9334824231079311e-11 
5.9334824231079311e-11 
5.9334824231079311e-11 
5.9334824231079311e-11 
5.9334824231079311e-11 
5.9334824231079311e-11 
5.9334824231079311e-11 
5.9334824231079311e-11 
5.9334824231079311e-11 
5.9334824231079311e-11 
5.9334824231079311e-11 
5.9334824231079311e-11 
5.9334824231079311e-11 
5.9334824231079311e-11 
5.9334824231079311e-11 
5.9334824231079311e-11 
5.9334824231079311e-11 
5.9334824231079311e-11 
5.9334824231079311e-11 
5.9334824231079311e-11 
5.9334824231079311e-11 
5.9334824231079311e-11 
5.9334824231079311e-11 
5.9334824231079311e-11 
5.9334824231079311e-11 
5.9334824231079311e-11 
5.9334824231079311e-11 
5.9334824231079311e-11 
5.9334824231079311e-11 
5.9334824231079311e-11 
5.9334824231079311e-11 
5.9334824231079311e-11 
5.9334824231079311e-11 
5.9334824231079311e-11 
5.9334824231079311e-11 
5.9334824231079311e-11 
5.9334824231079311e-11 
5.9334824231079311e-11 
5.9334824231079311e-11 
5.9334824231079311e-11 
5.9334824231079311e-11 
5.9334824231079311e-11 
5.9334824231079311e-11 
5.9334824231079311e-11 
5.9334824231079311e-11 
5.9334824231079311e-11 
5.9334824231079311e-11 
5.9334824231079311e-11 
5.9334824231079311e-11 
5.9334824231079311e-11 
5.9334824231079311e-11 
5.9334824231079311e-11 
5.9334824231079311e-11 
5.9334824231079311e-11 
5.9334824231079311e-11 
5.9334824231079311e-11 
5.9334824231079311e-11 
5.9334824231079311e-11 
5.9334824231079311e-11 
5.9334824231079311e-11 
5.9334824231079311e-11 
5.9334824231079311e-11 
5.9334824231079311e-11 
5.9334824231079311e-11 
5.9334824231079311e-11 
5.9334824231079311e-11 
5.9334824231079311e-11 
5.9334824231079311e-11 
5.9334824231079311e-11 
5.9334824231079311e-11 
5.9334824231079311e-11 
5.9334824231079311e-11 
5.9334824231079311e-11 
5.9334824231079311e-11 
5.9334824231079311e-11 
5.9334824231079311e-11 
5.9334824231079311e-11 
5.9334824231079311e-11 
5.9334824231079311e-11 
5.9334824231079311e-11 
5.9334824231079311e-11 
5.9334824231079311e-11 
5.9334824231079311e-11 
5.9334824231079311e-11 
5.9334824231079311e-11 
5.9334824231079311e-11 
5.9334824231079311e-11 
5.9334824231079311e-11 
5.9334824231079311e-11 
5.9334824231079311e-11 
5.9334824231079311e-11 
5.9334824231079311e-11 
5.9334824231079311e-11 
5.9334824231079311e-11 
5.9334824231079311e-11 
5.9334824231079311e-11 
5.9334824231079311e-11 
5.9334824231079311e-11 
5.9334824231079311e-11 
5.9334824231079311e-11 
5.9334824231079311e-11 
5.9334824231079311e-11 
5.9334824231079311e-11 
5.9334824231079311e-11 
5.9334824231079311e-11 
5.9334824231079311e-11 
5.9334824231079311e-11 
5.9334824231079311e-11 
5.9334824231079311e-11 
5.9334824231079311e-11 
5.9334824231079311e-11 
5.9334824231079311e-11 
5.9334824231079311e-11 
5.9334824231079311e-11 
5.9334824231079311e-11 
5.9334824231079311e-11 
5.9334824231079311e-11 
5.9334824231079311e-11 
5.9334824231079311e-11 
5.9334824231079311e-11 
5.9334824231079311e-11 
5.9334824231079311e-11 
5.9334824231079311e-11 
5.9334824231079311e-11 
5.9334824231079311e-11 
5.9334824231079311e-11 
5.9334824231079311e-11 
5.9334824231079311e-11 
5.9334824231079311e-11 
5.9334824231079311e-11 
5.9334824231079311e-11 
5.9334824231079311e-11 
5.9334824231079311e-11 
5.9334824231079311e-11 
5.9334824231079311e-11 
5.9334824231079311e-11 
5.9334824231079311e-11 
5.9334824231079311e-11 
5.9334824231079311e-11 
5.9334824231079311e-11 
5.9334824231079311e-11 
5.9334824231079311e-11 
5.9334824231079311e-11 
5.9334824231079311e-11 
5.9334824231079311e-11 
5.9334824231079311e-11 
5.9334824231079311e-11 
5.9334824231079311e-11 
5.9334824231079311e-11 
5.9334824231079311e-11 
5.9334824231079311e-11 
5.9334824231079311e-11 
5.9334824231079311e-11 
5.9334824231079311e-11 
5.9334824231079311e-11 
5.9334824231079311e-11 
5.9334824231079311e-11 
5.9334824231079311e-11 
5.9334824231079311e-11 
5.9334824231079311e-11 
5.9334824231079311e-11 
5.9334824231079311e-11 
5.9334824231079311e-11 
5.9334824231079311e-11 
5.9334824231079311e-11 
5.9334824231079311e-11 
5.9334824231079311e-11 
5.9334824231079311e-11 
5.9334824231079311e-11 
5.9334824231079311e-11 
5.9334824231079311e-11 
5.9334824231079311e-11 
5.9334824231079311e-11 
5.9334824231079311e-11 
5.9334824231079311e-11 
5.9334824231079311e-11 
5.9334824231079311e-11 
5.9334824231079311e-11 
5.9334824231079311e-11 
5.9334824231079311e-11 
5.9334824231079311e-11 
5.9334824231079311e-11 
5.9334824231079311e-11 
5.9334824231079311e-11 
5.9334824231079311e-11 
5.9334824231079311e-11 
5.9334824231079311e-11 
5.9334824231079311e-11 
5.9334824231079311e-11 
5.9334824231079311e-11 
5.9334824231079311e-11 
5.9334824231079311e-11 
5.9334824231079311e-11 
5.9334824231079311e-11 
5.9334824231079311e-11 
5.9334824231079311e-11 
5.9334824231079311e-11 
5.9334824231079311e-11 
5.9334824231079311e-11 
5.9334824231079311e-11 
5.9334824231079311e-11 
5.9334824231079311e-11 
5.9334824231079311e-11 
5.9334824231079311e-11 
5.9334824231079311e-11 
5.9334824231079311e-11 
5.9334824231079311e-11 
5.9334824231079311e-11 
5.9334824231079311e-11 
5.9334824231079311e-11 
5.9334824231079311e-11 
5.9334824231079311e-11 
5.9334824231079311e-11 
5.9334824231079311e-11 
5.9334824231079311e-11 
5.9334824231079311e-11 
5.9334824231079311e-11 
5.9334824231079311e-11 
5.9334824231079311e-11 
5.9334824231079311e-11 
5.9334824231079311e-11 
5.9334824231079311e-11 
5.9334824231079311e-11 
5.9334824231079311e-11 
5.9334824231079311e-11 
5.9334824231079311e-11 
5.9334824231079311e-11 
5.9334824231079311e-11 
5.9334824231079311e-11 
5.9334824231079311e-11 
5.9334824231079311e-11 
5.9334824231079311e-11 
5.9334824231079311e-11 
5.9334824231079311e-11 
5.9334824231079311e-11 
5.9334824231079311e-11 
5.9334824231079311e-11 
5.9334824231079311e-11 
5.9334824231079311e-11 
5.9334824231079311e-11 
5.9334824231079311e-11 
5.9334824231079311e-11 
5.9334824231079311e-11 
5.9334824231079311e-11 
5.9334824231079311e-11 
5.9334824231079311e-11 
5.9334824231079311e-11 
5.9334824231079311e-11 
5.9334824231079311e-11 
5.9334824231079311e-11 
5.9334824231079311e-11 
5.9334824231079311e-11 
5.9334824231079311e-11 
5.9334824231079311e-11 
5.9334824231079311e-11 
5.9334824231079311e-11 
5.9334824231079311e-11 
5.9334824231079311e-11 
5.9334824231079311e-11 
5.9334824231079311e-11 
5.9334824231079311e-11 
5.9334824231079311e-11 
5.9334824231079311e-11 
5.9334824231079311e-11 
5.9334824231079311e-11 
5.9334824231079311e-11 
5.9334824231079311e-11 
5.9334824231079311e-11 
5.9334824231079311e-11 
5.9334824231079311e-11 
5.9334824231079311e-11 
5.9334824231079311e-11 
5.9334824231079311e-11 
5.9334824231079311e-11 
5.9334824231079311e-11 
5.9334824231079311e-11 
5.9334824231079311e-11 
5.9334824231079311e-11 
5.9334824231079311e-11 
5.9334824231079311e-11 
5.9334824231079311e-11 
5.9334824231079311e-11 
5.9334824231079311e-11 
5.9334824231079311e-11 
5.9334824231079311e-11 
5.9334824231079311e-11 
5.9334824231079311e-11 
5.9334824231079311e-11 
5.9334824231079311e-11 
5.9334824231079311e-11 
5.9334824231079311e-11 
5.9334824231079311e-11 
5.9334824231079311e-11 
5.9334824231079311e-11 
5.9334824231079311e-11 
5.9334824231079311e-11 
5.9334824231079311e-11 
5.9334824231079311e-11 
5.9334824231079311e-11 
5.9334824231079311e-11 
5.9334824231079311e-11 
5.9334824231079311e-11 
5.9334824231079311e-11 
5.9334824231079311e-11 
5.9334824231079311e-11 
5.9334824231079311e-11 
5.9334824231079311e-11 
5.9334824231079311e-11 
5.9334824231079311e-11 
5.9334824231079311e-11 
5.9334824231079311e-11 
5.9334824231079311e-11 
5.9334824231079311e-11 
5.9334824231079311e-11 
5.9334824231079311e-11 
5.9334824231079311e-11 
5.9334824231079311e-11 
5.9334824231079311e-11 
5.9334824231079311e-11 
5.9334824231079311e-11 
5.9334824231079311e-11 
5.9334824231079311e-11 
5.9334824231079311e-11 
5.9334824231079311e-11 
5.9334824231079311e-11 
5.9334824231079311e-11 
5.9334824231079311e-11 
5.9334824231079311e-11 
5.9334824231079311e-11 
5.9334824231079311e-11 
5.9334824231079311e-11 
5.9334824231079311e-11 
5.9334824231079311e-11 
5.9334824231079311e-11 
5.9334824231079311e-11 
5.9334824231079311e-11 
5.9334824231079311e-11 
5.9334824231079311e-11 
5.9334824231079311e-11 
5.9334824231079311e-11 
5.9334824231079311e-11 
5.9334824231079311e-11 
5.9334824231079311e-11 
5.9334824231079311e-11 
5.9334824231079311e-11 
5.9334824231079311e-11 
5.9334824231079311e-11 
5.9334824231079311e-11 
5.9334824231079311e-11 
5.9334824231079311e-11 
5.9334824231079311e-11 
5.9334824231079311e-11 
5.9334824231079311e-11 
5.9334824231079311e-11 
5.9334824231079311e-11 
5.9334824231079311e-11 
5.9334824231079311e-11 
5.9334824231079311e-11 
5.9334824231079311e-11 
5.9334824231079311e-11 
5.9334824231079311e-11 
5.9334824231079311e-11 
5.9334824231079311e-11 
5.9334824231079311e-11 
5.9334824231079311e-11 
5.9334824231079311e-11 
5.9334824231079311e-11 
5.9334824231079311e-11 
5.9334824231079311e-11 
5.9334824231079311e-11 
5.9334824231079311e-11 
5.9334824231079311e-11 
5.9334824231079311e-11 
5.9334824231079311e-11 
