8.8532037342057972 
8.8532037342057972 
8.8532037342057972 
8.6395219646324843 
7.9702128135451087 
7.3311821315584051 
6.7221245463081001 
6.1427358067473863 
5.592712783146923 
5.0717534670948172 
4.5795569714966424 
4.1158235305754367 
3.6802544998716868 
3.2725523562433487 
2.8924206978658344 
2.5395642442320177 
2.2136888361522327 
1.9145014357542705 
1.6417101264833871 
1.395024113102294 
1.1741537216911655 
0.97881039964763472 
0.80870671568679553 
0.66355635984120143 
0.54307414346086613 
0.4469759992132637 
0.37497898108332806 
0.32680126437345303 
0.3021621457034927 
0.30078204301076106 
0.30078204301076106 
0.30078204301076106 
0.30078204301076106 
0.29873912205409714 
0.29873912205409714 
0.29873912205409714 
0.29873912205409714 
0.29873912205409714 
0.29873912205409714 
0.29873912205409714 
0.29873912205409714 
0.29873912205409714 
0.29873912205409714 
0.29873912205409714 
0.29873912205409714 
0.2984125557106993 
0.2984125557106993 
0.2984125557106993 
0.2984125557106993 
0.2984125557106993 
0.2984125557106993 
0.2984125557106993 
0.2984125557106993 
0.2984125557106993 
0.2984125557106993 
0.2984125557106993 
0.2984023178777242 
0.2984023178777242 
0.2984023178777242 
0.2984023178777242 
0.2984023178777242 
0.2984023178777242 
0.2984023178777242 
0.2984023178777242 
0.2984023178777242 
0.2984023178777242 
0.29839905317941251 
0.29839905317941251 
0.29839905317941251 
0.29839905317941251 
0.29839905317941251 
0.29839905317941251 
0.29839905317941251 
0.29839905317941251 
0.29839905317941251 
0.29839905317941251 
0.29839905317941251 
0.29839905317941251 
0.29839905317941251 
0.29839905317941251 
0.29839905317941251 
0.29839905317941251 
0.29839905317941251 
0.29839905317941251 
0.29839905317941251 
0.29839905317941251 
0.29839905317941251 
0.29839905317941251 
0.29839905317941251 
0.29839905317941251 
0.29839905317941251 
0.29839905317941251 
0.29808506137870167 
0.29808506137870167 
0.29808506137870167 
0.29808506137870167 
0.29808506137870167 
0.29808506137870167 
0.29808506137870167 
0.29808506137870167 
0.29808506137870167 
0.29808506137870167 
0.29808506137870167 
0.29808506137870167 
0.29808506137870167 
0.29808506137870167 
0.29808506137870167 
0.29796607459939389 
0.29796607459939389 
0.29767318409387572 
0.29767318409387572 
0.29767318409387572 
0.29767318409387572 
0.29767318409387572 
0.29767318409387572 
0.29765069565144453 
0.29758611350335801 
0.29758611350335801 
0.29745092903135056 
0.29745092903135056 
0.29745092903135056 
0.29745092903135056 
0.29745092903135056 
0.29745092903135056 
0.29726072554316113 
0.29726072554316113 
0.29726072554316113 
0.29726072554316113 
0.29726072554316113 
0.29726072554316113 
0.29726072554316113 
0.29702419797352414 
0.29702419797352414 
0.29510834672362857 
0.29510834672362857 
0.29484607217098152 
0.29484607217098152 
0.29484607217098152 
0.29484607217098152 
0.29484607217098152 
0.29484607217098152 
0.29484607217098152 
0.29481811255904106 
0.29481811255904106 
0.29481811255904106 
0.29404542154704333 
0.29404542154704333 
0.29404542154704333 
0.29246019087400144 
0.29246019087400144 
0.29246019087400144 
0.29246019087400144 
0.29220750900217823 
0.29004326266735042 
0.29004326266735042 
0.29004326266735042 
0.28961246587130846 
0.28896366420244768 
0.28837192000073048 
0.28837192000073048 
0.28837192000073048 
0.28802956553029596 
0.28802956553029596 
0.28802956553029596 
0.2866800424312535 
0.2866800424312535 
0.2866800424312535 
0.2866800424312535 
0.2866800424312535 
0.2866800424312535 
0.2866800424312535 
0.2866800424312535 
0.2866800424312535 
0.28642839793958247 
0.28642839793958247 
0.28642839793958247 
0.28642839793958247 
0.28567237675380325 
0.28567237675380325 
0.28521409975430323 
0.28521409975430323 
0.28521409975430323 
0.28521409975430323 
0.28521409975430323 
0.28429404213418136 
0.28429404213418136 
0.28429404213418136 
0.28429404213418136 
0.28429404213418136 
0.28429404213418136 
0.28429404213418136 
0.28429404213418136 
0.28429404213418136 
0.28429404213418136 
0.28397677150563772 
0.28385256906476869 
0.28385035975129724 
0.28385035975129724 
0.28385035975129724 
0.28385035975129724 
0.28385035975129724 
0.28385035975129724 
0.28385035975129724 
0.28385035975129724 
0.28385035975129724 
0.28363581882859157 
0.28363581882859157 
0.28322158292126715 
0.28322158292126715 
0.28265983790880211 
0.28265983790880211 
0.28265983790880211 
0.28265983790880211 
0.28265983790880211 
0.28265983790880211 
0.28265983790880211 
0.28265983790880211 
0.28265983790880211 
0.28224621769872416 
0.28224621769872416 
0.28215787547352555 
0.28215787547352555 
0.28198553597204457 
0.28198553597204457 
0.28083151048518462 
0.28083151048518462 
0.28083151048518462 
0.28083151048518462 
0.28083151048518462 
0.28006735669618255 
0.28006735669618255 
0.28006735669618255 
0.28006735669618255 
0.28006735669618255 
0.28006735669618255 
0.28001112891840563 
0.27867300873080025 
0.27867300873080025 
0.27867300873080025 
0.27867300873080025 
0.27834013656873041 
0.27834013656873041 
0.27834013656873041 
0.27834013656873041 
0.27834013656873041 
0.27718199133970001 
0.27718199133970001 
0.27718199133970001 
0.27718199133970001 
0.27718199133970001 
0.27718199133970001 
0.27718199133970001 
0.27691503014628971 
0.27691503014628971 
0.27691503014628971 
0.27691503014628971 
0.27637984545701089 
0.27637984545701089 
0.27637984545701089 
0.27637984545701089 
0.27637984545701089 
0.27606922793172772 
0.27606922793172772 
0.27606922793172772 
0.27583828184048281 
0.27583828184048281 
0.27583828184048281 
0.27583828184048281 
0.27516191262864709 
0.27424909347159587 
0.27424909347159587 
0.27424909347159587 
0.27424909347159587 
0.27424909347159587 
0.27424909347159587 
0.27424909347159587 
0.27424909347159587 
0.27424909347159587 
0.27424909347159587 
0.27424909347159587 
0.27424909347159587 
0.27424909347159587 
0.27423852056556192 
0.27402337029482832 
0.27402337029482832 
0.27402337029482832 
0.27402337029482832 
0.27388673980663164 
0.27388673980663164 
0.27388673980663164 
0.27388673980663164 
0.27336746624904562 
0.27336746624904562 
0.27336746624904562 
0.27336746624904562 
0.27336746624904562 
0.27336746624904562 
0.27336746624904562 
0.27336746624904562 
0.27336746624904562 
0.27336746624904562 
0.27336746624904562 
0.27336746624904562 
0.27336746624904562 
0.27334664345505039 
0.27334664345505039 
0.27334664345505039 
0.27334664345505039 
0.27334664345505039 
0.2731565410563172 
0.2731565410563172 
0.2731565410563172 
0.2731565410563172 
0.27294011231026266 
0.27294011231026266 
0.27294011231026266 
0.27294011231026266 
0.27294011231026266 
0.27294011231026266 
0.27268292879934325 
0.27268292879934325 
0.27268292879934325 
0.27268292879934325 
0.27268292879934325 
0.27153591872498367 
0.27153591872498367 
0.27153591872498367 
0.27064685780555775 
0.27064685780555775 
0.27064685780555775 
0.27064685780555775 
0.27064685780555775 
0.27064685780555775 
0.27064685780555775 
0.27064685780555775 
0.27064685780555775 
0.27064685780555775 
0.27064685780555775 
0.27064685780555775 
0.26979117619488363 
0.26979117619488363 
0.26979117619488363 
0.2685544464074226 
0.2685544464074226 
0.2685544464074226 
0.2685544464074226 
0.2685544464074226 
0.2685544464074226 
0.2685544464074226 
0.2685544464074226 
0.2685544464074226 
0.2685544464074226 
0.2685544464074226 
0.2685544464074226 
0.2685544464074226 
0.2685544464074226 
0.2685544464074226 
0.26842341698804867 
0.26842341698804867 
0.26842341698804867 
0.26842341698804867 
0.26775077143575937 
0.26775077143575937 
0.26775077143575937 
0.26775077143575937 
0.267391328616775 
0.267391328616775 
0.267391328616775 
0.267391328616775 
0.26647346792418847 
0.26647346792418847 
0.26647346792418847 
0.26638945865113445 
0.2636898259597163 
0.26182733522860202 
0.26079783586948191 
0.26059718420607259 
0.26059718420607259 
0.26059718420607259 
0.26059718420607259 
0.25673340243138359 
0.25673340243138359 
0.25673340243138359 
0.25673340243138359 
0.25673340243138359 
0.25673340243138359 
0.25673340243138359 
0.25673340243138359 
0.25631728894852474 
0.25506241613388414 
0.25392960315569396 
0.25291931786280553 
0.25203202870292896 
0.25126820472263295 
0.2506283155673445 
0.25011283148134911 
0.24972222330779131 
0.24945696248867377 
0.24931752106485783 
0.24930437167606345 
0.24930437167606345 
0.24930437167606345 
0.24930437167606345 
0.24929444822477673 
0.24929444822477673 
0.24920826126006551 
0.24920826126006551 
0.24899751461836028 
0.24879987002036877 
0.24864390026585667 
0.24852960465823026 
0.24845698250089956 
0.24842603309727854 
0.24842603309727854 
0.24842603309727854 
0.24842603309727854 
0.24842603309727854 
0.24842603309727854 
0.24842603309727854 
0.24842603309727854 
0.24842603309727854 
0.24842603309727854 
0.24842603309727854 
0.24842603309727854 
0.24842603309727854 
0.24842603309727854 
0.24842603309727854 
0.24842603309727854 
0.24842603309727854 
0.24842603309727854 
0.24842481414147277 
0.24842481414147277 
0.24842481414147277 
0.24842481414147277 
0.24842481414147277 
0.24842481414147277 
0.24842481414147277 
0.24842481414147277 
0.24842481414147277 
0.24842481414147277 
0.24842481414147277 
0.24842481414147277 
0.24842481414147277 
0.24842481414147277 
0.24842481414147277 
0.24842018050376499 
0.24842018050376499 
0.24842018050376499 
0.24834168720745373 
0.24825759519892224 
0.24817508077924247 
0.24809414363459062 
0.24801478345116373 
0.24793699991517978 
0.24786079271287761 
0.24778616153051705 
0.2477131060543788 
0.24764162597076447 
0.24757172096599661 
0.24750339072641872 
0.2474366349383951 
0.24737145328831109 
0.24730784546257284 
0.24724581114760749 
0.24718535002986308 
0.24712646179580852 
0.24706914613193368 
0.24701340272474939 
0.24695923126078723 
0.24690663142659991 
0.24685560290876085 
0.24680614539386456 
0.24675825856852635 
0.24671194211938249 
0.24666719573309012 
0.24662401909632739 
0.24658241189579327 
0.24654237381820768 
0.24650390455031149 
0.24646700377886638 
0.24643167119065507 
0.24639790647248114 
0.24636570931116902 
0.24633507939356422 
0.24630601640653296 
0.24627852003696257 
0.24625258997176117 
0.24622822589785776 
0.24620542750220237 
0.24618419447176595 
0.24616452649354026 
0.246146423254538 
0.24612988444179287 
0.24589404983855559 
0.24589404983855559 
0.24583325268887876 
0.24576562163899623 
0.24551599484929881 
0.24551599484929881 
0.24551599484929881 
0.24551599484929881 
0.24551599484929881 
0.24544372084106686 
0.2452579169312856 
0.24508300571805053 
0.24491898614133523 
0.24476585714114768 
0.24462361765753041 
0.24449226663056023 
0.24437180300034847 
0.24426222570704076 
0.24416353369081736 
0.24407572589189278 
0.24399880125051596 
0.24393275870697037 
0.24387759720157381 
0.24383331567467853 
0.2437999130666712 
0.24377738831797294 
0.24376574036903928 
0.24376496816036014 
0.24376496816036014 
0.24376496816036014 
0.24376496816036014 
0.24376397112569276 
0.24376397112569276 
0.24376397112569276 
0.24376397112569276 
0.24376397112569276 
0.24376397112569276 
0.24376397112569276 
0.24376397112569276 
0.24376397112569276 
0.24376397112569276 
0.24316920013891094 
0.24316920013891094 
0.24292353560280672 
0.24273568987581778 
0.24273568987581778 
0.24273568987581778 
0.24273568987581778 
0.24273568987581778 
0.24273568987581778 
0.24273568987581778 
0.24273568987581778 
0.24273568987581778 
0.24273568987581778 
0.24273568987581778 
0.24273568987581778 
0.24273568987581778 
0.24273568987581778 
0.24273568987581778 
0.24273568987581778 
0.24273568987581778 
0.24273568987581778 
0.24273153953993087 
0.24273153953993087 
0.24273153953993087 
0.24273153953993087 
0.24273153953993087 
0.24273153953993087 
0.24273153953993087 
0.24273153953993087 
0.24273153953993087 
0.24273153953993087 
0.24273153953993087 
0.24273153953993087 
0.24273153953993087 
0.24273153953993087 
0.24273153953993087 
0.24273153953993087 
0.24273153953993087 
0.24273153953993087 
0.24273153953993087 
0.24273153953993087 
0.24273153953993087 
0.24273153953993087 
0.24273153953993087 
0.24273153953993087 
0.24273153953993087 
0.24273153953993087 
0.24273153953993087 
0.24273153953993087 
0.24273153953993087 
0.24273153953993087 
0.24273153953993087 
0.24273153953993087 
0.24273153953993087 
0.24273153953993087 
0.24273153953993087 
0.24273153953993087 
0.24273153953993087 
0.24273153953993087 
0.24273153953993087 
0.24273153953993087 
0.24273128215034293 
0.24273128215034293 
0.24273128215034293 
0.24273128215034293 
0.24273128215034293 
0.24273128215034293 
0.24273128215034293 
0.24273128215034293 
0.24273128215034293 
0.24273128215034293 
0.24273128215034293 
0.24273128215034293 
0.24273128215034293 
0.24273128215034293 
0.24273128215034293 
0.24273128215034293 
0.24273128215034293 
0.24273128215034293 
0.24273128215034293 
0.24273128215034293 
0.24273128215034293 
0.24273128215034293 
0.24273128215034293 
0.24273128215034293 
0.24273128215034293 
0.24273128215034293 
0.24273128215034293 
0.24273128215034293 
0.24273128215034293 
0.24273128215034293 
0.24273128215034293 
0.24273128215034293 
0.24273128215034293 
0.24273128215034293 
0.24273128215034293 
0.24273128215034293 
0.24273128215034293 
0.24273128215034293 
0.24273128215034293 
0.24273128215034293 
0.24273128215034293 
0.24273128215034293 
0.24273128215034293 
0.24273128215034293 
0.24273128215034293 
0.24273128215034293 
0.24273128215034293 
0.24273128215034293 
0.24273128215034293 
0.24273128215034293 
0.24273128215034293 
0.24273128215034293 
0.24273128215034293 
0.24273128215034293 
0.24273128215034293 
0.24273128215034293 
0.24273128215034293 
0.24273128215034293 
0.24273128215034293 
0.24273128215034293 
0.24273128215034293 
0.24273128215034293 
0.24273128215034293 
0.24273128215034293 
0.24273128215034293 
0.24273128215034293 
0.24273128215034293 
0.24273128215034293 
0.24273128215034293 
0.24273128215034293 
0.24273128215034293 
0.24273128215034293 
0.24273128215034293 
0.24273128215034293 
0.24273128215034293 
0.24273128215034293 
0.24273128215034293 
0.24273128215034293 
0.24273128215034293 
0.24273128215034293 
0.24273128215034293 
0.24273128215034293 
0.24273128215034293 
0.24273128215034293 
0.24273128215034293 
0.24273128215034293 
0.24273128215034293 
0.24273128215034293 
0.24273128215034293 
0.24273128215034293 
0.24273128215034293 
0.24273127353446436 
0.24272622218524487 
0.24272622218524487 
0.24272622218524487 
0.24272577625289138 
0.24272577625289138 
0.24272577625289138 
0.24272577625289138 
0.24272577625289138 
0.24272577625289138 
0.24272577625289138 
0.24272352864336302 
0.24272352864336302 
0.24272352864336302 
0.24272352864336302 
0.24272352864336302 
0.24272352864336302 
0.24272352864336302 
0.24272352864336302 
0.24272352864336302 
0.24272352864336302 
0.24272352864336302 
0.24272352864336302 
0.24272352864336302 
0.24272352864336302 
0.24272352864336302 
0.24272352864336302 
0.24272352864336302 
0.24272352864336302 
0.24272202090569855 
0.24272202090569855 
0.24272202090569855 
0.24272202090569855 
0.24272202090569855 
0.24272202090569855 
0.24272202090569855 
0.24272202090569855 
0.24272202090569855 
0.24272202090569855 
0.24272202090569855 
0.24272202090569855 
0.24272202090569855 
0.24272202090569855 
0.24272202090569855 
0.24272202090569855 
0.24272202090569855 
0.24272202090569855 
0.24272202090569855 
0.24272202090569855 
0.24272202090569855 
0.24272202090569855 
0.24272202090569855 
0.24272202090569855 
0.24272202090569855 
0.24272202090569855 
0.24272202090569855 
0.24272202090569855 
0.24272202090569855 
0.24272202090569855 
0.24272202090569855 
0.24272202090569855 
0.24272202090569855 
0.24272202090569855 
0.24272202090569855 
0.24272202090569855 
0.24272202090569855 
0.24272202090569855 
0.24272202090569855 
0.24272202090569855 
0.24272165836548887 
0.24272165836548887 
0.24272165836548887 
0.24272165836548887 
0.24272165836548887 
0.24272165836548887 
0.24272165836548887 
0.24272165836548887 
0.24272165836548887 
0.24272165836548887 
0.24272165836548887 
0.24272165836548887 
0.24272165836548887 
0.24272165836548887 
0.24272165836548887 
0.24272165836548887 
0.24272165836548887 
0.24272165836548887 
0.24272165836548887 
0.24272165836548887 
0.24272165836548887 
0.24272165836548887 
0.24272165836548887 
0.24272165836548887 
0.24272165836548887 
0.24272165836548887 
0.24272165836548887 
0.24272165836548887 
0.24272165836548887 
0.24272165836548887 
0.24272165836548887 
0.24272165836548887 
0.24272165836548887 
0.24272165836548887 
0.24272165836548887 
0.24272165836548887 
0.24272165836548887 
0.24272165836548887 
0.24272165836548887 
0.24272165836548887 
0.24272165836548887 
0.24272165836548887 
0.24272165836548887 
0.24272165836548887 
0.24272165836548887 
0.24272165836548887 
0.24272165836548887 
0.24272165836548887 
0.24272165836548887 
0.24272165836548887 
0.24272165836548887 
0.24272165836548887 
0.24272165836548887 
0.24272165836548887 
0.24272165836548887 
0.24272165836548887 
0.24272165836548887 
0.24272165836548887 
0.24272165836548887 
0.24272165836548887 
0.24272165836548887 
0.24272165836548887 
0.24272165836548887 
0.24272109886341384 
0.24272109886341384 
0.24272109886341384 
0.24272109886341384 
0.24272109886341384 
0.24272109886341384 
0.24272109886341384 
0.24272109886341384 
0.24272109886341384 
0.24272109886341384 
0.24272109886341384 
0.24272109886341384 
0.24272109886341384 
0.24272109886341384 
0.24272109886341384 
0.24272109886341384 
0.24272109886341384 
0.24272109886341384 
0.24272109886341384 
0.24272109886341384 
0.24272109886341384 
0.24272109886341384 
0.24272109886341384 
0.24272109886341384 
0.24272109886341384 
0.24272109886341384 
0.24272109886341384 
0.24272109886341384 
0.24272109886341384 
0.24272109886341384 
0.24272109886341384 
0.24272109886341384 
0.24272109886341384 
0.24272109886341384 
0.24272109886341384 
0.24272109886341384 
0.24272109886341384 
0.24272109886341384 
0.24272109886341384 
0.24272109886341384 
0.24271721012367833 
0.24271721012367833 
0.24271721012367833 
0.24271721012367833 
0.24271721012367833 
0.24271721012367833 
0.24271721012367833 
0.24271721012367833 
0.24271721012367833 
0.24271721012367833 
0.24271721012367833 
0.24271721012367833 
0.24271721012367833 
0.24271721012367833 
0.24271721012367833 
0.24271721012367833 
0.24271721012367833 
0.24271721012367833 
0.24271721012367833 
0.24271721012367833 
0.24271721012367833 
0.24271721012367833 
0.24271721012367833 
0.24271721012367833 
0.24271721012367833 
0.24271721012367833 
0.24271721012367833 
0.24271721012367833 
0.24271721012367833 
0.24271721012367833 
0.24271721012367833 
0.24271721012367833 
0.24271721012367833 
0.24271721012367833 
0.24271721012367833 
0.24271721012367833 
0.24271721012367833 
0.24271721012367833 
0.24271721012367833 
0.24271721012367833 
0.24271721012367833 
0.24271721012367833 
0.24271721012367833 
0.24271721012367833 
0.24271721012367833 
0.24271721012367833 
0.24271721012367833 
0.24271721012367833 
0.24271721012367833 
0.24271721012367833 
0.24271721012367833 
0.24271721012367833 
0.24271721012367833 
0.24271721012367833 
0.24271721012367833 
0.24271721012367833 
0.24271721012367833 
0.24271721012367833 
0.24271721012367833 
0.24271721012367833 
0.24271721012367833 
0.24271721012367833 
0.24271721012367833 
0.24271721012367833 
0.24271721012367833 
0.24271721012367833 
0.24271721012367833 
0.24271721012367833 
0.24271721012367833 
0.24271721012367833 
0.24271721012367833 
0.24271721012367833 
0.24271721012367833 
0.24271721012367833 
0.24271721012367833 
0.24271721012367833 
0.24271721012367833 
0.24271721012367833 
0.24271721012367833 
0.24271721012367833 
0.24271721012367833 
0.24271721012367833 
0.24271721012367833 
0.24271721012367833 
0.24271721012367833 
0.24271721012367833 
0.24271721012367833 
0.24271721012367833 
0.24271721012367833 
0.24271721012367833 
0.24271721012367833 
0.24271721012367833 
0.24271721012367833 
0.24271721012367833 
0.24271721012367833 
0.24271721012367833 
0.24271721012367833 
0.24271721012367833 
0.24271721012367833 
0.24271721012367833 
0.24271721012367833 
0.24271721012367833 
0.24271721012367833 
0.24271721012367833 
0.24271721012367833 
0.24271721012367833 
0.24271721012367833 
0.24271721012367833 
0.24271721012367833 
0.24271721012367833 
0.24271721012367833 
0.24271721012367833 
0.24271721012367833 
0.24271721012367833 
0.24271721012367833 
0.24271721012367833 
0.24271721012367833 
0.24271721012367833 
0.24271721012367833 
0.24271721012367833 
0.24271721012367833 
0.24271721012367833 
0.24271721012367833 
0.24271721012367833 
0.24271721012367833 
0.24271721012367833 
0.24271721012367833 
0.24271721012367833 
0.24271721012367833 
0.24271721012367833 
0.24271721012367833 
0.24271721012367833 
0.24271721012367833 
0.24271721012367833 
0.24271721012367833 
0.24271721012367833 
0.24271721012367833 
0.24271721012367833 
0.24271721012367833 
0.24271721012367833 
0.24271721012367833 
0.24271721012367833 
