0.51283288130868643 
0.50867936426890303 
0.50864604280592041 
0.50864538984755758 
0.48898427803063071 
0.39476230784977417 
0.39422700138880407 
0.39422199624484622 
0.38391685959060151 
0.37356590796904809 
0.37305444906404472 
0.36630822414865699 
0.36626709786541745 
0.36508858871256561 
0.36421992812531789 
0.36385447270046312 
0.36341628817687049 
0.35207532012898618 
0.34838409220906014 
0.34328639944191675 
0.34213798874415186 
0.33978075718583922 
0.33955220621721172 
0.33840344645963294 
0.33839462987360941 
0.33791143968193132 
0.33790744238400178 
0.33772894358134919 
0.33772693044133861 
0.33764205713788753 
0.33764086163821933 
0.33761400864386193 
0.3376116141141608 
0.33759774927896991 
0.33759701551278404 
0.33759150604912297 
0.33759081681063541 
0.33758794342096954 
0.3375872813400978 
0.33758588148482194 
0.33758522242258332 
0.33758418421720143 
0.33758353199474345 
0.33758277453469604 
0.33758211016668149 
0.33758140877523235 
0.33758075919884573 
0.33758008437619041 
0.33757943520199607 
0.33757877782618328 
0.33757812844509089 
0.33757747523951465 
0.33757682609553619 
0.3375761753227684 
0.3375755260773099 
0.33757487647693202 
0.33757422710838769 
0.33757357782876407 
0.33757292849785675 
0.33757227929856437 
0.33757163009445801 
0.3375709808653436 
0.33757033167859823 
0.33756968249431152 
0.33756903331223337 
0.3375683841323619 
0.33756773495469738 
0.3375670857792395 
0.33756643660598817 
0.3375657874349437 
0.33756513826610601 
0.33756448909947478 
0.33756383993505007 
0.33756319077283214 
0.3375625416128209 
0.33756189245501605 
0.33756124329941756 
0.33756059414602568 
0.33755994499484049 
0.33755929584586153 
0.33755864669908886 
0.33755799755452276 
0.33755734841216312 
0.33755669927200976 
0.33755605013406254 
0.33755540099832176 
0.33755475186478734 
0.33755410273345898 
0.33755345360433703 
0.33755280447742109 
0.33755215535271155 
0.33755150623020796 
0.33755085710991067 
0.33755020799181928 
0.33754955887593413 
0.33754890976225493 
0.33754826065078192 
0.33754761154151469 
0.33754696243445365 
0.33754631332959845 
0.3375456642269492 
0.33754501512650587 
0.33754436602826848 
0.33754371693223684 
0.33754306783841115 
0.33754241874679114 
0.33754176965737709 
0.33754112057016861 
0.33754047148516603 
0.33753982240236907 
0.33753917332177791 
0.3375385242433922 
0.33753787516721229 
0.33753722609323794 
0.33753657702146928 
0.33753592795190601 
0.33753527888454837 
0.33753462981939636 
0.33753398075644969 
0.33753333169570843 
0.33753268263717268 
0.33753203358084249 
0.3375313845267176 
0.33753073547479795 
0.33753008642508375 
0.33752943737757501 
0.3375287883322714 
0.33752813928917297 
0.33752749024827994 
0.33752684120959225 
0.33752619217310958 
0.33752554313883204 
0.33752489410675973 
0.33752424507689266 
0.3375235960492306 
0.3375229470237735 
0.33752229800052158 
0.33752164897947473 
0.33752099996063278 
0.33752035094399591 
0.33751970192956393 
0.3375190529173368 
0.3375184039073148 
0.33751775489949748 
0.33751710589388512 
0.33751645689047755 
0.33751580788927471 
0.33751515889027683 
0.33751450989348353 
0.33751386089889512 
0.33751321190651129 
0.33751256291633225 
0.33751191392835778 
0.3375112649425881 
0.33751061595902282 
0.33750996697766233 
0.33750931799850625 
0.3375086690215548 
0.33750802004680774 
0.33750737107426537 
0.33750672210392735 
0.33750607313579378 
0.33750542416986473 
0.33750477520613997 
0.33750412624461962 
0.3375034772853035 
0.3375028283281919 
0.33750217937328447 
0.3375015304205814 
0.33750088147008245 
0.33750023252178779 
0.33749958357569743 
0.33749893463181108 
0.33749828569012902 
0.33749763675065092 
0.33749698781337706 
0.33749633887830716 
0.33749568994544138 
0.33749504101477962 
0.33749439208632187 
0.33749374316006803 
0.33749309423601825 
0.33749244531417233 
0.33749179639453031 
0.33749114747709225 
0.33749049856185798 
0.3374898496488275 
0.33748920073800087 
0.33748855182937809 
0.33748790292295899 
0.33748725401874369 
0.33748660511673201 
0.33748595621692407 
0.3374853073193198 
0.33748465842391917 
0.33748400953072216 
0.33748336063972872 
0.33748271175093886 
0.33748206286435256 
0.33748141397996978 
0.3374807650977904 
0.33748011621781454 
0.33747946734004219 
0.33747881846447314 
0.33747816959110755 
0.3374775207199453 
0.3374768718509864 
0.33747622298423086 
0.33747557411967855 
0.33747492525732964 
0.33747427639718375 
0.33747362753924132 
0.33747297868350185 
0.33747232982996572 
0.33747168097863267 
0.3374710321295028 
0.33747038328257595 
0.33746973443785228 
0.33746908559533151 
0.33746843675501392 
0.33746778791689924 
0.33746713908098763 
0.33746649024727887 
0.33746584141577318 
0.33746519258647023 
0.33746454375937029 
0.3374638949344731 
0.33746324611177886 
0.3374625972912873 
0.33746194847299871 
0.33746129965691263 
0.33746065084302951 
0.3374600020313489 
0.33745935322187121 
0.33745870441459597 
0.33745805560952347 
0.33745740680665354 
0.33745675800598612 
0.33745610920752139 
0.33745546041125912 
0.33745481161719942 
0.33745416282534219 
0.33745351403568746 
0.33745286524823509 
0.33745221646298518 
0.33745156767993767 
0.33745091889909251 
0.3374502701204497 
0.33744962134400924 
0.33744897256977102 
0.33744832379773515 
0.33744767502790146 
0.33744702626027001 
0.33744637749484074 
0.33744572873161366 
0.33744507997058876 
0.33744443121176598 
0.33744378245514528 
0.33744313370072665 
0.33744248494851015 
0.33744183619849555 
0.33744118745068302 
0.33744053870507246 
0.33743988996166385 
0.33743924122045715 
0.33743859248145236 
0.33743794374464953 
0.33743729501004849 
0.33743664627764919 
0.33743599754745179 
0.33743534881945614 
0.33743470009366233 
0.33743405137007015 
0.33743340264867977 
0.33743275392949096 
0.33743210521250394 
0.33743145649771839 
0.33743080778513462 
0.33743015907475232 
0.33742951036657171 
0.33742886166059244 
0.33742821295681491 
0.33742756425523873 
0.33742691555586407 
0.33742626685869082 
0.33742561816371908 
0.33742496947094858 
0.33742432078037959 
0.33742367209201185 
0.33742302340584551 
0.33742237472188036 
0.33742172604011661 
0.33742107736055393 
0.33742042868319261 
0.33741978000803241 
0.33741913133507351 
0.33741848266431557 
0.33741783399575898 
0.33741718532940318 
0.33741653666524862 
0.33741588800329525 
0.33741523934354278 
0.33741459068599117 
0.33741394203064068 
0.33741329337749126 
0.33741264472654264 
0.33741199607779482 
0.33741134743124801 
0.33741069878690211 
0.337410050144757 
0.33740940150481247 
0.33740875286706895 
0.33740810423152628 
0.33740745559818425 
0.33740680696704278 
0.33740615833810211 
0.33740550971136224 
0.33740486108682288 
0.33740421246448399 
0.33740356384434583 
0.33740291522640842 
0.3374022666106713 
0.33740161799713464 
0.33740096938579855 
0.3374003207766631 
0.33739967216972799 
0.33739902356499313 
0.33739837496245878 
0.33739772636212489 
0.33739707776399119 
0.3373964291680579 
0.33739578057432479 
0.33739513198279208 
0.33739448339345957 
0.33739383480632729 
0.33739318622139519 
0.33739253763866334 
0.33739188905813144 
0.3373912404797999 
0.33739059190366821 
0.33738994332973682 
0.33738929475800533 
0.33738864618847403 
0.33738799762114258 
0.3373873490560112 
0.33738670049307967 
0.33738605193234822 
0.33738540337381656 
0.33738475481748492 
0.33738410626335297 
0.33738345771142098 
0.33738280916168867 
0.33738216061415627 
0.33738151206882344 
0.33738086352569058 
0.33738021498475723 
0.33737956644602374 
0.33737891790948976 
0.33737826937515553 
0.33737762084302081 
0.33737697231308578 
0.33737632378535021 
0.33737567525981427 
0.33737502673647773 
0.33737437821534078 
0.33737372969640328 
0.33737308117966519 
0.33737243266512651 
0.33737178415278724 
0.33737113564264731 
0.3373704871347068 
0.33736983862896552 
0.3373691901254236 
0.33736854162408092 
0.33736789312493748 
0.33736724462799328 
0.33736659613324832 
0.33736594764070249 
0.33736529915035579 
0.33736465066220828 
0.33736400217625984 
0.33736335369251041 
0.33736270521096012 
0.33736205673160879 
0.33736140825445654 
0.33736075977950314 
0.33736011130674881 
0.33735946283619339 
0.33735881436783682 
0.33735816590167911 
0.33735751743772036 
0.33735686897596029 
0.33735622051639924 
0.33735557205903677 
0.3373549236038732 
0.33735427515090827 
0.33735362670014218 
0.33735297825157462 
0.3373523298052058 
0.33735168136103555 
0.33735103291906404 
0.33735038447929094 
0.33734973604171659 
0.33734908760634064 
0.33734843917316332 
0.33734779074218435 
0.33734714231340407 
0.33734649388682203 
0.33734584546243845 
0.33734519704025329 
0.33734454862026658 
0.33734390020247801 
0.33734325178688795 
0.33734260337349609 
0.33734195496230257 
0.33734130655330719 
0.33734065814651021 
0.33734000974191125 
0.33733936133951054 
0.33733871293930795 
0.33733806454130361 
0.33733741614549723 
0.33733676775188881 
0.33733611936047858 
0.33733547097126648 
0.33733482258425229 
0.33733417419943595 
0.33733352581681769 
0.3373328774363975 
0.33733222905817506 
0.33733158068215036 
0.33733093230832367 
0.3373302839366949 
0.33732963556726386 
0.33732898720003046 
0.33732833883499497 
0.33732769047215733 
0.33732704211151726 
0.33732639375307472 
0.33732574539683008 
0.33732509704278313 
0.3373244486909337 
0.33732380034128168 
0.3373231519938274 
0.33732250364857069 
0.33732185530551151 
0.33732120696464957 
0.33732055862598531 
0.33731991028951863 
0.33731926195524914 
0.33731861362317705 
0.33731796529330238 
0.337317316965625 
0.33731666864014503 
0.33731602031686225 
0.33731537199577688 
0.33731472367688864 
0.33731407536019775 
0.33731342704570388 
0.33731277873340731 
0.33731213042330782 
0.33731148211540557 
0.33731083380970023 
0.33731018550619218 
0.33730953720488099 
0.33730888890576699 
0.3373082406088499 
0.33730759231412988 
0.33730694402160671 
0.33730629573128057 
0.33730564744315122 
0.33730499915721884 
0.33730435087348332 
0.33730370259194464 
0.33730305431260266 
0.33730240603545764 
0.33730175776050919 
0.3373011094877576 
0.33730046121720264 
0.33729981294884448 
0.33729916468268289 
0.33729851641871794 
0.33729786815694962 
0.33729721989737788 
0.33729657164000276 
0.33729592338482411 
0.33729527513184199 
0.33729462688105638 
0.33729397863246724 
0.33729333038607451 
0.33729268214187819 
0.33729203389987833 
0.33729138566007483 
0.33729073742246762 
0.33729008918705683 
0.33728944095384222 
0.33728879272282392 
0.33728814449400191 
0.33728749626737614 
0.33728684804294651 
0.33728619982071317 
0.33728555160067586 
0.33728490338283473 
0.33728425516718968 
0.33728360695374071 
0.33728295874248776 
0.33728231053343088 
0.33728166232657003 
0.33728101412190514 
0.33728036591943616 
0.33727971771916315 
0.33727906952108616 
0.33727842132520486 
0.33727777313151952 
0.33727712494002993 
0.33727647675073624 
0.3372758285636383 
0.33727518037873616 
0.33727453219602965 
0.337273884015519 
0.33727323583720381 
0.33727258766108453 
0.33727193948716072 
0.33727129131543265 
0.33727064314590005 
0.33726999497856319 
0.33726934681342169 
0.33726869865047582 
0.33726805048972536 
0.33726740233117053 
0.33726675417481095 
0.33726610602064699 
0.33726545786867829 
0.33726480971890499 
0.33726416157132705 
0.33726351342594446 
0.33726286528275706 
0.33726221714176502 
0.33726156900296816 
0.33726092086636666 
0.33726027273196019 
0.33725962459974906 
0.33725897646973285 
0.33725832834191194 
0.33725768021628622 
0.33725703209285551 
0.33725638397161967 
0.33725573585257901 
0.33725508773573348 
0.33725443962108281 
0.33725379150862694 
0.33725314339836615 
0.33725249529030038 
0.33725184718442935 
0.33725119908075313 
0.33725055097927181 
0.33724990287998546 
0.33724925478289375 
0.33724860668799667 
0.33724795859529449 
0.33724731050478718 
0.33724666241647439 
0.33724601433035611 
0.33724536624643264 
0.33724471816470397 
0.33724407008516971 
0.33724342200782986 
0.3372427739326847 
0.33724212585973418 
0.33724147778897801 
0.33724082972041619 
0.33724018165404901 
0.33723953358987629 
0.33723888552789782 
0.33723823746811388 
0.33723758941052412 
0.33723694135512877 
0.33723629330192767 
0.33723564525092092 
0.33723499720210831 
0.33723434915549011 
0.33723370111106588 
0.33723305306883605 
0.3372324050288002 
0.33723175699095853 
0.33723110895531094 
0.33723046092185754 
0.33722981289059811 
0.33722916486153276 
0.33722851683466132 
0.33722786880998401 
0.33722722078750056 
0.33722657276721113 
0.3372259247491155 
0.3372252767332139 
0.33722462871950598 
0.33722398070799209 
0.33722333269867183 
0.33722268469154548 
0.33722203668661282 
0.33722138868387397 
0.3372207406833288 
0.33722009268497738 
0.33721944468881954 
0.33721879669485533 
0.33721814870308475 
0.33721750071350781 
0.33721685272612445 
0.33721620474093461 
0.3372155567579383 
0.33721490877713545 
0.33721426079852607 
0.33721361282211015 
0.33721296484788765 
0.33721231687585856 
0.33721166890602283 
0.33721102093838051 
0.33721037297293144 
0.33720972500967578 
0.3372090770486133 
0.33720842908974413 
0.33720778113306815 
0.33720713317858542 
0.33720648522629582 
0.3372058372761994 
0.33720518932829613 
0.33720454138258593 
0.33720389343906881 
0.33720324549774477 
0.33720259755861376 
0.33720194962167582 
0.3372013016869308 
0.33720065375437869 
0.33720000582401966 
0.33719935789585342 
0.33719870996988005 
0.33719806204609964 
0.33719741412451193 
0.33719676620511724 
0.33719611828791513 
0.33719547037290593 
0.33719482246008936 
0.33719417454946565 
0.33719352664103447 
0.33719287873479614 
0.33719223083075023 
0.33719158292889717 
0.33719093502923653 
0.33719028713176857 
0.33718963923649309 
0.33718899134341024 
0.33718834345251975 
0.33718769556382189 
0.33718704767731633 
0.33718639979300336 
0.33718575191088263 
0.33718510403095436 
0.3371844561532184 
0.33718380827767486 
0.3371831604043235 
0.3371825125331645 
0.33718186466419769 
0.33718121679742324 
0.33718056893284087 
0.33717992107045081 
0.33717927321025276 
0.33717862535224691 
0.33717797749643313 
0.3371773296428115 
0.33717668179138188 
0.33717603394214429 
0.33717538609509873 
0.33717473825024519 
0.33717409040758356 
0.33717344256711385 
0.3371727947288361 
0.33717214689275021 
0.33717149905885624 
0.33717085122715407 
0.33717020339764375 
0.33716955557032513 
0.33716890774519842 
0.3371682599222634 
0.33716761210152008 
0.3371669642829685 
0.33716631646660855 
0.33716566865244024 
0.33716502084046357 
0.33716437303067853 
0.33716372522308502 
0.33716307741768303 
0.33716242961447263 
0.33716178181345369 
0.33716113401462627 
0.33716048621799027 
0.33715983842354574 
0.33715919063129263 
0.33715854284123076 
0.33715789505336041 
0.3371572472676812 
0.33715659948419341 
0.33715595170289686 
0.33715530392379167 
0.33715465614687762 
0.33715400837215481 
0.33715336059962314 
0.33715271282928272 
0.33715206506113332 
0.33715141729517517 
0.33715076953140793 
0.33715012176983195 
0.33714947401044681 
0.33714882625325288 
0.3371481784982498 
0.3371475307454378 
0.3371468829948166 
0.33714623524638654 
0.33714558750014717 
0.33714493975609877 
0.33714429201424118 
0.33714364427457444 
0.33714299653709834 
0.33714234880181326 
0.33714170106871871 
0.33714105333781508 
0.33714040560910197 
0.3371397578825796 
0.33713911015824782 
0.33713846243610668 
0.33713781471615628 
0.33713716699839635 
0.33713651928282684 
0.33713587156944802 
0.33713522385825984 
0.33713457614926201 
0.33713392844245443 
0.33713328073783744 
0.33713263303541102 
0.3371319853351748 
0.33713133763712888 
0.33713068994127332 
0.33713004224760829 
0.33712939455613339 
0.33712874686684863 
0.33712809917975423 
0.33712745149485018 
0.33712680381213617 
0.33712615613161223 
0.33712550845327854 
0.3371248607771351 
0.33712421310318164 
0.33712356543141808 
0.33712291776184466 
0.33712227009446138 
0.33712162242926808 
0.33712097476626451 
0.33712032710545103 
0.33711967944682764 
0.33711903179039387 
0.3371183841361502 
0.33711773648409615 
0.33711708883423208 
0.33711644118655776 
0.33711579354107324 
0.33711514589777841 
0.33711449825667344 
0.33711385061775795 
0.33711320298103231 
0.3371125553464962 
0.33711190771414989 
0.337111260083993 
0.33711061245602586 
0.33710996483024808 
0.33710931720665999 
0.33710866958526131 
0.33710802196605222 
0.33710737434903248 
0.33710672673420228 
0.33710607912156138 
0.33710543151111 
0.33710478390284787 
0.33710413629677516 
0.33710348869289164 
0.33710284109119754 
0.33710219349169257 
0.33710154589437696 
0.33710089829925044 
0.33710025070631322 
0.33709960311556514 
0.33709895552700614 
0.33709830794063628 
0.33709766035645555 
0.33709701277446386 
0.33709636519466124 
0.3370957176170476 
0.33709507004162298 
0.33709442246838733 
0.3370937748973406 
0.33709312732848284 
0.33709247976181389 
0.33709183219733396 
0.33709118463504273 
0.33709053707494041 
0.3370898895170269 
0.33708924196130213 
0.33708859440776612 
0.33708794685641885 
0.33708729930726028 
0.33708665176029046 
0.33708600421550922 
0.33708535667291667 
0.33708470913251265 
0.33708406159429727 
0.33708341405827041 
0.33708276652443209 
0.33708211899278229 
0.33708147146332096 
0.3370808239360481 
0.33708017641096372 
0.33707952888806764 
0.33707888136735992 
0.33707823384884072 
0.33707758633250978 
0.3370769388183672 
0.33707629130641281 
0.33707564379664684 
0.33707499628906895 
0.33707434878367942 
0.33707370128047792 
0.33707305377946473 
0.33707240628063956 
0.3370717587840027 
0.33707111128955375 
0.337070463797293 
0.33706981630722022 
0.33706916881933552 
0.33706852133363868 
0.33706787385013004 
0.3370672263688092 
0.33706657888967634 
0.33706593141273133 
0.33706528393797436 
0.33706463646540502 
0.33706398899502366 
0.33706334152683004 
0.33706269406082423 
0.33706204659700606 
0.33706139913537581 
0.33706075167593308 
0.33706010421867827 
0.33705945676361088 
0.33705880931073129 
0.33705816186003923 
0.33705751441153475 
0.33705686696521786 
0.33705621952108844 
0.3370555720791466 
0.33705492463939224 
0.33705427720182535 
0.33705362976644587 
0.33705298233325381 
0.33705233490224917 
0.33705168747343184 
0.33705104004680186 
0.33705039262235925 
0.33704974520010389 
0.33704909778003583 
0.33704845036215503 
0.33704780294646142 
0.337047155532955 
0.33704650812163578 
0.33704586071250375 
0.33704521330555876 
0.33704456590080095 
0.33704391849823018 
0.33704327109784643 
0.33704262369964971 
0.33704197630364002 
0.33704132890981731 
0.33704068151818156 
0.33704003412873268 
0.33703938674147077 
0.33703873935639572 
0.33703809197350759 
0.33703744459280616 
0.33703679721429164 
0.33703614983796382 
0.33703550246382286 
0.33703485509186848 
0.33703420772210102 
0.33703356035452003 
0.33703291298912585 
0.33703226562591826 
0.3370316182648973 
0.33703097090606282 
0.33703032354941509 
0.33702967619495378 
0.33702902884267905 
0.33702838149259068 
0.33702773414468895 
0.33702708679897353 
0.33702643945544469 
0.33702579211410211 
0.33702514477494599 
0.33702449743797608 
0.33702385010319269 
0.33702320277059539 
0.3370225554401845 
0.33702190811195976 
0.33702126078592143 
0.33702061346206907 
0.33701996614040308 
0.33701931882092312 
0.33701867150362935 
0.3370180241885215 
0.33701737687559985 
0.33701672956486439 
0.33701608225631491 
0.33701543494995123 
0.33701478764577369 
0.33701414034378224 
0.3370134930439766 
0.33701284574635665 
0.33701219845092278 
0.33701155115767489 
0.33701090386661275 
0.3370102565777362 
0.33700960929104568 
0.33700896200654101 
0.33700831472422188 
0.33700766744408844 
0.33700702016614076 
0.33700637289037894 
0.33700572561680253 
0.33700507834541171 
0.33700443107620659 
0.33700378380918716 
0.3370031365443531 
0.33700248928170451 
0.33700184202124145 
0.33700119476296408 
0.33700054750687203 
0.33699990025296522 
0.33699925300124395 
0.33699860575170815 
0.33699795850435749 
0.33699731125919236 
0.33699666401621237 
0.33699601677541779 
0.33699536953680836 
0.33699472230038424 
0.3369940750661452 
0.33699342783409147 
0.33699278060422277 
0.33699213337653938 
0.33699148615104091 
0.33699083892772763 
0.33699019170659927 
0.33698954448765617 
0.33698889727089787 
0.33698825005632471 
0.33698760284393642 
0.33698695563373321 
0.3369863084257147 
0.33698566121988127 
0.3369850140162326 
0.33698436681476884 
0.33698371961548984 
0.3369830724183957 
0.3369824252234862 
0.33698177803076151 
0.33698113084022147 
0.33698048365186628 
0.33697983646569563 
0.33697918928170972 
0.33697854209990835 
0.33697789492029168 
0.33697724774285936 
0.33697660056761169 
0.33697595339454872 
0.33697530622367011 
0.33697465905497592 
0.33697401188846621 
0.33697336472414113 
0.33697271756200026 
0.33697207040204363 
0.33697142324427154 
0.33697077608868387 
0.33697012893528033 
0.33696948178406105 
0.33696883463502614 
0.33696818748817559 
0.33696754034350906 
0.33696689320102663 
0.3369662460607285 
0.33696559892261457 
0.33696495178668467 
0.33696430465293875 
0.33696365752137697 
0.33696301039199944 
