1.0952618812993253 
0.80294283811718592 
0.80294283811718592 
0.80294283811718592 
0.11708075861253897 
0.11001495776837622 
0.11001495776837622 
0.11001495776837622 
0.035276352651160359 
0.035276352651160359 
0.035276352651160359 
0.035276352651160359 
0.035276352651160359 
0.035276352651160359 
0.035276352651160359 
0.035276352651160359 
0.035276352651160359 
0.035276352651160359 
0.035276352651160359 
0.013379969683899096 
0.013379969683899096 
0.013379969683899096 
0.013379969683899096 
0.013379969683899096 
0.013379969683899096 
0.013379969683899096 
0.013379969683899096 
0.013379969683899096 
0.013379969683899096 
0.013379969683899096 
0.013379969683899096 
0.013379969683899096 
0.013379969683899096 
0.013379969683899096 
0.010123570612590282 
0.010123570612590282 
0.010123570612590282 
0.0054825878025861474 
0.0054825878025861474 
0.0054825878025861474 
0.0054825878025861474 
0.0023886617307733449 
0.0023886617307733449 
0.0023886617307733449 
0.0023886617307733449 
0.0023886617307733449 
0.0023886617307733449 
0.0023886617307733449 
0.0023886617307733449 
0.0023886617307733449 
0.0023886617307733449 
0.0023886617307733449 
0.0023886617307733449 
0.0023886617307733449 
0.0023886617307733449 
0.0012915339565577888 
0.0012915339565577888 
0.0012915339565577888 
0.0012915339565577888 
0.0012915339565577888 
0.0012915339565577888 
0.0012915339565577888 
0.00069356711636947566 
0.00069356711636947566 
0.00069356711636947566 
0.00069356711636947566 
0.00069356711636947566 
0.00069356711636947566 
0.00069356711636947566 
0.00069356711636947566 
0.00069356711636947566 
0.00018211489711250639 
0.00018211489711250639 
0.00018211489711250639 
0.00018211489711250639 
0.00018211489711250639 
0.00018211489711250639 
0.00018211489711250639 
0.00018211489711250639 
0.00018211489711250639 
0.00018211489711250639 
0.00018211489711250639 
0.00018211489711250639 
0.00018211489711250639 
0.00018211489711250639 
0.00018211489711250639 
0.00018211489711250639 
0.00018211489711250639 
0.00018211489711250639 
0.00015897541339482402 
0.00015897541339482402 
0.00015897541339482402 
0.00015897541339482402 
0.00015897541339482402 
0.00015897541339482402 
0.00015897541339482402 
0.00013917590050471773 
0.00013917590050471773 
2.8887878419703306e-05 
2.8887878419703306e-05 
2.8887878419703306e-05 
2.8887878419703306e-05 
2.8887878419703306e-05 
2.8887878419703306e-05 
2.8887878419703306e-05 
2.8887878419703306e-05 
2.8887878419703306e-05 
2.8887878419703306e-05 
2.8887878419703306e-05 
2.8887878419703306e-05 
2.8887878419703306e-05 
2.8887878419703306e-05 
2.8887878419703306e-05 
2.8783172279278624e-05 
2.8783172279278624e-05 
2.8783172279278624e-05 
2.8783172279278624e-05 
2.8783172279278624e-05 
2.8783172279278624e-05 
2.8783172279278624e-05 
1.8316653402461469e-05 
1.8316653402461469e-05 
1.8316653402461469e-05 
1.1860175120892436e-05 
1.1860175120892436e-05 
1.1860175120892436e-05 
1.1860175120892436e-05 
1.1860175120892436e-05 
1.1860175120892436e-05 
1.1860175120892436e-05 
7.3468677561638884e-06 
7.3468677561638884e-06 
7.3468677561638884e-06 
7.3468677561638884e-06 
7.3468677561638884e-06 
7.3468677561638884e-06 
7.3468677561638884e-06 
6.2945317412799184e-06 
6.2945317412799184e-06 
6.2945317412799184e-06 
6.2945317412799184e-06 
6.2945317412799184e-06 
6.2945317412799184e-06 
6.2945317412799184e-06 
6.2945317412799184e-06 
6.2945317412799184e-06 
6.2945317412799184e-06 
6.2945317412799184e-06 
6.2945317412799184e-06 
6.2945317412799184e-06 
6.2945317412799184e-06 
6.2945317412799184e-06 
6.2945317412799184e-06 
6.2945317412799184e-06 
6.2945317412799184e-06 
6.2945317412799184e-06 
6.2945317412799184e-06 
6.2945317412799184e-06 
6.2945317412799184e-06 
6.2945317412799184e-06 
6.2945317412799184e-06 
6.2945317412799184e-06 
6.2945317412799184e-06 
6.2945317412799184e-06 
6.2945317412799184e-06 
6.2945317412799184e-06 
6.2945317412799184e-06 
6.2945317412799184e-06 
6.2945317412799184e-06 
6.2741678708011506e-06 
6.2741678708011506e-06 
6.2741678708011506e-06 
6.2741678708011506e-06 
6.2741678708011506e-06 
6.2741678708011506e-06 
6.2741678708011506e-06 
6.2741678708011506e-06 
6.2741678708011506e-06 
6.2741678708011506e-06 
6.2741678708011506e-06 
6.2741678708011506e-06 
6.2741678708011506e-06 
6.2741678708011506e-06 
6.2741678708011506e-06 
6.2741678708011506e-06 
6.2741678708011506e-06 
6.2741678708011506e-06 
6.2741678708011506e-06 
6.2741678708011506e-06 
6.2741678708011506e-06 
6.2741678708011506e-06 
6.2741678708011506e-06 
6.2741678708011506e-06 
6.2741678708011506e-06 
6.2741678708011506e-06 
6.2741678708011506e-06 
6.2741678708011506e-06 
6.2741678708011506e-06 
6.2741678708011506e-06 
6.2741678708011506e-06 
6.2741678708011506e-06 
6.2741678708011506e-06 
6.2741678708011506e-06 
6.2741678708011506e-06 
6.2741678708011506e-06 
6.2706368804121837e-06 
6.2706368804121837e-06 
6.2706368804121837e-06 
6.2706368804121837e-06 
6.2698952646433881e-06 
6.2698952646433881e-06 
6.2698952646433881e-06 
6.2698952646433881e-06 
6.2697366525199527e-06 
6.2697366525199527e-06 
6.2697366525199527e-06 
6.2697366525199527e-06 
6.2692963946897606e-06 
6.2692963946897606e-06 
6.2692963946897606e-06 
6.2692963946897606e-06 
6.2692513341788825e-06 
6.2692513341788825e-06 
6.2692513341788825e-06 
6.2692513341788825e-06 
6.2689894442247152e-06 
6.2689894442247152e-06 
6.2689894442247152e-06 
6.2689894442247152e-06 
6.2689894442247152e-06 
6.2689894442247152e-06 
6.2689894442247152e-06 
6.2688864811422107e-06 
6.2688864811422107e-06 
6.2688864811422107e-06 
6.2688864811422107e-06 
6.268775174289587e-06 
6.268775174289587e-06 
6.268775174289587e-06 
6.268775174289587e-06 
6.268775174289587e-06 
6.268775174289587e-06 
6.268775174289587e-06 
6.2687527156990441e-06 
6.2687527156990441e-06 
6.2687527156990441e-06 
6.2687527156990441e-06 
6.2687355425472546e-06 
6.2687355425472546e-06 
6.2687355425472546e-06 
6.2687355425472546e-06 
6.2687327987420716e-06 
6.2687327987420716e-06 
6.2687327987420716e-06 
6.2687327987420716e-06 
6.2687234451130891e-06 
6.2687234451130891e-06 
6.2687234451130891e-06 
6.2687234451130891e-06 
6.2687231834335222e-06 
6.2687231834335222e-06 
6.2687231834335222e-06 
6.2687231834335222e-06 
6.2687180217846361e-06 
6.2687180217846361e-06 
6.2687180217846361e-06 
6.2687180217846361e-06 
6.2687180217846361e-06 
6.2687180217846361e-06 
6.2687180217846361e-06 
6.2687170988562357e-06 
6.2687170988562357e-06 
6.2687170988562357e-06 
6.2687170988562357e-06 
6.2687148965068218e-06 
6.2687148965068218e-06 
6.2687148965068218e-06 
6.2687148965068218e-06 
6.2687148965068218e-06 
6.2687148965068218e-06 
6.2687148965068218e-06 
6.2687147507345387e-06 
6.2687147507345387e-06 
6.2687147507345387e-06 
6.2687147507345387e-06 
6.2687146081819023e-06 
6.2687146081819023e-06 
6.2687146081819023e-06 
6.2687146081819023e-06 
6.268714506041384e-06 
6.268714506041384e-06 
6.268714506041384e-06 
6.268714506041384e-06 
6.2687144477546752e-06 
6.2687144477546752e-06 
6.2687144477546752e-06 
6.2687144477546752e-06 
6.268714404344955e-06 
6.268714404344955e-06 
6.268714404344955e-06 
6.268714404344955e-06 
6.2687143814743607e-06 
6.2687143814743607e-06 
6.2687143814743607e-06 
6.2687143814743607e-06 
6.2687143632667031e-06 
6.2687143632667031e-06 
6.2687143632667031e-06 
6.2687143632667031e-06 
6.2687143546069635e-06 
6.2687143546069635e-06 
6.2687143546069635e-06 
6.2687143546069635e-06 
6.2687143470574469e-06 
6.2687143470574469e-06 
6.2687143470574469e-06 
6.2687143470574469e-06 
6.2687143440598447e-06 
6.2687143440598447e-06 
6.2687143440598447e-06 
6.2687143440598447e-06 
6.2687143407291757e-06 
6.2687143407291757e-06 
6.2687143407291757e-06 
6.2687143407291757e-06 
6.2687143398409972e-06 
6.2687143398409972e-06 
6.2687143398409972e-06 
6.2687143398409972e-06 
6.2687143385087296e-06 
6.2687143385087296e-06 
6.2687143385087296e-06 
6.2687143385087296e-06 
6.2687143381756627e-06 
6.2687143381756627e-06 
6.2687143381756627e-06 
6.2687143381756627e-06 
6.2687143377315735e-06 
6.2687143377315735e-06 
6.2687143377315735e-06 
6.2687143377315735e-06 
6.2687143377315735e-06 
6.2687143377315735e-06 
6.2687143377315735e-06 
6.2687143377315735e-06 
6.2687143377315735e-06 
6.2687143377315735e-06 
6.2687143377315735e-06 
6.2687143372874843e-06 
6.2687143372874843e-06 
6.2687143372874843e-06 
6.2687143372874843e-06 
6.2687143372874843e-06 
6.2687143372874843e-06 
6.2687143372874843e-06 
6.2687143372874843e-06 
6.2687143372874843e-06 
6.2687143372874843e-06 
6.2687143372874843e-06 
6.2687143372874843e-06 
6.2687143372874843e-06 
6.2687143372874843e-06 
6.268714337176462e-06 
6.268714337176462e-06 
6.268714337176462e-06 
6.268714337176462e-06 
6.268714337176462e-06 
6.268714337176462e-06 
6.268714337176462e-06 
6.268714337176462e-06 
6.268714337176462e-06 
6.268714337176462e-06 
6.268714337176462e-06 
6.268714337176462e-06 
6.268714337176462e-06 
6.2687143370654397e-06 
6.2687143370654397e-06 
6.2687143370654397e-06 
6.2687143370654397e-06 
6.2687143370654397e-06 
6.2687143370654397e-06 
6.2687143370654397e-06 
6.2687143370654397e-06 
6.2687143370654397e-06 
6.2687143370654397e-06 
6.2687143370654397e-06 
6.2687143370654397e-06 
6.2687143370654397e-06 
6.2687143370654397e-06 
6.2687143370654397e-06 
6.2687143370654397e-06 
6.2687143370654397e-06 
6.2687143370654397e-06 
6.2687143370654397e-06 
6.2687143370654397e-06 
6.2687143370654397e-06 
6.2687143370654397e-06 
6.2687143370654397e-06 
6.2687143370654397e-06 
6.2687143370654397e-06 
6.2687143370654397e-06 
6.2687143370654397e-06 
6.2687143370654397e-06 
6.2687143370654397e-06 
6.2687143370654397e-06 
6.2687143370654397e-06 
6.2687143370654397e-06 
6.2687143370654397e-06 
6.2687143370654397e-06 
6.2687143370654397e-06 
6.2687143370654397e-06 
6.2687143370654397e-06 
6.2687143370654397e-06 
6.2687143370654397e-06 
6.2687143370654397e-06 
6.2687143370654397e-06 
6.2687143370654397e-06 
6.2687143370654397e-06 
6.2687143370654397e-06 
6.2687143370654397e-06 
6.2687143370654397e-06 
6.2687143370654397e-06 
6.2687143370654397e-06 
6.2687143370654397e-06 
6.2687143370654397e-06 
6.2687143370654397e-06 
6.2687143370654397e-06 
6.2687143370654397e-06 
6.2687143370654397e-06 
6.2687143370654397e-06 
6.2687143370654397e-06 
6.2687143370654397e-06 
6.2687143370654397e-06 
6.2687143370654397e-06 
6.2687143370654397e-06 
6.2687143370654397e-06 
6.2687143370654397e-06 
6.2687143370654397e-06 
6.2687143370654397e-06 
6.2687143370654397e-06 
6.2687143370654397e-06 
6.2687143370654397e-06 
6.2687143370654397e-06 
6.2687143370654397e-06 
6.2687143370654397e-06 
6.2687143370654397e-06 
6.2687143370654397e-06 
6.2687143370654397e-06 
6.2687143370654397e-06 
6.2687143370654397e-06 
6.2687143370654397e-06 
6.2687143370654397e-06 
6.2687143370654397e-06 
6.2687143370654397e-06 
6.2687143370654397e-06 
6.2687143370654397e-06 
6.2687143370654397e-06 
6.2687143370654397e-06 
6.2687143370654397e-06 
6.2687143370654397e-06 
6.2687143370654397e-06 
6.2687143370654397e-06 
6.2687143370654397e-06 
6.2687143370654397e-06 
6.2687143370654397e-06 
6.2687143370654397e-06 
6.2687143370654397e-06 
2.5330618951269201e-06 
2.5330618951269201e-06 
2.5330618951269201e-06 
2.5330618951269201e-06 
2.0223141605768546e-06 
1.4429662223980344e-06 
1.0570032336065793e-06 
7.9887749049323276e-07 
6.2543432965966872e-07 
5.0823639985431157e-07 
4.285207529930446e-07 
3.738864506885875e-07 
3.3611908378805566e-07 
3.0976191578435675e-07 
9.0315934730966774e-09 
9.0315934730966774e-09 
9.0315934730966774e-09 
9.0315934730966774e-09 
9.0315934730966774e-09 
9.0315934730966774e-09 
9.0315934730966774e-09 
9.0315934730966774e-09 
9.0315934730966774e-09 
9.0315934730966774e-09 
9.0315934730966774e-09 
9.0315934730966774e-09 
9.0315934730966774e-09 
9.0315934730966774e-09 
9.0315934730966774e-09 
9.0315934730966774e-09 
9.0315934730966774e-09 
9.0315934730966774e-09 
9.0315934730966774e-09 
9.0315934730966774e-09 
9.0315934730966774e-09 
9.0315934730966774e-09 
9.0315934730966774e-09 
9.0315934730966774e-09 
9.0315934730966774e-09 
9.0315934730966774e-09 
1.0949656736869429e-09 
1.0949656736869429e-09 
1.0949656736869429e-09 
1.0949656736869429e-09 
1.0949656736869429e-09 
1.0949656736869429e-09 
1.0949656736869429e-09 
1.0949656736869429e-09 
1.0949656736869429e-09 
1.0949656736869429e-09 
1.0949656736869429e-09 
4.4389714126680246e-10 
4.4389714126680246e-10 
4.4389714126680246e-10 
4.4389714126680246e-10 
4.4389714126680246e-10 
4.4389714126680246e-10 
4.4389714126680246e-10 
4.4389714126680246e-10 
4.4389714126680246e-10 
4.4389714126680246e-10 
4.4389714126680246e-10 
4.4389714126680246e-10 
4.4389714126680246e-10 
4.4389714126680246e-10 
4.4389714126680246e-10 
4.4389714126680246e-10 
4.4389714126680246e-10 
4.4389714126680246e-10 
4.3451509057490512e-10 
4.3451509057490512e-10 
4.3451509057490512e-10 
4.3451509057490512e-10 
4.3451509057490512e-10 
4.3451509057490512e-10 
4.3451509057490512e-10 
4.3451509057490512e-10 
4.3451509057490512e-10 
4.3451509057490512e-10 
4.3451509057490512e-10 
4.3359771328965735e-10 
4.3359771328965735e-10 
4.3359771328965735e-10 
4.3359771328965735e-10 
4.3359771328965735e-10 
4.3359771328965735e-10 
4.3359771328965735e-10 
4.3359771328965735e-10 
4.3359771328965735e-10 
4.3359771328965735e-10 
4.3359771328965735e-10 
4.3359771328965735e-10 
4.3359771328965735e-10 
4.3359771328965735e-10 
4.3359771328965735e-10 
4.3359771328965735e-10 
4.3359771328965735e-10 
4.3359771328965735e-10 
4.3359771328965735e-10 
4.3359771328965735e-10 
4.3359771328965735e-10 
4.3359771328965735e-10 
4.3359771328965735e-10 
4.3359771328965735e-10 
4.3359771328965735e-10 
4.3359615897742287e-10 
4.3359615897742287e-10 
4.3359615897742287e-10 
4.3359615897742287e-10 
4.3359582591051549e-10 
4.3359582591051549e-10 
4.3359582591051549e-10 
4.3359582591051549e-10 
4.3359582591051549e-10 
4.3359582591051549e-10 
4.3359582591051549e-10 
4.3359582591051549e-10 
4.3359582591051549e-10 
4.3359582591051549e-10 
4.3359582591051549e-10 
4.3359582591051549e-10 
4.3359582591051549e-10 
4.3359582591051549e-10 
4.3359582591051549e-10 
4.3359582591051549e-10 
4.3359582591051549e-10 
4.3359582591051549e-10 
4.3359582591051549e-10 
4.3359582591051549e-10 
4.3359582591051549e-10 
4.3359571488821302e-10 
4.3359571488821302e-10 
4.3359571488821302e-10 
4.3359571488821302e-10 
4.3359571488821302e-10 
4.3359571488821302e-10 
4.3359571488821302e-10 
4.3359571488821302e-10 
4.3359571488821302e-10 
4.3359571488821302e-10 
4.3359571488821302e-10 
4.3359571488821302e-10 
4.3359571488821302e-10 
4.3359571488821302e-10 
4.3359571488821302e-10 
4.3359571488821302e-10 
4.3359571488821302e-10 
4.3359571488821302e-10 
4.3359571488821302e-10 
4.3359571488821302e-10 
4.3359571488821302e-10 
4.3359571488821302e-10 
4.3359571488821302e-10 
4.3359571488821302e-10 
4.3359571488821302e-10 
4.3359571488821302e-10 
4.3359571488821302e-10 
4.3359571488821302e-10 
4.3359571488821302e-10 
4.3359571488821302e-10 
4.3359571488821302e-10 
4.3359571488821302e-10 
4.3359571488821302e-10 
4.3359571488821302e-10 
4.3359571488821302e-10 
4.3359571488821302e-10 
4.3359571488821302e-10 
4.3359571488821302e-10 
4.3359571488821302e-10 
4.3359571488821302e-10 
4.3359571488821302e-10 
4.3359571488821302e-10 
4.3359571488821302e-10 
4.3359571488821302e-10 
4.3359571488821302e-10 
4.3359571488821302e-10 
4.3359571488821302e-10 
4.3359571488821302e-10 
4.3359571488821302e-10 
4.3359571488821302e-10 
4.3359571488821302e-10 
4.3359571488821302e-10 
4.3359571488821302e-10 
4.3359571488821302e-10 
4.3359571488821302e-10 
4.3359571488821302e-10 
4.3359571488821302e-10 
4.3359571488821302e-10 
4.3359571488821302e-10 
4.3359571488821302e-10 
4.3359571488821302e-10 
4.3359571488821302e-10 
4.3359571488821302e-10 
4.3359571488821302e-10 
4.3359571488821302e-10 
4.3359571488821302e-10 
4.3359571488821302e-10 
4.3359571488821302e-10 
4.3359571488821302e-10 
4.3359571488821302e-10 
4.3359571488821302e-10 
4.3359571488821302e-10 
4.3359571488821302e-10 
4.3359571488821302e-10 
4.3359571488821302e-10 
4.3359571488821302e-10 
4.3359571488821302e-10 
4.3359571488821302e-10 
4.3359571488821302e-10 
4.3359571488821302e-10 
4.3359571488821302e-10 
4.3359571488821302e-10 
4.3359571488821302e-10 
4.3359571488821302e-10 
4.3359571488821302e-10 
4.3359571488821302e-10 
4.3359571488821302e-10 
4.3359571488821302e-10 
4.3359571488821302e-10 
4.3359571488821302e-10 
4.3359571488821302e-10 
4.3359571488821302e-10 
4.3359571488821302e-10 
4.3359571488821302e-10 
4.3359571488821302e-10 
4.3359571488821302e-10 
4.3359571488821302e-10 
4.3359571488821302e-10 
4.3359571488821302e-10 
4.3359571488821302e-10 
4.3359571488821302e-10 
4.3359571488821302e-10 
4.3359571488821302e-10 
4.3359571488821302e-10 
4.3359571488821302e-10 
4.3359571488821302e-10 
4.3359571488821302e-10 
4.3359571488821302e-10 
4.3359571488821302e-10 
4.3359571488821302e-10 
4.3359571488821302e-10 
4.3359571488821302e-10 
4.3359571488821302e-10 
4.3359571488821302e-10 
4.3359571488821302e-10 
4.3359571488821302e-10 
4.3359571488821302e-10 
4.3359571488821302e-10 
4.3359571488821302e-10 
4.3359571488821302e-10 
4.3359571488821302e-10 
4.3359571488821302e-10 
4.1655656701777843e-10 
4.1655656701777843e-10 
4.1655656701777843e-10 
3.0419888830124364e-10 
3.0419888830124364e-10 
3.0419888830124364e-10 
3.0419888830124364e-10 
3.0419888830124364e-10 
3.0419888830124364e-10 
3.0419888830124364e-10 
3.0419888830124364e-10 
3.0419888830124364e-10 
3.0419888830124364e-10 
3.0419888830124364e-10 
3.0419888830124364e-10 
3.0419888830124364e-10 
3.0419888830124364e-10 
3.0419888830124364e-10 
3.0419888830124364e-10 
3.0419888830124364e-10 
3.0419888830124364e-10 
3.0419888830124364e-10 
3.0419888830124364e-10 
3.0419888830124364e-10 
3.0419888830124364e-10 
3.0419888830124364e-10 
3.0419888830124364e-10 
3.0419844421203379e-10 
3.0419844421203379e-10 
3.0419844421203379e-10 
3.0419844421203379e-10 
3.0419844421203379e-10 
3.0419844421203379e-10 
3.0419844421203379e-10 
3.0419844421203379e-10 
3.0419844421203379e-10 
3.0419844421203379e-10 
3.0419844421203379e-10 
3.0419677887749685e-10 
3.0419677887749685e-10 
3.0419677887749685e-10 
3.0419677887749685e-10 
3.0419655683289193e-10 
3.0419655683289193e-10 
3.0419655683289193e-10 
3.0419655683289193e-10 
3.0419655683289193e-10 
3.0419644581058947e-10 
3.0419644581058947e-10 
3.0419644581058947e-10 
3.0419644581058947e-10 
3.0419644581058947e-10 
3.0419644581058947e-10 
3.0419644581058947e-10 
3.0419644581058947e-10 
3.0419644581058947e-10 
3.0419644581058947e-10 
3.0419644581058947e-10 
3.0419644581058947e-10 
3.0419644581058947e-10 
3.0419644581058947e-10 
3.0419644581058947e-10 
3.0419644581058947e-10 
3.0419644581058947e-10 
3.0419644581058947e-10 
3.0419644581058947e-10 
3.0419644581058947e-10 
3.0419644581058947e-10 
3.0419644581058947e-10 
3.0419644581058947e-10 
3.0419644581058947e-10 
3.0419644581058947e-10 
3.0419644581058947e-10 
3.0419644581058947e-10 
3.0419644581058947e-10 
3.0419644581058947e-10 
3.0419644581058947e-10 
3.0419644581058947e-10 
3.0419644581058947e-10 
3.0419644581058947e-10 
3.0419644581058947e-10 
3.0419644581058947e-10 
3.0419644581058947e-10 
3.0419644581058947e-10 
3.0419644581058947e-10 
3.0419644581058947e-10 
3.0419644581058947e-10 
3.0419644581058947e-10 
3.0419644581058947e-10 
3.0419644581058947e-10 
3.0419644581058947e-10 
3.0419644581058947e-10 
3.0419644581058947e-10 
3.0419644581058947e-10 
3.0419644581058947e-10 
3.0419644581058947e-10 
3.0419644581058947e-10 
3.0419644581058947e-10 
3.0419644581058947e-10 
3.0419644581058947e-10 
3.0419644581058947e-10 
3.0419644581058947e-10 
3.0419644581058947e-10 
3.0419644581058947e-10 
3.0419644581058947e-10 
3.0419644581058947e-10 
3.0419644581058947e-10 
3.0419644581058947e-10 
3.0419644581058947e-10 
3.0419644581058947e-10 
3.0419644581058947e-10 
3.0419644581058947e-10 
3.0419644581058947e-10 
3.0419644581058947e-10 
3.0419644581058947e-10 
3.0419644581058947e-10 
3.0419644581058947e-10 
3.0419644581058947e-10 
3.0419644581058947e-10 
3.0419644581058947e-10 
3.0419644581058947e-10 
3.0419644581058947e-10 
3.0419644581058947e-10 
3.0419644581058947e-10 
3.0419644581058947e-10 
3.0419644581058947e-10 
3.0419644581058947e-10 
3.0419644581058947e-10 
3.0419644581058947e-10 
3.0419644581058947e-10 
3.0419644581058947e-10 
3.0419644581058947e-10 
3.0419644581058947e-10 
3.0419644581058947e-10 
3.0419644581058947e-10 
3.0419644581058947e-10 
3.0419644581058947e-10 
3.0419644581058947e-10 
3.0419644581058947e-10 
3.0419644581058947e-10 
3.0419644581058947e-10 
3.0419644581058947e-10 
3.0419644581058947e-10 
3.0419644581058947e-10 
3.0419644581058947e-10 
3.0419644581058947e-10 
3.0419644581058947e-10 
3.0419644581058947e-10 
3.0419644581058947e-10 
3.0419644581058947e-10 
3.0419644581058947e-10 
3.0419644581058947e-10 
3.0419644581058947e-10 
3.0419644581058947e-10 
3.0419644581058947e-10 
3.0419644581058947e-10 
3.0419644581058947e-10 
3.0419644581058947e-10 
3.0419644581058947e-10 
3.0419644581058947e-10 
3.0419644581058947e-10 
3.0419644581058947e-10 
3.0419644581058947e-10 
3.0419644581058947e-10 
3.0419644581058947e-10 
3.0419644581058947e-10 
3.0419644581058947e-10 
3.0419644581058947e-10 
3.0419644581058947e-10 
3.0419644581058947e-10 
3.0419644581058947e-10 
3.0419644581058947e-10 
3.0419644581058947e-10 
3.0419644581058947e-10 
3.0419644581058947e-10 
3.0419644581058947e-10 
3.0419644581058947e-10 
2.8796476314596475e-10 
2.8328750456552143e-10 
2.8328750456552143e-10 
2.8328750456552143e-10 
2.8328750456552143e-10 
2.8280000563540852e-10 
2.8280000563540852e-10 
2.8280000563540852e-10 
2.8280000563540852e-10 
2.8280000563540852e-10 
2.8280000563540852e-10 
2.8280000563540852e-10 
2.8280000563540852e-10 
2.8280000563540852e-10 
2.8280000563540852e-10 
2.8280000563540852e-10 
2.8279301123035339e-10 
2.8279301123035339e-10 
2.8279301123035339e-10 
2.8279301123035339e-10 
2.8279190100732876e-10 
2.8279190100732876e-10 
2.8279190100732876e-10 
2.8279190100732876e-10 
2.8279190100732876e-10 
2.8279190100732876e-10 
2.8279190100732876e-10 
2.8279190100732876e-10 
2.8279190100732876e-10 
2.8279190100732876e-10 
2.8279190100732876e-10 
2.8279190100732876e-10 
2.8279190100732876e-10 
2.827917899850263e-10 
2.827917899850263e-10 
2.827917899850263e-10 
2.827917899850263e-10 
2.827917899850263e-10 
2.827917899850263e-10 
2.827917899850263e-10 
2.827917899850263e-10 
2.827917899850263e-10 
2.827917899850263e-10 
2.8279167896272384e-10 
2.8279167896272384e-10 
2.8279167896272384e-10 
2.8279167896272384e-10 
2.8279167896272384e-10 
2.8279167896272384e-10 
2.8279167896272384e-10 
2.8279167896272384e-10 
2.8279167896272384e-10 
2.8279167896272384e-10 
2.8279167896272384e-10 
2.8279167896272384e-10 
2.8279167896272384e-10 
2.8279167896272384e-10 
2.8279167896272384e-10 
2.8279167896272384e-10 
2.8279167896272384e-10 
2.8279167896272384e-10 
2.8279167896272384e-10 
2.8279167896272384e-10 
2.8279167896272384e-10 
2.8279167896272384e-10 
2.8279167896272384e-10 
2.8279167896272384e-10 
2.8279167896272384e-10 
2.8279167896272384e-10 
2.8279167896272384e-10 
2.8279167896272384e-10 
2.8279167896272384e-10 
2.8279167896272384e-10 
2.8279167896272384e-10 
2.8279167896272384e-10 
2.8279167896272384e-10 
2.8279167896272384e-10 
2.8279167896272384e-10 
2.8279167896272384e-10 
2.8279167896272384e-10 
2.8279167896272384e-10 
2.8279167896272384e-10 
2.8279167896272384e-10 
2.8279167896272384e-10 
2.8279167896272384e-10 
2.8279167896272384e-10 
2.8279167896272384e-10 
2.8279167896272384e-10 
2.8279167896272384e-10 
2.8279167896272384e-10 
2.8279167896272384e-10 
2.8279167896272384e-10 
2.8279167896272384e-10 
2.8279167896272384e-10 
2.8279167896272384e-10 
2.8279167896272384e-10 
2.8279167896272384e-10 
2.8279167896272384e-10 
2.8279167896272384e-10 
2.8279167896272384e-10 
2.8279167896272384e-10 
2.8279167896272384e-10 
2.8279167896272384e-10 
2.8279167896272384e-10 
