2.1252431068000193 
2.1252431068000193 
2.0582458612531171 
1.8380674205683567 
1.6332885620349926 
1.4434462672367079 
1.2680832263661439 
1.1067478382248919 
0.9589942102235065 
0.82438215838149853 
0.70247720732733043 
0.59285059029842258 
0.49507924914115647 
0.4087458343108647 
0.3334387048718383 
0.26875192849732488 
0.2142852814695281 
0.16964424867960926 
0.13444002362768354 
0.10828950842282556 
0.090815313783064011 
0.081645759035385873 
0.08041487211573338 
0.08041487211573338 
0.08041487211573338 
0.08041487211573338 
0.079969224508146877 
0.079969224508146877 
0.079969224508146877 
0.079969224508146877 
0.079969224508146877 
0.079969224508146877 
0.079969224508146877 
0.079969224508146877 
0.079969224508146877 
0.079969224508146877 
0.079969224508146877 
0.079969224508146877 
0.079969224508146877 
0.079969224508146877 
0.079969224508146877 
0.079969224508146877 
0.079969224508146877 
0.079969224508146877 
0.079969224508146877 
0.079233852424765341 
0.078648605782286565 
0.078648605782286565 
0.078601396055674205 
0.07671781565802252 
0.07671781565802252 
0.07671781565802252 
0.07671781565802252 
0.07671781565802252 
0.076217177057998631 
0.076217177057998631 
0.076217177057998631 
0.075317511907570842 
0.075317511907570842 
0.075317511907570842 
0.075317511907570842 
0.075317511907570842 
0.075317511907570842 
0.075317511907570842 
0.074155341645431166 
0.074155341645431166 
0.074155341645431166 
0.074137677014991146 
0.073143565266627353 
0.071927938320330273 
0.070436428487525474 
0.068400556275870467 
0.065219558674052699 
0.062858453918514148 
0.061376713135658102 
0.059812521265405691 
0.057317836433534997 
0.056329060925261555 
0.055876140446973047 
0.053819502274974465 
0.051846166057368623 
0.049950420802901706 
0.048126914794048223 
0.046370655587011471 
0.044677010011723459 
0.043041704171844816 
0.041460823444764844 
0.039930812481601692 
0.038448475207201974 
0.036681453711983038 
0.035487830389334035 
0.034058610442376583 
0.032716063153646648 
0.031453227383442681 
0.030179055947366997 
0.028805712853546713 
0.027677661284166946 
0.026775519408414189 
0.02556373979283675 
0.024373359655407333 
0.023204518724759288 
0.022057842691882219 
0.020934443210121993 
0.01983591789518083 
0.018687973709250422 
0.017500718890292748 
0.016393086747343869 
0.01537564283366002 
0.014459667001253887 
0.013646577467271772 
0.012856650530617322 
0.012209503324411801 
0.011600267536001307 
0.010974072540767193 
0.010407251469698234 
0.0099044434581114799 
0.0094707755720552858 
0.009111862808309043 
0.0088310007310810935 
0.0081986091905371181 
0.007440871177169745 
0.0067910164015043736 
0.0062477874916361314 
0.0056389032409048349 
0.0051246006366710197 
0.0047395050712472353 
0.0041116190336768976 
0.0036378233028431474 
0.0036378233028431474 
0.0032504816909501642 
0.0028391753402887535 
0.0024539912098074479 
0.0020953089901388456 
0.001762043027130269 
0.001460485549365211 
0.0011922173689460386 
0.00096260593629591391 
0.00077555459508471482 
0.00063543715140776836 
0.00054709787378580182 
0.0004689592340846344 
0.00037177945608583536 
0.0003089385641425786 
0.00028117742946411024 
0.00028117742946411024 
0.0002304344679096947 
0.00014505579860607444 
8.0305901521748961e-05 
3.539329542626401e-05 
9.5408674657783356e-06 
1.9858731630102847e-06 
1.9858731630102847e-06 
1.9858731630102847e-06 
1.9858731630102847e-06 
1.9858731630102847e-06 
1.9858731630102847e-06 
1.9858731630102847e-06 
1.9858731630102847e-06 
1.9858731630102847e-06 
1.9858731630102847e-06 
1.9858731630102847e-06 
1.9368845841572864e-06 
1.9368845841572864e-06 
1.9368845841572864e-06 
1.9368845841572864e-06 
1.9368845841572864e-06 
1.9368845841572864e-06 
1.9368845841572864e-06 
1.9368845841572864e-06 
1.9368845841572864e-06 
1.0216488397926353e-06 
1.0216488397926353e-06 
1.0216488397926353e-06 
1.0216488397926353e-06 
1.0216488397926353e-06 
1.0216488397926353e-06 
1.0216488397926353e-06 
1.0216488397926353e-06 
1.0216488397926353e-06 
1.0216488397926353e-06 
1.0216488397926353e-06 
1.0216488397926353e-06 
1.0216488397926353e-06 
1.0216488397926353e-06 
1.0216488397926353e-06 
1.0216488397926353e-06 
1.0216488397926353e-06 
1.0216488397926353e-06 
1.0216488397926353e-06 
1.0216488397926353e-06 
5.6541380932846956e-07 
5.6541380932846956e-07 
5.6541380932846956e-07 
5.6541380932846956e-07 
5.6541380932846956e-07 
5.6541380932846956e-07 
5.6541380932846956e-07 
5.6541380932846956e-07 
5.6541380932846956e-07 
5.6541380932846956e-07 
5.6541380932846956e-07 
5.6541380932846956e-07 
5.6541380932846956e-07 
5.6541380932846956e-07 
5.6541380932846956e-07 
5.6541380932846956e-07 
5.6541380932846956e-07 
5.6541380932846956e-07 
5.6541380932846956e-07 
5.6541380932846956e-07 
5.6541380932846956e-07 
5.6541380932846956e-07 
5.6541380932846956e-07 
5.6541380932846956e-07 
5.6541380932846956e-07 
5.6541380932846956e-07 
5.6541380932846956e-07 
5.6541380932846956e-07 
5.6541380932846956e-07 
5.6541380932846956e-07 
5.6541380932846956e-07 
5.6541380932846956e-07 
5.6541380932846956e-07 
5.6541380932846956e-07 
5.6541380932846956e-07 
5.6541380932846956e-07 
5.6541380932846956e-07 
5.6541380932846956e-07 
5.6541380932846956e-07 
5.6541380932846956e-07 
5.6541380932846956e-07 
5.6541380932846956e-07 
5.6541380932846956e-07 
5.6541380932846956e-07 
5.6541380932846956e-07 
5.6541380932846956e-07 
5.6541380932846956e-07 
5.6541380932846956e-07 
5.6541380932846956e-07 
5.6541380932846956e-07 
5.6541380932846956e-07 
5.6541380932846956e-07 
5.6541380932846956e-07 
5.6541380932846956e-07 
5.6541380932846956e-07 
5.6541380932846956e-07 
5.6541380932846956e-07 
5.6541380932846956e-07 
5.6541380932846956e-07 
5.6541380932846956e-07 
5.6541380932846956e-07 
5.6541380932846956e-07 
5.6541380932846956e-07 
5.6541380932846956e-07 
5.6541380932846956e-07 
5.6541380932846956e-07 
5.6541380932846956e-07 
5.6541380932846956e-07 
5.6541380932846956e-07 
5.6541380932846956e-07 
5.6541380932846956e-07 
5.6541380932846956e-07 
5.6541380932846956e-07 
5.6541380932846956e-07 
5.6541380932846956e-07 
5.6541380932846956e-07 
5.6541380932846956e-07 
5.6541380932846956e-07 
5.6541380932846956e-07 
5.6541380932846956e-07 
5.6541380932846956e-07 
5.6541380932846956e-07 
5.6541380932846956e-07 
5.6541380932846956e-07 
5.6541380932846956e-07 
5.6541380932846956e-07 
5.6541380932846956e-07 
5.6541380932846956e-07 
5.6541380932846956e-07 
5.6541380932846956e-07 
5.6541380932846956e-07 
5.6541380932846956e-07 
5.6541380932846956e-07 
5.6541380932846956e-07 
5.6541380932846956e-07 
5.6541380932846956e-07 
5.6541380932846956e-07 
5.6541380932846956e-07 
5.6541380932846956e-07 
5.6541380932846956e-07 
5.6541380932846956e-07 
5.6541380932846956e-07 
5.6541380932846956e-07 
5.6541380932846956e-07 
5.6541380932846956e-07 
5.6541380932846956e-07 
5.6541380932846956e-07 
5.6541380932846956e-07 
5.6541380932846956e-07 
5.6541380932846956e-07 
5.6541380932846956e-07 
5.6541380932846956e-07 
5.6541380932846956e-07 
5.6541380932846956e-07 
5.6541380932846956e-07 
5.6541380932846956e-07 
5.6541380932846956e-07 
5.6541380932846956e-07 
5.6541380932846956e-07 
5.6541380932846956e-07 
5.6541380932846956e-07 
5.6541380932846956e-07 
5.6541380932846956e-07 
5.6541380932846956e-07 
5.6541380932846956e-07 
5.6541380932846956e-07 
5.6541380932846956e-07 
5.6541380932846956e-07 
5.6541380932846956e-07 
5.6541380932846956e-07 
5.6541380932846956e-07 
5.6541380932846956e-07 
5.6541380932846956e-07 
5.6541380932846956e-07 
5.6541380932846956e-07 
5.6541380932846956e-07 
5.6541380932846956e-07 
5.6541380932846956e-07 
5.6541380932846956e-07 
5.6541380932846956e-07 
5.6541380932846956e-07 
5.6541380932846956e-07 
5.6541380932846956e-07 
5.6541380932846956e-07 
5.6541380932846956e-07 
5.6541380932846956e-07 
5.6541380932846956e-07 
5.6541380932846956e-07 
5.6541380932846956e-07 
5.6541380932846956e-07 
5.6541380932846956e-07 
5.6541380932846956e-07 
5.6541380932846956e-07 
5.6541380932846956e-07 
5.6541380932846956e-07 
5.6541380932846956e-07 
5.6541380932846956e-07 
5.6541380932846956e-07 
5.3940243671079047e-07 
5.3940243671079047e-07 
5.3940243671079047e-07 
5.3940243671079047e-07 
5.3940243671079047e-07 
5.3940243671079047e-07 
5.3940243671079047e-07 
5.3940243671079047e-07 
5.3940243671079047e-07 
5.3940243671079047e-07 
5.3940243671079047e-07 
5.3940243671079047e-07 
5.3940243671079047e-07 
5.3940243671079047e-07 
5.3940243671079047e-07 
5.3940243671079047e-07 
5.3940243671079047e-07 
5.3940243671079047e-07 
5.3940243671079047e-07 
5.3940243671079047e-07 
5.3940243671079047e-07 
5.3940243671079047e-07 
5.3940243671079047e-07 
5.3940243671079047e-07 
5.1282804972985958e-07 
5.1282804972985958e-07 
5.1282804972985958e-07 
5.1282804972985958e-07 
5.1282804972985958e-07 
5.1282804972985958e-07 
5.1282804972985958e-07 
5.1282804972985958e-07 
5.1282804972985958e-07 
5.1282804972985958e-07 
5.1282804972985958e-07 
5.1282804972985958e-07 
5.1282804972985958e-07 
5.1282804972985958e-07 
5.1282804972985958e-07 
5.1282804972985958e-07 
5.1282804972985958e-07 
5.1282804972985958e-07 
5.1282804972985958e-07 
5.1282804972985958e-07 
5.1282804972985958e-07 
5.1282804972985958e-07 
5.1282804972985958e-07 
5.1282804972985958e-07 
5.1282804972985958e-07 
5.1282804972985958e-07 
5.1282804972985958e-07 
5.1282804972985958e-07 
5.1282804972985958e-07 
5.1282804972985958e-07 
5.1282804972985958e-07 
5.1282804972985958e-07 
5.1282804972985958e-07 
5.1282804972985958e-07 
5.1282804972985958e-07 
5.1282804972985958e-07 
5.1282804972985958e-07 
5.1282804972985958e-07 
5.1282804972985958e-07 
5.1282804972985958e-07 
5.1282804972985958e-07 
5.1282804972985958e-07 
5.1282804972985958e-07 
5.1282804972985958e-07 
5.1282804972985958e-07 
5.1282804972985958e-07 
5.1282804972985958e-07 
5.1282804972985958e-07 
5.1282804972985958e-07 
5.1282804972985958e-07 
5.1282804972985958e-07 
5.1282804972985958e-07 
5.1282804972985958e-07 
5.1282804972985958e-07 
5.1282804972985958e-07 
5.1282804972985958e-07 
5.1282804972985958e-07 
5.1282804972985958e-07 
5.1282804972985958e-07 
5.1282804972985958e-07 
5.1282804972985958e-07 
5.1282804972985958e-07 
5.1282804972985958e-07 
5.1282804972985958e-07 
5.1282804972985958e-07 
5.1282804972985958e-07 
5.1282804972985958e-07 
5.1282804972985958e-07 
5.1282804972985958e-07 
5.1282804972985958e-07 
5.1282804972985958e-07 
5.1282804972985958e-07 
5.1282804972985958e-07 
5.1282804972985958e-07 
5.1282804972985958e-07 
5.1282804972985958e-07 
5.1282804972985958e-07 
5.1282804972985958e-07 
5.1282804972985958e-07 
5.1282804972985958e-07 
5.1282804972985958e-07 
5.1282804972985958e-07 
5.1282804972985958e-07 
5.1282804972985958e-07 
5.1282804972985958e-07 
5.1282804972985958e-07 
5.1282804972985958e-07 
5.1282804972985958e-07 
5.1282804972985958e-07 
5.1282804972985958e-07 
5.1282804972985958e-07 
5.1282804972985958e-07 
5.1282804972985958e-07 
5.1282804972985958e-07 
5.1282804972985958e-07 
5.1282804972985958e-07 
5.1282804972985958e-07 
5.1282804972985958e-07 
5.1282804972985958e-07 
5.1282804972985958e-07 
5.1282804972985958e-07 
5.1282804972985958e-07 
5.1282804972985958e-07 
5.1282804972985958e-07 
5.1282804972985958e-07 
5.1282804972985958e-07 
5.1282804972985958e-07 
5.1282804972985958e-07 
5.1282804972985958e-07 
5.1282804972985958e-07 
5.1282804972985958e-07 
5.1282804972985958e-07 
5.1282804972985958e-07 
5.1282804972985958e-07 
5.1282804972985958e-07 
5.1282804972985958e-07 
5.1282804972985958e-07 
5.1282804972985958e-07 
5.1282804972985958e-07 
5.1282804972985958e-07 
5.1282804972985958e-07 
5.1282804972985958e-07 
5.1282804972985958e-07 
5.1282804972985958e-07 
5.1282804972985958e-07 
5.1282804972985958e-07 
5.1282804972985958e-07 
5.1282804972985958e-07 
5.1282804972985958e-07 
5.1282804972985958e-07 
5.1282804972985958e-07 
5.1282804972985958e-07 
5.1282804972985958e-07 
5.1282804972985958e-07 
5.1282804972985958e-07 
5.1282804972985958e-07 
5.1282804972985958e-07 
5.1282804972985958e-07 
5.1282804972985958e-07 
5.1282804972985958e-07 
5.1282804972985958e-07 
5.1282804972985958e-07 
5.1282804972985958e-07 
5.1282804972985958e-07 
5.1282804972985958e-07 
5.1282804972985958e-07 
5.1282804972985958e-07 
5.1282804972985958e-07 
5.1282804972985958e-07 
5.1282804972985958e-07 
5.1282804972985958e-07 
5.1282804972985958e-07 
5.1282804972985958e-07 
5.1282804972985958e-07 
5.1282804972985958e-07 
5.1282804972985958e-07 
5.1282804972985958e-07 
5.1282804972985958e-07 
5.1282804972985958e-07 
5.1282804972985958e-07 
5.1282804972985958e-07 
5.1282804972985958e-07 
5.1282804972985958e-07 
5.1282804972985958e-07 
5.1282804972985958e-07 
5.1282804972985958e-07 
5.1282804972985958e-07 
5.1282804972985958e-07 
5.1282804972985958e-07 
5.1282804972985958e-07 
5.1282804972985958e-07 
5.1282804972985958e-07 
5.1282804972985958e-07 
5.1282804972985958e-07 
5.1282804972985958e-07 
5.1282804972985958e-07 
5.1282804972985958e-07 
5.1282804972985958e-07 
5.1282804972985958e-07 
5.1282804972985958e-07 
5.1282804972985958e-07 
5.1282804972985958e-07 
5.1282804972985958e-07 
5.1282804972985958e-07 
5.1282804972985958e-07 
5.1282804972985958e-07 
5.1282804972985958e-07 
5.1282804972985958e-07 
5.1282804972985958e-07 
5.1282804972985958e-07 
5.1282804972985958e-07 
5.1282804972985958e-07 
5.1282804972985958e-07 
5.1282804972985958e-07 
5.1282804972985958e-07 
5.1282804972985958e-07 
5.1282804972985958e-07 
5.1282804972985958e-07 
5.1282804972985958e-07 
5.1282804972985958e-07 
5.1282804972985958e-07 
5.1282804972985958e-07 
5.1282804972985958e-07 
5.1282804972985958e-07 
5.1282804972985958e-07 
5.1282804972985958e-07 
5.1282804972985958e-07 
5.1282804972985958e-07 
5.1282804972985958e-07 
5.1282804972985958e-07 
5.1282804972985958e-07 
5.1282804972985958e-07 
5.1282804972985958e-07 
5.1282804972985958e-07 
5.1282804972985958e-07 
5.1282804972985958e-07 
5.1282804972985958e-07 
5.1282804972985958e-07 
5.1282804972985958e-07 
5.1282804972985958e-07 
5.1282804972985958e-07 
5.1282804972985958e-07 
5.1282804972985958e-07 
5.1282804972985958e-07 
5.1282804972985958e-07 
5.1282804972985958e-07 
5.1282804972985958e-07 
5.1282804972985958e-07 
5.1282804972985958e-07 
5.1282804972985958e-07 
5.1282804972985958e-07 
5.1282804972985958e-07 
5.1282804972985958e-07 
5.1282804972985958e-07 
5.1282804972985958e-07 
5.1282804972985958e-07 
5.1282804972985958e-07 
5.1282804972985958e-07 
5.1282804972985958e-07 
5.1282804972985958e-07 
5.1282804972985958e-07 
5.1282804972985958e-07 
5.1282804972985958e-07 
5.1282804972985958e-07 
5.1282804972985958e-07 
5.1282804972985958e-07 
5.1282804972985958e-07 
5.1282804972985958e-07 
5.1282804972985958e-07 
5.1282804972985958e-07 
5.1282804972985958e-07 
5.1282804972985958e-07 
5.1282804972985958e-07 
5.1282804972985958e-07 
5.1282804972985958e-07 
5.1282804972985958e-07 
5.1282804972985958e-07 
5.1282804972985958e-07 
5.1282804972985958e-07 
5.1282804972985958e-07 
5.1282804972985958e-07 
5.1282804972985958e-07 
5.1282804972985958e-07 
5.1282804972985958e-07 
5.1282804972985958e-07 
5.1282804972985958e-07 
5.1282804972985958e-07 
5.1282804972985958e-07 
5.1282804972985958e-07 
5.1282804972985958e-07 
5.1282804972985958e-07 
5.1282804972985958e-07 
5.1282804972985958e-07 
5.1282804972985958e-07 
5.1282804972985958e-07 
5.1282804972985958e-07 
5.1282804972985958e-07 
5.1282804972985958e-07 
5.1282804972985958e-07 
5.1282804972985958e-07 
5.1282804972985958e-07 
5.1282804972985958e-07 
5.1282804972985958e-07 
5.1282804972985958e-07 
5.1282804972985958e-07 
5.1282804972985958e-07 
5.1282804972985958e-07 
5.1282804972985958e-07 
5.1282804972985958e-07 
5.1282804972985958e-07 
5.1282804972985958e-07 
5.1282804972985958e-07 
5.1282804972985958e-07 
5.1282804972985958e-07 
5.1282804972985958e-07 
5.1282804972985958e-07 
5.1282804972985958e-07 
5.1282804972985958e-07 
5.1282804972985958e-07 
5.1282804972985958e-07 
5.1282804972985958e-07 
5.1282804972985958e-07 
5.1282804972985958e-07 
5.1282804972985958e-07 
5.1282804972985958e-07 
5.1282804972985958e-07 
5.1282804972985958e-07 
5.1282804972985958e-07 
5.1282804972985958e-07 
5.1282804972985958e-07 
5.1282804972985958e-07 
5.1282804972985958e-07 
5.1282804972985958e-07 
5.1282804972985958e-07 
5.1282804972985958e-07 
5.1282804972985958e-07 
5.1282804972985958e-07 
5.1282804972985958e-07 
5.1282804972985958e-07 
5.1282804972985958e-07 
5.1282804972985958e-07 
5.1282804972985958e-07 
5.1282804972985958e-07 
5.1282804972985958e-07 
5.1282804972985958e-07 
5.1282804972985958e-07 
5.1282804972985958e-07 
5.1282804972985958e-07 
5.1282804972985958e-07 
5.1282804972985958e-07 
5.1282804972985958e-07 
5.1282804972985958e-07 
5.1282804972985958e-07 
5.1282804972985958e-07 
5.1282804972985958e-07 
5.1282804972985958e-07 
5.1282804972985958e-07 
5.1282804972985958e-07 
5.1282804972985958e-07 
5.1282804972985958e-07 
5.1282804972985958e-07 
5.1282804972985958e-07 
5.1282804972985958e-07 
5.1282804972985958e-07 
5.1282804972985958e-07 
5.1282804972985958e-07 
5.1282804972985958e-07 
5.1282804972985958e-07 
5.1282804972985958e-07 
5.1282804972985958e-07 
5.1282804972985958e-07 
5.1282804972985958e-07 
5.1282804972985958e-07 
5.1282804972985958e-07 
5.1282804972985958e-07 
5.1282804972985958e-07 
5.1282804972985958e-07 
5.1282804972985958e-07 
5.1282804972985958e-07 
5.1282804972985958e-07 
5.1282804972985958e-07 
5.1282804972985958e-07 
5.1282804972985958e-07 
5.1282804972985958e-07 
5.1282804972985958e-07 
5.1282804972985958e-07 
5.1282804972985958e-07 
5.1282804972985958e-07 
5.1282804972985958e-07 
5.1282804972985958e-07 
5.1282804972985958e-07 
5.1282804972985958e-07 
5.1282804972985958e-07 
5.1282804972985958e-07 
5.1282804972985958e-07 
5.1282804972985958e-07 
5.1282804972985958e-07 
5.1282804972985958e-07 
5.1282804972985958e-07 
5.1282804972985958e-07 
5.1282804972985958e-07 
5.1282804972985958e-07 
5.1282804972985958e-07 
5.1282804972985958e-07 
5.1282804972985958e-07 
5.1282804972985958e-07 
5.1282804972985958e-07 
5.1282804972985958e-07 
5.1282804972985958e-07 
5.1282804972985958e-07 
5.1282804972985958e-07 
5.1282804972985958e-07 
5.1282804972985958e-07 
5.1282804972985958e-07 
5.1282804972985958e-07 
5.1282804972985958e-07 
5.1282804972985958e-07 
5.1282804972985958e-07 
5.1282804972985958e-07 
5.1282804972985958e-07 
5.1282804972985958e-07 
5.1282804972985958e-07 
5.1282804972985958e-07 
5.1282804972985958e-07 
5.1282804972985958e-07 
5.1282804972985958e-07 
5.1282804972985958e-07 
5.1282804972985958e-07 
5.1282804972985958e-07 
5.1282804972985958e-07 
5.1282804972985958e-07 
5.1282804972985958e-07 
5.1282804972985958e-07 
5.1282804972985958e-07 
5.1282804972985958e-07 
5.1282804972985958e-07 
5.1282804972985958e-07 
5.1282804972985958e-07 
5.1282804972985958e-07 
5.1282804972985958e-07 
5.079706387194097e-07 
5.079706387194097e-07 
5.079706387194097e-07 
5.079706387194097e-07 
5.079706387194097e-07 
5.079706387194097e-07 
5.079706387194097e-07 
5.079706387194097e-07 
5.079706387194097e-07 
5.079706387194097e-07 
5.079706387194097e-07 
5.079706387194097e-07 
5.079706387194097e-07 
5.079706387194097e-07 
5.079706387194097e-07 
5.079706387194097e-07 
5.079706387194097e-07 
5.079706387194097e-07 
5.079706387194097e-07 
5.079706387194097e-07 
5.079706387194097e-07 
5.079706387194097e-07 
5.079706387194097e-07 
5.079706387194097e-07 
5.079706387194097e-07 
5.079706387194097e-07 
5.079706387194097e-07 
5.079706387194097e-07 
5.079706387194097e-07 
5.079706387194097e-07 
5.079706387194097e-07 
5.079706387194097e-07 
5.079706387194097e-07 
5.079706387194097e-07 
5.079706387194097e-07 
5.079706387194097e-07 
5.079706387194097e-07 
5.079706387194097e-07 
5.079706387194097e-07 
5.079706387194097e-07 
5.079706387194097e-07 
5.079706387194097e-07 
5.079706387194097e-07 
5.079706387194097e-07 
5.079706387194097e-07 
5.079706387194097e-07 
5.079706387194097e-07 
5.079706387194097e-07 
5.079706387194097e-07 
5.079706387194097e-07 
5.079706387194097e-07 
5.079706387194097e-07 
5.079706387194097e-07 
5.079706387194097e-07 
5.079706387194097e-07 
5.079706387194097e-07 
5.079706387194097e-07 
5.079706387194097e-07 
5.079706387194097e-07 
5.079706387194097e-07 
5.079706387194097e-07 
5.079706387194097e-07 
5.079706387194097e-07 
5.079706387194097e-07 
5.079706387194097e-07 
5.079706387194097e-07 
5.079706387194097e-07 
5.079706387194097e-07 
5.079706387194097e-07 
5.079706387194097e-07 
5.079706387194097e-07 
5.079706387194097e-07 
5.079706387194097e-07 
5.079706387194097e-07 
5.079706387194097e-07 
5.079706387194097e-07 
5.079706387194097e-07 
5.079706387194097e-07 
5.079706387194097e-07 
5.079706387194097e-07 
5.079706387194097e-07 
5.079706387194097e-07 
5.079706387194097e-07 
5.079706387194097e-07 
5.079706387194097e-07 
5.079706387194097e-07 
5.079706387194097e-07 
5.079706387194097e-07 
5.079706387194097e-07 
5.079706387194097e-07 
5.079706387194097e-07 
5.079706387194097e-07 
5.079706387194097e-07 
5.079706387194097e-07 
5.079706387194097e-07 
5.079706387194097e-07 
5.079706387194097e-07 
5.079706387194097e-07 
5.079706387194097e-07 
5.079706387194097e-07 
5.079706387194097e-07 
5.079706387194097e-07 
5.079706387194097e-07 
5.079706387194097e-07 
5.079706387194097e-07 
5.079706387194097e-07 
5.079706387194097e-07 
5.079706387194097e-07 
5.079706387194097e-07 
5.079706387194097e-07 
5.079706387194097e-07 
5.079706387194097e-07 
5.079706387194097e-07 
5.079706387194097e-07 
5.079706387194097e-07 
5.079706387194097e-07 
5.079706387194097e-07 
5.079706387194097e-07 
5.079706387194097e-07 
5.079706387194097e-07 
5.079706387194097e-07 
5.079706387194097e-07 
5.079706387194097e-07 
5.079706387194097e-07 
5.079706387194097e-07 
5.079706387194097e-07 
5.079706387194097e-07 
5.079706387194097e-07 
5.079706387194097e-07 
5.079706387194097e-07 
5.079706387194097e-07 
5.079706387194097e-07 
5.079706387194097e-07 
5.079706387194097e-07 
5.079706387194097e-07 
5.079706387194097e-07 
5.079706387194097e-07 
5.079706387194097e-07 
5.079706387194097e-07 
5.079706387194097e-07 
5.079706387194097e-07 
5.079706387194097e-07 
5.079706387194097e-07 
5.079706387194097e-07 
5.079706387194097e-07 
5.079706387194097e-07 
5.079706387194097e-07 
5.079706387194097e-07 
5.079706387194097e-07 
5.079706387194097e-07 
5.079706387194097e-07 
5.079706387194097e-07 
5.079706387194097e-07 
5.079706387194097e-07 
5.079706387194097e-07 
5.079706387194097e-07 
5.079706387194097e-07 
5.079706387194097e-07 
5.079706387194097e-07 
5.079706387194097e-07 
5.079706387194097e-07 
5.079706387194097e-07 
5.079706387194097e-07 
5.079706387194097e-07 
5.079706387194097e-07 
5.079706387194097e-07 
5.079706387194097e-07 
5.079706387194097e-07 
5.079706387194097e-07 
5.079706387194097e-07 
5.079706387194097e-07 
5.079706387194097e-07 
5.079706387194097e-07 
5.079706387194097e-07 
5.079706387194097e-07 
5.079706387194097e-07 
5.079706387194097e-07 
5.079706387194097e-07 
5.079706387194097e-07 
5.079706387194097e-07 
5.079706387194097e-07 
5.079706387194097e-07 
5.079706387194097e-07 
5.079706387194097e-07 
5.079706387194097e-07 
5.079706387194097e-07 
5.079706387194097e-07 
5.079706387194097e-07 
5.079706387194097e-07 
5.079706387194097e-07 
5.079706387194097e-07 
5.079706387194097e-07 
5.079706387194097e-07 
5.079706387194097e-07 
5.079706387194097e-07 
5.079706387194097e-07 
5.079706387194097e-07 
5.079706387194097e-07 
5.079706387194097e-07 
5.079706387194097e-07 
5.079706387194097e-07 
5.079706387194097e-07 
5.079706387194097e-07 
5.079706387194097e-07 
5.079706387194097e-07 
5.079706387194097e-07 
5.079706387194097e-07 
5.079706387194097e-07 
