0.97655640716176251 
0.97109237385335823 
0.96827204246618337 
0.9681032641020294 
0.9681032641020294 
0.9681032641020294 
0.9681032641020294 
0.96787178564309639 
0.96787178564309639 
0.96787178564309639 
0.96787178564309639 
0.96787178564309639 
0.96787178564309639 
0.96787178564309639 
0.96787178564309639 
0.96787178564309639 
0.96787178564309639 
0.96787178564309639 
0.96787178564309639 
0.96787178564309639 
0.96787178564309639 
0.96787178564309639 
0.96787178564309639 
0.96787178564309639 
0.96787178564309639 
0.96157527073359639 
0.95706882536941984 
0.95505181871104827 
0.95505181871104827 
0.95471811553717945 
0.95203715146272949 
0.95189439666628972 
0.95189439666628972 
0.95189439666628972 
0.95189439666628972 
0.95155834565048214 
0.95155834565048214 
0.95155834565048214 
0.95155834565048214 
0.95153764854378664 
0.95153764854378664 
0.95153764854378664 
0.95153764854378664 
0.95153764854378664 
0.95153764854378664 
0.95153764854378664 
0.95153764854378664 
0.95153764854378664 
0.95147475859979602 
0.95147475859979602 
0.9514636492761831 
0.9514636492761831 
0.9514636492761831 
0.9514636492761831 
0.9514636492761831 
0.9514636492761831 
0.9514636492761831 
0.9514636492761831 
0.9514636492761831 
0.9514636492761831 
0.9514636492761831 
0.95146297626769138 
0.95146297626769138 
0.95146297626769138 
0.95146297626769138 
0.95146297626769138 
0.95146297626769138 
0.95146297626769138 
0.95146297626769138 
0.95146297626769138 
0.95146297626769138 
0.93652689258321231 
0.92085869604054937 
0.90772355630239099 
0.8971245846874556 
0.88905918511531734 
0.88351906390010393 
0.88049025314643914 
0.87995314769125454 
0.87995314769125454 
0.87995314769125454 
0.87995314769125454 
0.879854570668543 
0.879854570668543 
0.879854570668543 
0.879854570668543 
0.879854570668543 
0.879854570668543 
0.879854570668543 
0.879854570668543 
0.879854570668543 
0.879854570668543 
0.879854570668543 
0.87985377430560552 
0.87985377430560552 
0.87985377430560552 
0.87985377430560552 
0.87985377430560552 
0.87985377430560552 
0.87985377430560552 
0.87985377430560552 
0.87985377430560552 
0.87985377430560552 
0.87985377430560552 
0.87985377430560552 
0.87985377430560552 
0.8482308066731884 
0.79602607537899095 
0.74459103331044529 
0.69404640809312457 
0.64451106590171436 
0.59610171355025132 
0.54893260599326688 
0.50311525997091233 
0.45875817451574485 
0.41596655902164825 
0.37484206955641697 
0.33548255407886995 
0.297981807199038 
0.26242933509606381 
0.22891013118298176 
0.19750446308061897 
0.16828767143451495 
0.14132998107907202 
0.11669632502220695 
0.094446181691642983 
0.074633425850739066 
0.057306193557504326 
0.042506761505238577 
0.030271441047203917 
0.020630487170928302 
0.013608022650271612 
0.0092219775653511471 
0.0069540274751163089 
0.0066417715531540411 
0.0066417715531540411 
0.0066417715531540411 
0.0066417715531540411 
0.0064546748325996495 
0.0064546748325996495 
0.0064546748325996495 
0.0064546748325996495 
0.0064546748325996495 
0.0064546748325996495 
0.0064546748325996495 
0.0064546748325996495 
0.0024435429167160017 
0.00091300974591379536 
0.00091300974591379536 
0.00091300974591379536 
0.00068405797334891716 
0.00068405797334891716 
0.00068405797334891716 
0.00053399658403874284 
0.00053399658403874284 
0.00053399658403874284 
0.00029445507886982636 
0.00029445507886982636 
0.00029445507886982636 
0.00029445507886982636 
0.00022148090612095217 
0.00011777476738339399 
5.3700473778617308e-05 
2.925915458662498e-05 
2.581865240580683e-05 
2.581865240580683e-05 
1.1450947160152047e-05 
1.1450947160152047e-05 
1.1450947160152047e-05 
1.1271755372854741e-05 
1.0631628425850081e-05 
1.0631628425850081e-05 
1.0631628425850081e-05 
1.0631628425850081e-05 
9.4246665093278281e-06 
7.0958081240801718e-06 
7.0958081240801718e-06 
2.5183883418655739e-06 
2.5183883418655739e-06 
2.5183883418655739e-06 
2.5183883418655739e-06 
2.5183883418655739e-06 
8.3393012284549428e-07 
8.3393012284549428e-07 
8.3393012284549428e-07 
8.3393012284549428e-07 
6.0304644011743846e-07 
6.0304644011743846e-07 
6.0304644011743846e-07 
6.0304644011743846e-07 
6.0304644011743846e-07 
6.0304644011743846e-07 
6.0304644011743846e-07 
6.0304644011743846e-07 
6.0304644011743846e-07 
6.0304644011743846e-07 
6.0304644011743846e-07 
4.6999645908485377e-07 
4.6999645908485377e-07 
4.6999645908485377e-07 
4.6999645908485377e-07 
4.6999645908485377e-07 
4.6999645908485377e-07 
4.6999645908485377e-07 
4.6999645908485377e-07 
4.6999645908485377e-07 
4.6999645908485377e-07 
4.6999645908485377e-07 
4.6999645908485377e-07 
4.6999645908485377e-07 
4.6999645908485377e-07 
4.6999645908485377e-07 
4.6999645908485377e-07 
4.6999645908485377e-07 
4.6999645908485377e-07 
4.6999645908485377e-07 
4.6999645908485377e-07 
4.6999645908485377e-07 
4.6999645908485377e-07 
4.6999645908485377e-07 
4.6999645908485377e-07 
4.6999645908485377e-07 
4.6999645908485377e-07 
4.6999645908485377e-07 
4.6999645908485377e-07 
4.6999645908485377e-07 
4.6999645908485377e-07 
4.6999645908485377e-07 
4.6999645908485377e-07 
4.6999645908485377e-07 
4.6999645908485377e-07 
4.6999645908485377e-07 
4.6999645908485377e-07 
4.6999645908485377e-07 
4.6999645908485377e-07 
4.6999645908485377e-07 
4.6999645908485377e-07 
4.5237417167776073e-07 
4.5237417167776073e-07 
4.5237417167776073e-07 
4.5237417167776073e-07 
4.5237417167776073e-07 
4.5237417167776073e-07 
4.5237417167776073e-07 
4.5237417167776073e-07 
4.5237417167776073e-07 
4.5237417167776073e-07 
4.5237417167776073e-07 
4.5237417167776073e-07 
4.5237417167776073e-07 
4.5237417167776073e-07 
4.5237417167776073e-07 
4.5237417167776073e-07 
4.5237417167776073e-07 
4.5237417167776073e-07 
3.6671744829686048e-07 
3.6671744829686048e-07 
3.6671744829686048e-07 
3.6671744829686048e-07 
9.7801315934731292e-08 
9.7801315934731292e-08 
9.7801315934731292e-08 
9.7801315934731292e-08 
9.7801315934731292e-08 
9.7801315934731292e-08 
9.7801315934731292e-08 
9.7801315934731292e-08 
9.7801315934731292e-08 
9.7801315934731292e-08 
9.7801315934731292e-08 
3.942788706634559e-08 
3.942788706634559e-08 
3.942788706634559e-08 
3.942788706634559e-08 
3.942788706634559e-08 
3.942788706634559e-08 
3.942788706634559e-08 
3.942788706634559e-08 
3.942788706634559e-08 
3.942788706634559e-08 
3.942788706634559e-08 
3.942788706634559e-08 
3.942788706634559e-08 
3.942788706634559e-08 
3.942788706634559e-08 
3.942788706634559e-08 
3.942788706634559e-08 
3.942788706634559e-08 
3.942788706634559e-08 
3.942788706634559e-08 
3.942788706634559e-08 
3.942788706634559e-08 
3.942788706634559e-08 
3.942788706634559e-08 
3.942788706634559e-08 
3.942788706634559e-08 
3.942788706634559e-08 
3.942788706634559e-08 
3.942788706634559e-08 
3.942788706634559e-08 
3.942788706634559e-08 
3.942788706634559e-08 
3.942788706634559e-08 
3.942788706634559e-08 
3.942788706634559e-08 
3.942788706634559e-08 
3.942788706634559e-08 
3.942788706634559e-08 
3.942788706634559e-08 
3.942788706634559e-08 
3.942788706634559e-08 
3.942788706634559e-08 
3.942788706634559e-08 
3.942788706634559e-08 
3.942788706634559e-08 
3.942788706634559e-08 
3.942788706634559e-08 
3.942788706634559e-08 
3.942788706634559e-08 
3.942788706634559e-08 
3.942788706634559e-08 
3.942788706634559e-08 
3.942788706634559e-08 
3.942788706634559e-08 
3.942788706634559e-08 
3.942788706634559e-08 
3.942788706634559e-08 
3.942788706634559e-08 
3.942788706634559e-08 
3.942788706634559e-08 
3.942788706634559e-08 
3.942788706634559e-08 
3.942788706634559e-08 
3.942788706634559e-08 
3.942788706634559e-08 
3.942788706634559e-08 
3.942788706634559e-08 
3.942788706634559e-08 
3.942788706634559e-08 
3.942788706634559e-08 
3.942788706634559e-08 
3.942788706634559e-08 
3.942788706634559e-08 
3.942788706634559e-08 
3.942788706634559e-08 
3.942788706634559e-08 
3.942788706634559e-08 
3.942788706634559e-08 
3.942788706634559e-08 
3.942788706634559e-08 
3.942788706634559e-08 
3.942788706634559e-08 
3.942788706634559e-08 
3.942788706634559e-08 
3.942788706634559e-08 
3.942788706634559e-08 
3.942788706634559e-08 
3.942788706634559e-08 
3.942788706634559e-08 
3.942788706634559e-08 
3.942788706634559e-08 
3.8707280713978776e-08 
3.8707280713978776e-08 
3.8707280713978776e-08 
3.8707280713978776e-08 
3.8707280713978776e-08 
3.8707280713978776e-08 
3.8707280713978776e-08 
3.8707280713978776e-08 
3.8707280713978776e-08 
3.8707280713978776e-08 
3.8707280713978776e-08 
3.8707280713978776e-08 
3.8707280713978776e-08 
3.8707280713978776e-08 
3.8707280713978776e-08 
3.8707280713978776e-08 
3.8707280713978776e-08 
3.8707280713978776e-08 
3.8707280713978776e-08 
3.8707280713978776e-08 
3.8707280713978776e-08 
3.8707280713978776e-08 
3.8707280713978776e-08 
3.8707280713978776e-08 
3.8707280713978776e-08 
3.8707280713978776e-08 
3.8707280713978776e-08 
3.8707280713978776e-08 
3.8707280713978776e-08 
3.8707280713978776e-08 
3.8707280713978776e-08 
3.8707280713978776e-08 
3.8707280713978776e-08 
3.8707280713978776e-08 
3.8707280713978776e-08 
3.8707280713978776e-08 
3.8707280713978776e-08 
3.8707280713978776e-08 
3.8707280713978776e-08 
3.8707280713978776e-08 
3.8707280713978776e-08 
3.8707280713978776e-08 
3.8707280713978776e-08 
3.8707280713978776e-08 
3.8707280713978776e-08 
3.8707280713978776e-08 
3.8707280713978776e-08 
3.8707280713978776e-08 
3.8707280713978776e-08 
3.8707280713978776e-08 
3.8707280713978776e-08 
3.8707280713978776e-08 
3.8707280713978776e-08 
3.8707280713978776e-08 
3.8707280713978776e-08 
3.8707280713978776e-08 
3.8707280713978776e-08 
3.8707280713978776e-08 
3.8707280713978776e-08 
3.8707280713978776e-08 
3.8707280713978776e-08 
3.8707280713978776e-08 
3.8707280713978776e-08 
3.8707280713978776e-08 
3.8707280713978776e-08 
3.8707280713978776e-08 
3.8707280713978776e-08 
3.8707280713978776e-08 
3.8707280713978776e-08 
3.8707280713978776e-08 
3.8707280713978776e-08 
3.8707280713978776e-08 
3.8707280713978776e-08 
3.8707280713978776e-08 
3.8707280713978776e-08 
3.8707280713978776e-08 
3.8707280713978776e-08 
3.8707280713978776e-08 
3.8707280713978776e-08 
3.8707280713978776e-08 
3.8707280713978776e-08 
3.8707280713978776e-08 
3.8707280713978776e-08 
3.8707280713978776e-08 
3.8707280713978776e-08 
3.8707280713978776e-08 
3.8707280713978776e-08 
3.8707280713978776e-08 
3.8707280713978776e-08 
3.8707280713978776e-08 
3.8707280713978776e-08 
3.8707280713978776e-08 
3.8707280713978776e-08 
3.8707280713978776e-08 
3.8707280713978776e-08 
3.8707280713978776e-08 
3.8707280713978776e-08 
3.8707280713978776e-08 
3.8707280713978776e-08 
3.8707280713978776e-08 
3.8707280713978776e-08 
3.8707280713978776e-08 
3.8707280713978776e-08 
3.8707280713978776e-08 
3.8707280713978776e-08 
3.8707280713978776e-08 
3.8707280713978776e-08 
3.8707280713978776e-08 
3.8707280713978776e-08 
3.8707280713978776e-08 
3.8707280713978776e-08 
3.8707280713978776e-08 
3.8707280713978776e-08 
3.8707280713978776e-08 
3.8707280713978776e-08 
3.8707280713978776e-08 
3.8707280713978776e-08 
3.8707280713978776e-08 
3.8707280713978776e-08 
3.8707280713978776e-08 
3.8707280713978776e-08 
3.8707280713978776e-08 
3.8707280713978776e-08 
3.8707280713978776e-08 
3.8707280713978776e-08 
3.8707280713978776e-08 
3.8707280713978776e-08 
3.8707280713978776e-08 
3.8707280713978776e-08 
3.8707280713978776e-08 
3.8707280713978776e-08 
3.8707280713978776e-08 
3.8707280713978776e-08 
3.8707280713978776e-08 
3.8707280713978776e-08 
3.8707280713978776e-08 
3.8707280713978776e-08 
3.8707280713978776e-08 
3.8707280713978776e-08 
3.8707280713978776e-08 
3.8707280713978776e-08 
3.8707280713978776e-08 
3.8707280713978776e-08 
3.8707280713978776e-08 
3.8707280713978776e-08 
3.8707280713978776e-08 
3.8707280713978776e-08 
3.8707280713978776e-08 
3.8707280713978776e-08 
3.8707280713978776e-08 
3.8707280713978776e-08 
3.8707280713978776e-08 
3.8707280713978776e-08 
3.8707280713978776e-08 
3.8707280713978776e-08 
3.8707280713978776e-08 
3.8707280713978776e-08 
3.8707280713978776e-08 
3.8707280713978776e-08 
3.8707280713978776e-08 
3.8707280713978776e-08 
3.8707280713978776e-08 
3.8707280713978776e-08 
3.8707280713978776e-08 
3.8707280713978776e-08 
3.8707280713978776e-08 
3.8707280713978776e-08 
3.8707280713978776e-08 
3.8707280713978776e-08 
3.8707280713978776e-08 
3.8707280713978776e-08 
3.8707280713978776e-08 
3.8707280713978776e-08 
3.8707280713978776e-08 
3.8707280713978776e-08 
3.8707280713978776e-08 
3.8707280713978776e-08 
3.8707280713978776e-08 
3.8707280713978776e-08 
3.8707280713978776e-08 
3.8707280713978776e-08 
3.8707280713978776e-08 
3.8707280713978776e-08 
3.8707280713978776e-08 
3.8707280713978776e-08 
3.8707280713978776e-08 
3.8707280713978776e-08 
3.8707280713978776e-08 
3.8707280713978776e-08 
3.8707280713978776e-08 
3.8707280713978776e-08 
3.8707280713978776e-08 
3.8707280713978776e-08 
3.8707280713978776e-08 
3.8707280713978776e-08 
3.8707280713978776e-08 
3.8707280713978776e-08 
3.8707280713978776e-08 
3.8707280713978776e-08 
3.8707280713978776e-08 
3.8707280713978776e-08 
3.8707280713978776e-08 
3.8707280713978776e-08 
3.8707280713978776e-08 
3.8707280713978776e-08 
3.8707280713978776e-08 
3.8707280713978776e-08 
3.8707280713978776e-08 
3.8707280713978776e-08 
3.8707280713978776e-08 
3.8707280713978776e-08 
3.8707280713978776e-08 
3.8707280713978776e-08 
3.8707280713978776e-08 
3.8707280713978776e-08 
3.8707280713978776e-08 
3.8707280713978776e-08 
3.8707280713978776e-08 
3.8707280713978776e-08 
3.8707280713978776e-08 
3.8707280713978776e-08 
3.8707280713978776e-08 
3.8707280713978776e-08 
3.8707280713978776e-08 
3.8707280713978776e-08 
3.8707280713978776e-08 
3.8707280713978776e-08 
3.8707280713978776e-08 
3.8707280713978776e-08 
3.8707280713978776e-08 
3.8707280713978776e-08 
3.8707280713978776e-08 
3.8707280713978776e-08 
3.8707280713978776e-08 
3.8707280713978776e-08 
3.8707280713978776e-08 
3.8707280713978776e-08 
3.8707280713978776e-08 
3.8707280713978776e-08 
3.8707280713978776e-08 
3.8707280713978776e-08 
3.8707280713978776e-08 
3.8707280713978776e-08 
3.8707280713978776e-08 
3.8707280713978776e-08 
3.8707280713978776e-08 
3.8707280713978776e-08 
3.8707280713978776e-08 
3.8707280713978776e-08 
3.8707280713978776e-08 
3.8707280713978776e-08 
3.8707280713978776e-08 
3.8707280713978776e-08 
3.8707280713978776e-08 
3.8707280713978776e-08 
3.8707280713978776e-08 
3.8707280713978776e-08 
3.8707280713978776e-08 
3.8707280713978776e-08 
3.8707280713978776e-08 
3.8707280713978776e-08 
3.8707280713978776e-08 
3.8707280713978776e-08 
3.8707280713978776e-08 
3.8707280713978776e-08 
3.8707280713978776e-08 
3.8707280713978776e-08 
3.8707280713978776e-08 
3.8707280713978776e-08 
3.8707280713978776e-08 
3.8707280713978776e-08 
3.8707280713978776e-08 
3.8707280713978776e-08 
3.8707280713978776e-08 
3.8707280713978776e-08 
3.8707280713978776e-08 
3.8707280713978776e-08 
3.8707280713978776e-08 
3.8707280713978776e-08 
3.8707280713978776e-08 
3.8707280713978776e-08 
3.8707280713978776e-08 
3.8707280713978776e-08 
3.8707280713978776e-08 
3.8707280713978776e-08 
3.8707280713978776e-08 
3.8707280713978776e-08 
3.8707280713978776e-08 
3.8707280713978776e-08 
3.8707280713978776e-08 
3.8707280713978776e-08 
3.8707280713978776e-08 
3.8707280713978776e-08 
3.8707280713978776e-08 
3.8707280713978776e-08 
3.8707280713978776e-08 
3.8707280713978776e-08 
3.8707280713978776e-08 
3.8707280713978776e-08 
3.8707280713978776e-08 
3.8707280713978776e-08 
3.8707280713978776e-08 
3.8707280713978776e-08 
3.8707280713978776e-08 
3.8707280713978776e-08 
3.8707280713978776e-08 
3.8707280713978776e-08 
3.8707280713978776e-08 
3.8707280713978776e-08 
3.8707280713978776e-08 
3.8707280713978776e-08 
3.8707280713978776e-08 
3.8707280713978776e-08 
3.8707280713978776e-08 
3.8707280713978776e-08 
3.8707280713978776e-08 
3.8707280713978776e-08 
3.8707280713978776e-08 
3.8707280713978776e-08 
3.8707280713978776e-08 
3.8707280713978776e-08 
3.8707280713978776e-08 
3.8707280713978776e-08 
3.8707280713978776e-08 
3.8707280713978776e-08 
3.8707280713978776e-08 
3.8707280713978776e-08 
3.8707280713978776e-08 
3.8707280713978776e-08 
3.8707280713978776e-08 
3.8707280713978776e-08 
3.8707280713978776e-08 
3.8707280713978776e-08 
3.8707280713978776e-08 
3.8707280713978776e-08 
3.8707280713978776e-08 
3.8707280713978776e-08 
3.8707280713978776e-08 
3.8707280713978776e-08 
3.8707280713978776e-08 
3.8707280713978776e-08 
3.8707280713978776e-08 
3.8707280713978776e-08 
3.8707280713978776e-08 
3.8707280713978776e-08 
3.8707280713978776e-08 
3.8707280713978776e-08 
3.8707280713978776e-08 
3.8707280713978776e-08 
3.8707280713978776e-08 
3.8707280713978776e-08 
3.8707280713978776e-08 
3.8707280713978776e-08 
3.8707280713978776e-08 
3.8707280713978776e-08 
3.8707280713978776e-08 
3.8707280713978776e-08 
3.8707280713978776e-08 
3.8707280713978776e-08 
3.8707280713978776e-08 
3.8707280713978776e-08 
3.8707280713978776e-08 
3.8707280713978776e-08 
3.8707280713978776e-08 
3.8707280713978776e-08 
3.8707280713978776e-08 
3.8707280713978776e-08 
3.8707280713978776e-08 
3.8707280713978776e-08 
3.8707280713978776e-08 
3.8707280713978776e-08 
3.8707280713978776e-08 
3.8707280713978776e-08 
3.8707280713978776e-08 
3.8707280713978776e-08 
3.8707280713978776e-08 
3.8707280713978776e-08 
3.8707280713978776e-08 
3.8707280713978776e-08 
3.8707280713978776e-08 
3.8707280713978776e-08 
3.8707280713978776e-08 
3.8707280713978776e-08 
3.8707280713978776e-08 
3.8707280713978776e-08 
3.8707280713978776e-08 
3.8707280713978776e-08 
3.8707280713978776e-08 
3.8707280713978776e-08 
3.8707280713978776e-08 
3.8707280713978776e-08 
3.8707280713978776e-08 
3.8707280713978776e-08 
3.8707280713978776e-08 
3.8707280713978776e-08 
3.8707280713978776e-08 
3.8707280713978776e-08 
3.8707280713978776e-08 
3.8707280713978776e-08 
3.8707280713978776e-08 
3.8707280713978776e-08 
3.8707280713978776e-08 
3.8707280713978776e-08 
3.8707280713978776e-08 
3.8707280713978776e-08 
3.8707280713978776e-08 
3.8707280713978776e-08 
3.8707280713978776e-08 
3.8707280713978776e-08 
3.8707280713978776e-08 
3.8707280713978776e-08 
3.8707280713978776e-08 
3.8707280713978776e-08 
3.8707280713978776e-08 
3.8707280713978776e-08 
3.8707280713978776e-08 
3.8707280713978776e-08 
3.8707280713978776e-08 
3.8707280713978776e-08 
3.8707280713978776e-08 
3.8707280713978776e-08 
3.8707280713978776e-08 
3.8707280713978776e-08 
3.8707280713978776e-08 
3.8707280713978776e-08 
3.8707280713978776e-08 
3.8707280713978776e-08 
3.8707280713978776e-08 
3.8707280713978776e-08 
3.8707280713978776e-08 
3.8707280713978776e-08 
3.8707280713978776e-08 
3.8707280713978776e-08 
3.8707280713978776e-08 
3.8707280713978776e-08 
3.8707280713978776e-08 
3.8707280713978776e-08 
3.8707280713978776e-08 
3.8707280713978776e-08 
3.8707280713978776e-08 
3.8707280713978776e-08 
3.8707280713978776e-08 
3.8707280713978776e-08 
3.8707280713978776e-08 
3.8621027931284857e-08 
3.8621027931284857e-08 
3.8621027931284857e-08 
3.8621027931284857e-08 
3.8621027931284857e-08 
3.8621027931284857e-08 
3.8621027931284857e-08 
3.8621027931284857e-08 
3.8621027931284857e-08 
3.8621027931284857e-08 
3.8621027931284857e-08 
3.8621027931284857e-08 
3.8621027931284857e-08 
3.8621027931284857e-08 
3.8621027931284857e-08 
3.8621027931284857e-08 
3.8621027931284857e-08 
3.8621027931284857e-08 
3.8621027931284857e-08 
3.8621027931284857e-08 
3.8621027931284857e-08 
3.8621027931284857e-08 
3.8621027931284857e-08 
3.8621027931284857e-08 
3.8621027931284857e-08 
3.8621027931284857e-08 
3.8621027931284857e-08 
3.8621027931284857e-08 
3.8621027931284857e-08 
3.8621027931284857e-08 
3.8621027931284857e-08 
3.8621027931284857e-08 
3.8621027931284857e-08 
3.8621027931284857e-08 
3.8621027931284857e-08 
3.8621027931284857e-08 
3.8621027931284857e-08 
3.8621027931284857e-08 
3.8621027931284857e-08 
3.8621027931284857e-08 
3.8621027931284857e-08 
3.8621027931284857e-08 
3.8621027931284857e-08 
3.8621027931284857e-08 
3.8621027931284857e-08 
3.8621027931284857e-08 
3.8621027931284857e-08 
3.8621027931284857e-08 
3.8621027931284857e-08 
3.8621027931284857e-08 
3.8621027931284857e-08 
3.8621027931284857e-08 
3.8621027931284857e-08 
3.8621027931284857e-08 
3.8621027931284857e-08 
3.8621027931284857e-08 
3.8621027931284857e-08 
3.8621027931284857e-08 
3.8621027931284857e-08 
3.8621027931284857e-08 
3.8621027931284857e-08 
3.8621027931284857e-08 
3.8621027931284857e-08 
3.8621027931284857e-08 
3.8621027931284857e-08 
3.8621027931284857e-08 
3.8621027931284857e-08 
3.8621027931284857e-08 
3.8621027931284857e-08 
3.8621027931284857e-08 
3.8621027931284857e-08 
3.8621027931284857e-08 
3.8621027931284857e-08 
3.8621027931284857e-08 
3.8621027931284857e-08 
3.8621027931284857e-08 
3.8621027931284857e-08 
3.8621027931284857e-08 
3.8621027931284857e-08 
3.8621027931284857e-08 
3.8621027931284857e-08 
3.8621027931284857e-08 
3.8621027931284857e-08 
3.8621027931284857e-08 
3.8621027931284857e-08 
3.8621027931284857e-08 
3.8621027931284857e-08 
3.8621027931284857e-08 
3.8621027931284857e-08 
3.8621027931284857e-08 
3.8621027931284857e-08 
3.8621027931284857e-08 
3.8621027931284857e-08 
3.8621027931284857e-08 
3.8621027931284857e-08 
3.8621027931284857e-08 
3.8621027931284857e-08 
3.8621027931284857e-08 
3.8621027931284857e-08 
3.8621027931284857e-08 
3.8621027931284857e-08 
3.8621027931284857e-08 
3.8621027931284857e-08 
3.8621027931284857e-08 
3.8621027931284857e-08 
3.8621027931284857e-08 
3.8621027931284857e-08 
3.8621027931284857e-08 
3.8621027931284857e-08 
3.8621027931284857e-08 
3.8621027931284857e-08 
3.8621027931284857e-08 
3.8621027931284857e-08 
3.8621027931284857e-08 
3.8621027931284857e-08 
3.8621027931284857e-08 
3.8621027931284857e-08 
3.8621027931284857e-08 
3.8621027931284857e-08 
3.8621027931284857e-08 
3.8621027931284857e-08 
3.8621027931284857e-08 
3.8621027931284857e-08 
3.8621027931284857e-08 
3.8621027931284857e-08 
3.8621027931284857e-08 
3.8621027931284857e-08 
3.8621027931284857e-08 
3.8621027931284857e-08 
3.8621027931284857e-08 
3.8621027931284857e-08 
3.8621027931284857e-08 
3.8621027931284857e-08 
3.8621027931284857e-08 
3.8621027931284857e-08 
3.8621027931284857e-08 
3.8621027931284857e-08 
3.8621027931284857e-08 
3.8621027931284857e-08 
3.8621027931284857e-08 
3.8621027931284857e-08 
3.8621027931284857e-08 
3.8621027931284857e-08 
3.8621027931284857e-08 
3.8621027931284857e-08 
3.8621027931284857e-08 
3.8621027931284857e-08 
3.8621027931284857e-08 
3.8621027931284857e-08 
3.8621027931284857e-08 
3.8621027931284857e-08 
3.8621027931284857e-08 
3.8621027931284857e-08 
3.8621027931284857e-08 
3.8621027931284857e-08 
3.8621027931284857e-08 
3.8621027931284857e-08 
3.8621027931284857e-08 
3.8621027931284857e-08 
3.8621027931284857e-08 
3.8621027931284857e-08 
3.8621027931284857e-08 
3.8621027931284857e-08 
3.8621027931284857e-08 
3.8621027931284857e-08 
3.8621027931284857e-08 
3.8621027931284857e-08 
3.8621027931284857e-08 
3.8621027931284857e-08 
3.8621027931284857e-08 
3.8621027931284857e-08 
3.8621027931284857e-08 
3.8621027931284857e-08 
3.8621027931284857e-08 
3.8621027931284857e-08 
3.8621027931284857e-08 
3.8621027931284857e-08 
3.8621027931284857e-08 
3.8621027931284857e-08 
3.8621027931284857e-08 
3.8621027931284857e-08 
3.8621027931284857e-08 
3.8621027931284857e-08 
3.8621027931284857e-08 
3.8621027931284857e-08 
3.8621027931284857e-08 
3.8621027931284857e-08 
3.8621027931284857e-08 
3.8621027931284857e-08 
3.8621027931284857e-08 
3.8621027931284857e-08 
3.8621027931284857e-08 
3.8621027931284857e-08 
3.8621027931284857e-08 
3.8621027931284857e-08 
