0.44233360326329763 
0.44233360326329763 
0.44233360326329763 
0.44233360326329763 
0.37923729543359536 
0.37923729543359536 
0.37923729543359536 
0.078346597318545513 
0.078346597318545513 
0.078346597318545513 
0.078346597318545513 
0.03113153527764707 
0.03113153527764707 
0.03113153527764707 
0.015795799297296853 
0.015795799297296853 
0.015795799297296853 
0.015795799297296853 
0.015795799297296853 
0.015795799297296853 
0.015795799297296853 
0.013965810334839729 
0.013965810334839729 
0.013965810334839729 
0.013965810334839729 
0.013965810334839729 
0.013965810334839729 
0.013965810334839729 
0.013965810334839729 
0.013965810334839729 
0.013965810334839729 
0.013965810334839729 
0.013965810334839729 
0.013965810334839729 
0.013965810334839729 
0.013965810334839729 
0.013965810334839729 
0.013965810334839729 
0.013965810334839729 
0.013965810334839729 
0.013965810334839729 
0.013965810334839729 
0.013965810334839729 
0.011851763830860821 
0.011851763830860821 
0.011851763830860821 
0.011851763830860821 
0.011851763830860821 
0.011851763830860821 
0.011851763830860821 
0.010195943285561025 
0.010195943285561025 
0.010195943285561025 
0.010195943285561025 
0.010195943285561025 
0.010195943285561025 
0.010195943285561025 
0.010195943285561025 
0.010195943285561025 
0.010195943285561025 
0.010195943285561025 
0.010195943285561025 
0.0095756378762546536 
0.0095756378762546536 
0.0092669989000659803 
0.0088255537639702186 
0.0074104647947767412 
0.0074104647947767412 
0.0067531181866990857 
0.0058588675067606259 
0.0052644339975665786 
0.0049159037491450317 
0.0047675044088807215 
0.0046150402837665284 
0.0046150402837665284 
0.0046150402837665284 
0.0045600962969075103 
0.0045600962969075103 
0.0045511605025775502 
0.0045186524928808695 
0.0045186524928808695 
0.0044583287893648826 
0.0044583287893648826 
0.0044219672282870938 
0.0043636995100462747 
0.0043236103624391189 
0.0042981025748114283 
0.004284210850251699 
0.0042254541681502047 
0.004177153570211708 
0.0041403477840773898 
0.0041128453967851399 
0.0039788528112593997 
0.0039383917188275533 
0.0038193803587272938 
0.0037295605777824107 
0.0036630670209975118 
0.0036188325233006517 
0.0035955925649894024 
0.003589494471027127 
0.003589494471027127 
0.003589494471027127 
0.003589494471027127 
0.003589494471027127 
0.003589494471027127 
0.003589494471027127 
0.0035894452000787241 
0.0035894452000787241 
0.0035894452000787241 
0.0035894452000787241 
0.0035894452000787241 
0.0035894452000787241 
0.0035894452000787241 
0.0035894452000787241 
0.0035894452000787241 
0.0035894452000787241 
0.0035894452000787241 
0.0035894452000787241 
0.0035894452000787241 
0.0035894452000787241 
0.0035894452000787241 
0.0035894452000787241 
0.0035894452000787241 
0.0035894452000787241 
0.0035894452000787241 
0.0035894452000787241 
0.0035894452000787241 
0.0035894452000787241 
0.0035894452000787241 
0.0035894452000787241 
0.0035894452000787241 
0.0035894452000787241 
0.0035894452000787241 
0.0035894452000787241 
0.0035894452000787241 
0.0035894452000787241 
0.0035894452000787241 
0.0035894452000787241 
0.0035894443316799867 
0.0035894443316799867 
0.0035894443316799867 
0.0035658670401494553 
0.0035658670401494553 
0.0035658670401494553 
0.0035613956538839728 
0.0035567327308536107 
0.0035554687876801828 
0.0035554687876801828 
0.0035554687876801828 
0.0035554687876801828 
0.0035554687876801828 
0.0035554687876801828 
0.0035554687876801828 
0.0035554661564148118 
0.0035554661564148118 
0.0035554661564148118 
0.0035554661564148118 
0.0035554661564148118 
0.0035554661564148118 
0.0035554661564148118 
0.0035554661564148118 
0.0035412212115676807 
0.0035412212115676807 
0.0035412212115676807 
0.0035412212115676807 
0.0035262745773784747 
0.0035262745773784747 
0.0035262745773784747 
0.0035262745773784747 
0.0035262745773784747 
0.0035262745773784747 
0.0035262745773784747 
0.0035262745773784747 
0.0035262745773784747 
0.0035262745773784747 
0.0035262411196594718 
0.0035197098826864246 
0.0035197098826864246 
0.0035197098826864246 
0.0035191974666523482 
0.0035191974666523482 
0.0035191974666523482 
0.0035191974666523482 
0.0035191974666523482 
0.0035191974666523482 
0.0035191974666523482 
0.0035191974666523482 
0.0035191974666523482 
0.0035191974666523482 
0.0035191974666523482 
0.0035191974666523482 
0.0035191974666523482 
0.0035191974666523482 
0.0035191974666523482 
0.0035191974666523482 
0.0035191974666523482 
0.0035191799855044509 
0.0035191736779026607 
0.0035191736779026607 
0.0035191736779026607 
0.0035191736779026607 
0.0035191639676326841 
0.0035191639676326841 
0.0035191639676326841 
0.0035191639676326841 
0.0035191639676326841 
0.0035191639676326841 
0.0035191639676326841 
0.0035191639676326841 
0.0035191639676326841 
0.0035191639676326841 
0.0035191639676326841 
0.0035191639676326841 
0.0035191639676326841 
0.0035191639676326841 
0.0035191639676326841 
0.0035191639676326841 
0.0035191639676326841 
0.0035191639676326841 
0.0035191639676326841 
0.0035191639676326841 
0.0035191639676326841 
0.0035191639676326841 
0.0035191639676326841 
0.0035191639676326841 
0.0035191639676326841 
0.0035191639676326841 
0.0035191639676326841 
0.0035191639676326841 
0.0035191639676326841 
0.0035191639676326841 
0.0035191639676326841 
0.0035191639368678893 
0.0035191638285381878 
0.0035191638285381878 
0.0035191638285381878 
0.0035191638285381878 
0.0035191638285381878 
0.0035191638285381878 
0.0035191638285381878 
0.0035191638265267594 
0.0035191638265267594 
0.0035191638265267594 
0.0035191638265267594 
0.0035191638244505118 
0.0035191638244505118 
0.0035191638244505118 
0.0035191638244505118 
0.0035191638244505118 
0.0035191638244505118 
0.0035191638244505118 
0.003519163823976127 
0.003519163823976127 
0.003519163823976127 
0.003519163823976127 
0.0035191638233151743 
0.0035191638233151743 
0.0035191638233151743 
0.0035191638233151743 
0.0035191638233151743 
0.0035191638233151743 
0.0035191638233151743 
0.0035191638232154663 
0.0035191638232154663 
0.0035191638232154663 
0.0035191638232154663 
0.0035191638230724184 
0.0035191638230724184 
0.0035191638230724184 
0.0035191638230724184 
0.0035191638230724184 
0.0035191638230724184 
0.0035191638230724184 
0.0035191638230500874 
0.0035191638230500874 
0.0035191638230500874 
0.0035191638230500874 
0.0035191638229958274 
0.0035191638229958274 
0.0035191638229958274 
0.0035191638229958274 
0.0035191638229958274 
0.0035191638229958274 
0.0035191638229958274 
0.0035191638229921892 
0.0035191638229921892 
0.0035191638229921892 
0.0035191638229921892 
0.0035191638229870527 
0.0035191638229870527 
0.0035191638229870527 
0.0035191638229870527 
0.003519163822985632 
0.003519163822985632 
0.003519163822985632 
0.003519163822985632 
0.0035191638229832142 
0.0035191638229832142 
0.0035191638229832142 
0.0035191638229832142 
0.003519163822982872 
0.003519163822982872 
0.003519163822982872 
0.003519163822982872 
0.0035191638229817041 
0.0035191638229817041 
0.0035191638229817041 
0.0035191638229817041 
0.0035191638229817041 
0.0035191638229817041 
0.0035191638229817041 
0.0035191638229816074 
0.0035191638229816074 
0.0035191638229816074 
0.0035191638229816074 
0.003519163822980897 
0.003519163822980897 
0.003519163822980897 
0.003519163822980897 
0.003519163822980897 
0.003519163822980897 
0.003519163822980897 
0.0035191638229808884 
0.0035191638229808884 
0.0035191638229808884 
0.0035191638229808884 
0.0035191638229808884 
0.0035191638229808884 
0.0035191638229808884 
0.0035191638229808511 
0.0035191638229808511 
0.0035191638229808511 
0.0035191638229808511 
0.0035191638229808407 
0.0035191638229808407 
0.0035191638229808407 
0.0035191638229808407 
0.0035191638229808146 
0.0035191638229808146 
0.0035191638229808146 
0.0035191638229808146 
0.0035191638229808116 
0.0035191638229808116 
0.0035191638229808116 
0.0035191638229808116 
0.0035191638229808086 
0.0035191638229808086 
0.0035191638229808086 
0.0035191638229808086 
0.0035191638229807943 
0.0035191638229807943 
0.0035191638229807943 
0.0035191638229807943 
0.0035191638229807943 
0.0035191638229807943 
0.0035191638229807804 
0.0035191638229807574 
0.0035191638229807444 
0.0035191638229807444 
0.0035191638229807444 
0.0035191638229807444 
0.0035191638229807257 
0.0035191638229807075 
0.003519163822980688 
0.003519163822980688 
0.0035191638229806854 
0.0035191638229806828 
0.0035191638229806728 
0.0035191638229806728 
0.0035191638229806676 
0.0035191638229806485 
0.0035191638229806386 
0.0035191638229806251 
0.0035191638229806138 
0.0035191638229805956 
0.0035191638229805939 
0.0035191638229805718 
0.0035191638229805601 
0.0035191638229805601 
0.0035191638229805484 
0.0035191638229805466 
0.0035191638229805466 
0.0035191638229805466 
0.0035191638229805466 
0.0035191638229805423 
0.0035191638229805366 
0.0035191638229805366 
0.0035191638229805366 
0.0035191638229805323 
0.0035191638229805193 
0.0035191638229805193 
0.0035191638229805193 
0.0035191638229805002 
0.0035191638229804798 
0.0035191638229804777 
0.003519163822980472 
0.0035191638229804716 
0.0035191638229804677 
0.0035191638229804677 
0.0035191638229804642 
0.003519163822980443 
0.0035191638229804213 
0.0035191638229804213 
0.0035191638229804213 
0.0035191638229804213 
0.003519163822980413 
0.0035191638229804052 
0.0035191638229804052 
0.0035191638229804052 
0.0035191638229804052 
0.0035191638229804052 
0.0035191638229804052 
0.0035191638229804052 
0.0035191638229804052 
0.0035191638229804052 
0.0035191638229804052 
0.0035191638229804052 
0.0035191638229804052 
0.0035191638229804052 
0.0035191638229804052 
0.0035191638229804052 
0.0035191638229804052 
0.0035191638229804052 
0.0035191638229804052 
0.0035191638229804052 
0.0035191638229804052 
0.0035191638229804052 
0.0035191638229804052 
0.0035191638229804052 
0.0035191638229804052 
0.0035191638229804052 
0.0035191638229804052 
0.0035191638229804052 
0.0035191638229804052 
0.0033523227614177943 
0.0033523227614177943 
0.0033513842457155796 
0.003333734573248408 
0.003333734573248408 
0.003333734573248408 
0.003333734573248408 
0.003333734573248408 
0.003333734573248408 
0.003333734573248408 
0.003333734573248408 
0.003333734573248408 
0.003333734573248408 
0.0032470491960645861 
0.003233129537093937 
0.003233129537093937 
0.003233129537093937 
0.003233129537093937 
0.0031602255830302781 
0.0031602255830302781 
0.0031463223031169786 
0.0031463223031169786 
0.0031463223031169786 
0.0031463223031169786 
0.0031237305297972169 
0.003110710462147451 
0.0031045694574630676 
0.003102504707957449 
0.0030587259977288847 
0.0030587259977288847 
0.0030343206738912051 
0.0030334853094969873 
0.0030152227053497158 
0.0028976792653866348 
0.0027365614221154283 
0.0025006481215327425 
0.0023101722367189978 
0.0021912033322623301 
0.0021179535234778432 
0.0020737348821575747 
0.0019783813237304652 
0.0018669415796734455 
0.0017831694050977405 
0.0016773700821804192 
0.0015335910434027046 
0.0014098749055192871 
0.0012776419703498831 
0.0012526528661238932 
0.0011530422500448969 
0.0010604094719185661 
0.00098868582376288581 
0.00093279242503724108 
0.00087908036702158778 
0.00081746730889041227 
0.0007887412415693583 
0.00073480034881758178 
0.00069294716132900112 
0.0006603015789753558 
0.00063472308362010229 
0.00061460566142878691 
0.00059852766724009885 
0.00057905169938113593 
0.00056370317375701836 
0.00055157474478578316 
0.00054197011080010218 
0.00053435109711497727 
0.00052829917700659361 
0.00052348716563015976 
0.00051965816415348387 
0.0005166097319433111 
0.0005141818732816144 
0.00051224783964747011 
0.00051070703339506785 
0.00050947949617619677 
0.00050850160387781794 
0.00050772268794780577 
0.00050710237333274801 
0.00050660847431399387 
0.00050621532703797707 
0.00050590246541396379 
0.00050565356799944501 
0.00050545561939317534 
0.00050529824183508424 
0.00050517316211623009 
0.00050507378621411343 
0.00050499485978693396 
0.00050493219715495527 
0.0005048824649436797 
0.00050484300937149581 
0.00050481171839299275 
0.00050478691168214472 
0.00050476725285183012 
0.00050475167943281221 
0.00050473934703444733 
0.00050472958482834058 
0.000504721860070076 
0.00050471574983349877 
0.00050471091849894575 
0.00050470709983056706 
0.00050470408271219129 
0.0005047016997992964 
0.00050469981849404083 
0.00050469833377072074 
0.00050469716247423168 
0.00050469623879089646 
0.00050469551065199193 
0.00050469493687895785 
0.00050469448491820583 
0.00050469412904445912 
0.00050469384893633753 
0.00050469362854732797 
0.00050469345521140987 
0.00050469331893473015 
0.00050469321183490787 
0.00050469312769729866 
0.00050469306162403515 
0.00050469300975652378 
0.00050469296905609952 
0.00050469293713068008 
0.00050469291209796091 
0.0005046928924773217 
0.00050469287710455191 
0.00050469286506459553 
0.00050469285563851246 
0.00050469284826165552 
0.00050469284249075397 
0.00050469283797789774 
0.00050469283445019443 
0.00050469283169365486 
0.00050469282954051739 
0.00050469282785935111 
0.00050469282654720508 
0.00050469282552346778 
0.00050469282472505653 
0.00050469282410261541 
0.00050469282361754531 
0.00050469282323967245 
0.00050469282294542952 
0.00050469282271638834 
0.00050469282253817055 
0.00050469282239954977 
0.00050469282229177726 
0.00050469282220801819 
0.0005046928221429356 
0.00050469282209239627 
0.00050469282205316236 
0.00050469282202271926 
0.00050469282199909623 
0.00050469282198079284 
0.00050469282196660237 
0.00050469282195560574 
0.00050469282194709367 
0.00050469282194050345 
0.00050469282193539328 
0.00050469282193144613 
0.00050469282192839324 
0.00050469282192603423 
0.00050469282192421841 
0.00050469282192280569 
0.00050469282192171184 
0.00050469282192086985 
0.0005046928219202202 
0.00050469282191972602 
0.00050469282191933592 
0.00050469282191904189 
0.00050469282191881691 
0.00050469282191863921 
0.00050469282191850813 
0.00050469282191839733 
0.00050469282191831113 
0.00050469282191824695 
0.00050469282191820477 
0.00050469282191816303 
0.00050469282191813343 
0.00050469282191810644 
0.00050469282191808464 
0.00050469282191807695 
0.00050469282191806697 
0.00050469282191806426 
0.00050469282191805927 
0.00050469282191805439 
0.00050469282191805439 
0.00050469282191805439 
0.00050469282191804724 
0.00050469282191803791 
0.00050469282191803791 
0.00050469282191803791 
0.00050469282191803791 
0.00050469282191803791 
0.00050469282191803791 
0.00050469282191803791 
0.00050469282191803791 
0.00050469282191803791 
0.00050469282191803791 
0.00050469282191803791 
0.00050469282191803791 
0.00050469282191803791 
0.00050469282191803791 
0.00050469282191803791 
0.00050469282191803791 
0.00050469282191803791 
0.00050469282191803791 
0.00050469282191803791 
0.00050469282191803791 
0.00050469282191803791 
0.00050469282191803791 
0.00050469282191803791 
0.00050469282191803791 
0.00050469282191803791 
0.00050469282191803791 
0.00050469282191803791 
0.00050469282191803791 
0.00050469282191803791 
0.00050469282191803791 
0.00050469282191803791 
0.00050469282191803791 
0.00050469282191803791 
0.00050469282191803791 
0.00050469282191803791 
0.00050469282191803791 
0.00050469282191803791 
0.00050469282191803791 
0.00050469282191803791 
0.00050469282191803791 
0.00050469282191803791 
0.00050469282191803791 
0.00050469282191803791 
0.00050469282191803791 
0.00050469282191803791 
0.00050469282191803791 
0.00050469282191803791 
0.00050469282191803791 
0.00050469282191803791 
0.00050469282191803791 
0.00050469282191803791 
0.00050469282191803791 
0.00050469282191803791 
0.00050469282191803791 
0.00050469282191803791 
0.00050469282191803791 
0.00050469282191803791 
0.00050469282191803791 
0.00050469282191803791 
0.00050469282191803791 
0.00050469282191803791 
0.00050469282191803791 
0.00050469282191803791 
0.00050469282191803791 
0.00049971256295578467 
0.00049668547010414731 
0.00049490300401500967 
0.00049235161237673995 
0.0004899033817485608 
0.00048811874495522262 
0.00048681193861696846 
0.00048585178238159 
0.00048196091094589513 
0.00047538512404120368 
0.00047071017596830985 
0.00046735521861187044 
0.00046735521861187044 
0.00046516239888883519 
0.00046239391366750772 
0.00046135620601575009 
0.00045909213248924698 
0.00045807261344248492 
0.00045807261344248492 
0.00045780500881482949 
0.00045668745447725493 
0.00045227763816650896 
0.00044716721908448319 
0.00044468983789503706 
0.00044356755516866372 
0.00044312411073189672 
0.00044144779117760626 
0.00043976881654809926 
0.00043343421704483752 
0.00042489153407695751 
0.00041942798654013642 
0.00041585431441043254 
0.00041346730896332329 
0.00041184283099046767 
0.00041071940829790681 
0.00040842350700563164 
0.00040378333674066688 
0.00040086457198370033 
0.00039914363082209386 
0.00039810781094701497 
0.00039344243683941694 
0.00038246894300941536 
0.00037511661734194985 
0.00037010222983804527 
0.00036663029056453457 
0.00036419633680486504 
0.00036387870528532937 
0.0003597386691054173 
0.00035697414094764134 
0.00035509417163858624 
0.00035379587810078155 
0.00035288793052908914 
0.0003522465999797548 
0.00035179008716808231 
0.00035146323026411609 
0.00035122819074797246 
0.00035105864386497269 
0.00035093606646611878 
0.00035084730917271851 
0.00035078297425027285 
0.00035073631133389902 
0.0003507024537513234 
0.00035067788358786854 
0.0003506600531763813 
0.00035064711518254036 
0.00035063772900111945 
0.00035063092128870531 
0.00035062598518126499 
0.00035062240730587683 
0.00035061981484115005 
0.00035061793708097657 
0.00035061657751087657 
0.00035061559351485226 
0.00035061488162557144 
0.00035061436680389223 
0.00035061399464800789 
0.00035061372573271703 
0.00035061353149757214 
0.000350613391261038 
0.00035061329005297139 
0.00035061321704181036 
0.00035061316439363618 
0.0003506131264449237 
0.00035061309910292118 
0.00035061307941123507 
0.00035061306523520575 
0.00035061305503414271 
0.00035061304769652105 
0.00035061304242076644 
0.00035061303862908517 
0.00035061303590514621 
0.00035061303394908535 
0.00035061303254502136 
0.00035061303153761041 
0.0003506130308150906 
0.0003506130302971192 
0.00035061302992594134 
0.00035061302966006981 
0.00035061302946970397 
0.00035061302933346106 
0.00035061302923598657 
0.00035061302916628576 
0.00035061302911645518 
0.00035061302908086353 
0.00035061302905544072 
0.0003506130290372927 
0.00035061302902434 
0.00035061302901510325 
0.00035061302900851526 
0.00035061302900382305 
0.00035061302900047943 
0.00035061302899809548 
0.00035061302899639816 
0.00035061302899519031 
0.00035061302899432858 
0.00035061302899372322 
0.00035061302899328894 
0.00035061302899298011 
0.00035061302899276224 
0.00035061302899260503 
0.00035061302899249341 
0.00035061302899241209 
0.00035061302899235691 
0.00035061302899231967 
0.00035061302899229755 
0.00035061302899227554 
0.00035061302899225624 
0.00035061302899224524 
0.00035061302899223835 
0.00035061302899223559 
0.00035061302899223141 
0.00035061302899222729 
0.00035061302899222729 
0.00035061302899222729 
0.00035061302899222729 
0.00035061302899222046 
0.00035061302899222046 
0.00035061302899222046 
0.00035061302899222046 
0.00035061302899222046 
0.00035061302899222046 
0.00035061302899222046 
0.00035061302899222046 
0.00035061302899222046 
0.00035061302899222046 
0.00035061302899222046 
0.00035061302899222046 
0.00035061302899222046 
0.00035061302899222046 
0.00035061302899222046 
0.00035061302899222046 
0.00035061302899222046 
0.00035061302899222046 
0.00035061302899222046 
0.00035061302899222046 
0.00035061302899222046 
0.00035061302899222046 
0.00035061302899222046 
0.00035061302899222046 
0.00035061302899222046 
0.00035061302899222046 
0.00035061302899222046 
0.00035061302899222046 
0.00035061302899222046 
0.00035061302899222046 
0.00035061302899222046 
0.00035061302899222046 
0.00035061302899222046 
0.00035061302899222046 
0.00035061302899222046 
0.00035061302899222046 
0.00035061302899222046 
0.00035061302899222046 
0.00035061302899222046 
0.00035061302899222046 
0.00035061302899222046 
0.00035061302899222046 
0.00035061302899222046 
0.00034729773309274308 
0.00034729773309274308 
0.00034729773309274308 
0.00034712459245562366 
0.00034712459245562366 
0.00034712459245562366 
0.00034712459245562366 
0.00034712459245562366 
0.00034712459245562366 
0.00034533161597562694 
0.00034322625981262239 
0.00034217867130003845 
0.00034164828778204836 
0.00034137369837138602 
0.00034122760176090797 
0.00034052613404540098 
0.00033983913059427957 
0.00033943255441116398 
0.00033918420797332657 
0.00033902828423240113 
0.00033892815416838846 
0.00033886270903591678 
0.00033881936325982464 
0.00033879037615467799 
0.00033879037615467799 
0.00033778830417040869 
0.00033723712520708195 
0.00033718406505507561 
0.00033682367595315292 
0.00033506919359355239 
0.00033387379648518363 
0.00033305905825408192 
0.00033250371429502959 
0.0003321252090296122 
0.00033186728125915129 
0.00033169156719153512 
0.00033157190034131616 
0.00033149043289792387 
0.0003314349925108209 
0.00033139727935740406 
0.00033137163577380639 
0.00033135420645885485 
0.00033135420645885485 
0.00033135420645885485 
0.00033135420645885485 
0.00033114467962034119 
0.0003307037004091653 
0.0003305569166301641 
0.00033052733706761216 
0.00033052733706761216 
0.00033052733706761216 
0.00033052733706761216 
0.00033052733706761216 
0.00033052733706761216 
0.00033052733706761216 
0.00033052733706761216 
0.00033052733706761216 
0.00033052733706761216 
0.00033052732610434698 
0.00033052732610434698 
0.00033052732610434698 
0.00033052732610434698 
0.00033052732610434698 
0.00033052732610434698 
0.00033052732560849275 
0.00033052732137022693 
0.00033052732137022693 
0.00033052732137022693 
0.00033052732137022693 
0.00033052732084212967 
0.00033052732084212967 
0.00033052732084212967 
0.00033052732084212967 
0.00033052732084212967 
0.00033052732084212967 
0.00033052732084212967 
0.00033052732084212967 
0.00033052732084212967 
0.00033052732084212967 
0.00033052732084212967 
0.00033052732084212967 
0.00033052732084212967 
0.00033052732084120229 
0.00033052732084120229 
0.00033052732084120229 
0.00033052732084120229 
0.00033052732084120229 
0.00033052732084120229 
0.00033052732084120229 
0.0003305273208411702 
0.0003305273208411702 
0.0003305273208411702 
0.0003305273208411702 
0.0003305273208411702 
0.0003305273208411702 
0.0003305273208411702 
0.0003305273208411702 
0.0003305273208411702 
0.0003305273208411702 
0.0003305273208411695 
0.0003305273208411695 
0.0003305273208411695 
0.0003305273208411695 
0.0003305273208411695 
0.0003305273208411695 
0.00033052732084116906 
0.00033052732084116906 
0.00033052732084116906 
0.00033052732084116906 
0.00033052732084116901 
0.00033052732084116901 
0.00033052732084116901 
0.00033052732084116831 
0.00033052732084116831 
0.00033052732084116831 
0.00033052732084116831 
0.00033052732084116809 
0.00033052732084116717 
0.00033052732084116711 
0.00033052732084116625 
0.00033052732084116554 
0.00033052732084116527 
0.00033052732084116527 
0.00033052732084116516 
0.00033052732084116516 
0.00032964621308717644 
0.00032654335178960525 
0.00032463339681283959 
0.00032343589594118676 
0.00032343589594118676 
0.00032343589594118676 
0.00032343589594118676 
0.00032305971930856811 
0.00032253531631932494 
0.00032219779355685069 
0.00032197971592914904 
0.00032183847512056373 
0.00032174686836261964 
0.00032168740740767549 
0.00032164879849361049 
