0.92704642084979227 
0.92704642084979227 
0.28576180725504619 
0.28576180725504619 
0.28576180725504619 
0.28576180725504619 
0.17616238216176211 
0.12901191074520393 
0.12901191074520393 
0.12901191074520393 
0.12900533075447893 
0.12895627699485682 
0.12895627699485682 
0.12895627699485682 
0.12895627699485682 
0.12671826214187637 
0.12671826214187637 
0.12671826214187637 
0.12671826214187637 
0.12671826214187637 
0.12671826214187637 
0.12671826214187637 
0.12671826214187637 
0.12671826214187637 
0.12671826214187637 
0.12632908183326405 
0.12632908183326405 
0.12632908183326405 
0.12632908183326405 
0.12632908183326405 
0.12592130837821108 
0.12592130837821108 
0.12592130837821108 
0.12592130837821108 
0.12531920036156544 
0.10703959737509679 
0.10703959737509679 
0.10703959737509679 
0.095485021108866849 
0.093422611265515085 
0.093422611265515085 
0.093422611265515085 
0.093422611265515085 
0.093422611265515085 
0.093422611265515085 
0.093422611265515085 
0.093422611265515085 
0.093422611265515085 
0.093422611265515085 
0.093422611265515085 
0.093422611265515085 
0.093422611265515085 
0.093422611265515085 
0.093422611265515085 
0.093422611265515085 
0.093422611265515085 
0.093422611265515085 
0.093422611265515085 
0.093422611265515085 
0.093422611265515085 
0.093422611265515085 
0.093422611265515085 
0.093422611265515085 
0.093422611265515085 
0.093417226588571683 
0.092691996671109209 
0.092691996671109209 
0.09238438750906619 
0.091175697760522104 
0.090144426648459827 
0.089267959360305793 
0.088526149585536881 
0.087901117960533584 
0.087377053177976158 
0.086940019479461478 
0.086577773144111983 
0.086279589703977214 
0.086036102923179467 
0.085839156040360923 
0.085681665365428122 
0.085557496018092594 
0.085461349377003087 
0.085388661657263179 
0.085335512936548064 
0.085298545894025149 
0.085274893502132423 
0.085262114911050027 
0.085258138783027154 
0.085258138783027154 
0.085258138783027154 
0.085258138783027154 
0.083873164531921479 
0.083873164531921479 
0.083873164531921479 
0.083873164531921479 
0.083873164531921479 
0.083873164531921479 
0.083828369807505396 
0.083778445178838409 
0.083778445178838409 
0.083778445178838409 
0.083778445178838409 
0.083778445178838409 
0.083778445178838409 
0.083778445178838409 
0.083778445178838409 
0.083778445178838409 
0.083778445178838409 
0.083778445178838409 
0.083778445178838409 
0.083778445178838409 
0.083778445178838409 
0.083778445178838409 
0.083778445178838409 
0.083778445178838409 
0.083778445178838409 
0.083778445178838409 
0.083778445178838409 
0.083428711686474963 
0.083428711686474963 
0.083380949573276769 
0.083252768538825267 
0.083202698416741244 
0.083202698416741244 
0.083202698416741244 
0.083201155312548417 
0.083201155312548417 
0.083201155312548417 
0.083198933429791608 
0.083029352583667976 
0.083029352583667976 
0.082902089398540019 
0.082893850054087448 
0.082888580843316434 
0.082772871332507977 
0.082604697233509883 
0.082469303579039213 
0.082338311078204884 
0.08219358670231483 
0.082036328735252101 
0.081619543093159247 
0.081294050833916318 
0.081042041272726115 
0.080848970382354876 
0.080520387045289979 
0.080030126762522621 
0.07935928714485109 
0.079043048968242963 
0.078717366200345154 
0.078170120390202699 
0.07780787350867456 
0.077527138243301374 
0.077322026101166605 
0.07700355220403475 
0.076619477422311941 
0.07627904367334247 
0.075747502377792472 
0.075164808744140457 
0.074714609921298761 
0.074369925054585451 
0.07410895731964616 
0.07375801915366248 
0.073268073382745463 
0.07287552549412496 
0.072561288860964648 
0.072168927635322441 
0.071753242206147247 
0.07138001875114422 
0.07104487685955202 
0.070485532329583669 
0.069838564811943948 
0.06926200829866215 
0.068748068645578961 
0.068289825093639539 
0.067881134739721849 
0.067412639076204137 
0.066873404631909342 
0.066399808605625235 
0.065968226185455198 
0.065566659571202918 
0.065225050405370813 
0.064933870558338561 
0.064560175654346019 
0.064235375619674337 
0.063938480282025908 
0.063665528128544327 
0.063377584356245048 
0.063115743800962007 
0.062882322189512882 
0.062674226935766825 
0.06242090518963337 
0.062182264858105456 
0.06197022438260516 
0.061781789934056974 
0.061600626700652049 
0.061400003444443269 
0.061221713130612553 
0.061054851548198209 
0.060892602479668406 
0.060743620236708165 
0.060590595727125371 
0.060455995340817859 
0.060337463619493346 
0.060223517838841022 
0.060093528183082605 
0.059978199726191138 
0.059875863858579424 
0.059785045091318559 
0.059704437639005896 
0.059610924123364099 
0.059527662574353657 
0.059452060433408054 
0.059380792298954037 
0.059308079632428762 
0.059243737606420446 
0.059186779856265498 
0.059136339154879668 
0.059079979596627419 
0.059024366732639943 
0.058974762463774949 
0.058930788736517199 
0.058891800753172345 
0.058854899261495119 
0.058814583518948249 
0.058778877172503768 
0.058746167970807443 
0.058713934178324649 
0.058683463306228839 
0.05865648377803738 
0.058632581529555604 
0.058610538427804462 
0.05858496780450128 
0.058561754131122384 
0.058541126963177842 
0.058522837313003326 
0.058506608646579319 
0.0584897407992458 
0.058473026610000332 
0.05845820725090093 
0.058444305913499604 
0.058430327610402968 
0.05841774620746884 
0.058406560507797835 
0.058396602130199822 
0.058386295579156963 
0.058375584652607483 
0.058365896601615223 
0.058357264993005004 
0.058349561178343959 
0.058342671967904568 
0.05833487431490475 
0.058327867517200642 
0.05832149217168791 
0.058315328350290775 
0.058309295175271947 
0.058303878337715123 
0.058299001543777387 
0.058294597847022456 
0.058289645754970712 
0.058284936221278505 
0.058280669878315178 
0.058276805560905733 
0.058273292896970329 
0.05826981314732721 
0.058266240271276151 
0.058262985510949598 
0.058259900095242394 
0.058256860841538846 
0.058253968814965411 
0.058251309351673067 
0.05824885296400744 
0.058246468139737162 
0.058243907416686606 
0.058241516780332646 
0.058239297748485123 
0.058237228392552 
0.05823528959508241 
0.058233256736981424 
0.058231304593901217 
0.058229460735475393 
0.058227669738844315 
0.058225877799571897 
0.0582241794959871 
0.05822256645559571 
0.058221027772398785 
0.058219451353851419 
0.05821787198467613 
0.0582163625408776 
0.058214915838359395 
0.058213523853153759 
0.058212155818884843 
0.058210761904497851 
0.058209417080855239 
0.058208101426863029 
0.058206802226689329 
0.058205515549072356 
0.058204265004464802 
0.058203046057852627 
0.058201854783909664 
0.058200627912755432 
0.058199427619068336 
0.05819825381773551 
0.058197103243877439 
0.058195973076429194 
0.058194837709006728 
0.058193710521988608 
0.058192601625314824 
0.058191500837787395 
0.058190405718681629 
0.058189321840580295 
0.058188251898372782 
0.05818719431978929 
0.058186139204855283 
0.058185081195788198 
0.058184034986392449 
0.058182999406723494 
0.058181973327784589 
0.05818095450348227 
0.05817993311389312 
0.058178920379577961 
0.058177913975659683 
0.058176912798945803 
0.058175914239907291 
0.058174922572463941 
0.058173937177331818 
0.058172957522133598 
0.058171977248332403 
0.058171000984788966 
0.058170030280905879 
0.058169064696841334 
0.058168103854753239 
0.058167145191023825 
0.058166189221528254 
0.058165237703930076 
0.058164289406307586 
0.058163344272499168 
0.058162402268249251 
0.058161464118218154 
0.058160529614000117 
0.05815959810295878 
0.058158667934937382 
0.058157741319118522 
0.058156818084099109 
0.058155898082374653 
0.058154981186833918 
0.05815406603257995 
0.058153153949946593 
0.058152244723963055 
0.05815133818525698 
0.05815043405287848 
0.058149532697076428 
0.058148634116534946 
0.058147738239799775 
0.058146844510979956 
0.058145953129314004 
0.058145064402801087 
0.058144178271773643 
0.058143294684179461 
0.058142413408158532 
0.05814153439068212 
0.05814065785661536 
0.058139783673340183 
0.05813891184276665 
0.058138042289784635 
0.05813717512049444 
0.058136310303376508 
0.058135447807461729 
0.058134587369450985 
0.058133729246976143 
0.058132873413225039 
0.058132019844156939 
0.05813116851808009 
0.058130319304925578 
0.058129472300273287 
0.058128627492296317 
0.058127784847626936 
0.05812694434554487 
0.058126105992992547 
0.058125269793092328 
0.058124435730598369 
0.058123603756912619 
0.058122773858154349 
0.058121946068258115 
0.05812112037347604 
0.058120296760918011 
0.058119475205233376 
0.058118655685877131 
0.058117838219913766 
0.058117022788106196 
0.05811620938428802 
0.058115397988921097 
0.058114588607503972 
0.058113781229638978 
0.058112975845321761 
0.058112172426242933 
0.058111370982035691 
0.058110571506299474 
0.058109773989606199 
0.058108978422802673 
0.05810818478845925 
0.058107393085633043 
0.058106603307605087 
0.058105815443716832 
0.058105029486428289 
0.058104245427680189 
0.058103463261710668 
0.058102682980313021 
0.058101904573502811 
0.05810112803143673 
0.058100353351091635 
0.058099580524562183 
0.058098809544060888 
0.058098040401127517 
0.058097273086883727 
0.058096507596390311 
0.058095743921576827 
0.058094982055335254 
0.058094221989659085 
0.058093463718341197 
0.058092707234269583 
0.058091952530249485 
0.058091199597934115 
0.058090448431263708 
0.058089699023688136 
0.058088951368204765 
0.058088205457869344 
0.058087461285218252 
0.058086718843862496 
0.058085978127249104 
0.058085239128408038 
0.058084501840785695 
0.058083766257613842 
0.058083032372511077 
0.058082300178882627 
0.058081569670101661 
0.058080840839398754 
0.058080113680719754 
0.058079388187624287 
0.058078664353713373 
0.05807794217259156 
0.058077221637811337 
0.058076502743290813 
0.058075785482743572 
0.058075069849966361 
0.058074355838756017 
0.058073643443018061 
0.058072932656668109 
0.058072223473630606 
0.058071515887796958 
0.058070809893199654 
0.058070105483912962 
0.05806940265399408 
0.05806870139753352 
0.058068001708620982 
0.058067303581433666 
0.058066607010180758 
0.058065911989064724 
0.058065218512350039 
0.058064526574304651 
0.058063836169260086 
0.058063147291557912 
0.058062459935569119 
0.058061774095672078 
0.05806108976632892 
0.058060406942000618 
0.058059725617177663 
0.058059045786378605 
0.058058367444142306 
0.058057690585059829 
0.058057015203735053 
0.058056341294801819 
0.058055668852922161 
0.058054997872787381 
0.058054328349117501 
0.058053660276657565 
0.058052993650176792 
0.058052328464475306 
0.05805166471438325 
0.05805100239475347 
0.058050341500465522 
0.058049682026423549 
0.058049023967560349 
0.058048367318835468 
0.058047712075231808 
0.058047058231759645 
0.058046405783452833 
0.058045754725372843 
0.058045105052604851 
0.05804445676025892 
0.058043809843468838 
0.058043164297395464 
0.058042520117222905 
0.058041877298159412 
0.058041235835437258 
0.058040595724312138 
0.058039956960064872 
0.058039319537999186 
0.058038683453442118 
0.058038048701744401 
0.058037415278279589 
0.05803678317844458 
0.05803615239765901 
0.058035522931365074 
0.058034894775027622 
0.058034267924134145 
0.058033642374194262 
0.05803301812073975 
0.058032395159324235 
0.058031773485523214 
0.058031153094934111 
0.0580305339831758 
0.058029916145888566 
0.058029299578734039 
0.058028684277394785 
0.058028070237574822 
0.058027457454998647 
0.058026845925411658 
0.058026235644579968 
0.058025626608290061 
0.058025018812348859 
0.058024412252583431 
0.058023806924841027 
0.058023202824988865 
0.058022599948913997 
0.058021998292523191 
0.058021397851742824 
0.058020798622518861 
0.058020200600816335 
0.058019603782619895 
0.058019008163933024 
0.058018413740778332 
0.058017820509197321 
0.058017228465250099 
0.058016637605015686 
0.0580160479245913 
0.058015459420092862 
0.058014872087654455 
0.058014285923428471 
0.058013700923585203 
0.058013117084313039 
0.058012534401818139 
0.058011952872324475 
0.05801137249207363 
0.058010793257324722 
0.058010215164354346 
0.058009638209456219 
0.058009062388941511 
0.058008487699138439 
0.058007914136392107 
0.058007341697064542 
0.058006770377534704 
0.058006200174198101 
0.058005631083466951 
0.058005063101769797 
0.058004496225551844 
0.058003930451274367 
0.0580033657754149 
0.058002802194467164 
0.058002239704940672 
0.058001678303361115 
0.0580011179862698 
0.058000558750223925 
0.058000000591796178 
0.057999443507574772 
0.05799888749416348 
0.057998332548181306 
0.057997778666262642 
0.057997225845056961 
0.057996674081228813 
0.05799612337145775 
0.057995573712438207 
0.057995025100879588 
0.057994477533505846 
0.057993931007055584 
0.05799338551828212 
0.057992841063953034 
0.057992297640850531 
0.057991755245770889 
0.057991213875524708 
0.057990673526936806 
0.057990134196845934 
0.057989595882104866 
0.057989058579580303 
0.057988522286152686 
0.057987986998716254 
0.057987452714178885 
0.057986919429461999 
0.057986387141500589 
0.057985855847243029 
0.05798532554365101 
0.057984796227699489 
0.057984267896376722 
0.057983740546683975 
0.057983214175635601 
0.057982688780258855 
0.057982164357593964 
0.057981640904694036 
0.05798111841862473 
0.057980596896464551 
0.05798007633530454 
0.057979556732248333 
0.057979038084411905 
0.057978520388923808 
0.057978003642924755 
0.057977487843567772 
0.0579769729880181 
0.057976459073453078 
0.057975946097062074 
0.057975434056046514 
0.057974922947619571 
0.057974412769006514 
0.057973903517444157 
0.057973395190181166 
0.057972887784477865 
0.057972381297606131 
0.057971875726849337 
0.057971371069502377 
0.057970867322871537 
0.057970364484274339 
0.05796986255103978 
0.057969361520507939 
0.057968861390029935 
0.057968362156968184 
0.057967863818696057 
0.057967366372597813 
0.057966869816068779 
0.057966374146514982 
0.057965879361353272 
0.057965385458011255 
0.057964892433927273 
0.057964400286550116 
0.057963909013339365 
0.057963418611764822 
0.057962929079306995 
0.057962440413456613 
0.05796195261171478 
0.057961465671592875 
0.057960979590612589 
0.057960494366305633 
0.05796000999621384 
0.057959526477889274 
0.057959043808893808 
0.057958561986799349 
0.057958081009187659 
0.057957600873650421 
0.057957121577789102 
0.057956643119214779 
0.05795616549554837 
0.057955688704420374 
0.057955212743470888 
0.057954737610349492 
0.057954263302715324 
0.057953789818236852 
0.057953317154592073 
0.057952845309468287 
0.05795237428056188 
0.057951904065578826 
0.057951434662234014 
0.057950966068251494 
0.057950498281364587 
0.057950031299315571 
0.057949565119855571 
0.057949099740744935 
0.05794863515975273 
0.057948171374656882 
0.057947708383244298 
0.057947246183310451 
0.057946784772659708 
0.057946324149104937 
0.057945864310467769 
0.057945405254578419 
0.057944946979275574 
0.057944489482406498 
0.057944032761826865 
0.057943576815400751 
0.057943121641000697 
0.057942667236507428 
0.05794221359981009 
0.057941760728805941 
0.057941308621400622 
0.057940857275507691 
0.057940406689049012 
0.057939956859954497 
0.057939507786162019 
0.057939059465617546 
0.057938611896274882 
0.057938165076095796 
0.057937719003050038 
0.05793727367511501 
0.057936829090275976 
0.057936385246526098 
0.057935942141866072 
0.057935499774304254 
0.057935058141856843 
0.057934617242547441 
0.057934177074407338 
0.057933737635475234 
0.057933298923797477 
0.057932860937427659 
0.057932423674426969 
0.057931987132863912 
0.057931551310814275 
0.057931116206361211 
0.057930681817595121 
0.05793024814261373 
0.057929815179521768 
0.057929382926431246 
0.057928951381461376 
0.057928520542738254 
0.057928090408395125 
0.057927660976572419 
0.057927232245417321 
0.05792680421308409 
0.057926376877733797 
0.057925950237534579 
0.057925524290661203 
0.057925099035295406 
0.057924674469625737 
0.057924250591847318 
0.057923827400162088 
0.057923404892778786 
0.057922983067912652 
0.057922561923785615 
0.05792214145862605 
0.057921721670669182 
0.057921302558156446 
0.057920884119335936 
0.057920466352462306 
0.057920049255796358 
0.057919632827605538 
0.057919217066163577 
0.057918801969750543 
0.057918387536652877 
0.057917973765163125 
0.057917560653580301 
0.057917148200209462 
0.057916736403361951 
0.057916325261355261 
0.057915914772512962 
0.057915504935164841 
0.057915095747646618 
0.057914687208300134 
0.057914279315473161 
0.057913872067519676 
0.057913465462799296 
0.057913059499677885 
0.057912654176526988 
0.057912249491724105 
0.057911845443652549 
0.057911442030701497 
0.057911039251265908 
0.057910637103746533 
0.057910235586549785 
0.057909834698087768 
0.057909434436778463 
0.057909034801045242 
0.057908635789317313 
0.057908237400029455 
0.057907839631621896 
0.057907442482540532 
0.057907045951236885 
0.057906650036167677 
0.057906254735795387 
0.057905860048587852 
0.057905465973018329 
0.057905072507565415 
0.057904679650713185 
0.057904287400951042 
0.057903895756773648 
0.057903504716681042 
0.057903114279178512 
0.05790272444277663 
0.057902335205991154 
0.057901946567343057 
0.057901558525358443 
0.057901171078568771 
0.057900784225510371 
0.057900397964724772 
0.057900012294758774 
0.057899627214163973 
0.057899242721497234 
0.057898858815320184 
0.057898475494199693 
0.057898092756707507 
0.05789771060142037 
0.057897329026919742 
0.057896948031792336 
0.057896567614629475 
0.057896187774027427 
0.05789580850858736 
0.057895429816915193 
0.057895051697621658 
0.057894674149322291 
0.057894297170637321 
0.057893920760191731 
0.057893544916615275 
0.057893169638542352 
0.057892794924611954 
0.057892420773467922 
0.05789204718375849 
0.05789167415413668 
0.057891301683259989 
0.0578909297697906 
0.057890558412395023 
0.057890187609744612 
0.057889817360514927 
0.057889447663386218 
0.057889078517043065 
0.057888709920174655 
0.057888341871474368 
0.057887974369640195 
0.05788760741337453 
0.057887241001383927 
0.057886875132379507 
0.057886509805076543 
0.057886145018194744 
0.057885780770458119 
0.057885417060594933 
0.057885053887337584 
0.057884691249422887 
0.057884329145591717 
0.057883967574589336 
0.057883606535165034 
0.057883246026072324 
0.057882886046068782 
0.057882526593916302 
0.057882167668380703 
0.057881809268231978 
0.057881451392244161 
0.057881094039195405 
0.057880737207867794 
0.057880380897047584 
0.057880025105524882 
0.057879669832093923 
0.057879315075552794 
0.057878960834703598 
0.057878607108352367 
0.057878253895309012 
0.057877901194387502 
0.057877549004405442 
0.057877197324184504 
0.0578768461525501 
0.057876495488331597 
0.057876145330362068 
0.057875795677478463 
0.057875446528521481 
0.057875097882335642 
0.057874749737769078 
0.057874402093673886 
0.057874054948905768 
0.057873708302324071 
0.057873362152791881 
0.057873016499176061 
0.057872671340347001 
0.057872326675178887 
0.05787198250254931 
0.057871638821339715 
0.057871295630435013 
0.057870952928723719 
0.057870610715097935 
0.057870268988453384 
0.057869927747689141 
0.057869586991707966 
0.057869246719416172 
0.057868906929723421 
0.057868567621542896 
0.057868228793791401 
0.057867890445388939 
0.057867552575259107 
0.057867215182329006 
0.057866878265528936 
0.057866541823792722 
0.05786620585605759 
0.05786587036126413 
0.057865535338356179 
0.057865200786281004 
0.057864866703989187 
0.057864533090434683 
0.057864199944574597 
0.057863867265369504 
0.057863535051783037 
0.057863203302782315 
0.057862872017337572 
0.05786254119442226 
0.057862210833013107 
0.057861880932090076 
0.057861551490636209 
0.057861222507637845 
0.057860893982084417 
0.057860565912968606 
0.057860238299286028 
0.057859911140035719 
0.057859584434219569 
0.057859258180842747 
0.057858932378913493 
0.057858607027442908 
0.057858282125445464 
0.057857957671938597 
0.057857633665942612 
0.057857310106481083 
0.057856986992580461 
0.057856664323270184 
0.057856342097582752 
0.057856020314553724 
0.057855698973221389 
0.057855378072627216 
0.05785505761181544 
0.057854737589833491 
0.057854418005731413 
0.057854098858562408 
0.057853780147382336 
0.057853461871250227 
0.05785314402922781 
0.057852826620379591 
0.057852509643773205 
0.057852193098478853 
0.057851876983569694 
0.057851561298121752 
0.057851246041213736 
0.057850931211927289 
0.05785061680934666 
0.057850302832559056 
0.057849989280654365 
0.057849676152725259 
0.057849363447867029 
0.057849051165177912 
0.057848739303758598 
0.057848427862712805 
0.057848116841146657 
0.05784780623816918 
0.057847496052891856 
0.057847186284429156 
0.057846876931897856 
0.057846567994417598 
0.057846259471110641 
0.05784595136110178 
0.057845643663518569 
0.057845336377490938 
0.057845029502151632 
0.057844723036635924 
0.057844416980081595 
0.057844111331629075 
0.057843806090421321 
0.057843501255603773 
0.057843196826324508 
0.057842892801734047 
0.05784258918098549 
0.057842285963234402 
0.057841983147638873 
0.057841680733359456 
0.05784137871955921 
0.057841077105403614 
0.057840775890060675 
0.057840475072700841 
0.057840174652496849 
0.057839874628624076 
0.057839575000260254 
0.057839275766585506 
0.057838976926782262 
0.057838678480035578 
0.057838380425532611 
0.05783808276246321 
0.057837785490019292 
0.057837488607395314 
0.057837192113787982 
0.057836896008396498 
0.057836600290422216 
0.057836304959068843 
0.057836010013542542 
0.057835715453051585 
0.057835421276806742 
0.057835127484020837 
0.057834834073909186 
0.057834541045689213 
0.057834248398580757 
0.057833956131805822 
0.057833664244588599 
0.05783337273615563 
0.057833081605735637 
0.057832790852559539 
0.05783250047586052 
0.057832210474873871 
0.057831920848837204 
0.057831631596990271 
0.05783134271857493 
0.057831054212835298 
0.057830766079017625 
0.057830478316370233 
0.057830190924143779 
0.057829903901590922 
0.057829617247966508 
0.057829330962527348 
0.057829045044532595 
0.057828759493243412 
0.057828474307923032 
0.057828189487836787 
0.057827905032252144 
0.057827620940438557 
0.057827337211667697 
0.057827053845213104 
