0.95872833292129933 
0.797949340765156 
0.797949340765156 
0.0049300004333184821 
0.0049300004333184821 
0.0049300004333184821 
0.0049300004333184821 
0.0049300004333184821 
0.0049300004333184821 
0.0049300004333184821 
0.0049300004333184821 
0.0049300004333184821 
0.0049300004333184821 
0.0049300004333184821 
0.0049300004333184821 
0.0049300004333184821 
0.0049300004333184821 
0.0049300004333184821 
0.0049300004333184821 
0.0049300004333184821 
0.0049300004333184821 
0.0049300004333184821 
0.0049300004333184821 
0.0049300004333184821 
0.0049300004333184821 
0.0049300004333184821 
0.0049300004333184821 
0.0049300004333184821 
0.0049300004333184821 
0.0049300004333184821 
0.0049300004333184821 
0.0049300004333184821 
0.0049300004333184821 
0.0049300004333184821 
0.0018120581253073809 
0.0018120581253073809 
0.0018120581253073809 
0.0018120581253073809 
0.0018120581253073809 
0.0018120581253073809 
0.0018120581253073809 
0.0018120581253073809 
0.0018120581253073809 
0.0018120581253073809 
0.0018120581253073809 
0.0018120581253073809 
0.0016227568884955579 
0.0016227568884955579 
0.0016227568884955579 
0.0016227568884955579 
0.0016227568884955579 
0.0016227568884955579 
1.6835161431583145e-07 
1.6835161431583145e-07 
1.6835161431583145e-07 
1.6835161431583145e-07 
1.6835161431583145e-07 
1.6835161431583145e-07 
1.6835161431583145e-07 
1.6835161431583145e-07 
1.6835161431583145e-07 
1.6835161431583145e-07 
1.6835161431583145e-07 
1.6835161431583145e-07 
1.6835161431583145e-07 
1.6835161431583145e-07 
1.6835161431583145e-07 
1.6835161431583145e-07 
1.6835161431583145e-07 
1.6835161431583145e-07 
1.6835161431583145e-07 
1.6835161431583145e-07 
1.6835161431583145e-07 
1.6835161431583145e-07 
1.6835161431583145e-07 
1.6835161431583145e-07 
1.6835161431583145e-07 
1.6835161431583145e-07 
1.6835161431583145e-07 
1.6835161431583145e-07 
1.6835161431583145e-07 
1.6835161431583145e-07 
1.6835161431583145e-07 
1.6835161431583145e-07 
1.6835161431583145e-07 
1.6835161431583145e-07 
1.6835161431583145e-07 
1.6835161431583145e-07 
1.6835161431583145e-07 
1.6835161431583145e-07 
1.6835161431583145e-07 
1.6835161431583145e-07 
1.6835161431583145e-07 
1.6835161431583145e-07 
1.6835161431583145e-07 
1.6835161431583145e-07 
1.6835161431583145e-07 
1.6835161431583145e-07 
1.6835161431583145e-07 
1.6835161431583145e-07 
1.6835161431583145e-07 
1.6835161431583145e-07 
1.6835161431583145e-07 
1.6835161431583145e-07 
1.6835161431583145e-07 
1.6835161431583145e-07 
1.6835161431583145e-07 
1.6835161431583145e-07 
1.6835161431583145e-07 
1.6835161431583145e-07 
1.6835161431583145e-07 
1.6835161431583145e-07 
1.6835161431583145e-07 
1.6835161431583145e-07 
1.6835161431583145e-07 
1.6835161431583145e-07 
1.6835161431583145e-07 
1.6835161431583145e-07 
1.6835161431583145e-07 
1.6835161431583145e-07 
1.6835161431583145e-07 
1.6835161431583145e-07 
1.6835161431583145e-07 
1.6835161431583145e-07 
1.6835161431583145e-07 
1.6835161431583145e-07 
1.6835161431583145e-07 
1.6835161431583145e-07 
1.6835161431583145e-07 
1.6835161431583145e-07 
1.6835161431583145e-07 
1.6835161431583145e-07 
1.6835161431583145e-07 
1.6835161431583145e-07 
6.3469337896471245e-08 
6.3469337896471245e-08 
6.3469337896471245e-08 
6.3469337896471245e-08 
6.3469337896471245e-08 
6.3469337896471245e-08 
6.3469337896471245e-08 
6.3469337896471245e-08 
6.3469337896471245e-08 
6.3469337896471245e-08 
6.3469337896471245e-08 
6.3469337896471245e-08 
6.3469337896471245e-08 
6.3469337896471245e-08 
6.3469337896471245e-08 
6.3469337896471245e-08 
6.3469337896471245e-08 
6.3469337896471245e-08 
6.3469337896471245e-08 
6.3469337896471245e-08 
6.3469337896471245e-08 
6.3469337896471245e-08 
6.3469337896471245e-08 
6.3469337896471245e-08 
6.3469337896471245e-08 
6.3469337896471245e-08 
6.3469337896471245e-08 
6.3469337896471245e-08 
6.3469337896471245e-08 
6.3469337896471245e-08 
6.3469337896471245e-08 
6.3469337896471245e-08 
6.3469337896471245e-08 
6.3469337896471245e-08 
6.3469337896471245e-08 
6.3469337896471245e-08 
6.3469337896471245e-08 
6.3469337896471245e-08 
6.3469337896471245e-08 
6.3469337896471245e-08 
6.3469337896471245e-08 
6.3469337896471245e-08 
6.3469337896471245e-08 
6.3469337896471245e-08 
6.3469337896471245e-08 
6.3469337896471245e-08 
6.3469337896471245e-08 
6.3469337896471245e-08 
6.3469337896471245e-08 
6.3469337896471245e-08 
6.3469337896471245e-08 
6.3469337896471245e-08 
6.3469337896471245e-08 
6.3469337896471245e-08 
6.3469337896471245e-08 
6.3469337896471245e-08 
2.6430757471551658e-08 
2.6430757471551658e-08 
2.6430757471551658e-08 
2.6430757471551658e-08 
2.6430757471551658e-08 
2.6430757471551658e-08 
2.6430757471551658e-08 
2.6430757471551658e-08 
2.6430757471551658e-08 
2.6430757471551658e-08 
2.6430757471551658e-08 
2.6430757471551658e-08 
2.6430757471551658e-08 
2.6430757471551658e-08 
2.6430757471551658e-08 
2.6430757471551658e-08 
2.6430757471551658e-08 
2.6430757471551658e-08 
2.6430757471551658e-08 
2.6430757471551658e-08 
2.6430757471551658e-08 
2.6430757471551658e-08 
2.6430757471551658e-08 
2.6430757471551658e-08 
2.6430757471551658e-08 
2.6430757471551658e-08 
2.6430757471551658e-08 
2.6430757471551658e-08 
2.6430757471551658e-08 
2.6430757471551658e-08 
2.6430757471551658e-08 
2.6430757471551658e-08 
2.6430757471551658e-08 
2.6430757471551658e-08 
2.6430757471551658e-08 
2.6430757471551658e-08 
2.6430757471551658e-08 
2.6430757471551658e-08 
2.6430757471551658e-08 
2.6430757471551658e-08 
2.6430757471551658e-08 
2.6430757471551658e-08 
2.6430757471551658e-08 
2.6223513915901719e-08 
2.6223513915901719e-08 
2.6223513915901719e-08 
2.6223513915901719e-08 
2.6164581279353172e-08 
2.6164581279353172e-08 
2.6164581279353172e-08 
2.6164581279353172e-08 
2.615969851849087e-08 
2.615969851849087e-08 
2.615969851849087e-08 
2.615969851849087e-08 
2.6126177554708363e-08 
2.6126177554708363e-08 
2.6126177554708363e-08 
2.6126177554708363e-08 
2.6126177554708363e-08 
2.6126177554708363e-08 
2.6126177554708363e-08 
2.6116943163678741e-08 
2.6116943163678741e-08 
2.6116943163678741e-08 
2.6116943163678741e-08 
2.6101364514197201e-08 
2.6101364514197201e-08 
2.6101364514197201e-08 
2.6101364514197201e-08 
2.6101364514197201e-08 
2.6101364514197201e-08 
2.6101364514197201e-08 
2.609969906863796e-08 
2.609969906863796e-08 
2.609969906863796e-08 
2.609969906863796e-08 
2.6098521677120345e-08 
2.6098521677120345e-08 
2.6098521677120345e-08 
2.6098521677120345e-08 
2.6097703664795802e-08 
2.6097703664795802e-08 
2.6097703664795802e-08 
2.6097703664795802e-08 
2.6097185190643302e-08 
2.6097185190643302e-08 
2.6097185190643302e-08 
2.6097185190643302e-08 
2.6096822702825762e-08 
2.6096822702825762e-08 
2.6096822702825762e-08 
2.6096822702825762e-08 
2.6096600880265441e-08 
2.6096600880265441e-08 
2.6096600880265441e-08 
2.6096600880265441e-08 
2.6096443672685155e-08 
2.6096443672685155e-08 
2.6096443672685155e-08 
2.6096443672685155e-08 
2.6096352190307925e-08 
2.6096352190307925e-08 
2.6096352190307925e-08 
2.6096352190307925e-08 
2.6096284799770331e-08 
2.6096284799770331e-08 
2.6096284799770331e-08 
2.6096284799770331e-08 
2.6096248606499728e-08 
2.6096248606499728e-08 
2.6096248606499728e-08 
2.6096248606499728e-08 
2.6096220184790297e-08 
2.6096220184790297e-08 
2.6096220184790297e-08 
2.6096220184790297e-08 
2.6096206640069397e-08 
2.6096206640069397e-08 
2.6096206640069397e-08 
2.6096206640069397e-08 
2.6096194538638429e-08 
2.6096194538638429e-08 
2.6096194538638429e-08 
2.6096194538638429e-08 
2.609618965365712e-08 
2.609618965365712e-08 
2.609618965365712e-08 
2.609618965365712e-08 
2.6096184657653509e-08 
2.6096184657653509e-08 
2.6096184657653509e-08 
2.6096184657653509e-08 
2.6096183214363577e-08 
2.6096183214363577e-08 
2.6096183214363577e-08 
2.6096183214363577e-08 
2.6096181104939831e-08 
2.6096181104939831e-08 
2.6096181104939831e-08 
2.6096181104939831e-08 
2.6096180771872923e-08 
2.6096180771872923e-08 
2.6096180771872923e-08 
2.6096180771872923e-08 
2.6096179883694504e-08 
2.6096179883694504e-08 
2.6096179883694504e-08 
2.6096179883694504e-08 
2.6096179550627596e-08 
2.6096179550627596e-08 
2.6096179550627596e-08 
2.6096179550627596e-08 
2.6096179217560689e-08 
2.6096179217560689e-08 
2.6096179217560689e-08 
2.6096179217560689e-08 
2.6096179217560689e-08 
2.6096179217560689e-08 
2.6096179217560689e-08 
2.6096179217560689e-08 
2.6096179217560689e-08 
2.6096179217560689e-08 
2.6096179217560689e-08 
2.6096179217560689e-08 
2.6096179217560689e-08 
2.6096179217560689e-08 
2.6096179217560689e-08 
2.6096179217560689e-08 
2.6096179217560689e-08 
2.6096179217560689e-08 
2.6096178995516084e-08 
2.6096178995516084e-08 
2.6096178995516084e-08 
2.6096178995516084e-08 
2.6096178995516084e-08 
2.6096178995516084e-08 
2.6096178995516084e-08 
2.6096178995516084e-08 
2.6096178995516084e-08 
2.6096178995516084e-08 
2.6096178995516084e-08 
2.6096178995516084e-08 
2.6096178995516084e-08 
2.6096178995516084e-08 
2.6096178995516084e-08 
2.6096178995516084e-08 
2.6096178995516084e-08 
2.6096178995516084e-08 
2.6096178995516084e-08 
2.6096178995516084e-08 
2.6096178995516084e-08 
2.6096178995516084e-08 
2.6096178995516084e-08 
2.6096178995516084e-08 
2.6096178995516084e-08 
2.6096178995516084e-08 
2.6096178995516084e-08 
2.6096178995516084e-08 
2.6096178995516084e-08 
2.6096178995516084e-08 
2.6096178995516084e-08 
2.6096178995516084e-08 
2.6096178995516084e-08 
2.6096178995516084e-08 
2.6096178995516084e-08 
2.6096178995516084e-08 
2.6096178995516084e-08 
2.6096178995516084e-08 
2.6096178995516084e-08 
2.6096178995516084e-08 
2.6096178995516084e-08 
2.6096178995516084e-08 
2.6096178995516084e-08 
2.6096178995516084e-08 
2.6096178995516084e-08 
2.6096178995516084e-08 
2.6096178995516084e-08 
2.6096178995516084e-08 
2.6096178995516084e-08 
2.6096178995516084e-08 
2.6096178995516084e-08 
2.6096178995516084e-08 
2.6096178995516084e-08 
2.6096178995516084e-08 
2.6096178995516084e-08 
2.6096178995516084e-08 
2.6096178995516084e-08 
2.6096178995516084e-08 
2.6096178995516084e-08 
2.6096178995516084e-08 
2.6096178995516084e-08 
2.6096178995516084e-08 
2.6096178995516084e-08 
2.6096178995516084e-08 
2.6096178995516084e-08 
2.6096178995516084e-08 
2.6096178995516084e-08 
2.6096178995516084e-08 
2.6096178995516084e-08 
2.6096178995516084e-08 
2.6096178995516084e-08 
2.6096178995516084e-08 
2.6096178995516084e-08 
2.6096178995516084e-08 
2.6096178995516084e-08 
2.6096178995516084e-08 
2.6096178995516084e-08 
2.6096178995516084e-08 
2.6096178995516084e-08 
2.6096178995516084e-08 
2.6096178995516084e-08 
2.6096178995516084e-08 
2.6096178995516084e-08 
2.6096178995516084e-08 
2.6096178995516084e-08 
2.6096178995516084e-08 
2.6096178995516084e-08 
2.6096178995516084e-08 
2.6096178995516084e-08 
2.6096178995516084e-08 
2.6096178995516084e-08 
2.6096178995516084e-08 
2.6096178995516084e-08 
2.6096178995516084e-08 
2.6096178995516084e-08 
2.6096178995516084e-08 
2.6096178995516084e-08 
2.6096178995516084e-08 
2.6096178995516084e-08 
2.6096178995516084e-08 
2.6096178995516084e-08 
2.6096178995516084e-08 
2.6096178995516084e-08 
2.6096178995516084e-08 
2.6096178995516084e-08 
2.6096178995516084e-08 
2.6096178995516084e-08 
2.6096178995516084e-08 
2.6096178995516084e-08 
2.6096178995516084e-08 
2.6096178995516084e-08 
2.6096178995516084e-08 
2.6096178995516084e-08 
2.6096178995516084e-08 
2.6096178995516084e-08 
2.6096178995516084e-08 
2.6096178995516084e-08 
2.6096178995516084e-08 
2.6096178995516084e-08 
2.6096178995516084e-08 
2.6096178995516084e-08 
2.6096178995516084e-08 
2.6096178995516084e-08 
2.6096178995516084e-08 
2.6096178995516084e-08 
2.6096178995516084e-08 
2.6096178995516084e-08 
2.6096178995516084e-08 
2.6096178995516084e-08 
2.6096178995516084e-08 
2.6096178995516084e-08 
2.6096178995516084e-08 
2.6096178995516084e-08 
2.6096178995516084e-08 
2.6096178995516084e-08 
2.6096178995516084e-08 
3.8567269378120272e-09 
3.8567269378120272e-09 
3.8567269378120272e-09 
3.8567269378120272e-09 
3.8567269378120272e-09 
3.8567269378120272e-09 
3.8567269378120272e-09 
3.8567269378120272e-09 
3.8567269378120272e-09 
3.8567269378120272e-09 
3.8567269378120272e-09 
3.8567269378120272e-09 
3.8567269378120272e-09 
3.8567269378120272e-09 
3.8567269378120272e-09 
3.8567269378120272e-09 
3.8567269378120272e-09 
3.8567269378120272e-09 
3.8567269378120272e-09 
3.8567269378120272e-09 
3.8567269378120272e-09 
3.8567269378120272e-09 
3.8567269378120272e-09 
3.8567269378120272e-09 
3.8567269378120272e-09 
3.8567269378120272e-09 
3.8567269378120272e-09 
3.8567269378120272e-09 
3.8567269378120272e-09 
3.8567269378120272e-09 
3.8567269378120272e-09 
3.8567269378120272e-09 
3.8567269378120272e-09 
3.8567269378120272e-09 
3.8567269378120272e-09 
3.8567269378120272e-09 
3.8567269378120272e-09 
3.8567269378120272e-09 
3.8537576463326673e-09 
3.8537576463326673e-09 
3.8537576463326673e-09 
3.8537576463326673e-09 
3.8537576463326673e-09 
3.8537576463326673e-09 
3.8537576463326673e-09 
3.8417250491917798e-09 
3.8417250491917798e-09 
3.8417250491917798e-09 
3.8417250491917798e-09 
3.8417250491917798e-09 
3.8417250491917798e-09 
3.8417250491917798e-09 
3.8408369817943822e-09 
3.8408369817943822e-09 
3.8408369817943822e-09 
3.8408369817943822e-09 
3.8408369817943822e-09 
3.8408369817943822e-09 
3.8408369817943822e-09 
3.8408369817943822e-09 
3.8408369817943822e-09 
3.8408369817943822e-09 
3.8408369817943822e-09 
3.8408369817943822e-09 
3.8408369817943822e-09 
3.8408369817943822e-09 
3.8408369817943822e-09 
3.8408369817943822e-09 
3.8408369817943822e-09 
3.8408369817943822e-09 
3.8408369817943822e-09 
3.8408369817943822e-09 
3.8408369817943822e-09 
3.8408369817943822e-09 
3.8408369817943822e-09 
3.8408369817943822e-09 
3.8408369817943822e-09 
3.8408197733375005e-09 
3.8408197733375005e-09 
3.8408197733375005e-09 
3.8408197733375005e-09 
3.8407835800668977e-09 
3.8407835800668977e-09 
3.8407835800668977e-09 
3.8407835800668977e-09 
3.8407835800668977e-09 
3.8407835800668977e-09 
3.8407835800668977e-09 
3.8407825808661755e-09 
3.8407825808661755e-09 
3.8407825808661755e-09 
3.8407825808661755e-09 
3.8407825808661755e-09 
3.8407825808661755e-09 
3.8407825808661755e-09 
3.8407824698438731e-09 
3.8407824698438731e-09 
3.8407824698438731e-09 
3.8407822477992681e-09 
3.8407822477992681e-09 
3.8407822477992681e-09 
3.8407822477992681e-09 
3.8407822477992681e-09 
3.8407822477992681e-09 
3.8407822477992681e-09 
3.8407822477992681e-09 
3.8407822477992681e-09 
3.8407822477992681e-09 
3.8407822477992681e-09 
3.8407822477992681e-09 
3.8407822477992681e-09 
3.8407822477992681e-09 
3.8407822477992681e-09 
3.8407821367769657e-09 
3.8407821367769657e-09 
3.8407821367769657e-09 
3.8407821367769657e-09 
3.8407821367769657e-09 
3.8407821367769657e-09 
3.8407821367769657e-09 
3.8407821367769657e-09 
3.8407821367769657e-09 
3.8407821367769657e-09 
3.8407821367769657e-09 
3.8407821367769657e-09 
3.8407821367769657e-09 
3.8407821367769657e-09 
3.8407821367769657e-09 
3.8407821367769657e-09 
3.8407821367769657e-09 
3.8407821367769657e-09 
3.8407821367769657e-09 
3.8407821367769657e-09 
3.8407821367769657e-09 
3.8407821367769657e-09 
3.8407821367769657e-09 
3.8407821367769657e-09 
3.8407821367769657e-09 
3.8407821367769657e-09 
3.8407821367769657e-09 
3.8407821367769657e-09 
3.8407821367769657e-09 
3.8407821367769657e-09 
3.8407821367769657e-09 
3.8407821367769657e-09 
3.8407821367769657e-09 
3.8407821367769657e-09 
3.8407821367769657e-09 
3.8407821367769657e-09 
3.8407821367769657e-09 
3.8407821367769657e-09 
3.8407821367769657e-09 
3.8407821367769657e-09 
3.8407821367769657e-09 
3.8407821367769657e-09 
3.8407821367769657e-09 
3.8407821367769657e-09 
3.8407821367769657e-09 
3.8407821367769657e-09 
3.8407821367769657e-09 
3.8407821367769657e-09 
3.8407821367769657e-09 
3.8407821367769657e-09 
3.8407821367769657e-09 
3.8407821367769657e-09 
3.8407821367769657e-09 
3.8407821367769657e-09 
3.8407821367769657e-09 
3.8407821367769657e-09 
3.8407821367769657e-09 
3.8407821367769657e-09 
3.8407821367769657e-09 
3.8407821367769657e-09 
3.8407821367769657e-09 
3.8407821367769657e-09 
3.8407821367769657e-09 
3.8407821367769657e-09 
3.8407821367769657e-09 
3.8407821367769657e-09 
3.8407821367769657e-09 
3.8407821367769657e-09 
3.8407821367769657e-09 
3.8407821367769657e-09 
3.8407821367769657e-09 
3.8407821367769657e-09 
3.8407821367769657e-09 
3.8407821367769657e-09 
3.8407821367769657e-09 
3.8407821367769657e-09 
3.8407821367769657e-09 
3.8407821367769657e-09 
3.8407821367769657e-09 
3.8407821367769657e-09 
3.8407821367769657e-09 
3.8407821367769657e-09 
3.8407821367769657e-09 
3.8407821367769657e-09 
3.8407821367769657e-09 
3.8407821367769657e-09 
3.8407821367769657e-09 
3.8407821367769657e-09 
3.8407821367769657e-09 
3.8407821367769657e-09 
3.8407821367769657e-09 
3.8407821367769657e-09 
1.5599325164927791e-09 
1.5599325164927791e-09 
1.5599325164927791e-09 
1.5599325164927791e-09 
1.5599325164927791e-09 
1.5599325164927791e-09 
1.5599325164927791e-09 
1.5599325164927791e-09 
1.5599325164927791e-09 
1.5599325164927791e-09 
1.5599325164927791e-09 
1.5599325164927791e-09 
1.5599325164927791e-09 
1.5599325164927791e-09 
1.5599325164927791e-09 
1.5599325164927791e-09 
1.5599325164927791e-09 
1.5599325164927791e-09 
1.5599325164927791e-09 
1.5599325164927791e-09 
1.5599325164927791e-09 
1.5599325164927791e-09 
1.5508463402369443e-09 
1.5508463402369443e-09 
1.5508463402369443e-09 
1.5382910500960634e-09 
1.5382910500960634e-09 
1.5382910500960634e-09 
1.5382910500960634e-09 
1.5382910500960634e-09 
1.5382910500960634e-09 
1.5382910500960634e-09 
1.537385774241784e-09 
1.537385774241784e-09 
1.537385774241784e-09 
1.537385774241784e-09 
1.537385774241784e-09 
1.537385774241784e-09 
1.537385774241784e-09 
1.5372633166421679e-09 
1.5372633166421679e-09 
1.5372633166421679e-09 
1.5372514372558044e-09 
1.5372514372558044e-09 
1.5372514372558044e-09 
1.5372374484456941e-09 
1.5372374484456941e-09 
1.5372374484456941e-09 
1.5372374484456941e-09 
1.5372374484456941e-09 
1.5372374484456941e-09 
1.5372374484456941e-09 
1.5372371153787867e-09 
1.5372371153787867e-09 
1.5372371153787867e-09 
1.5372371153787867e-09 
1.5372371153787867e-09 
1.5372371153787867e-09 
1.5372371153787867e-09 
1.5372371153787867e-09 
1.5372371153787867e-09 
1.5372371153787867e-09 
1.5372370043564842e-09 
1.5372370043564842e-09 
1.5372370043564842e-09 
1.5372370043564842e-09 
1.5372370043564842e-09 
1.5372370043564842e-09 
1.5372370043564842e-09 
1.5372370043564842e-09 
1.5372370043564842e-09 
1.5372370043564842e-09 
1.5372368933341818e-09 
1.5372368933341818e-09 
1.5372368933341818e-09 
1.5372368933341818e-09 
1.5372368933341818e-09 
1.5372368933341818e-09 
1.5372368933341818e-09 
1.5372368933341818e-09 
1.5372368933341818e-09 
1.5372368933341818e-09 
1.5372368933341818e-09 
1.5372368933341818e-09 
1.5372368933341818e-09 
1.5372368933341818e-09 
1.5372368933341818e-09 
1.5372368933341818e-09 
1.5372368933341818e-09 
1.5372368933341818e-09 
1.5372368933341818e-09 
1.5372368933341818e-09 
1.5372368933341818e-09 
1.5372368933341818e-09 
1.5372368933341818e-09 
1.5372368933341818e-09 
1.5372368933341818e-09 
1.5372368933341818e-09 
1.5372368933341818e-09 
1.5372368933341818e-09 
1.5372368933341818e-09 
1.5372368933341818e-09 
1.5372368933341818e-09 
1.5372368933341818e-09 
1.5372368933341818e-09 
1.5372368933341818e-09 
1.5372368933341818e-09 
1.5372368933341818e-09 
1.5372368933341818e-09 
1.5372368933341818e-09 
1.5372368933341818e-09 
1.5372368933341818e-09 
1.5372368933341818e-09 
1.5372368933341818e-09 
1.5372368933341818e-09 
1.5372368933341818e-09 
1.5372368933341818e-09 
1.5372368933341818e-09 
1.5372368933341818e-09 
1.5372368933341818e-09 
1.5372368933341818e-09 
1.5372368933341818e-09 
1.5372368933341818e-09 
1.5372368933341818e-09 
1.5372368933341818e-09 
1.5372368933341818e-09 
1.5372368933341818e-09 
1.5372368933341818e-09 
1.5372368933341818e-09 
1.5372368933341818e-09 
1.5372368933341818e-09 
1.5372368933341818e-09 
1.5372368933341818e-09 
1.5372368933341818e-09 
1.5372368933341818e-09 
1.5372368933341818e-09 
1.5372368933341818e-09 
1.5372368933341818e-09 
1.5372368933341818e-09 
1.5372368933341818e-09 
1.5372368933341818e-09 
1.5372368933341818e-09 
1.5372368933341818e-09 
1.5372368933341818e-09 
1.5372368933341818e-09 
1.5372368933341818e-09 
1.5372368933341818e-09 
1.5372368933341818e-09 
1.5372368933341818e-09 
1.5372368933341818e-09 
1.5372368933341818e-09 
1.5372368933341818e-09 
1.5372368933341818e-09 
1.5372368933341818e-09 
1.5372368933341818e-09 
1.5372368933341818e-09 
1.5372368933341818e-09 
1.5372368933341818e-09 
1.5372368933341818e-09 
1.5372368933341818e-09 
1.5372368933341818e-09 
1.5372368933341818e-09 
1.5372368933341818e-09 
1.5372368933341818e-09 
1.5372368933341818e-09 
1.5372368933341818e-09 
1.5372368933341818e-09 
1.5372368933341818e-09 
1.5372368933341818e-09 
1.5372368933341818e-09 
1.5372368933341818e-09 
1.5372368933341818e-09 
1.5372368933341818e-09 
1.5372368933341818e-09 
1.5372368933341818e-09 
1.5372368933341818e-09 
1.5372368933341818e-09 
1.5372368933341818e-09 
1.5372368933341818e-09 
1.5372368933341818e-09 
1.5372368933341818e-09 
1.5372368933341818e-09 
1.5372368933341818e-09 
1.4850897178675382e-09 
1.4850897178675382e-09 
1.4850897178675382e-09 
1.4850897178675382e-09 
1.4850897178675382e-09 
1.4850897178675382e-09 
1.4850897178675382e-09 
1.4850897178675382e-09 
1.4850897178675382e-09 
1.4850897178675382e-09 
1.4850897178675382e-09 
1.3733946202520997e-09 
1.3733946202520997e-09 
1.3733946202520997e-09 
1.3733946202520997e-09 
1.3170814439078526e-09 
1.3170814439078526e-09 
1.3170814439078526e-09 
1.3157330780444454e-09 
1.3157330780444454e-09 
1.3157330780444454e-09 
1.3153247380159883e-09 
1.3153247380159883e-09 
1.3153247380159883e-09 
1.3152831046525648e-09 
1.3152831046525648e-09 
1.3152831046525648e-09 
1.3152502420510359e-09 
1.3152502420510359e-09 
1.3152502420510359e-09 
1.3152502420510359e-09 
1.3152502420510359e-09 
1.3152502420510359e-09 
1.3152502420510359e-09 
1.3152493538726162e-09 
1.3152493538726162e-09 
1.3152493538726162e-09 
1.3152493538726162e-09 
1.3152493538726162e-09 
1.3152493538726162e-09 
1.3152493538726162e-09 
1.3152493538726162e-09 
1.3152493538726162e-09 
1.3152493538726162e-09 
1.3152493538726162e-09 
1.3152493538726162e-09 
1.3152493538726162e-09 
1.3152491318280113e-09 
1.3152491318280113e-09 
1.3152491318280113e-09 
1.3152491318280113e-09 
1.3152491318280113e-09 
1.3152491318280113e-09 
1.3152491318280113e-09 
1.3152491318280113e-09 
1.3152491318280113e-09 
1.3152491318280113e-09 
1.3152491318280113e-09 
1.3152491318280113e-09 
1.3152491318280113e-09 
1.3152491318280113e-09 
1.3152491318280113e-09 
1.3152491318280113e-09 
1.3152491318280113e-09 
1.3152491318280113e-09 
1.3152491318280113e-09 
1.3152491318280113e-09 
1.3152491318280113e-09 
1.3152491318280113e-09 
1.3152491318280113e-09 
1.3152491318280113e-09 
1.3152491318280113e-09 
1.3152491318280113e-09 
1.3152491318280113e-09 
1.3152491318280113e-09 
1.3152491318280113e-09 
1.3152491318280113e-09 
1.3152491318280113e-09 
1.3152491318280113e-09 
1.3152491318280113e-09 
1.3152491318280113e-09 
1.3152491318280113e-09 
1.3152491318280113e-09 
1.3152491318280113e-09 
1.3152491318280113e-09 
1.3152491318280113e-09 
1.3152491318280113e-09 
1.3152491318280113e-09 
1.3152491318280113e-09 
1.3152491318280113e-09 
1.3152491318280113e-09 
1.3152491318280113e-09 
1.3152491318280113e-09 
1.3152491318280113e-09 
1.3152491318280113e-09 
1.3152491318280113e-09 
1.3152491318280113e-09 
1.3152491318280113e-09 
1.3152491318280113e-09 
1.3152491318280113e-09 
1.3152491318280113e-09 
1.3152491318280113e-09 
1.3152491318280113e-09 
1.3152491318280113e-09 
1.3152491318280113e-09 
1.3152491318280113e-09 
1.3152491318280113e-09 
1.3152491318280113e-09 
1.3152491318280113e-09 
1.3152491318280113e-09 
1.3152491318280113e-09 
1.3152491318280113e-09 
1.3152491318280113e-09 
1.3152491318280113e-09 
1.3152491318280113e-09 
