2.2815123765366496 
2.1816800609496649 
1.0776349464993045 
1.069916030343379 
0.97083931114091249 
0.66760476606601693 
0.66514346810244263 
0.53723095540035304 
0.53488807348515399 
0.47221722549964318 
0.47182395126563681 
0.45030093805252391 
0.4501301944094469 
0.43989560578508513 
0.43982979066945949 
0.43637498611502934 
0.43634770023249492 
0.43456134991723894 
0.43455137339516392 
0.4340572591754932 
0.4339934685137532 
0.43374819786797825 
0.43374735881115911 
0.43363546671075837 
0.43363546671075837 
0.43359931292695797 
0.43359853468699228 
0.43358056351108265 
0.43358056351108265 
0.43357566490053578 
0.43357566490053578 
0.43357337250802108 
0.43357337250802108 
0.43357337250802108 
0.43357337250802108 
0.43357337250802108 
0.43357337250802108 
0.43357337250802108 
0.43357337250802108 
0.43357337250802108 
0.43357337250802108 
0.43357337250802108 
0.43357337250802108 
0.43357337250802108 
0.43357337250802108 
0.43357337250802108 
0.43357337250802108 
0.43357337250802108 
0.43357337250802108 
0.43357337250802108 
0.43357337250802108 
0.43357337250802108 
0.43357337250802108 
0.43357337250802108 
0.43357337250802108 
0.43357337250802108 
0.43357337250802108 
0.43357337250802108 
0.43357337250802108 
0.43357337250802108 
0.43357337250802108 
0.43357337250802108 
0.43357337250802108 
0.43357337250802108 
0.43357337250802108 
0.43357337250802108 
0.43357337250802108 
0.43357337250802108 
0.43357337250802108 
0.43357337250802108 
0.43357337250802108 
0.43357337250802108 
0.43357337250802108 
0.43357337250802108 
0.43357337250802108 
0.43357337250802108 
0.43357337250802108 
0.43357337250802108 
0.43357337250802108 
0.43357337250802108 
0.43357337250802108 
0.43357337250802108 
0.43357337250802108 
0.43357337250802108 
0.43357337250802108 
0.43357337250802108 
0.43357337250802108 
0.43357337250802108 
0.43357337250802108 
0.43357337250802108 
0.43357337250802108 
0.43357337250802108 
0.43357337250802108 
0.43357337250802108 
0.43357337250802108 
0.43357337250802108 
0.43357337250802108 
0.43357337250802108 
0.43357337250802108 
0.43357337250802108 
0.43357337250802108 
0.43357337250802108 
0.43357337250802108 
0.43357337250802108 
0.43357337250802108 
0.43357337250802108 
0.43357337250802108 
0.43357337250802108 
0.43357337250802108 
0.43357337250802108 
0.43357337250802108 
0.43357337250802108 
0.43357337250802108 
0.43357337250802108 
0.43357337250802108 
0.43357337250802108 
0.43357337250802108 
0.43357337250802108 
0.43357337250802108 
0.43357337250802108 
0.43357337250802108 
0.43357337250802108 
0.43357337250802108 
0.43357337250802108 
0.43357337250802108 
0.43357337250802108 
0.43357337250802108 
0.43357337250802108 
0.43357337250802108 
0.43357337250802108 
0.43357337250802108 
0.43357337250802108 
0.43357337250802108 
0.43357337250802108 
0.43357337250802108 
0.43357337250802108 
0.43357337250802108 
0.43357337250802108 
0.43357337250802108 
0.43357337250802108 
0.43357337250802108 
0.43357337250802108 
0.43357337250802108 
0.43357337250802108 
0.43357337250802108 
0.43357337250802108 
0.43357337250802108 
0.43357337250802108 
0.43357337250802108 
0.43357337250802108 
0.43357337250802108 
0.43357337250802108 
0.43357337250802108 
0.43357337250802108 
0.43357337250802108 
0.43357337250802108 
0.43357337250802108 
0.43357337250802108 
0.43357337250802108 
0.43357337250802108 
0.43357337250802108 
0.43357337250802108 
0.43357337250802108 
0.43357337250802108 
0.43357337250802108 
0.43357337250802108 
0.43357337250802108 
0.43357337250802108 
0.43357337250802108 
0.43357337250802108 
0.43357337250802108 
0.43357337250802108 
0.43357337250802108 
0.43357337250802108 
0.43357337250802108 
0.43357337250802108 
0.43357337250802108 
0.43357337250802108 
0.43357337250802108 
0.43357337250802108 
0.43357337250802108 
0.43357337250802108 
0.43357337250802108 
0.43357337250802108 
0.43357337250802108 
0.43357337250802108 
0.43357337250802108 
0.43357337250802108 
0.43357337250802108 
0.43357337250802108 
0.43357337250802108 
0.43357337250802108 
0.43357337250802108 
0.43357337250802108 
0.43357337250802108 
0.43357337250802108 
0.43357337250802108 
0.43357337250802108 
0.43357337250802108 
0.43357337250802108 
0.43357337250802108 
0.43357337250802108 
0.43357337250802108 
0.43357337250802108 
0.43357337250802108 
0.43357337250802108 
0.43357337250802108 
0.43357337250802108 
0.43357337250802108 
0.43357337250802108 
0.43357337250802108 
0.43357337250802108 
0.43357337250802108 
0.43357337250802108 
0.43357337250802108 
0.43357337250802108 
0.43357337250802108 
0.43357337250802108 
0.43357337250802108 
0.43357337250802108 
0.43357337250802108 
0.43357337250802108 
0.43357337250802108 
0.43357337250802108 
0.43357337250802108 
0.43357337250802108 
0.43357337250802108 
0.43357337250802108 
0.43357337250802108 
0.43357337250802108 
0.43357337250802108 
0.43357337250802108 
0.43357337250802108 
0.43357337250802108 
0.43357337250802108 
0.43357337250802108 
0.43357337250802108 
0.43357337250802108 
0.43357337250802108 
0.43357337250802108 
0.43357337250802108 
0.43357337250802108 
0.43357337250802108 
0.43357337250802108 
0.43357337250802108 
0.43357337250802108 
0.43357337250802108 
0.43357337250802108 
0.43357337250802108 
0.43357337250802108 
0.43357337250802108 
0.43357337250802108 
0.43357337250802108 
0.43357337250802108 
0.43357337250802108 
0.43357337250802108 
0.43357337250802108 
0.43357337250802108 
0.43357337250802108 
0.43357337250802108 
0.43357337250802108 
0.43357337250802108 
0.43357337250802108 
0.43357337250802108 
0.43357337250802108 
0.43357337250802108 
0.43357337250802108 
0.43357337250802108 
0.43357337250802108 
0.43357337250802108 
0.43357337250802108 
0.43357337250802108 
0.43357337250802108 
0.43357337250802108 
0.43357337250802108 
0.43357337250802108 
0.43357337250802108 
0.43357337250802108 
0.43357337250802108 
0.43357337250802108 
0.43357337250802108 
0.43357337250802108 
0.43357337250802108 
0.43357337250802108 
0.43357337250802108 
0.43357337250802108 
0.43357337250802108 
0.43357337250802108 
0.43357337250802108 
0.43357337250802108 
0.43357337250802108 
0.43357337250802108 
0.43357337250802108 
0.43357337250802108 
0.43357337250802108 
0.43357337250802108 
0.43357337250802108 
0.43357337250802108 
0.43357337250802108 
0.43357337250802108 
0.43357337250802108 
0.43357337250802108 
0.43357337250802108 
0.43357337250802108 
0.43357337250802108 
0.43357337250802108 
0.43357337250802108 
0.43357337250802108 
0.43357337250802108 
0.43357337250802108 
0.43357337250802108 
0.43357337250802108 
0.43357337250802108 
0.43357337250802108 
0.43357337250802108 
0.43357337250802108 
0.43357337250802108 
0.43357337250802108 
0.43357337250802108 
0.43357337250802108 
0.43357337250802108 
0.43357337250802108 
0.43357337250802108 
0.43357337250802108 
0.43357337250802108 
0.43357337250802108 
0.43357337250802108 
0.43357337250802108 
0.43357337250802108 
0.43357337250802108 
0.43357337250802108 
0.43357337250802108 
0.43357337250802108 
0.43357337250802108 
0.43357337250802108 
0.43357337250802108 
0.43357337250802108 
0.43357337250802108 
0.43357337250802108 
0.43357337250802108 
0.43357337250802108 
0.43357337250802108 
0.43357337250802108 
0.43357337250802108 
0.43357337250802108 
0.43357337250802108 
0.43357337250802108 
0.43357337250802108 
0.43357337250802108 
0.43357337250802108 
0.43357337250802108 
0.43357337250802108 
0.43357337250802108 
0.43357337250802108 
0.43357337250802108 
0.43357337250802108 
0.43357337250802108 
0.43357337250802108 
0.43357337250802108 
0.43357337250802108 
0.43357337250802108 
0.43357337250802108 
0.43357337250802108 
0.43357337250802108 
0.43357337250802108 
0.43357337250802108 
0.43357337250802108 
0.43357337250802108 
0.43357337250802108 
0.43357337250802108 
0.43357337250802108 
0.43357337250802108 
0.43357337250802108 
0.43357337250802108 
0.43357337250802108 
0.43357337250802108 
0.43357337250802108 
0.43357337250802108 
0.43357337250802108 
0.43357337250802108 
0.43357337250802108 
0.43357337250802108 
0.43357337250802108 
0.43357337250802108 
0.43357337250802108 
0.43357337250802108 
0.43357337250802108 
0.43357337250802108 
0.43357337250802108 
0.43357337250802108 
0.43357337250802108 
0.43357337250802108 
0.43357337250802108 
0.43357337250802108 
0.43357337250802108 
0.43357337250802108 
0.43357337250802108 
0.43357337250802108 
0.43357337250802108 
0.43357337250802108 
0.43357337250802108 
0.43357337250802108 
0.43357337250802108 
0.43357337250802108 
0.43357337250802108 
0.43357337250802108 
0.43357337250802108 
0.43357337250802108 
0.43357337250802108 
0.43357337250802108 
0.43357337250802108 
0.43357337250802108 
0.43357337250802108 
0.43357337250802108 
0.43357337250802108 
0.43357337250802108 
0.43357337250802108 
0.43357337250802108 
0.43357337250802108 
0.43357337250802108 
0.43357337250802108 
0.43357337250802108 
0.43357337250802108 
0.43357337250802108 
0.43357337250802108 
0.43357337250802108 
0.43357337250802108 
0.43357337250802108 
0.43357337250802108 
0.43357337250802108 
0.43357337250802108 
0.43357337250802108 
0.43357337250802108 
0.43357337250802108 
0.43357337250802108 
0.43357337250802108 
0.43357337250802108 
0.43357337250802108 
0.43357337250802108 
0.43357337250802108 
0.43357337250802108 
0.43357337250802108 
0.43357337250802108 
0.43357337250802108 
0.43357337250802108 
0.43357337250802108 
0.43357337250802108 
0.43357337250802108 
0.43357337250802108 
0.43357337250802108 
0.43357337250802108 
0.43357337250802108 
0.43357337250802108 
0.43357337250802108 
0.43357337250802108 
0.43357337250802108 
0.43357337250802108 
0.43357337250802108 
0.43357337250802108 
0.43357337250802108 
0.43357337250802108 
0.43357337250802108 
0.43357337250802108 
0.43357337250802108 
0.43357337250802108 
0.43357337250802108 
0.43357337250802108 
0.43357337250802108 
0.43357337250802108 
0.43357337250802108 
0.43357337250802108 
0.43357337250802108 
0.43357337250802108 
0.43357337250802108 
0.43357337250802108 
0.43357337250802108 
0.43357337250802108 
0.43357337250802108 
0.43357337250802108 
0.43357337250802108 
0.43357337250802108 
0.43357337250802108 
0.43357337250802108 
0.43357337250802108 
0.43357337250802108 
0.43357337250802108 
0.43357337250802108 
0.43357337250802108 
0.43357337250802108 
0.43357337250802108 
0.43357337250802108 
0.43357337250802108 
0.43357337250802108 
0.43357337250802108 
0.43357337250802108 
0.43357337250802108 
0.43357337250802108 
0.43357337250802108 
0.43357337250802108 
0.43357337250802108 
0.43357337250802108 
0.43357337250802108 
0.43357337250802108 
0.43357337250802108 
0.43357337250802108 
0.43357337250802108 
0.43357337250802108 
0.43357337250802108 
0.43357337250802108 
0.43357337250802108 
0.43357337250802108 
0.43357337250802108 
0.43357337250802108 
0.43357337250802108 
0.43357337250802108 
0.43357337250802108 
0.43357337250802108 
0.43357337250802108 
0.43357337250802108 
0.43357337250802108 
0.43357337250802108 
0.43357337250802108 
0.43357337250802108 
0.43357337250802108 
0.43357337250802108 
0.43357337250802108 
0.43357337250802108 
0.43357337250802108 
0.43357337250802108 
0.43357337250802108 
0.43357337250802108 
0.43357337250802108 
0.43357337250802108 
0.43357337250802108 
0.43357337250802108 
0.43357337250802108 
0.43357337250802108 
0.43357337250802108 
0.43357337250802108 
0.43357337250802108 
0.43357337250802108 
0.43357337250802108 
0.43357337250802108 
0.43357337250802108 
0.43357337250802108 
0.43357337250802108 
0.43357337250802108 
0.43357337250802108 
0.43357337250802108 
0.43357337250802108 
0.43357337250802108 
0.43357337250802108 
0.43357337250802108 
0.43357337250802108 
0.43357337250802108 
0.43357337250802108 
0.43357337250802108 
0.43357337250802108 
0.43357337250802108 
0.43357337250802108 
0.43357337250802108 
0.43357337250802108 
0.43357337250802108 
0.43357337250802108 
0.43357337250802108 
0.43357337250802108 
0.43357337250802108 
0.43357337250802108 
0.43357337250802108 
0.43357337250802108 
0.43357337250802108 
0.43357337250802108 
0.43357337250802108 
0.43357337250802108 
0.43357337250802108 
0.43357337250802108 
0.43357337250802108 
0.43357337250802108 
0.43357337250802108 
0.43357337250802108 
0.43357337250802108 
0.43357337250802108 
0.43357337250802108 
0.43357337250802108 
0.43357337250802108 
0.43357337250802108 
0.43357337250802108 
0.43357337250802108 
0.43357337250802108 
0.43357337250802108 
0.43357337250802108 
0.43357337250802108 
0.43357337250802108 
0.43357337250802108 
0.43357337250802108 
0.43357337250802108 
0.43357337250802108 
0.43357337250802108 
0.43357337250802108 
0.43357337250802108 
0.43357337250802108 
0.43357337250802108 
0.43357337250802108 
0.43357337250802108 
0.43357337250802108 
0.43357337250802108 
0.43357337250802108 
0.43357337250802108 
0.43357337250802108 
0.43357337250802108 
0.43357337250802108 
0.43357337250802108 
0.43357337250802108 
0.43357337250802108 
0.43357337250802108 
0.43357337250802108 
0.43357337250802108 
0.43357337250802108 
0.43357337250802108 
0.43357337250802108 
0.43357337250802108 
0.43357337250802108 
0.43357337250802108 
0.43357337250802108 
0.43357337250802108 
0.43357337250802108 
0.43357337250802108 
0.43357337250802108 
0.43357337250802108 
0.43357337250802108 
0.43357337250802108 
0.43357337250802108 
0.43357337250802108 
0.43357337250802108 
0.43357337250802108 
0.43357337250802108 
0.43357337250802108 
0.43357337250802108 
0.43357337250802108 
0.43357337250802108 
0.43357337250802108 
0.43357337250802108 
0.43357337250802108 
0.43357337250802108 
0.43357337250802108 
0.43357337250802108 
0.43357337250802108 
0.43357337250802108 
0.43357337250802108 
0.43357337250802108 
0.43357337250802108 
0.43357337250802108 
0.43357337250802108 
0.43357337250802108 
0.43357337250802108 
0.43357337250802108 
0.43357337250802108 
0.43357337250802108 
0.43357337250802108 
0.43357337250802108 
0.43357337250802108 
0.43357337250802108 
0.43357337250802108 
0.43357337250802108 
0.43357337250802108 
0.43357337250802108 
0.43357337250802108 
0.43357337250802108 
0.43357337250802108 
0.43357337250802108 
0.43357337250802108 
0.43357337250802108 
0.43357337250802108 
0.43357337250802108 
0.43357337250802108 
0.43357337250802108 
0.43357337250802108 
0.43357337250802108 
0.43357337250802108 
0.43357337250802108 
0.43357337250802108 
0.43357337250802108 
0.43357337250802108 
0.43357337250802108 
0.43357337250802108 
0.43357337250802108 
0.43357337250802108 
0.43357337250802108 
0.43357337250802108 
0.43357337250802108 
0.43357337250802108 
0.43357337250802108 
0.43357337250802108 
0.43357337250802108 
0.43357337250802108 
0.43357337250802108 
0.43357337250802108 
0.43357337250802108 
0.43357337250802108 
0.43357337250802108 
0.43357337250802108 
0.43357337250802108 
0.43357337250802108 
0.43357337250802108 
0.43357337250802108 
0.43357337250802108 
0.43357337250802108 
0.43357337250802108 
0.43357337250802108 
0.43357337250802108 
0.43357337250802108 
0.43357337250802108 
0.43357337250802108 
0.43357337250802108 
0.43357337250802108 
0.43357337250802108 
0.43357337250802108 
0.43357337250802108 
0.43357337250802108 
0.43357337250802108 
0.43357337250802108 
0.43357337250802108 
0.43357337250802108 
0.43357337250802108 
0.43357337250802108 
0.43357337250802108 
0.43357337250802108 
0.43357337250802108 
0.43357337250802108 
0.43357337250802108 
0.43357337250802108 
0.43357337250802108 
0.43357337250802108 
0.43357337250802108 
0.43357337250802108 
0.43357337250802108 
0.43357337250802108 
0.43357337250802108 
0.43357337250802108 
0.43357337250802108 
0.43357337250802108 
0.43357337250802108 
0.43357337250802108 
0.43357337250802108 
0.43357337250802108 
0.43357337250802108 
0.43357337250802108 
0.43357337250802108 
0.43357337250802108 
0.43357337250802108 
0.43357337250802108 
0.43357337250802108 
0.43357337250802108 
0.43357337250802108 
0.43357337250802108 
0.43357337250802108 
0.43357337250802108 
0.43357337250802108 
0.43357337250802108 
0.43357337250802108 
0.43357337250802108 
0.43357337250802108 
0.43357337250802108 
0.43357337250802108 
0.43357337250802108 
0.43357337250802108 
0.43357337250802108 
0.43357337250802108 
0.43357337250802108 
0.43357337250802108 
0.43357337250802108 
0.43357337250802108 
0.43357337250802108 
0.43357337250802108 
0.43357337250802108 
0.43357337250802108 
0.43357337250802108 
0.43357337250802108 
0.43357337250802108 
0.43357337250802108 
0.43357337250802108 
0.43357337250802108 
0.43357337250802108 
0.43357337250802108 
0.43357337250802108 
0.43357337250802108 
0.43357337250802108 
0.43357337250802108 
0.43357337250802108 
0.43357337250802108 
0.43357337250802108 
0.43357337250802108 
0.43357337250802108 
0.43357337250802108 
0.43357337250802108 
0.43357337250802108 
0.43357337250802108 
0.43357337250802108 
0.43357337250802108 
0.43357337250802108 
0.43357337250802108 
0.43357337250802108 
0.43357337250802108 
0.43357337250802108 
0.43357337250802108 
0.43357337250802108 
0.43357337250802108 
0.43357337250802108 
0.43357337250802108 
0.43357337250802108 
0.43357337250802108 
0.43357337250802108 
0.43357337250802108 
0.43357337250802108 
0.43357337250802108 
0.43357337250802108 
0.43357337250802108 
0.43357337250802108 
0.43357337250802108 
0.43357337250802108 
0.43357337250802108 
0.43357337250802108 
0.43357337250802108 
0.43357337250802108 
0.43357337250802108 
0.43357337250802108 
0.43357337250802108 
0.43357337250802108 
0.43357337250802108 
0.43357337250802108 
0.43357337250802108 
0.43357337250802108 
0.43357337250802108 
0.43357337250802108 
0.43357337250802108 
0.43357337250802108 
0.43357337250802108 
0.43357337250802108 
0.43357337250802108 
0.43357337250802108 
0.43357337250802108 
0.43357337250802108 
0.43357337250802108 
0.43357337250802108 
0.43357337250802108 
0.43357337250802108 
0.43357337250802108 
0.43357337250802108 
0.43357337250802108 
0.43357337250802108 
0.43357337250802108 
0.43357337250802108 
0.43357337250802108 
0.43357337250802108 
0.43357337250802108 
0.43357337250802108 
0.43357337250802108 
0.43357337250802108 
0.43357337250802108 
0.43357337250802108 
0.43357337250802108 
0.43357337250802108 
0.43357337250802108 
0.43357337250802108 
0.43357337250802108 
0.43357337250802108 
0.43357337250802108 
0.43357337250802108 
0.43357337250802108 
0.43357337250802108 
0.43357337250802108 
0.43357337250802108 
0.43357337250802108 
0.43357337250802108 
0.43357337250802108 
0.43357337250802108 
0.43357337250802108 
0.43357337250802108 
0.43357337250802108 
0.43357337250802108 
0.43357337250802108 
0.43357337250802108 
0.43357337250802108 
0.43357337250802108 
0.43357337250802108 
0.43357337250802108 
0.43357337250802108 
0.43357337250802108 
0.43357337250802108 
0.43357337250802108 
0.43357337250802108 
0.43357337250802108 
0.43357337250802108 
0.43357337250802108 
0.43357337250802108 
0.43357337250802108 
0.43357337250802108 
0.43357337250802108 
0.43357337250802108 
0.43357337250802108 
0.43357337250802108 
0.43357337250802108 
0.43357337250802108 
0.43357337250802108 
0.43357337250802108 
0.43357337250802108 
0.43357337250802108 
0.43357337250802108 
0.43357337250802108 
0.43357337250802108 
0.43357337250802108 
0.43357337250802108 
0.43357337250802108 
0.43357337250802108 
0.43357337250802108 
0.43357337250802108 
0.43357337250802108 
0.43357337250802108 
0.43357337250802108 
0.43357337250802108 
0.43357337250802108 
0.43357337250802108 
0.43357337250802108 
0.43357337250802108 
0.43357337250802108 
0.43357337250802108 
0.43357337250802108 
0.43357337250802108 
0.43357337250802108 
0.43357337250802108 
0.43357337250802108 
0.43357337250802108 
0.43357337250802108 
0.43357337250802108 
0.43357337250802108 
0.43357337250802108 
0.43357337250802108 
0.43357337250802108 
0.43357337250802108 
0.43357337250802108 
0.43357337250802108 
0.43357337250802108 
0.43357337250802108 
0.43357337250802108 
0.43357337250802108 
0.43357337250802108 
0.43357337250802108 
0.43357337250802108 
0.43357337250802108 
0.43357337250802108 
0.43357337250802108 
0.43357337250802108 
0.43357337250802108 
0.43357337250802108 
0.43357337250802108 
0.43357337250802108 
0.43357337250802108 
0.43357337250802108 
0.43357337250802108 
0.43357337250802108 
0.43357337250802108 
0.43357337250802108 
0.43357337250802108 
0.43357337250802108 
0.43357337250802108 
0.43357337250802108 
0.43357337250802108 
0.43357337250802108 
0.43357337250802108 
0.43357337250802108 
0.43357337250802108 
0.43357337250802108 
0.43357337250802108 
0.43357337250802108 
0.43357337250802108 
0.43357337250802108 
0.43357337250802108 
0.43357337250802108 
0.43357337250802108 
0.43357337250802108 
0.43357337250802108 
0.43357337250802108 
0.43357337250802108 
0.43357337250802108 
0.43357337250802108 
0.43357337250802108 
0.43357337250802108 
0.43357337250802108 
0.43357337250802108 
0.43357337250802108 
0.43357337250802108 
0.43357337250802108 
0.43357337250802108 
0.43357337250802108 
0.43357337250802108 
0.43357337250802108 
0.43357337250802108 
0.43357337250802108 
0.43357337250802108 
0.43357337250802108 
