0.23734252719827914 
0.23733872999711148 
0.23733493258078389 
0.23733113518846025 
0.12946068056805499 
0.12836789898272982 
0.070101894751670835 
0.069720920237854228 
0.044931019760567868 
0.044771621865794003 
0.038229982895271269 
0.036575698155368999 
0.033674120060525281 
0.03319054313229506 
0.031850204100624301 
0.031792166999919935 
0.031134424830922523 
0.031129726160633839 
0.030901817596958814 
0.030899764499629282 
0.030787316964736924 
0.030786252981529524 
0.030752588309651181 
0.030749275766042881 
0.030447595112153791 
0.030417339530148173 
0.030266617707360305 
0.030265417527343758 
0.030202522230824265 
0.030201853815805691 
0.030178068842931716 
0.030177725017098731 
0.030166658376647691 
0.030166380312678286 
0.030162705870409187 
0.030162308439382654 
0.030160384174123679 
0.030160188600759238 
0.030159343038869229 
0.030159142901042608 
0.030158685852253338 
0.0301584958932044 
0.030158182435064625 
0.030157989095222069 
0.030157767660883406 
0.030157566279917111 
0.030157364682973069 
0.030157167526180688 
0.030156974426541031 
0.030156779057197668 
0.030156587816570095 
0.030156396183551482 
0.030156204117988267 
0.030156013090971011 
0.030155822093991983 
0.030155631119152135 
0.030155440166396173 
0.030155249235723845 
0.030155058327135238 
0.030154867440630444 
0.030154676576209603 
0.030154485733872773 
0.03015429491362006 
0.030154104115451556 
0.030153913339367365 
0.030153722585367634 
0.030153531853452407 
0.030153341143621799 
0.0301531504558759 
0.03015295979021481 
0.030152769146638676 
0.030152578525147553 
0.030152387925741549 
0.030152197348420749 
0.030152006793185308 
0.030151816260035273 
0.030151625748970755 
0.030151435259991845 
0.030151244793098646 
0.030151054348291302 
0.030150863925569871 
0.030150673524934453 
0.030150483146385139 
0.03015029278992204 
0.030150102455545294 
0.030149912143254961 
0.030149721853051138 
0.030149531584933921 
0.03014934133890346 
0.030149151114959808 
0.030148960913103071 
0.03014877073333334 
0.030148580575650726 
0.030148390440055364 
0.030148200326547303 
0.030148010235126657 
0.030147820165793527 
0.030147630118547999 
0.030147440093390231 
0.030147250090320262 
0.030147060109338212 
0.03014687015044417 
0.030146680213638279 
0.030146490298920598 
0.030146300406291227 
0.030146110535750271 
0.030145920687297816 
0.030145730860934014 
0.030145541056658922 
0.030145351274472643 
0.030145161514375272 
0.030144971776366911 
0.030144782060447697 
0.030144592366617692 
0.030144402694877 
0.030144213045225719 
0.030144023417663986 
0.030143833812191861 
0.030143644228809448 
0.03014345466751684 
0.030143265128314143 
0.030143075611201494 
0.030142886116178956 
0.030142696643246623 
0.030142507192404602 
0.030142317763653035 
0.030142128356991968 
0.030141938972421511 
0.030141749609941766 
0.030141560269552826 
0.030141370951254839 
0.030141181655047859 
0.030140992380931986 
0.030140803128907323 
0.030140613898973965 
0.030140424691132057 
0.030140235505381661 
0.030140046341722869 
0.030139857200155783 
0.03013966808068055 
0.030139478983297226 
0.030139289908005906 
0.030139100854806696 
0.030138911823699689 
0.030138722814685034 
0.030138533827762787 
0.030138344862933049 
0.030138155920195912 
0.030137966999551485 
0.030137778100999907 
0.030137589224541239 
0.030137400370175572 
0.030137211537903018 
0.030137022727723707 
0.030136833939637706 
0.030136645173645112 
0.030136456429746022 
0.030136267707940541 
0.030136079008228792 
0.030135890330610867 
0.030135701675086848 
0.03013551304165683 
0.030135324430320923 
0.030135135841079266 
0.030134947273931907 
0.030134758728878962 
0.03013457020592052 
0.030134381705056727 
0.030134193226287638 
0.030134004769613358 
0.030133816335033984 
0.030133627922549609 
0.030133439532160387 
0.030133251163866372 
0.030133062817667654 
0.030132874493564353 
0.030132686191556554 
0.030132497911644397 
0.03013230965382795 
0.030132121418107307 
0.030131933204482569 
0.030131745012953879 
0.030131556843521295 
0.030131368696184914 
0.03013118057094484 
0.030130992467801168 
0.030130804386754046 
0.03013061632780353 
0.030130428290949716 
0.030130240276192707 
0.030130052283532605 
0.030129864312969549 
0.030129676364503595 
0.030129488438134844 
0.030129300533863403 
0.030129112651689407 
0.030128924791612915 
0.030128736953634029 
0.030128549137752841 
0.030128361343969467 
0.03012817357228403 
0.030127985822696605 
0.03012779809520728 
0.030127610389816161 
0.030127422706523344 
0.030127235045328968 
0.030127047406233103 
0.030126859789235839 
0.030126672194337283 
0.030126484621537566 
0.030126297070836756 
0.030126109542234953 
0.03012592203573225 
0.030125734551328755 
0.030125547089024599 
0.030125359648819853 
0.030125172230714602 
0.030124984834708962 
0.030124797460803026 
0.030124610108996929 
0.030124422779290738 
0.030124235471684548 
0.030124048186178462 
0.030123860922772625 
0.030123673681467088 
0.030123486462261956 
0.030123299265157326 
0.030123112090153299 
0.030122924937250019 
0.030122737806447537 
0.03012255069774596 
0.030122363611145387 
0.030122176546645917 
0.030121989504247691 
0.030121802483950764 
0.030121615485755242 
0.030121428509661229 
0.030121241555668851 
0.03012105462377818 
0.030120867713989311 
0.030120680826302339 
0.030120493960717379 
0.030120307117234554 
0.030120120295853939 
0.030119933496575622 
0.030119746719399713 
0.030119559964326293 
0.03011937323135553 
0.030119186520487465 
0.030118999831722199 
0.030118813165059839 
0.03011862652050052 
0.030118439898044302 
0.030118253297691286 
0.030118066719441578 
0.030117880163295266 
0.030117693629252498 
0.030117507117313331 
0.030117320627477868 
0.03011713415974621 
0.03011694771411845 
0.030116761290594728 
0.030116574889175112 
0.030116388509859697 
0.030116202152648583 
0.030116015817541912 
0.030115829504539744 
0.030115643213642174 
0.030115456944849309 
0.030115270698161247 
0.030115084473578125 
0.030114898271100005 
0.030114712090726987 
0.030114525932459165 
0.030114339796296647 
0.030114153682239575 
0.030113967590287994 
0.030113781520442025 
0.030113595472701753 
0.030113409447067325 
0.030113223443538794 
0.030113037462116268 
0.030112851502799836 
0.03011266556558961 
0.030112479650485722 
0.030112293757488241 
0.030112107886597256 
0.030111922037812874 
0.030111736211135234 
0.030111550406564394 
0.030111364624100457 
0.030111178863743513 
0.030110993125493674 
0.030110807409351077 
0.030110621715315783 
0.030110436043387888 
0.030110250393567489 
0.030110064765854691 
0.030109879160249639 
0.030109693576752382 
0.030109508015363027 
0.030109322476081678 
0.030109136958908461 
0.030108951463843448 
0.03010876599088674 
0.030108580540038427 
0.030108395111298612 
0.030108209704667439 
0.03010802432014497 
0.030107838957731298 
0.030107653617426528 
0.030107468299230753 
0.030107283003144122 
0.030107097729166688 
0.030106912477298565 
0.030106727247539825 
0.030106542039890639 
0.030106356854351046 
0.030106171690921155 
0.030105986549601064 
0.030105801430390867 
0.03010561633329072 
0.030105431258300661 
0.030105246205420811 
0.030105061174651258 
0.030104876165992101 
0.030104691179443487 
0.030104506215005475 
0.030104321272678158 
0.030104136352461643 
0.030103951454356067 
0.030103766578361491 
0.030103581724478013 
0.030103396892705733 
0.030103212083044756 
0.030103027295495213 
0.030102842530057176 
0.030102657786730738 
0.030102473065515997 
0.030102288366413051 
0.030102103689422045 
0.030101919034543043 
0.030101734401776142 
0.030101549791121431 
0.030101365202579066 
0.030101180636149097 
0.030100996091831634 
0.030100811569626761 
0.030100627069534591 
0.030100442591555258 
0.030100258135688826 
0.03010007370193539 
0.030099889290295057 
0.03009970490076792 
0.030099520533354119 
0.030099336188053723 
0.030099151864866822 
0.03009896756379352 
0.030098783284833959 
0.030098599027988195 
0.030098414793256333 
0.030098230580638465 
0.030098046390134695 
0.030097862221745167 
0.030097678075469935 
0.0300974939513091 
0.030097309849262763 
0.030097125769331032 
0.030096941711514034 
0.030096757675811835 
0.030096573662224534 
0.030096389670752233 
0.030096205701395071 
0.030096021754153105 
0.030095837829026438 
0.030095653926015167 
0.030095470045119397 
0.030095286186339266 
0.030095102349674829 
0.030094918535126199 
0.03009473474269346 
0.030094550972376719 
0.030094367224176116 
0.030094183498091714 
0.03009399979412361 
0.030093816112271903 
0.030093632452536732 
0.030093448814918163 
0.030093265199416287 
0.030093081606031212 
0.030092898034763036 
0.030092714485611897 
0.030092530958577855 
0.03009234745366101 
0.030092163970861466 
0.030091980510179316 
0.030091797071614707 
0.030091613655167698 
0.030091430260838381 
0.030091246888626862 
0.030091063538533289 
0.030090880210557704 
0.030090696904700225 
0.030090513620960935 
0.030090330359339949 
0.030090147119837402 
0.030089963902453346 
0.030089780707187892 
0.030089597534041133 
0.030089414383013172 
0.030089231254104152 
0.030089048147314126 
0.030088865062643199 
0.030088682000091467 
0.030088498959659076 
0.030088315941346085 
0.030088132945152585 
0.030087949971078685 
0.030087767019124481 
0.030087584089290118 
0.030087401181575647 
0.030087218295981179 
0.03008703543250681 
0.030086852591152631 
0.030086669771918796 
0.030086486974805354 
0.030086304199812407 
0.030086121446940062 
0.030085938716188455 
0.03008575600755764 
0.030085573321047727 
0.030085390656658811 
0.030085208014390991 
0.030085025394244409 
0.030084842796219122 
0.030084660220315234 
0.030084477666532841 
0.030084295134872045 
0.030084112625332993 
0.030083930137915729 
0.030083747672620367 
0.030083565229447003 
0.030083382808395773 
0.030083200409466743 
0.03008301803266001 
0.030082835677975671 
0.03008265334541383 
0.030082471034974627 
0.030082288746658123 
0.030082106480464412 
0.030081924236393599 
0.030081742014445825 
0.030081559814621146 
0.030081377636919666 
0.030081195481341479 
0.030081013347886695 
0.030080831236555437 
0.030080649147347788 
0.030080467080263833 
0.030080285035303668 
0.030080103012467406 
0.030079921011755183 
0.03007973903316705 
0.030079557076703119 
0.030079375142363484 
0.030079193230148286 
0.030079011340057582 
0.030078829472091478 
0.030078647626250069 
0.030078465802533459 
0.030078284000941782 
0.030078102221475105 
0.030077920464133524 
0.030077738728917142 
0.03007755701582605 
0.030077375324860399 
0.030077193656020247 
0.030077012009305688 
0.03007683038471683 
0.030076648782253804 
0.030076467201916677 
0.030076285643705545 
0.030076104107620513 
0.030075922593661677 
0.030075741101829177 
0.030075559632123067 
0.030075378184543464 
0.030075196759090452 
0.03007501535576414 
0.03007483397456466 
0.030074652615492081 
0.030074471278546497 
0.030074289963728011 
0.03007410867103676 
0.030073927400472808 
0.030073746152036247 
0.03007356492572719 
0.030073383721545721 
0.030073202539491996 
0.030073021379566064 
0.030072840241768033 
0.030072659126097991 
0.030072478032556051 
0.030072296961142348 
0.030072115911856937 
0.030071934884699926 
0.030071753879671412 
0.030071572896771537 
0.030071391936000353 
0.030071210997357968 
0.030071030080844479 
0.030070849186459987 
0.030070668314204629 
0.03007048746407847 
0.030070306636081609 
0.030070125830214144 
0.030069945046476178 
0.030069764284867843 
0.030069583545389206 
0.030069402828040367 
0.030069222132821427 
0.030069041459732517 
0.030068860808773711 
0.030068680179945094 
0.030068499573246778 
0.030068318988678861 
0.030068138426241474 
0.03006795788593469 
0.030067777367758598 
0.030067596871713304 
0.030067416397798908 
0.030067235946015548 
0.030067055516363284 
0.030066875108842216 
0.030066694723452445 
0.030066514360194113 
0.030066334019067276 
0.03006615370007203 
0.030065973403208483 
0.03006579312847674 
0.030065612875876925 
0.030065432645409111 
0.030065252437073395 
0.030065072250869872 
0.030064892086798647 
0.030064711944859858 
0.030064531825053566 
0.030064351727379871 
0.030064171651838872 
0.030063991598430709 
0.030063811567155443 
0.030063631558013174 
0.030063451571004002 
0.030063271606128025 
0.030063091663385388 
0.030062911742776144 
0.030062731844300399 
0.030062551967958252 
0.030062372113749798 
0.030062192281675181 
0.030062012471734463 
0.030061832683927741 
0.030061652918255116 
0.030061473174716722 
0.030061293453312633 
0.030061113754042936 
0.030060934076907738 
0.030060754421907136 
0.030060574789041269 
0.0300603951783102 
0.030060215589714025 
0.030060036023252849 
0.030059856478926773 
0.030059676956735934 
0.030059497456680385 
0.030059317978760238 
0.030059138522975586 
0.03005895908932657 
0.030058779677813251 
0.030058600288435728 
0.030058420921194106 
0.030058241576088478 
0.030058062253118988 
0.030057882952285692 
0.030057703673588693 
0.030057524417028091 
0.03005734518260399 
0.030057165970316522 
0.030056986780165752 
0.030056807612151782 
0.030056628466274701 
0.030056449342534663 
0.030056270240931719 
0.030056091161465973 
0.030055912104137529 
0.030055733068946478 
0.030055554055892962 
0.030055375064977043 
0.030055196096198823 
0.030055017149558397 
0.03005483822505587 
0.030054659322691381 
0.03005448044246499 
0.030054301584376792 
0.030054122748426896 
0.030053943934615433 
0.030053765142942467 
0.0300535863734081 
0.03005340762601243 
0.030053228900755558 
0.030053050197637619 
0.030052871516658683 
0.030052692857818839 
0.030052514221118196 
0.030052335606556888 
0.030052157014134977 
0.030051978443852562 
0.030051799895709747 
0.030051621369706627 
0.03005144286584335 
0.030051264384119963 
0.030051085924536577 
0.030050907487093288 
0.030050729071790194 
0.030050550678627438 
0.030050372307605079 
0.030050193958723218 
0.030050015631981959 
0.03004983732738143 
0.030049659044921705 
0.030049480784602872 
0.030049302546425037 
0.030049124330388303 
0.030048946136492807 
0.030048767964738602 
0.030048589815125801 
0.030048411687654493 
0.030048233582324786 
0.030048055499136816 
0.030047877438090641 
0.030047699399186365 
0.030047521382424086 
0.030047343387803946 
0.030047165415326007 
0.030046987464990359 
0.030046809536797111 
0.030046631630746359 
0.030046453746838252 
0.030046275885072835 
0.03004609804545022 
0.030045920227970497 
0.03004574243263378 
0.030045564659440194 
0.030045386908389808 
0.03004520917948272 
0.03004503147271903 
0.030044853788098881 
0.030044676125622328 
0.030044498485289468 
0.030044320867100412 
0.030044143271055253 
0.030043965697154128 
0.030043788145397106 
0.03004361061578428 
0.030043433108315754 
0.030043255622991621 
0.030043078159812033 
0.030042900718777039 
0.030042723299886741 
0.030042545903141243 
0.030042368528540683 
0.030042191176085125 
0.030042013845774661 
0.030041836537609393 
0.030041659251589432 
0.030041481987714901 
0.030041304745985872 
0.03004112752640244 
0.030040950328964706 
0.030040773153672772 
0.030040596000526776 
0.03004041886952678 
0.030040241760672878 
0.030040064673965181 
0.030039887609403817 
0.030039710566988852 
0.030039533546720388 
0.03003935654859852 
0.030039179572623354 
0.030039002618795024 
0.030038825687113597 
0.030038648777579162 
0.030038471890191827 
0.030038295024951693 
0.030038118181858899 
0.030037941360913503 
0.030037764562115606 
0.030037587785465305 
0.030037411030962743 
0.030037234298607982 
0.030037057588401118 
0.030036880900342258 
0.030036704234431492 
0.030036527590668965 
0.030036350969054739 
0.030036174369588914 
0.030035997792271583 
0.030035821237102855 
0.030035644704082865 
0.030035468193211675 
0.030035291704489382 
0.030035115237916091 
0.030034938793491936 
0.03003476237121698 
0.030034585971091328 
0.030034409593115072 
0.030034233237288318 
0.0300340569036112 
0.030033880592083784 
0.030033704302706167 
0.030033528035478447 
0.030033351790400731 
0.030033175567473151 
0.030032999366695769 
0.030032823188068693 
0.030032647031592009 
0.030032470897265871 
0.030032294785090327 
0.030032118695065491 
0.030031942627191447 
0.030031766581468305 
0.030031590557896205 
0.030031414556475206 
0.0300312385772054 
0.030031062620086899 
0.030030886685119797 
0.030030710772304237 
0.030030534881640272 
0.030030359013128012 
0.03003018316676755 
0.030030007342559031 
0.030029831540502507 
0.030029655760598083 
0.030029480002845863 
0.030029304267245947 
0.030029128553798464 
0.030028952862503486 
0.030028777193361101 
0.030028601546371426 
0.030028425921534548 
0.030028250318850608 
0.030028074738319671 
0.030027899179941833 
0.030027723643717197 
0.030027548129645899 
0.030027372637728006 
0.030027197167963607 
0.030027021720352817 
0.030026846294895722 
0.030026670891592468 
0.030026495510443119 
0.030026320151447766 
0.030026144814606515 
0.030025969499919467 
0.030025794207386759 
0.03002561893700845 
0.030025443688784646 
0.030025268462715443 
0.030025093258800976 
0.030024918077041315 
0.030024742917436554 
0.030024567779986792 
0.030024392664692135 
0.030024217571552714 
0.030024042500568598 
0.030023867451739884 
0.03002369242506667 
0.030023517420549099 
0.030023342438187228 
0.030023167477981162 
0.030022992539930991 
0.030022817624036826 
0.030022642730298799 
0.03002246785871698 
0.030022293009291458 
0.030022118182022339 
0.030021943376909725 
0.030021768593953745 
0.030021593833154472 
0.030021419094511999 
0.030021244378026432 
0.030021069683697901 
0.030020895011526477 
0.030020720361512255 
0.03002054573365533 
0.030020371127955813 
0.030020196544413839 
0.030020021983029464 
0.030019847443802792 
0.030019672926733923 
0.030019498431822954 
0.030019323959070029 
0.030019149508475205 
0.030018975080038587 
0.030018800673760268 
0.030018626289640395 
0.030018451927679018 
0.030018277587876251 
0.030018103270232185 
0.030017928974746921 
0.030017754701420599 
0.030017580450253278 
0.030017406221245067 
0.030017232014396052 
0.030017057829706345 
0.030016883667176076 
0.030016709526805314 
0.030016535408594155 
0.030016361312542695 
0.030016187238651085 
0.03001601318691937 
0.030015839157347665 
0.03001566514993606 
0.03001549116468466 
0.030015317201593603 
0.030015143260662947 
0.030014969341892801 
0.030014795445283255 
0.030014621570834413 
0.030014447718546413 
0.030014273888419318 
0.030014100080453226 
0.03001392629464824 
0.030013752531004495 
0.030013578789522054 
0.030013405070201019 
0.030013231373041484 
0.03001305769804356 
0.030012884045207376 
0.030012710414532993 
0.030012536806020521 
0.03001236321967005 
0.030012189655481684 
0.030012016113455563 
0.030011842593591742 
0.030011669095890332 
0.030011495620351419 
0.030011322166975159 
0.030011148735761595 
0.030010975326710841 
0.03001080193982299 
0.030010628575098144 
0.030010455232536443 
0.030010281912137948 
0.030010108613902756 
0.03000993533783097 
0.030009762083922691 
0.030009588852178058 
0.030009415642597122 
0.030009242455179996 
0.03000906928992678 
0.030008896146837601 
0.03000872302591253 
0.030008549927151667 
0.030008376850555109 
0.030008203796122956 
0.030008030763855345 
0.030007857753752341 
0.030007684765814047 
0.030007511800040555 
0.030007338856431972 
0.030007165934988429 
0.030006993035709993 
0.030006820158596768 
0.030006647303648847 
0.030006474470866368 
0.030006301660249399 
0.030006128871798037 
0.03000595610551238 
0.030005783361392528 
0.030005610639438622 
0.030005437939650721 
0.03000526526202893 
0.030005092606573344 
0.030004919973284066 
0.03000474736216123 
0.030004574773204905 
0.030004402206415183 
0.030004229661792173 
0.030004057139336009 
0.030003884639046744 
0.030003712160924494 
0.030003539704969346 
0.03000336727118141 
0.030003194859560819 
0.030003022470107631 
0.030002850102821957 
0.030002677757703884 
0.030002505434753524 
0.03000233313397101 
0.030002160855356404 
0.0300019885989098 
0.030001816364631308 
0.030001644152521059 
0.030001471962579122 
0.030001299794805595 
0.030001127649200571 
0.030000955525764157 
0.030000783424496493 
0.030000611345397631 
0.030000439288467681 
0.030000267253706737 
0.030000095241114907 
0.029999923250692319 
0.029999751282439039 
0.029999579336355168 
0.029999407412440809 
0.029999235510696096 
0.029999063631121089 
0.029998891773715893 
0.029998719938480606 
0.029998548125415327 
0.029998376334520196 
0.029998204565795276 
0.029998032819240662 
0.02999786109485646 
0.029997689392642805 
0.029997517712599758 
0.029997346054727422 
0.029997174419025892 
0.029997002805495276 
0.029996831214135704 
0.029996659644947243 
0.029996488097929992 
0.029996316573084054 
0.02999614507040952 
0.029995973589906539 
0.029995802131575169 
0.029995630695415505 
0.029995459281427654 
0.029995287889611751 
0.029995116519967856 
0.029994945172496072 
0.029994773847196499 
0.029994602544069236 
0.029994431263114425 
0.029994260004332123 
0.029994088767722429 
0.029993917553285447 
0.029993746361021277 
0.029993575190930055 
0.029993404043011842 
0.029993232917266747 
0.029993061813694856 
0.029992890732296315 
0.02999271967307119 
0.029992548636019571 
0.029992377621141566 
0.029992206628437275 
0.02999203565790683 
0.029991864709550294 
0.029991693783367773 
0.029991522879359363 
0.029991351997525166 
0.029991181137865319 
0.029991010300379879 
0.029990839485068956 
0.029990668691932645 
0.029990497920971085 
0.02999032717218433 
0.029990156445572496 
0.02998998574113567 
0.029989815058873957 
0.029989644398787492 
0.029989473760876344 
0.029989303145140606 
0.029989132551580384 
0.02998896198019577 
0.02998879143098691 
0.02998862090395386 
0.029988450399096728 
0.029988279916415606 
0.029988109455910631 
0.029987939017581875 
0.029987768601429432 
0.029987598207453399 
0.02998742783565388 
0.029987257486031017 
0.029987087158584863 
0.029986916853315521 
0.029986746570223096 
0.029986576309307685 
0.029986406070569422 
0.029986235854008378 
0.029986065659624642 
0.029985895487418326 
0.029985725337389559 
0.029985555209538405 
0.029985385103864969 
0.029985215020369344 
