0.74950907456361271 
0.72083065364038756 
0.56116538677457894 
0.56116538677457894 
0.56116538677457894 
0.54734125022006797 
0.0067456478501586314 
0.0067456478501586314 
0.0067456478501586314 
0.0042588372336545 
0.0042588372336545 
0.0042588372336545 
0.0042588372336545 
0.0042588372336545 
0.0042588372336545 
0.0042588372336545 
0.0042588372336545 
0.0042588372336545 
0.0042588372336545 
0.0042588372336545 
0.0042588372336545 
0.0042588372336545 
0.0042588372336545 
0.0042588372336545 
0.0042588372336545 
0.0042588372336545 
0.0042588372336545 
0.0042588372336545 
0.0042588372336545 
0.0042588372336545 
0.0042588372336545 
0.0010412801041151942 
0.0010412801041151942 
0.0010412801041151942 
0.0010412801041151942 
0.0010412801041151942 
0.0010412801041151942 
0.0010412801041151942 
0.0010412801041151942 
0.0010412801041151942 
0.0010412801041151942 
0.0010412801041151942 
0.00080455806471269042 
0.00080455806471269042 
0.00080455806471269042 
0.00080455806471269042 
0.00021391089807276664 
0.00021391089807276664 
0.00021391089807276664 
0.00015181434239475156 
0.00015181434239475156 
0.00015181434239475156 
0.00013696547990427188 
0.00013696547990427188 
0.00013696547990427188 
0.00013696547990427188 
0.00013696547990427188 
0.00013696547990427188 
0.00013696547990427188 
0.00013696547990427188 
0.00013696547990427188 
0.00013696547990427188 
0.00013579525825913041 
0.00013579525825913041 
0.00013579525825913041 
0.00013579525825913041 
0.00013579525825913041 
0.00013579525825913041 
0.00013579525825913041 
0.00013579525825913041 
6.8565090611039103e-05 
6.8565090611039103e-05 
6.8565090611039103e-05 
6.8565090611039103e-05 
6.8565090611039103e-05 
6.8565090611039103e-05 
6.8565090611039103e-05 
6.0310038322519688e-05 
6.0310038322519688e-05 
6.0310038322519688e-05 
6.0310038322519688e-05 
6.0310038322519688e-05 
6.0310038322519688e-05 
6.0310038322519688e-05 
6.0310038322519688e-05 
6.0310038322519688e-05 
5.4015556072317672e-05 
2.5759133625680164e-05 
2.5759133625680164e-05 
2.5759133625680164e-05 
1.8315761833864741e-05 
1.8315761833864741e-05 
1.8315761833864741e-05 
1.8315761833864741e-05 
1.8315761833864741e-05 
1.8315761833864741e-05 
1.8315761833864741e-05 
1.2049300232019888e-05 
1.2049300232019888e-05 
1.2049300232019888e-05 
1.2049300232019888e-05 
1.2049300232019888e-05 
1.2049300232019888e-05 
1.2049300232019888e-05 
1.073689182806703e-05 
1.073689182806703e-05 
1.073689182806703e-05 
1.073689182806703e-05 
1.073689182806703e-05 
1.073689182806703e-05 
1.073689182806703e-05 
1.073689182806703e-05 
1.073689182806703e-05 
1.073689182806703e-05 
1.073689182806703e-05 
1.073689182806703e-05 
1.073689182806703e-05 
1.073689182806703e-05 
1.073689182806703e-05 
1.073689182806703e-05 
1.073689182806703e-05 
1.073689182806703e-05 
2.3877198326305304e-06 
2.3877198326305304e-06 
2.3877198326305304e-06 
2.3877198326305304e-06 
2.3877198326305304e-06 
2.3877198326305304e-06 
2.3877198326305304e-06 
2.3877198326305304e-06 
2.3877198326305304e-06 
2.3877198326305304e-06 
5.7612066528545114e-07 
5.7612066528545114e-07 
5.7612066528545114e-07 
5.7612066528545114e-07 
1.0288829876969885e-07 
1.0288829876969885e-07 
1.0288829876969885e-07 
1.0288829876969885e-07 
4.7324098972900686e-08 
3.6805594572086875e-08 
3.6805594572086875e-08 
3.6805594572086875e-08 
3.6805594572086875e-08 
3.6805594572086875e-08 
3.6805594572086875e-08 
1.4588279806382332e-08 
8.8508077533688834e-09 
8.8508077533688834e-09 
8.8508077533688834e-09 
8.8508077533688834e-09 
8.8508077533688834e-09 
8.8508077533688834e-09 
3.9808324414636331e-09 
2.704225732230725e-09 
2.704225732230725e-09 
2.704225732230725e-09 
2.704225732230725e-09 
2.704225732230725e-09 
2.704225732230725e-09 
1.8827700509760348e-09 
1.8827700509760348e-09 
1.8827700509760348e-09 
1.8827700509760348e-09 
1.8827700509760348e-09 
1.8827700509760348e-09 
1.8827700509760348e-09 
1.8827700509760348e-09 
1.8827700509760348e-09 
1.8827700509760348e-09 
1.8827700509760348e-09 
1.8827700509760348e-09 
1.8827700509760348e-09 
1.8827700509760348e-09 
1.8827700509760348e-09 
1.8827700509760348e-09 
1.8827700509760348e-09 
1.8827700509760348e-09 
1.8827700509760348e-09 
1.8827700509760348e-09 
1.8827700509760348e-09 
1.8827700509760348e-09 
1.8827700509760348e-09 
1.8827700509760348e-09 
1.8827700509760348e-09 
1.8827700509760348e-09 
1.8827700509760348e-09 
1.8827700509760348e-09 
1.8827700509760348e-09 
1.8827700509760348e-09 
1.8827700509760348e-09 
1.8827700509760348e-09 
1.8827700509760348e-09 
1.8827700509760348e-09 
1.8827700509760348e-09 
1.8827700509760348e-09 
1.8827700509760348e-09 
1.8827700509760348e-09 
1.8827700509760348e-09 
1.8827700509760348e-09 
1.8827700509760348e-09 
1.8827700509760348e-09 
1.8827700509760348e-09 
1.8827700509760348e-09 
1.8827700509760348e-09 
1.8827700509760348e-09 
1.8827700509760348e-09 
1.8827700509760348e-09 
1.723295617317433e-09 
1.7220904702242024e-09 
2.1871282562813121e-11 
2.1871282562813121e-11 
2.1871282562813121e-11 
1.3285594846479398e-11 
1.3285594846479398e-11 
1.3285594846479398e-11 
1.3285594846479398e-11 
1.3285594846479398e-11 
1.3285594846479398e-11 
1.3285594846479398e-11 
1.3285594846479398e-11 
1.3285594846479398e-11 
1.3285594846479398e-11 
1.3285594846479398e-11 
1.3285594846479398e-11 
1.3285594846479398e-11 
1.3285594846479398e-11 
1.3285594846479398e-11 
1.3285594846479398e-11 
1.3285594846479398e-11 
1.3285594846479398e-11 
1.3285594846479398e-11 
1.3285594846479398e-11 
1.3285594846479398e-11 
1.3285594846479398e-11 
1.3285594846479398e-11 
1.3285594846479398e-11 
1.3285594846479398e-11 
1.3285594846479398e-11 
1.3285594846479398e-11 
1.3285594846479398e-11 
1.3285594846479398e-11 
1.3285594846479398e-11 
1.3285594846479398e-11 
1.3285594846479398e-11 
1.3285594846479398e-11 
1.118805048605509e-11 
1.118805048605509e-11 
1.118805048605509e-11 
1.118805048605509e-11 
1.118805048605509e-11 
1.118805048605509e-11 
1.118805048605509e-11 
1.118805048605509e-11 
1.118805048605509e-11 
1.118805048605509e-11 
1.118805048605509e-11 
1.118805048605509e-11 
1.118805048605509e-11 
1.118805048605509e-11 
1.118805048605509e-11 
1.118805048605509e-11 
1.118805048605509e-11 
1.118805048605509e-11 
1.118805048605509e-11 
1.118805048605509e-11 
1.118805048605509e-11 
1.118805048605509e-11 
1.118805048605509e-11 
1.118805048605509e-11 
1.118805048605509e-11 
1.118805048605509e-11 
1.118805048605509e-11 
1.118805048605509e-11 
1.118805048605509e-11 
1.118805048605509e-11 
1.118805048605509e-11 
1.118805048605509e-11 
1.118805048605509e-11 
1.118805048605509e-11 
1.118805048605509e-11 
1.118805048605509e-11 
1.118805048605509e-11 
1.118805048605509e-11 
1.118805048605509e-11 
1.118805048605509e-11 
1.118805048605509e-11 
1.118805048605509e-11 
1.118805048605509e-11 
1.118805048605509e-11 
1.118805048605509e-11 
1.118805048605509e-11 
1.118805048605509e-11 
1.118805048605509e-11 
1.118805048605509e-11 
1.118805048605509e-11 
1.118805048605509e-11 
1.118805048605509e-11 
1.118805048605509e-11 
1.118805048605509e-11 
1.118805048605509e-11 
1.118805048605509e-11 
1.118805048605509e-11 
1.118805048605509e-11 
1.118805048605509e-11 
1.118805048605509e-11 
1.118805048605509e-11 
1.118805048605509e-11 
1.118805048605509e-11 
1.118805048605509e-11 
1.118805048605509e-11 
1.118805048605509e-11 
1.118805048605509e-11 
1.118805048605509e-11 
1.118805048605509e-11 
1.118805048605509e-11 
1.118805048605509e-11 
1.118805048605509e-11 
1.118805048605509e-11 
1.118805048605509e-11 
1.118805048605509e-11 
1.118805048605509e-11 
1.118805048605509e-11 
1.118805048605509e-11 
1.118805048605509e-11 
1.118805048605509e-11 
1.118805048605509e-11 
1.118805048605509e-11 
1.118805048605509e-11 
1.118805048605509e-11 
1.118805048605509e-11 
1.118805048605509e-11 
1.118805048605509e-11 
1.118805048605509e-11 
1.118805048605509e-11 
1.118805048605509e-11 
1.118805048605509e-11 
1.118805048605509e-11 
1.118805048605509e-11 
1.118805048605509e-11 
1.118805048605509e-11 
1.118805048605509e-11 
1.118805048605509e-11 
1.118805048605509e-11 
1.118805048605509e-11 
1.118805048605509e-11 
1.118805048605509e-11 
1.118805048605509e-11 
1.118805048605509e-11 
1.118805048605509e-11 
1.118805048605509e-11 
1.118805048605509e-11 
1.118805048605509e-11 
1.118805048605509e-11 
1.118805048605509e-11 
1.118805048605509e-11 
1.118805048605509e-11 
1.118805048605509e-11 
1.118805048605509e-11 
1.118805048605509e-11 
1.118805048605509e-11 
1.118805048605509e-11 
1.118805048605509e-11 
1.118805048605509e-11 
1.118805048605509e-11 
1.118805048605509e-11 
1.118805048605509e-11 
1.118805048605509e-11 
1.118805048605509e-11 
1.118805048605509e-11 
1.118805048605509e-11 
1.118805048605509e-11 
1.118805048605509e-11 
1.118805048605509e-11 
1.118805048605509e-11 
1.118805048605509e-11 
1.118805048605509e-11 
1.118805048605509e-11 
1.118805048605509e-11 
1.118805048605509e-11 
1.118805048605509e-11 
1.118805048605509e-11 
1.118805048605509e-11 
1.118805048605509e-11 
1.118805048605509e-11 
1.118805048605509e-11 
1.118805048605509e-11 
1.118805048605509e-11 
1.118805048605509e-11 
1.118805048605509e-11 
1.118805048605509e-11 
1.118805048605509e-11 
1.118805048605509e-11 
1.118805048605509e-11 
1.118805048605509e-11 
1.118805048605509e-11 
1.118805048605509e-11 
1.118805048605509e-11 
1.118805048605509e-11 
1.118805048605509e-11 
1.118805048605509e-11 
1.118805048605509e-11 
1.118805048605509e-11 
1.118805048605509e-11 
1.118805048605509e-11 
1.118805048605509e-11 
1.118805048605509e-11 
1.118805048605509e-11 
1.118805048605509e-11 
1.118805048605509e-11 
1.118805048605509e-11 
1.118805048605509e-11 
1.118805048605509e-11 
1.118805048605509e-11 
1.118805048605509e-11 
1.118805048605509e-11 
1.118805048605509e-11 
1.118805048605509e-11 
1.118805048605509e-11 
1.118805048605509e-11 
1.118805048605509e-11 
1.118805048605509e-11 
1.118805048605509e-11 
1.118805048605509e-11 
1.118805048605509e-11 
1.118805048605509e-11 
1.118805048605509e-11 
1.118805048605509e-11 
1.118805048605509e-11 
1.118805048605509e-11 
1.118805048605509e-11 
1.118805048605509e-11 
1.118805048605509e-11 
1.118805048605509e-11 
1.118805048605509e-11 
1.118805048605509e-11 
1.118805048605509e-11 
1.118805048605509e-11 
1.118805048605509e-11 
1.118805048605509e-11 
1.118805048605509e-11 
1.118805048605509e-11 
1.118805048605509e-11 
1.118805048605509e-11 
1.118805048605509e-11 
1.118805048605509e-11 
1.118805048605509e-11 
1.118805048605509e-11 
1.118805048605509e-11 
1.118805048605509e-11 
1.118805048605509e-11 
1.118805048605509e-11 
1.118805048605509e-11 
1.118805048605509e-11 
1.118805048605509e-11 
1.118805048605509e-11 
1.118805048605509e-11 
1.118805048605509e-11 
1.118805048605509e-11 
1.118805048605509e-11 
1.118805048605509e-11 
1.118805048605509e-11 
1.118805048605509e-11 
1.118805048605509e-11 
1.118805048605509e-11 
1.118805048605509e-11 
1.118805048605509e-11 
1.118805048605509e-11 
1.118805048605509e-11 
1.118805048605509e-11 
1.118805048605509e-11 
1.118805048605509e-11 
1.118805048605509e-11 
1.118805048605509e-11 
1.118805048605509e-11 
1.118805048605509e-11 
1.118805048605509e-11 
1.118805048605509e-11 
1.118805048605509e-11 
1.118805048605509e-11 
1.118805048605509e-11 
1.118805048605509e-11 
1.118805048605509e-11 
1.118805048605509e-11 
1.118805048605509e-11 
1.118805048605509e-11 
1.118805048605509e-11 
1.118805048605509e-11 
1.118805048605509e-11 
1.118805048605509e-11 
1.118805048605509e-11 
1.118805048605509e-11 
1.118805048605509e-11 
1.118805048605509e-11 
1.118805048605509e-11 
1.118805048605509e-11 
1.118805048605509e-11 
1.118805048605509e-11 
1.118805048605509e-11 
1.118805048605509e-11 
1.118805048605509e-11 
1.118805048605509e-11 
1.118805048605509e-11 
1.118805048605509e-11 
1.118805048605509e-11 
1.118805048605509e-11 
1.118805048605509e-11 
1.118805048605509e-11 
1.118805048605509e-11 
1.118805048605509e-11 
1.118805048605509e-11 
1.118805048605509e-11 
1.118805048605509e-11 
1.118805048605509e-11 
1.118805048605509e-11 
1.118805048605509e-11 
1.118805048605509e-11 
1.118805048605509e-11 
1.118805048605509e-11 
1.118805048605509e-11 
1.118805048605509e-11 
1.118805048605509e-11 
1.118805048605509e-11 
1.118805048605509e-11 
1.118805048605509e-11 
1.118805048605509e-11 
1.118805048605509e-11 
1.118805048605509e-11 
1.118805048605509e-11 
1.118805048605509e-11 
1.118805048605509e-11 
1.118805048605509e-11 
1.118805048605509e-11 
1.118805048605509e-11 
1.118805048605509e-11 
1.118805048605509e-11 
1.118805048605509e-11 
1.118805048605509e-11 
1.118805048605509e-11 
1.118805048605509e-11 
1.118805048605509e-11 
1.118805048605509e-11 
1.118805048605509e-11 
1.118805048605509e-11 
1.118805048605509e-11 
1.118805048605509e-11 
1.118805048605509e-11 
1.118805048605509e-11 
1.118805048605509e-11 
1.118805048605509e-11 
1.118805048605509e-11 
1.118805048605509e-11 
1.118805048605509e-11 
1.118805048605509e-11 
1.118805048605509e-11 
1.118805048605509e-11 
1.118805048605509e-11 
1.118805048605509e-11 
1.118805048605509e-11 
1.118805048605509e-11 
1.118805048605509e-11 
1.118805048605509e-11 
1.118805048605509e-11 
1.118805048605509e-11 
1.118805048605509e-11 
1.118805048605509e-11 
1.118805048605509e-11 
1.118805048605509e-11 
1.118805048605509e-11 
1.118805048605509e-11 
1.118805048605509e-11 
1.118805048605509e-11 
1.118805048605509e-11 
1.118805048605509e-11 
1.118805048605509e-11 
1.118805048605509e-11 
1.118805048605509e-11 
1.118805048605509e-11 
1.118805048605509e-11 
1.118805048605509e-11 
1.118805048605509e-11 
1.118805048605509e-11 
1.118805048605509e-11 
1.118805048605509e-11 
1.118805048605509e-11 
1.118805048605509e-11 
1.118805048605509e-11 
1.118805048605509e-11 
1.118805048605509e-11 
1.118805048605509e-11 
1.118805048605509e-11 
1.118805048605509e-11 
1.118805048605509e-11 
1.118805048605509e-11 
1.118805048605509e-11 
1.118805048605509e-11 
1.118805048605509e-11 
1.118805048605509e-11 
1.118805048605509e-11 
1.118805048605509e-11 
1.118805048605509e-11 
1.118805048605509e-11 
1.118805048605509e-11 
1.118805048605509e-11 
1.118805048605509e-11 
1.118805048605509e-11 
1.118805048605509e-11 
1.118805048605509e-11 
1.118805048605509e-11 
1.118805048605509e-11 
1.118805048605509e-11 
1.118805048605509e-11 
1.118805048605509e-11 
1.118805048605509e-11 
1.118805048605509e-11 
1.118805048605509e-11 
1.118805048605509e-11 
1.118805048605509e-11 
1.118805048605509e-11 
1.118805048605509e-11 
1.118805048605509e-11 
1.118805048605509e-11 
1.118805048605509e-11 
1.118805048605509e-11 
1.118805048605509e-11 
1.118805048605509e-11 
1.118805048605509e-11 
1.118805048605509e-11 
1.118805048605509e-11 
1.118805048605509e-11 
1.118805048605509e-11 
1.118805048605509e-11 
1.118805048605509e-11 
1.118805048605509e-11 
1.118805048605509e-11 
1.118805048605509e-11 
1.118805048605509e-11 
1.118805048605509e-11 
1.118805048605509e-11 
1.118805048605509e-11 
1.118805048605509e-11 
1.118805048605509e-11 
1.118805048605509e-11 
1.118805048605509e-11 
1.118805048605509e-11 
1.118805048605509e-11 
1.118805048605509e-11 
1.118805048605509e-11 
1.118805048605509e-11 
1.118805048605509e-11 
1.118805048605509e-11 
1.118805048605509e-11 
1.118805048605509e-11 
1.118805048605509e-11 
1.118805048605509e-11 
1.118805048605509e-11 
1.118805048605509e-11 
1.118805048605509e-11 
1.118805048605509e-11 
1.118805048605509e-11 
1.118805048605509e-11 
1.118805048605509e-11 
1.118805048605509e-11 
1.118805048605509e-11 
1.118805048605509e-11 
1.118805048605509e-11 
1.118805048605509e-11 
1.118805048605509e-11 
1.118805048605509e-11 
1.118805048605509e-11 
1.118805048605509e-11 
1.118805048605509e-11 
1.118805048605509e-11 
1.118805048605509e-11 
1.118805048605509e-11 
1.118805048605509e-11 
1.118805048605509e-11 
1.118805048605509e-11 
1.118805048605509e-11 
1.118805048605509e-11 
1.118805048605509e-11 
1.118805048605509e-11 
1.118805048605509e-11 
1.118805048605509e-11 
1.118805048605509e-11 
1.118805048605509e-11 
1.118805048605509e-11 
1.118805048605509e-11 
1.118805048605509e-11 
1.118805048605509e-11 
1.118805048605509e-11 
1.118805048605509e-11 
1.118805048605509e-11 
1.118805048605509e-11 
1.118805048605509e-11 
1.118805048605509e-11 
1.118805048605509e-11 
1.118805048605509e-11 
1.118805048605509e-11 
1.118805048605509e-11 
1.118805048605509e-11 
1.118805048605509e-11 
1.118805048605509e-11 
1.118805048605509e-11 
1.118805048605509e-11 
1.118805048605509e-11 
1.118805048605509e-11 
1.118805048605509e-11 
1.118805048605509e-11 
1.118805048605509e-11 
1.118805048605509e-11 
1.118805048605509e-11 
1.118805048605509e-11 
1.118805048605509e-11 
1.118805048605509e-11 
1.118805048605509e-11 
1.118805048605509e-11 
1.118805048605509e-11 
1.118805048605509e-11 
1.118805048605509e-11 
1.118805048605509e-11 
1.118805048605509e-11 
1.118805048605509e-11 
1.118805048605509e-11 
1.118805048605509e-11 
1.118805048605509e-11 
1.118805048605509e-11 
1.118805048605509e-11 
1.118805048605509e-11 
1.118805048605509e-11 
1.118805048605509e-11 
1.118805048605509e-11 
1.118805048605509e-11 
1.118805048605509e-11 
1.118805048605509e-11 
1.118805048605509e-11 
1.118805048605509e-11 
1.118805048605509e-11 
1.118805048605509e-11 
1.118805048605509e-11 
1.118805048605509e-11 
1.118805048605509e-11 
1.118805048605509e-11 
1.118805048605509e-11 
1.118805048605509e-11 
1.118805048605509e-11 
1.118805048605509e-11 
1.118805048605509e-11 
1.118805048605509e-11 
1.118805048605509e-11 
1.118805048605509e-11 
1.118805048605509e-11 
1.118805048605509e-11 
1.118805048605509e-11 
1.118805048605509e-11 
1.118805048605509e-11 
1.118805048605509e-11 
1.118805048605509e-11 
1.118805048605509e-11 
1.118805048605509e-11 
1.118805048605509e-11 
1.118805048605509e-11 
1.118805048605509e-11 
1.118805048605509e-11 
1.118805048605509e-11 
1.118805048605509e-11 
1.118805048605509e-11 
1.118805048605509e-11 
1.118805048605509e-11 
1.118805048605509e-11 
1.118805048605509e-11 
1.118805048605509e-11 
1.118805048605509e-11 
1.118805048605509e-11 
1.118805048605509e-11 
1.118805048605509e-11 
1.118805048605509e-11 
1.118805048605509e-11 
1.118805048605509e-11 
1.118805048605509e-11 
1.118805048605509e-11 
1.118805048605509e-11 
1.118805048605509e-11 
1.118805048605509e-11 
1.118805048605509e-11 
1.118805048605509e-11 
1.118805048605509e-11 
1.118805048605509e-11 
1.118805048605509e-11 
1.118805048605509e-11 
1.118805048605509e-11 
1.118805048605509e-11 
1.118805048605509e-11 
1.118805048605509e-11 
1.118805048605509e-11 
1.118805048605509e-11 
1.118805048605509e-11 
1.118805048605509e-11 
1.118805048605509e-11 
1.118805048605509e-11 
1.118805048605509e-11 
1.118805048605509e-11 
1.118805048605509e-11 
1.118805048605509e-11 
1.118805048605509e-11 
1.118805048605509e-11 
1.118805048605509e-11 
1.118805048605509e-11 
1.118805048605509e-11 
1.118805048605509e-11 
1.118805048605509e-11 
1.118805048605509e-11 
1.118805048605509e-11 
1.118805048605509e-11 
1.118805048605509e-11 
1.118805048605509e-11 
1.118805048605509e-11 
1.118805048605509e-11 
1.118805048605509e-11 
1.118805048605509e-11 
1.118805048605509e-11 
1.118805048605509e-11 
1.118805048605509e-11 
1.118805048605509e-11 
1.118805048605509e-11 
1.118805048605509e-11 
1.118805048605509e-11 
1.118805048605509e-11 
1.118805048605509e-11 
1.118805048605509e-11 
1.118805048605509e-11 
1.118805048605509e-11 
1.118805048605509e-11 
1.118805048605509e-11 
1.118805048605509e-11 
1.118805048605509e-11 
1.118805048605509e-11 
1.118805048605509e-11 
1.118805048605509e-11 
1.118805048605509e-11 
1.118805048605509e-11 
1.118805048605509e-11 
1.118805048605509e-11 
1.118805048605509e-11 
1.118805048605509e-11 
1.118805048605509e-11 
1.118805048605509e-11 
1.118805048605509e-11 
1.118805048605509e-11 
1.118805048605509e-11 
1.118805048605509e-11 
1.118805048605509e-11 
1.118805048605509e-11 
1.118805048605509e-11 
1.118805048605509e-11 
1.118805048605509e-11 
1.118805048605509e-11 
1.118805048605509e-11 
1.118805048605509e-11 
1.118805048605509e-11 
1.118805048605509e-11 
1.118805048605509e-11 
1.118805048605509e-11 
1.118805048605509e-11 
1.118805048605509e-11 
1.118805048605509e-11 
1.118805048605509e-11 
1.118805048605509e-11 
1.118805048605509e-11 
1.118805048605509e-11 
1.118805048605509e-11 
1.118805048605509e-11 
1.118805048605509e-11 
1.118805048605509e-11 
1.118805048605509e-11 
1.118805048605509e-11 
1.118805048605509e-11 
1.118805048605509e-11 
1.118805048605509e-11 
1.118805048605509e-11 
1.118805048605509e-11 
1.118805048605509e-11 
1.118805048605509e-11 
1.118805048605509e-11 
1.118805048605509e-11 
1.118805048605509e-11 
1.118805048605509e-11 
1.118805048605509e-11 
1.118805048605509e-11 
1.118805048605509e-11 
1.118805048605509e-11 
1.118805048605509e-11 
1.118805048605509e-11 
1.118805048605509e-11 
1.118805048605509e-11 
1.118805048605509e-11 
1.118805048605509e-11 
1.118805048605509e-11 
1.118805048605509e-11 
1.118805048605509e-11 
1.118805048605509e-11 
1.118805048605509e-11 
1.118805048605509e-11 
1.118805048605509e-11 
1.118805048605509e-11 
1.118805048605509e-11 
1.118805048605509e-11 
1.118805048605509e-11 
1.118805048605509e-11 
1.118805048605509e-11 
1.118805048605509e-11 
1.118805048605509e-11 
1.118805048605509e-11 
1.118805048605509e-11 
1.118805048605509e-11 
1.118805048605509e-11 
1.118805048605509e-11 
1.118805048605509e-11 
1.118805048605509e-11 
1.118805048605509e-11 
1.118805048605509e-11 
1.118805048605509e-11 
1.118805048605509e-11 
1.118805048605509e-11 
1.118805048605509e-11 
1.118805048605509e-11 
1.118805048605509e-11 
1.118805048605509e-11 
1.118805048605509e-11 
1.118805048605509e-11 
1.118805048605509e-11 
1.118805048605509e-11 
1.118805048605509e-11 
1.118805048605509e-11 
1.118805048605509e-11 
1.118805048605509e-11 
1.118805048605509e-11 
1.118805048605509e-11 
1.118805048605509e-11 
1.118805048605509e-11 
1.118805048605509e-11 
1.118805048605509e-11 
1.118805048605509e-11 
1.118805048605509e-11 
1.118805048605509e-11 
1.118805048605509e-11 
1.118805048605509e-11 
1.118805048605509e-11 
1.118805048605509e-11 
1.118805048605509e-11 
1.118805048605509e-11 
1.118805048605509e-11 
1.118805048605509e-11 
1.118805048605509e-11 
1.118805048605509e-11 
1.118805048605509e-11 
1.118805048605509e-11 
1.118805048605509e-11 
1.118805048605509e-11 
1.118805048605509e-11 
1.118805048605509e-11 
1.118805048605509e-11 
1.118805048605509e-11 
1.118805048605509e-11 
1.118805048605509e-11 
1.118805048605509e-11 
1.118805048605509e-11 
1.118805048605509e-11 
1.118805048605509e-11 
1.118805048605509e-11 
1.118805048605509e-11 
1.118805048605509e-11 
1.118805048605509e-11 
1.118805048605509e-11 
1.118805048605509e-11 
1.118805048605509e-11 
1.118805048605509e-11 
1.118805048605509e-11 
1.118805048605509e-11 
1.118805048605509e-11 
1.118805048605509e-11 
1.118805048605509e-11 
1.118805048605509e-11 
1.118805048605509e-11 
1.118805048605509e-11 
1.118805048605509e-11 
1.118805048605509e-11 
1.118805048605509e-11 
1.118805048605509e-11 
1.118805048605509e-11 
1.118805048605509e-11 
1.118805048605509e-11 
1.118805048605509e-11 
1.118805048605509e-11 
1.118805048605509e-11 
1.118805048605509e-11 
1.118805048605509e-11 
1.118805048605509e-11 
1.118805048605509e-11 
