3.5203697784847097 
3.5203697784847097 
3.5203697784847097 
3.4539883359623222 
3.2473292459236323 
3.0523377106437311 
2.869348433217711 
2.6986988833812307 
2.5407292975105125 
2.3957826786223433 
2.264204796374075 
2.1463441870636264 
2.0214326053016802 
1.806388171835793 
1.6089976782911741 
1.4286170573735504 
1.2646120631184588 
1.1163582708912472 
0.98324107738706823 
0.86465570063088693 
0.76000717997747613 
0.66871037611141659 
0.59018997104709969 
0.52388046812872369 
0.46922619203029675 
0.42568128875563549 
0.39270972563836587 
0.36978529134192217 
0.35639159585954772 
0.35202207051429441 
0.35202207051429441 
0.35202207051429441 
0.35202207051429441 
0.35202207051429441 
0.35202207051429441 
0.35202207051429441 
0.35202207051429441 
0.35202207051429441 
0.35202207051429441 
0.35202207051429441 
0.35202207051429441 
0.35202207051429441 
0.35202207051429441 
0.35202207051429441 
0.35202207051429441 
0.35202207051429441 
0.35202207051429441 
0.35202207051429441 
0.35202207051429441 
0.35202207051429441 
0.35202207051429441 
0.35202207051429441 
0.35202207051429441 
0.35126794265831457 
0.35126794265831457 
0.34886866050508192 
0.34866714524135695 
0.3483371556468205 
0.34631616940989379 
0.34631616940989379 
0.34631616940989379 
0.34631616940989379 
0.34631616940989379 
0.34631616940989379 
0.34495408899873536 
0.34495408899873536 
0.34495408899873536 
0.34495408899873536 
0.34452813599751386 
0.34452813599751386 
0.34452813599751386 
0.34452813599751386 
0.34282419970856398 
0.34137574681296368 
0.33434764778955472 
0.32760344150031634 
0.32118725329784198 
0.31514748608795928 
0.30953682032973023 
0.30441221403545116 
0.2998349027706525 
0.29587039965409923 
0.29258849535779036 
0.29006325810695943 
0.28837303368007405 
0.28760044540883617 
0.28760044540883617 
0.28760044540883617 
0.28760044540883617 
0.28604503271197024 
0.28228476050586593 
0.27871624063754874 
0.27534271012934836 
0.27216821529200574 
0.26919761172467188 
0.26643656431490936 
0.26389154723869102 
0.26156984396040117 
0.2594795472328339 
0.25762955909719532 
0.25495598190716895 
0.25076769367149415 
0.24692119544234134 
0.24342310708622217 
0.24028210727514121 
0.23664265020924663 
0.23285133162020666 
0.22939462143360095 
0.22627844864872837 
0.22351059174888172 
0.22084049471434655 
0.21744478327674771 
0.21437710179367836 
0.21164329714644353 
0.20826550278342421 
0.20486638086135286 
0.20165791424983504 
0.19863905507298843 
0.19580933005091869 
0.19187745392170824 
0.18793397608958656 
0.18417437800969572 
0.18059488878776497 
0.17637815800732992 
0.17186600862435528 
0.16747795686536956 
0.16327914245342667 
0.15924216143266801 
0.15390593391615648 
0.1487752514769014 
0.143843849650268 
0.13910555992738166 
0.13455430975512825 
0.12917797140130205 
0.1240746855382051 
0.11925181507569362 
0.11467044958305971 
0.10992684668905947 
0.10559771660878903 
0.10141626254242225 
0.097512976096698581 
0.093907876703258022 
0.090588808112363708 
0.087543816066310551 
0.084761148299426173 
0.082229254538069979 
0.079936786500633544 
0.07753260075717594 
0.075019726487476984 
0.072603504631468613 
0.070273095212790543 
0.068018475794577926 
0.065830441479461307 
0.063700604909566708 
0.061621396266515471 
0.059586063271424454 
0.05758867118490589 
0.055624102807067442 
0.053688058477512138 
0.051777056075338501 
0.049888431019140457 
0.048020336267007323 
0.046171742316523781 
0.04434243720477006 
0.042533026508321733 
0.040744933343249759 
0.038980398365120586 
0.037242479768996063 
0.035535053289433426 
0.033862812200485308 
0.032231267315699849 
0.030646746988120546 
0.029116397110286296 
0.027648181114231469 
0.026250879971485817 
0.024934092193074509 
0.023708233829518165 
0.022584538470832777 
0.021575057246529774 
0.020692658825616061 
0.019951029416593855 
0.01936467276746083 
0.018948910165710084 
0.018719880438330245 
0.018694539951805152 
0.018694539951805152 
0.018694539951805152 
0.018694539951805152 
0.018679556218329521 
0.018524287249787906 
0.018313591140288927 
0.018193305040756318 
0.018159426930709495 
0.017991782492844752 
0.017798687060195158 
0.017640374882644205 
0.017445391037738216 
0.017200202339915496 
0.016876960617988469 
0.016662626510556326 
0.016493612818412016 
0.016185856075945877 
0.015618360064027025 
0.015192803635652006 
0.014906180264177537 
0.014754281586297206 
0.014249394378071106 
0.01369710763751824 
0.013199931227401571 
0.012761461380513473 
0.012385611372575161 
0.011934387157120774 
0.011476190329456279 
0.011035097650202334 
0.010610536473907473 
0.010201945517869767 
0.0095915503865148747 
0.0087696666213758559 
0.0078987063734578863 
0.0071071979140001655 
0.006388353500168335 
0.0057357750808088755 
0.005143454296448976 
0.0046057724792965713 
0.0041175006532403885 
0.0036737995338498855 
0.0032702195283752901 
0.0029027007357475786 
0.0025675729465785011 
0.0022615556431605363 
0.001981757999466956 
0.0017256788811517427 
0.0014912068455496556 
0.0012766201416762469 
0.0010805867102277598 
0.00090216418358122531 
0.00074079988579447064 
0.0005963308326060046 
0.00046898373143516685 
0.00035937498138197951 
0.00026851067322729294 
0.00019778658943264449 
0.0001489882041403386 
0.00012429068317357028 
0.00012429068317357028 
0.00011465477362507473 
0.00011465477362507473 
0.00011465477362507473 
0.00011465477362507473 
0.00011465477362507473 
0.00011465477362507473 
0.00011465477362507473 
0.00011465477362507473 
0.00011465477362507473 
0.00011465477362507473 
0.00011465477362507473 
0.00011465477362507473 
0.00011465477362507473 
0.00011465477362507473 
0.00011465477362507473 
0.00011465477362507473 
0.00011465477362507473 
0.00011465477362507473 
0.00011465477362507473 
0.00011465477362507473 
0.00011465477362507473 
0.00011465477362507473 
0.00011441171384411363 
0.00011441171384411363 
0.00011441171384411363 
0.00011441171384411363 
0.00011441171384411363 
0.00011441171384411363 
0.00011441171384411363 
0.00011441171384411363 
0.00011441171384411363 
0.00011441171384411363 
6.8001526058895801e-05 
6.8001526058895801e-05 
6.8001526058895801e-05 
6.172470366973898e-05 
3.8089287562572462e-05 
2.2713877630814706e-05 
1.1978749608128457e-05 
3.3452629470483092e-06 
4.1820402746561561e-08 
4.1820402746561561e-08 
4.1820402746561561e-08 
4.1820402746561561e-08 
4.1820402746561561e-08 
4.1820402746561561e-08 
4.1820402746561561e-08 
4.1820402746561561e-08 
4.1820402746561561e-08 
4.1820402746561561e-08 
4.1820402746561561e-08 
4.1820402746561561e-08 
4.1820402746561561e-08 
4.1820402746561561e-08 
4.1820402746561561e-08 
4.1820402746561561e-08 
4.1820402746561561e-08 
4.1820402746561561e-08 
4.1820402746561561e-08 
4.1820402746561561e-08 
4.1820402746561561e-08 
4.1820402746561561e-08 
4.1820402746561561e-08 
4.1820402746561561e-08 
4.1820402746561561e-08 
4.1820402746561561e-08 
4.1820402746561561e-08 
4.1820402746561561e-08 
4.1820402746561561e-08 
4.1820402746561561e-08 
4.1820402746561561e-08 
4.1820402746561561e-08 
4.1820402746561561e-08 
4.1820402746561561e-08 
4.1820402746561561e-08 
4.1820402746561561e-08 
4.1820402746561561e-08 
4.1820402746561561e-08 
4.1820402746561561e-08 
4.1820402746561561e-08 
4.1820402746561561e-08 
4.1820402746561561e-08 
4.1820402746561561e-08 
4.1820402746561561e-08 
4.1820402746561561e-08 
4.1820402746561561e-08 
4.1820402746561561e-08 
4.1820402746561561e-08 
4.1820402746561561e-08 
4.1820402746561561e-08 
4.1820402746561561e-08 
4.1820402746561561e-08 
4.1820402746561561e-08 
4.1820402746561561e-08 
4.1820402746561561e-08 
4.1820402746561561e-08 
8.6896426084270123e-09 
8.6896426084270123e-09 
8.6896426084270123e-09 
8.6896426084270123e-09 
8.6896426084270123e-09 
8.6896426084270123e-09 
8.6896426084270123e-09 
8.6896426084270123e-09 
8.6896426084270123e-09 
8.6896426084270123e-09 
8.6896426084270123e-09 
8.6896426084270123e-09 
8.6896426084270123e-09 
8.6896426084270123e-09 
8.6896426084270123e-09 
8.6896426084270123e-09 
8.6896426084270123e-09 
8.6896426084270123e-09 
8.6896426084270123e-09 
8.6896426084270123e-09 
8.6896426084270123e-09 
8.6896426084270123e-09 
8.6896426084270123e-09 
8.6896426084270123e-09 
8.6896426084270123e-09 
8.6896426084270123e-09 
8.6896426084270123e-09 
8.6896426084270123e-09 
8.6896426084270123e-09 
8.6896426084270123e-09 
8.6896426084270123e-09 
8.6896426084270123e-09 
8.6896426084270123e-09 
8.6896426084270123e-09 
8.6896426084270123e-09 
8.6896426084270123e-09 
8.6896426084270123e-09 
8.6896426084270123e-09 
8.6896426084270123e-09 
8.6896426084270123e-09 
8.6896426084270123e-09 
8.6896426084270123e-09 
8.6896426084270123e-09 
8.6896426084270123e-09 
8.6896426084270123e-09 
8.6896426084270123e-09 
8.6896426084270123e-09 
8.6896426084270123e-09 
8.6896426084270123e-09 
8.6896426084270123e-09 
8.6896426084270123e-09 
8.6896426084270123e-09 
8.6896426084270123e-09 
8.6896426084270123e-09 
8.6896426084270123e-09 
8.6896426084270123e-09 
8.6896426084270123e-09 
8.6896426084270123e-09 
8.6896426084270123e-09 
8.6896426084270123e-09 
8.6896426084270123e-09 
8.6896426084270123e-09 
8.6896426084270123e-09 
8.6896426084270123e-09 
8.6896426084270123e-09 
8.6896426084270123e-09 
8.6896426084270123e-09 
8.6896426084270123e-09 
8.6896426084270123e-09 
8.6896426084270123e-09 
8.6896426084270123e-09 
8.6896426084270123e-09 
8.6896426084270123e-09 
8.6896426084270123e-09 
8.6896426084270123e-09 
8.6896426084270123e-09 
8.6896426084270123e-09 
8.6896426084270123e-09 
8.6896426084270123e-09 
8.6896426084270123e-09 
8.2768340497077963e-09 
8.2768340497077963e-09 
8.2768340497077963e-09 
8.2768340497077963e-09 
8.2768340497077963e-09 
8.2768340497077963e-09 
8.2768340497077963e-09 
8.2768340497077963e-09 
8.2768340497077963e-09 
8.2768340497077963e-09 
8.2768340497077963e-09 
8.2768340497077963e-09 
8.2768340497077963e-09 
8.2768340497077963e-09 
8.2768340497077963e-09 
8.2768340497077963e-09 
8.2768340497077963e-09 
8.2768340497077963e-09 
8.2768340497077963e-09 
8.2768340497077963e-09 
8.2768340497077963e-09 
8.2768340497077963e-09 
8.2768340497077963e-09 
8.2768340497077963e-09 
8.2768340497077963e-09 
8.2768340497077963e-09 
8.2768340497077963e-09 
8.2768340497077963e-09 
8.2768340497077963e-09 
8.2768340497077963e-09 
8.2768340497077963e-09 
8.2768340497077963e-09 
8.2768340497077963e-09 
8.2768340497077963e-09 
8.2768340497077963e-09 
8.2768340497077963e-09 
8.2768340497077963e-09 
8.2768340497077963e-09 
8.2768340497077963e-09 
8.2768340497077963e-09 
3.7747778989536905e-11 
3.7747778989536905e-11 
3.7747778989536905e-11 
3.7747778989536905e-11 
3.7747778989536905e-11 
3.7747778989536905e-11 
3.7747778989536905e-11 
3.7747778989536905e-11 
3.7747778989536905e-11 
3.7747778989536905e-11 
3.7747778989536905e-11 
3.7747778989536905e-11 
3.7747778989536905e-11 
3.7747778989536905e-11 
3.7747778989536905e-11 
3.7747778989536905e-11 
3.7747778989536905e-11 
3.7747778989536905e-11 
3.7747778989536905e-11 
3.7747778989536905e-11 
3.7747778989536905e-11 
3.7747778989536905e-11 
3.7747778989536905e-11 
3.7747778989536905e-11 
3.7747778989536905e-11 
3.7747778989536905e-11 
3.7747778989536905e-11 
3.7747778989536905e-11 
3.7747778989536905e-11 
3.7747778989536905e-11 
3.7747778989536905e-11 
3.7747778989536905e-11 
3.7747778989536905e-11 
3.7747778989536905e-11 
3.7747778989536905e-11 
3.7747778989536905e-11 
3.7747778989536905e-11 
3.7747778989536905e-11 
3.7747778989536905e-11 
3.7747778989536905e-11 
3.7747778989536905e-11 
3.7747778989536905e-11 
3.7747778989536905e-11 
3.7747778989536905e-11 
3.7747778989536905e-11 
3.7747778989536905e-11 
3.7747778989536905e-11 
3.7747778989536905e-11 
3.7747778989536905e-11 
3.7747778989536905e-11 
3.7747778989536905e-11 
3.7747778989536905e-11 
3.7747778989536905e-11 
3.7747778989536905e-11 
3.7747778989536905e-11 
3.7747778989536905e-11 
3.7747778989536905e-11 
3.7747778989536905e-11 
3.7747778989536905e-11 
3.7747778989536905e-11 
3.7747778989536905e-11 
3.7747778989536905e-11 
3.7747778989536905e-11 
3.7747778989536905e-11 
3.7747778989536905e-11 
3.7747778989536905e-11 
3.7747778989536905e-11 
3.7747778989536905e-11 
3.7747778989536905e-11 
3.7747778989536905e-11 
3.7747778989536905e-11 
3.7747778989536905e-11 
3.7747778989536905e-11 
3.7747778989536905e-11 
3.7747778989536905e-11 
3.7747778989536905e-11 
3.7747778989536905e-11 
3.7747778989536905e-11 
3.7747778989536905e-11 
3.7747778989536905e-11 
3.7747778989536905e-11 
3.7747778989536905e-11 
3.7747778989536905e-11 
3.7747778989536905e-11 
3.7747778989536905e-11 
3.7747778989536905e-11 
3.7747778989536905e-11 
3.7747778989536905e-11 
3.7747778989536905e-11 
3.7747778989536905e-11 
3.7747778989536905e-11 
3.7747778989536905e-11 
3.7747778989536905e-11 
3.7747778989536905e-11 
3.7747778989536905e-11 
3.7747778989536905e-11 
3.7747778989536905e-11 
3.7747778989536905e-11 
3.7747778989536905e-11 
3.7747778989536905e-11 
3.7747778989536905e-11 
3.7747778989536905e-11 
3.7747778989536905e-11 
3.7747778989536905e-11 
3.7747778989536905e-11 
3.7747778989536905e-11 
3.7747778989536905e-11 
3.7747778989536905e-11 
3.7747778989536905e-11 
3.7747778989536905e-11 
3.7747778989536905e-11 
3.7747778989536905e-11 
3.7747778989536905e-11 
3.7747778989536905e-11 
3.7747778989536905e-11 
3.7747778989536905e-11 
3.7747778989536905e-11 
3.7747778989536905e-11 
3.7747778989536905e-11 
3.7747778989536905e-11 
3.7747778989536905e-11 
3.7747778989536905e-11 
3.7747778989536905e-11 
3.7747778989536905e-11 
3.7747778989536905e-11 
3.7747778989536905e-11 
3.7747778989536905e-11 
3.7747778989536905e-11 
3.7747778989536905e-11 
3.7747778989536905e-11 
3.7747778989536905e-11 
3.7747778989536905e-11 
3.7747778989536905e-11 
3.7747778989536905e-11 
3.7747778989536905e-11 
3.7747778989536905e-11 
3.7747778989536905e-11 
3.7747778989536905e-11 
3.7747778989536905e-11 
3.7747778989536905e-11 
3.7747778989536905e-11 
3.7747778989536905e-11 
3.7747778989536905e-11 
3.7747778989536905e-11 
3.7747778989536905e-11 
3.7747778989536905e-11 
3.7747778989536905e-11 
3.7747778989536905e-11 
3.7747778989536905e-11 
3.7747778989536905e-11 
3.7747778989536905e-11 
3.7747778989536905e-11 
3.7747778989536905e-11 
3.7747778989536905e-11 
3.7747778989536905e-11 
3.7747778989536905e-11 
3.7747778989536905e-11 
3.7747778989536905e-11 
3.7747778989536905e-11 
3.7747778989536905e-11 
3.7747778989536905e-11 
3.7747778989536905e-11 
3.7747778989536905e-11 
3.7747778989536905e-11 
3.7747778989536905e-11 
3.7747778989536905e-11 
3.7747778989536905e-11 
3.7747778989536905e-11 
3.7747778989536905e-11 
3.7747778989536905e-11 
3.7747778989536905e-11 
3.7747778989536905e-11 
3.7747778989536905e-11 
3.7747778989536905e-11 
3.7747778989536905e-11 
3.7747778989536905e-11 
3.7747778989536905e-11 
3.7747778989536905e-11 
3.7747778989536905e-11 
3.7747778989536905e-11 
3.7747778989536905e-11 
3.7747778989536905e-11 
3.7747778989536905e-11 
3.7747778989536905e-11 
3.7747778989536905e-11 
3.7747778989536905e-11 
3.7747778989536905e-11 
3.7747778989536905e-11 
3.7747778989536905e-11 
3.7747778989536905e-11 
3.7747778989536905e-11 
3.7747778989536905e-11 
3.7747778989536905e-11 
3.7747778989536905e-11 
3.7747778989536905e-11 
3.7747778989536905e-11 
3.7747778989536905e-11 
3.7747778989536905e-11 
3.7747778989536905e-11 
3.7747778989536905e-11 
3.7747778989536905e-11 
3.7747778989536905e-11 
3.7747778989536905e-11 
3.7747778989536905e-11 
3.7747778989536905e-11 
3.7747778989536905e-11 
3.7747778989536905e-11 
3.7747778989536905e-11 
3.7747778989536905e-11 
3.7747778989536905e-11 
3.7747778989536905e-11 
3.7747778989536905e-11 
3.7747778989536905e-11 
3.7747778989536905e-11 
3.7747778989536905e-11 
3.7747778989536905e-11 
3.7747778989536905e-11 
3.7747778989536905e-11 
3.7747778989536905e-11 
3.7747778989536905e-11 
3.7747778989536905e-11 
3.7747778989536905e-11 
3.7747778989536905e-11 
3.7747778989536905e-11 
3.7747778989536905e-11 
3.7747778989536905e-11 
3.7747778989536905e-11 
3.7747778989536905e-11 
3.7747778989536905e-11 
3.7747778989536905e-11 
3.7747778989536905e-11 
3.7747778989536905e-11 
3.7747778989536905e-11 
3.7747778989536905e-11 
3.7747778989536905e-11 
3.7747778989536905e-11 
3.7747778989536905e-11 
3.7747778989536905e-11 
3.7747778989536905e-11 
3.7747778989536905e-11 
3.7747778989536905e-11 
3.7747778989536905e-11 
3.7747778989536905e-11 
3.7747778989536905e-11 
3.7747778989536905e-11 
3.7747778989536905e-11 
3.7747778989536905e-11 
3.7747778989536905e-11 
3.7747778989536905e-11 
3.7747778989536905e-11 
3.7747778989536905e-11 
3.7747778989536905e-11 
3.7747778989536905e-11 
3.7747778989536905e-11 
3.7747778989536905e-11 
3.7747778989536905e-11 
3.7747778989536905e-11 
3.7747778989536905e-11 
3.7747778989536905e-11 
3.7747778989536905e-11 
3.7747778989536905e-11 
3.7747778989536905e-11 
3.7747778989536905e-11 
3.7747778989536905e-11 
3.7747778989536905e-11 
3.7747778989536905e-11 
3.7747778989536905e-11 
3.7747778989536905e-11 
3.7747778989536905e-11 
3.7747778989536905e-11 
3.7747778989536905e-11 
3.7747778989536905e-11 
3.7747778989536905e-11 
3.7747778989536905e-11 
3.7747778989536905e-11 
3.7747778989536905e-11 
3.7747778989536905e-11 
3.7747778989536905e-11 
3.7747778989536905e-11 
3.7747778989536905e-11 
3.7747778989536905e-11 
3.7747778989536905e-11 
3.7747778989536905e-11 
3.7747778989536905e-11 
3.7747778989536905e-11 
3.7747778989536905e-11 
3.7747778989536905e-11 
3.7747778989536905e-11 
3.7747778989536905e-11 
3.7747778989536905e-11 
3.7747778989536905e-11 
3.7747778989536905e-11 
3.7747778989536905e-11 
3.7747778989536905e-11 
3.7747778989536905e-11 
3.7747778989536905e-11 
3.7747778989536905e-11 
3.7747778989536905e-11 
3.7747778989536905e-11 
3.7747778989536905e-11 
3.7747778989536905e-11 
3.7747778989536905e-11 
3.7747778989536905e-11 
3.7747778989536905e-11 
3.7747778989536905e-11 
3.7747778989536905e-11 
3.7747778989536905e-11 
3.7747778989536905e-11 
3.7747778989536905e-11 
3.7747778989536905e-11 
3.7747778989536905e-11 
3.7747778989536905e-11 
3.7747778989536905e-11 
3.7747778989536905e-11 
3.7747778989536905e-11 
3.7747778989536905e-11 
3.7747778989536905e-11 
3.7747778989536905e-11 
3.7747778989536905e-11 
3.7747778989536905e-11 
3.7747778989536905e-11 
3.7747778989536905e-11 
3.7747778989536905e-11 
3.7747778989536905e-11 
3.7747778989536905e-11 
3.7747778989536905e-11 
3.7747778989536905e-11 
3.7747778989536905e-11 
3.7747778989536905e-11 
3.7747778989536905e-11 
3.7747778989536905e-11 
3.7747778989536905e-11 
3.7747778989536905e-11 
3.7747778989536905e-11 
3.7747778989536905e-11 
3.7747778989536905e-11 
3.7747778989536905e-11 
3.7747778989536905e-11 
3.7747778989536905e-11 
3.7747778989536905e-11 
3.7747778989536905e-11 
3.7747778989536905e-11 
3.7747778989536905e-11 
3.7747778989536905e-11 
3.7747778989536905e-11 
3.7747778989536905e-11 
3.7747778989536905e-11 
3.7747778989536905e-11 
3.7747778989536905e-11 
3.7747778989536905e-11 
3.7747778989536905e-11 
3.7747778989536905e-11 
3.7747778989536905e-11 
3.7747778989536905e-11 
3.7747778989536905e-11 
3.7747778989536905e-11 
3.7747778989536905e-11 
3.7747778989536905e-11 
3.7747778989536905e-11 
3.7747778989536905e-11 
3.7747778989536905e-11 
3.7747778989536905e-11 
3.7747778989536905e-11 
3.7747778989536905e-11 
3.7747778989536905e-11 
3.7747778989536905e-11 
3.7747778989536905e-11 
3.7747778989536905e-11 
3.7747778989536905e-11 
3.7747778989536905e-11 
3.7747778989536905e-11 
3.7747778989536905e-11 
3.7747778989536905e-11 
3.7747778989536905e-11 
3.7747778989536905e-11 
3.7747778989536905e-11 
3.7747778989536905e-11 
3.7747778989536905e-11 
3.7747778989536905e-11 
3.7747778989536905e-11 
3.7747778989536905e-11 
3.7747778989536905e-11 
3.7747778989536905e-11 
3.7747778989536905e-11 
3.7747778989536905e-11 
3.7747778989536905e-11 
3.7747778989536905e-11 
3.7747778989536905e-11 
3.7747778989536905e-11 
3.7747778989536905e-11 
3.7747778989536905e-11 
3.7747778989536905e-11 
3.7747778989536905e-11 
3.7747778989536905e-11 
3.7747778989536905e-11 
3.7747778989536905e-11 
3.7747778989536905e-11 
3.7747778989536905e-11 
3.7747778989536905e-11 
3.7747778989536905e-11 
3.7747778989536905e-11 
3.7747778989536905e-11 
3.7747778989536905e-11 
3.7747778989536905e-11 
3.7747778989536905e-11 
3.7747778989536905e-11 
3.7747778989536905e-11 
3.7747778989536905e-11 
3.7747778989536905e-11 
3.7747778989536905e-11 
3.7747778989536905e-11 
3.7747778989536905e-11 
3.7747778989536905e-11 
3.7747778989536905e-11 
3.7747778989536905e-11 
3.7747778989536905e-11 
3.7747778989536905e-11 
3.7747778989536905e-11 
3.7747778989536905e-11 
3.7747778989536905e-11 
3.7747778989536905e-11 
3.7747778989536905e-11 
3.7747778989536905e-11 
3.7747778989536905e-11 
3.7747778989536905e-11 
3.7747778989536905e-11 
3.7747778989536905e-11 
3.7747778989536905e-11 
3.7747778989536905e-11 
3.7747778989536905e-11 
3.7747778989536905e-11 
3.7747778989536905e-11 
3.7747778989536905e-11 
3.7747778989536905e-11 
3.7747778989536905e-11 
3.7747778989536905e-11 
3.7747778989536905e-11 
3.7747778989536905e-11 
3.7747778989536905e-11 
3.7747778989536905e-11 
3.7747778989536905e-11 
3.7747778989536905e-11 
3.7747778989536905e-11 
3.7747778989536905e-11 
3.7747778989536905e-11 
3.7747778989536905e-11 
3.7747778989536905e-11 
3.7747778989536905e-11 
3.7747778989536905e-11 
3.7747778989536905e-11 
3.7747778989536905e-11 
3.7747778989536905e-11 
3.7747778989536905e-11 
3.7747778989536905e-11 
3.7747778989536905e-11 
3.7747778989536905e-11 
3.7747778989536905e-11 
3.7747778989536905e-11 
3.7747778989536905e-11 
3.7747778989536905e-11 
3.7747778989536905e-11 
3.7747778989536905e-11 
3.7747778989536905e-11 
3.7747778989536905e-11 
3.7747778989536905e-11 
3.7747778989536905e-11 
3.7747778989536905e-11 
3.7747778989536905e-11 
3.7747778989536905e-11 
3.7747778989536905e-11 
3.7747778989536905e-11 
3.7747778989536905e-11 
3.7747778989536905e-11 
3.7747778989536905e-11 
3.7747778989536905e-11 
3.7747778989536905e-11 
3.7747778989536905e-11 
3.7747778989536905e-11 
3.7747778989536905e-11 
3.7747778989536905e-11 
3.7747778989536905e-11 
3.7747778989536905e-11 
3.7747778989536905e-11 
3.7747778989536905e-11 
3.7747778989536905e-11 
3.7747778989536905e-11 
3.7747778989536905e-11 
3.7747778989536905e-11 
3.7747778989536905e-11 
3.7747778989536905e-11 
3.7747778989536905e-11 
3.7747778989536905e-11 
3.7747778989536905e-11 
3.7747778989536905e-11 
3.7747778989536905e-11 
3.7747778989536905e-11 
3.7747778989536905e-11 
3.7747778989536905e-11 
3.7747778989536905e-11 
3.7747778989536905e-11 
3.7747778989536905e-11 
3.7747778989536905e-11 
3.7747778989536905e-11 
3.7747778989536905e-11 
3.7747778989536905e-11 
3.7747778989536905e-11 
3.7747778989536905e-11 
3.7747778989536905e-11 
3.7747778989536905e-11 
3.7747778989536905e-11 
3.7747778989536905e-11 
3.7747778989536905e-11 
3.7747778989536905e-11 
3.7747778989536905e-11 
3.7747778989536905e-11 
3.7747778989536905e-11 
3.7747778989536905e-11 
3.7747778989536905e-11 
3.7747778989536905e-11 
3.7747778989536905e-11 
3.7747778989536905e-11 
3.7747778989536905e-11 
3.7747778989536905e-11 
3.7747778989536905e-11 
3.7747778989536905e-11 
3.7747778989536905e-11 
3.7747778989536905e-11 
3.7747778989536905e-11 
3.7747778989536905e-11 
3.7747778989536905e-11 
3.7747778989536905e-11 
3.7747778989536905e-11 
3.7747778989536905e-11 
3.7747778989536905e-11 
3.7747778989536905e-11 
3.7747778989536905e-11 
3.7747778989536905e-11 
3.7747778989536905e-11 
3.7747778989536905e-11 
