0.59895653649558445 
0.59895274700993706 
0.53762215186482276 
0.53597003530485854 
0.42400123069919338 
0.34353440103350374 
0.26833036606673422 
0.20053252902001972 
0.18039848120411905 
0.18039848120411905 
0.18039848120411905 
0.18039848120411905 
0.17929255557098142 
0.17929255557098142 
0.17929255557098142 
0.17929255557098142 
0.17929255557098142 
0.17929255557098142 
0.17929255557098142 
0.17791044407283696 
0.17791044407283696 
0.17791044407283696 
0.17791044407283696 
0.17791044407283696 
0.17791044407283696 
0.17791044407283696 
0.17791044407283696 
0.17791044407283696 
0.17791044407283696 
0.17791044407283696 
0.17791044407283696 
0.17791044407283696 
0.17791044407283696 
0.17791044407283696 
0.17791044407283696 
0.17791044407283696 
0.17791044407283696 
0.17789891000403424 
0.17789891000403424 
0.17789891000403424 
0.17789891000403424 
0.17789891000403424 
0.17789891000403424 
0.17789891000403424 
0.17789891000403424 
0.17789891000403424 
0.17789891000403424 
0.17789891000403424 
0.17789891000403424 
0.17789891000403424 
0.17789891000403424 
0.17789891000403424 
0.17789891000403424 
0.17457689237161206 
0.16994742231392188 
0.16411227227644928 
0.16411227227644928 
0.16411227227644928 
0.163737024253967 
0.163737024253967 
0.163737024253967 
0.16372853268250581 
0.16372853268250581 
0.16372853268250581 
0.16364906797382425 
0.16364906797382425 
0.16364906797382425 
0.16364906797382425 
0.16364906797382425 
0.16364906797382425 
0.16364906797382425 
0.16364906797382425 
0.16364906797382425 
0.16364906797382425 
0.16364906797382425 
0.16275246148393155 
0.16275246148393155 
0.16275246148393155 
0.16275246148393155 
0.15845737634958895 
0.15845737634958895 
0.15624403639641202 
0.15624403639641202 
0.1508801708201489 
0.1508801708201489 
0.14716818925150665 
0.14248024240335178 
0.13949809571313757 
0.13789451281632059 
0.13739482471854075 
0.13739482471854075 
0.1348839463185505 
0.13189770492346828 
0.12957412028893603 
0.12783958808962015 
0.12182856136729722 
0.12182856136729722 
0.11934888483572909 
0.11649757334081734 
0.11458597551405014 
0.11262293243570461 
0.10880903598957105 
0.10538120751658406 
0.1022877543549755 
0.09948760371265182 
0.096947370594741136 
0.094639316641349266 
0.089863253999312401 
0.084026075129060337 
0.079530738696434733 
0.075018274910041385 
0.069379868123842059 
0.065000459225463519 
0.061561647069359827 
0.058829394222272832 
0.055640652285347418 
0.051558347905481902 
0.04774710314645142 
0.043895257229640321 
0.040576136679345086 
0.034472392884736663 
0.030222793714744234 
0.027488573668999344 
0.025795464085064682 
0.022636100829702667 
0.01916760774814661 
0.016629513773673776 
0.014129944357546935 
0.011819433469758918 
0.010462719401311434 
0.009036112972414136 
0.0080296574663941446 
0.0063358547181573558 
0.0050738753472004978 
0.0047483684097852259 
0.0030663500409229562 
0.0026601586235754709 
0.0024752258754068618 
0.0022049063149094141 
0.001998233971345029 
0.0017475533475658043 
0.0015487029966166346 
0.0010718352951619061 
0.00061230121607756024 
0.00029488275763859878 
0.00010619246046878742 
3.110801018485694e-05 
3.110801018485694e-05 
3.110801018485694e-05 
5.2907430163788907e-06 
5.2907430163788907e-06 
5.2907430163788907e-06 
5.2907430163788907e-06 
5.2907430163788907e-06 
2.7330953227025731e-06 
2.7330953227025731e-06 
1.6714474099459244e-06 
1.6714474099459244e-06 
1.3463209602829513e-06 
1.2192337497296171e-06 
2.9292177827325674e-07 
2.9292177827325674e-07 
2.9292177827325674e-07 
2.9292177827325674e-07 
1.492128860512256e-07 
1.492128860512256e-07 
1.492128860512256e-07 
1.492128860512256e-07 
1.492128860512256e-07 
1.492128860512256e-07 
1.492128860512256e-07 
1.3186169903152123e-07 
1.3186169903152123e-07 
7.598803839767159e-08 
7.598803839767159e-08 
6.4197497881995429e-08 
6.4197497881995429e-08 
6.4197497881995429e-08 
6.4197497881995429e-08 
3.6844714540826624e-08 
5.0134357501302569e-09 
5.0134357501302569e-09 
5.0134357501302569e-09 
5.0134357501302569e-09 
5.0134357501302569e-09 
5.0134357501302569e-09 
5.0134357501302569e-09 
2.4712509234039128e-09 
2.4712509234039128e-09 
2.4712509234039128e-09 
2.4712509234039128e-09 
2.4712509234039128e-09 
2.4712509234039128e-09 
2.4712509234039128e-09 
2.4712509234039128e-09 
2.4712509234039128e-09 
2.4712509234039128e-09 
2.4712509234039128e-09 
2.4712509234039128e-09 
2.4712509234039128e-09 
2.4712509234039128e-09 
2.4712509234039128e-09 
2.4712509234039128e-09 
2.4712509234039128e-09 
2.4712509234039128e-09 
2.4712509234039128e-09 
2.4712509234039128e-09 
2.4712509234039128e-09 
2.4712509234039128e-09 
2.4712509234039128e-09 
1.0910936028545665e-09 
1.0910936028545665e-09 
1.0910936028545665e-09 
1.0910936028545665e-09 
1.0910936028545665e-09 
1.0910936028545665e-09 
1.0910936028545665e-09 
2.6563500525083064e-10 
2.6563500525083064e-10 
2.6563500525083064e-10 
2.6563500525083064e-10 
2.6563500525083064e-10 
2.6563500525083064e-10 
2.6563500525083064e-10 
2.6563500525083064e-10 
2.6563500525083064e-10 
2.6563500525083064e-10 
2.6563500525083064e-10 
2.6563500525083064e-10 
2.6563500525083064e-10 
2.6563500525083064e-10 
1.3054703307445444e-10 
1.3054703307445444e-10 
1.3054703307445444e-10 
1.3054703307445444e-10 
1.3054703307445444e-10 
1.3054703307445444e-10 
1.3054703307445444e-10 
8.2621297613748072e-11 
8.2621297613748072e-11 
8.2621297613748072e-11 
8.2621297613748072e-11 
8.2621297613748072e-11 
8.2621297613748072e-11 
8.2621297613748072e-11 
8.2621297613748072e-11 
2.7774339455983589e-11 
2.7774339455983589e-11 
2.7774339455983589e-11 
2.7774339455983589e-11 
2.7774339455983589e-11 
2.7774339455983589e-11 
2.7774339455983589e-11 
2.8378680539743867e-12 
2.8378680539743867e-12 
2.8378680539743867e-12 
2.5659797567192061e-12 
2.5659797567192061e-12 
2.5659797567192061e-12 
2.5659797567192061e-12 
2.5659797567192061e-12 
2.5659797567192061e-12 
2.5659797567192061e-12 
2.5659797567192061e-12 
2.5659797567192061e-12 
2.5659797567192061e-12 
2.5659797567192061e-12 
2.5659797567192061e-12 
1.6950068883597795e-13 
1.6950068883597795e-13 
1.6950068883597795e-13 
1.6950068883597795e-13 
1.6950068883597795e-13 
1.6950068883597795e-13 
1.6950068883597795e-13 
1.6950068883597795e-13 
1.6950068883597795e-13 
1.6950068883597795e-13 
1.6950068883597795e-13 
1.6950068883597795e-13 
1.6950068883597795e-13 
1.6950068883597795e-13 
1.6950068883597795e-13 
1.6950068883597795e-13 
1.6950068883597795e-13 
1.6950068883597795e-13 
1.6950068883597795e-13 
1.6950068883597795e-13 
1.6950068883597795e-13 
1.6950068883597795e-13 
1.6950068883597795e-13 
1.6950068883597795e-13 
1.6950068883597795e-13 
1.6950068883597795e-13 
1.6950068883597795e-13 
1.6950068883597795e-13 
1.6950068883597795e-13 
1.6950068883597795e-13 
1.6950068883597795e-13 
1.6950068883597795e-13 
1.6950068883597795e-13 
1.6950068883597795e-13 
1.6950068883597795e-13 
1.6950068883597795e-13 
1.6950068883597795e-13 
1.6950068883597795e-13 
1.6950068883597795e-13 
1.6950068883597795e-13 
1.6950068883597795e-13 
1.6950068883597795e-13 
1.6950068883597795e-13 
1.6950068883597795e-13 
1.6950068883597795e-13 
1.6950068883597795e-13 
1.6950068883597795e-13 
1.6950068883597795e-13 
1.6950068883597795e-13 
1.6950068883597795e-13 
1.6950068883597795e-13 
1.6950068883597795e-13 
1.6950068883597795e-13 
1.6950068883597795e-13 
1.6950068883597795e-13 
1.6950068883597795e-13 
1.6950068883597795e-13 
1.6950068883597795e-13 
1.6950068883597795e-13 
1.6950068883597795e-13 
1.6950068883597795e-13 
1.6950068883597795e-13 
1.6950068883597795e-13 
1.6950068883597795e-13 
1.6950068883597795e-13 
1.6950068883597795e-13 
1.6950068883597795e-13 
1.6950068883597795e-13 
1.6950068883597795e-13 
1.6950068883597795e-13 
1.6950068883597795e-13 
1.6950068883597795e-13 
1.6950068883597795e-13 
1.6950068883597795e-13 
1.6950068883597795e-13 
1.6950068883597795e-13 
1.6950068883597795e-13 
1.6950068883597795e-13 
1.6950068883597795e-13 
1.6950068883597795e-13 
1.6950068883597795e-13 
1.6950068883597795e-13 
1.6950068883597795e-13 
1.6950068883597795e-13 
1.6950068883597795e-13 
1.6950068883597795e-13 
1.6950068883597795e-13 
1.6950068883597795e-13 
1.6950068883597795e-13 
1.6950068883597795e-13 
1.6950068883597795e-13 
1.6950068883597795e-13 
1.6950068883597795e-13 
1.6950068883597795e-13 
1.6950068883597795e-13 
1.6950068883597795e-13 
1.6950068883597795e-13 
1.6950068883597795e-13 
1.6950068883597795e-13 
1.6950068883597795e-13 
1.6950068883597795e-13 
1.6950068883597795e-13 
1.6950068883597795e-13 
1.6950068883597795e-13 
1.6950068883597795e-13 
1.6950068883597795e-13 
1.6950068883597795e-13 
1.6950068883597795e-13 
1.6950068883597795e-13 
1.6950068883597795e-13 
1.6950068883597795e-13 
1.6950068883597795e-13 
1.6950068883597795e-13 
1.6950068883597795e-13 
1.6950068883597795e-13 
1.6950068883597795e-13 
1.6950068883597795e-13 
1.6950068883597795e-13 
1.6950068883597795e-13 
1.6950068883597795e-13 
1.6950068883597795e-13 
1.6950068883597795e-13 
1.6950068883597795e-13 
1.6950068883597795e-13 
1.6950068883597795e-13 
1.6950068883597795e-13 
1.6950068883597795e-13 
1.6950068883597795e-13 
1.6950068883597795e-13 
1.6950068883597795e-13 
1.6950068883597795e-13 
1.6950068883597795e-13 
1.6950068883597795e-13 
1.6950068883597795e-13 
1.6950068883597795e-13 
1.6950068883597795e-13 
1.6950068883597795e-13 
1.6950068883597795e-13 
1.6950068883597795e-13 
1.6950068883597795e-13 
1.6950068883597795e-13 
1.6950068883597795e-13 
1.6950068883597795e-13 
1.6950068883597795e-13 
1.6950068883597795e-13 
1.6950068883597795e-13 
1.6950068883597795e-13 
1.6950068883597795e-13 
1.6950068883597795e-13 
1.6950068883597795e-13 
1.6950068883597795e-13 
1.6950068883597795e-13 
1.6950068883597795e-13 
1.6950068883597795e-13 
1.6950068883597795e-13 
1.6950068883597795e-13 
1.6950068883597795e-13 
1.6950068883597795e-13 
1.6950068883597795e-13 
1.6950068883597795e-13 
1.6950068883597795e-13 
1.6950068883597795e-13 
1.6950068883597795e-13 
1.6950068883597795e-13 
1.6950068883597795e-13 
1.6950068883597795e-13 
1.6950068883597795e-13 
1.6950068883597795e-13 
1.6950068883597795e-13 
1.6950068883597795e-13 
1.6950068883597795e-13 
1.6950068883597795e-13 
1.6950068883597795e-13 
1.6950068883597795e-13 
1.6950068883597795e-13 
1.6950068883597795e-13 
1.6950068883597795e-13 
1.6950068883597795e-13 
1.6950068883597795e-13 
1.6950068883597795e-13 
1.6950068883597795e-13 
1.6950068883597795e-13 
1.6950068883597795e-13 
1.6950068883597795e-13 
1.6950068883597795e-13 
1.6950068883597795e-13 
1.6950068883597795e-13 
1.6950068883597795e-13 
1.6950068883597795e-13 
1.6950068883597795e-13 
1.6950068883597795e-13 
1.6950068883597795e-13 
1.6950068883597795e-13 
1.6950068883597795e-13 
1.6950068883597795e-13 
1.6950068883597795e-13 
1.6950068883597795e-13 
1.6950068883597795e-13 
1.6950068883597795e-13 
1.6950068883597795e-13 
1.6950068883597795e-13 
1.6950068883597795e-13 
1.6950068883597795e-13 
1.6950068883597795e-13 
1.6950068883597795e-13 
1.6950068883597795e-13 
1.6950068883597795e-13 
1.6950068883597795e-13 
1.6950068883597795e-13 
1.6950068883597795e-13 
1.6950068883597795e-13 
1.6950068883597795e-13 
1.6950068883597795e-13 
1.6950068883597795e-13 
1.6950068883597795e-13 
1.6950068883597795e-13 
1.6950068883597795e-13 
1.6950068883597795e-13 
1.6950068883597795e-13 
1.6950068883597795e-13 
1.6950068883597795e-13 
1.6950068883597795e-13 
1.6950068883597795e-13 
1.6950068883597795e-13 
1.6950068883597795e-13 
1.6950068883597795e-13 
1.6950068883597795e-13 
1.6950068883597795e-13 
1.6950068883597795e-13 
1.6950068883597795e-13 
1.6950068883597795e-13 
1.6950068883597795e-13 
1.6950068883597795e-13 
1.6950068883597795e-13 
1.6950068883597795e-13 
1.6950068883597795e-13 
1.6950068883597795e-13 
1.6950068883597795e-13 
1.6950068883597795e-13 
1.6950068883597795e-13 
1.6950068883597795e-13 
1.6950068883597795e-13 
1.6950068883597795e-13 
1.6950068883597795e-13 
1.6950068883597795e-13 
1.6950068883597795e-13 
1.6950068883597795e-13 
1.6950068883597795e-13 
1.6950068883597795e-13 
1.6950068883597795e-13 
1.6950068883597795e-13 
1.6950068883597795e-13 
1.6950068883597795e-13 
1.6950068883597795e-13 
1.6950068883597795e-13 
1.6950068883597795e-13 
1.6950068883597795e-13 
1.6950068883597795e-13 
1.6950068883597795e-13 
1.6950068883597795e-13 
1.6950068883597795e-13 
1.6950068883597795e-13 
1.6950068883597795e-13 
1.6950068883597795e-13 
1.6950068883597795e-13 
1.6950068883597795e-13 
1.6950068883597795e-13 
1.6950068883597795e-13 
1.6950068883597795e-13 
1.6950068883597795e-13 
1.6950068883597795e-13 
1.6950068883597795e-13 
1.6950068883597795e-13 
1.6950068883597795e-13 
1.6950068883597795e-13 
1.6950068883597795e-13 
1.6950068883597795e-13 
1.6950068883597795e-13 
1.6950068883597795e-13 
1.6950068883597795e-13 
1.6950068883597795e-13 
1.6950068883597795e-13 
1.6950068883597795e-13 
1.6950068883597795e-13 
1.6950068883597795e-13 
1.6950068883597795e-13 
1.6950068883597795e-13 
1.6950068883597795e-13 
1.6950068883597795e-13 
1.6950068883597795e-13 
1.6950068883597795e-13 
1.6950068883597795e-13 
1.6950068883597795e-13 
1.6950068883597795e-13 
1.6950068883597795e-13 
1.6950068883597795e-13 
1.6950068883597795e-13 
1.6950068883597795e-13 
1.6950068883597795e-13 
1.6950068883597795e-13 
1.6950068883597795e-13 
1.6950068883597795e-13 
1.6950068883597795e-13 
1.6950068883597795e-13 
1.6950068883597795e-13 
1.6950068883597795e-13 
1.6950068883597795e-13 
1.6950068883597795e-13 
1.6950068883597795e-13 
1.6950068883597795e-13 
1.6950068883597795e-13 
1.6950068883597795e-13 
1.6950068883597795e-13 
1.6950068883597795e-13 
1.6950068883597795e-13 
1.6950068883597795e-13 
1.6950068883597795e-13 
1.6950068883597795e-13 
1.6950068883597795e-13 
1.6950068883597795e-13 
1.6950068883597795e-13 
1.6950068883597795e-13 
1.6950068883597795e-13 
1.6950068883597795e-13 
1.6950068883597795e-13 
1.6950068883597795e-13 
1.6950068883597795e-13 
1.6950068883597795e-13 
1.6950068883597795e-13 
1.6950068883597795e-13 
1.6950068883597795e-13 
1.6950068883597795e-13 
1.6950068883597795e-13 
1.6950068883597795e-13 
1.6950068883597795e-13 
1.6950068883597795e-13 
1.6950068883597795e-13 
1.6950068883597795e-13 
1.6950068883597795e-13 
1.6950068883597795e-13 
1.6950068883597795e-13 
1.6950068883597795e-13 
1.6950068883597795e-13 
1.6950068883597795e-13 
1.6950068883597795e-13 
1.6950068883597795e-13 
1.6950068883597795e-13 
1.6950068883597795e-13 
1.6950068883597795e-13 
1.6950068883597795e-13 
1.6950068883597795e-13 
1.6950068883597795e-13 
1.6950068883597795e-13 
1.6950068883597795e-13 
1.6950068883597795e-13 
1.6950068883597795e-13 
1.6950068883597795e-13 
1.6950068883597795e-13 
1.6950068883597795e-13 
1.6950068883597795e-13 
1.6950068883597795e-13 
1.6950068883597795e-13 
1.6950068883597795e-13 
1.6950068883597795e-13 
1.6950068883597795e-13 
1.6950068883597795e-13 
1.6950068883597795e-13 
1.6950068883597795e-13 
1.6950068883597795e-13 
1.6950068883597795e-13 
1.6950068883597795e-13 
1.6950068883597795e-13 
1.6950068883597795e-13 
1.6950068883597795e-13 
1.6950068883597795e-13 
1.6950068883597795e-13 
1.6950068883597795e-13 
1.6950068883597795e-13 
1.6950068883597795e-13 
1.6950068883597795e-13 
1.6950068883597795e-13 
1.6950068883597795e-13 
1.6950068883597795e-13 
1.6950068883597795e-13 
1.6950068883597795e-13 
1.6950068883597795e-13 
1.6950068883597795e-13 
1.6950068883597795e-13 
1.6950068883597795e-13 
1.6950068883597795e-13 
1.6950068883597795e-13 
1.6950068883597795e-13 
1.6950068883597795e-13 
1.6950068883597795e-13 
1.6950068883597795e-13 
1.6950068883597795e-13 
1.6950068883597795e-13 
1.6950068883597795e-13 
1.6950068883597795e-13 
1.6950068883597795e-13 
1.6950068883597795e-13 
1.6950068883597795e-13 
1.6950068883597795e-13 
1.6950068883597795e-13 
1.6950068883597795e-13 
1.6950068883597795e-13 
1.6950068883597795e-13 
1.6950068883597795e-13 
1.6950068883597795e-13 
1.6950068883597795e-13 
1.6950068883597795e-13 
1.6950068883597795e-13 
1.6950068883597795e-13 
1.6950068883597795e-13 
1.6950068883597795e-13 
1.6950068883597795e-13 
1.6950068883597795e-13 
1.6950068883597795e-13 
1.6950068883597795e-13 
1.6950068883597795e-13 
1.6950068883597795e-13 
1.6950068883597795e-13 
1.6950068883597795e-13 
1.6950068883597795e-13 
1.6950068883597795e-13 
1.6950068883597795e-13 
1.6950068883597795e-13 
1.6950068883597795e-13 
1.6950068883597795e-13 
1.6950068883597795e-13 
1.6950068883597795e-13 
1.6950068883597795e-13 
1.6950068883597795e-13 
1.6950068883597795e-13 
1.6950068883597795e-13 
1.6950068883597795e-13 
1.6950068883597795e-13 
1.6950068883597795e-13 
1.6950068883597795e-13 
1.6950068883597795e-13 
1.6950068883597795e-13 
1.6950068883597795e-13 
1.6950068883597795e-13 
1.6950068883597795e-13 
1.6950068883597795e-13 
1.6950068883597795e-13 
1.6950068883597795e-13 
1.6950068883597795e-13 
1.6950068883597795e-13 
1.6950068883597795e-13 
1.6950068883597795e-13 
1.6950068883597795e-13 
1.6950068883597795e-13 
1.6950068883597795e-13 
1.6950068883597795e-13 
1.6950068883597795e-13 
1.6950068883597795e-13 
1.6950068883597795e-13 
1.6950068883597795e-13 
1.6950068883597795e-13 
1.6950068883597795e-13 
1.6950068883597795e-13 
1.6950068883597795e-13 
1.6950068883597795e-13 
1.6950068883597795e-13 
1.6950068883597795e-13 
1.6950068883597795e-13 
1.6950068883597795e-13 
1.6950068883597795e-13 
1.6950068883597795e-13 
1.6950068883597795e-13 
1.6950068883597795e-13 
1.6950068883597795e-13 
1.6950068883597795e-13 
1.6950068883597795e-13 
1.6950068883597795e-13 
1.6950068883597795e-13 
1.6950068883597795e-13 
1.6950068883597795e-13 
1.6950068883597795e-13 
1.6950068883597795e-13 
1.6950068883597795e-13 
1.6950068883597795e-13 
1.6950068883597795e-13 
1.6950068883597795e-13 
1.6950068883597795e-13 
1.6950068883597795e-13 
1.6950068883597795e-13 
1.6950068883597795e-13 
1.6950068883597795e-13 
1.6950068883597795e-13 
1.6950068883597795e-13 
1.6950068883597795e-13 
1.6950068883597795e-13 
1.6950068883597795e-13 
1.6950068883597795e-13 
1.6950068883597795e-13 
1.6950068883597795e-13 
1.6950068883597795e-13 
1.6950068883597795e-13 
1.6950068883597795e-13 
1.6950068883597795e-13 
1.6950068883597795e-13 
1.6950068883597795e-13 
1.6950068883597795e-13 
1.6950068883597795e-13 
1.6950068883597795e-13 
1.6950068883597795e-13 
1.6950068883597795e-13 
1.6950068883597795e-13 
1.6950068883597795e-13 
1.6950068883597795e-13 
1.6950068883597795e-13 
1.6950068883597795e-13 
1.6950068883597795e-13 
1.6950068883597795e-13 
1.6950068883597795e-13 
1.6950068883597795e-13 
1.6950068883597795e-13 
1.6950068883597795e-13 
1.6950068883597795e-13 
1.6950068883597795e-13 
1.6950068883597795e-13 
1.6950068883597795e-13 
1.6950068883597795e-13 
1.6950068883597795e-13 
1.6950068883597795e-13 
1.6950068883597795e-13 
1.6950068883597795e-13 
1.6950068883597795e-13 
1.6950068883597795e-13 
1.6950068883597795e-13 
1.6950068883597795e-13 
1.6950068883597795e-13 
1.6950068883597795e-13 
1.6950068883597795e-13 
1.6950068883597795e-13 
1.6950068883597795e-13 
1.6950068883597795e-13 
1.6950068883597795e-13 
1.6950068883597795e-13 
1.6950068883597795e-13 
1.6950068883597795e-13 
1.6950068883597795e-13 
1.6950068883597795e-13 
1.6950068883597795e-13 
1.6950068883597795e-13 
1.6950068883597795e-13 
1.6950068883597795e-13 
1.6950068883597795e-13 
1.6950068883597795e-13 
1.6950068883597795e-13 
1.6950068883597795e-13 
1.6950068883597795e-13 
1.6950068883597795e-13 
1.6950068883597795e-13 
1.6950068883597795e-13 
1.6950068883597795e-13 
1.6950068883597795e-13 
1.6950068883597795e-13 
1.6950068883597795e-13 
1.6950068883597795e-13 
1.6950068883597795e-13 
1.6950068883597795e-13 
1.6950068883597795e-13 
1.6950068883597795e-13 
1.6950068883597795e-13 
1.6950068883597795e-13 
1.6950068883597795e-13 
1.6950068883597795e-13 
1.6950068883597795e-13 
1.6950068883597795e-13 
1.6950068883597795e-13 
1.6950068883597795e-13 
1.6950068883597795e-13 
1.6950068883597795e-13 
1.6950068883597795e-13 
1.6950068883597795e-13 
1.6950068883597795e-13 
1.6950068883597795e-13 
1.6950068883597795e-13 
1.6950068883597795e-13 
1.6950068883597795e-13 
1.6950068883597795e-13 
1.6950068883597795e-13 
1.6950068883597795e-13 
1.6950068883597795e-13 
1.6950068883597795e-13 
1.6950068883597795e-13 
1.6950068883597795e-13 
1.6950068883597795e-13 
1.6950068883597795e-13 
1.6950068883597795e-13 
1.6950068883597795e-13 
1.6950068883597795e-13 
1.6950068883597795e-13 
1.6950068883597795e-13 
1.6950068883597795e-13 
1.6950068883597795e-13 
1.6950068883597795e-13 
1.6950068883597795e-13 
1.6950068883597795e-13 
1.6950068883597795e-13 
1.6950068883597795e-13 
1.6950068883597795e-13 
1.6950068883597795e-13 
1.6950068883597795e-13 
1.6950068883597795e-13 
1.6950068883597795e-13 
1.6950068883597795e-13 
1.6950068883597795e-13 
1.6950068883597795e-13 
1.6950068883597795e-13 
1.6950068883597795e-13 
1.6950068883597795e-13 
1.6950068883597795e-13 
1.6950068883597795e-13 
1.6950068883597795e-13 
1.6950068883597795e-13 
1.6950068883597795e-13 
1.6950068883597795e-13 
1.6950068883597795e-13 
1.6950068883597795e-13 
1.6950068883597795e-13 
1.6950068883597795e-13 
1.6950068883597795e-13 
1.6950068883597795e-13 
1.6950068883597795e-13 
1.6950068883597795e-13 
1.6950068883597795e-13 
1.6950068883597795e-13 
1.6950068883597795e-13 
1.6950068883597795e-13 
1.6950068883597795e-13 
1.6950068883597795e-13 
1.6950068883597795e-13 
1.6950068883597795e-13 
1.6950068883597795e-13 
1.6950068883597795e-13 
1.6950068883597795e-13 
1.6950068883597795e-13 
1.6950068883597795e-13 
1.6950068883597795e-13 
1.6950068883597795e-13 
1.6950068883597795e-13 
1.6950068883597795e-13 
1.6950068883597795e-13 
1.6950068883597795e-13 
1.6950068883597795e-13 
1.6950068883597795e-13 
1.6950068883597795e-13 
1.6950068883597795e-13 
1.6950068883597795e-13 
1.6950068883597795e-13 
1.6950068883597795e-13 
1.6950068883597795e-13 
1.6950068883597795e-13 
1.6950068883597795e-13 
1.6950068883597795e-13 
1.6950068883597795e-13 
1.6950068883597795e-13 
1.6950068883597795e-13 
1.6950068883597795e-13 
1.6950068883597795e-13 
1.6950068883597795e-13 
1.6950068883597795e-13 
1.6950068883597795e-13 
1.6950068883597795e-13 
1.6950068883597795e-13 
1.6950068883597795e-13 
1.6950068883597795e-13 
1.6950068883597795e-13 
1.6950068883597795e-13 
1.6950068883597795e-13 
1.6950068883597795e-13 
1.6950068883597795e-13 
1.6950068883597795e-13 
1.6950068883597795e-13 
1.6950068883597795e-13 
1.6950068883597795e-13 
1.6950068883597795e-13 
1.6950068883597795e-13 
1.6950068883597795e-13 
1.6950068883597795e-13 
1.6950068883597795e-13 
1.6950068883597795e-13 
1.6950068883597795e-13 
1.6950068883597795e-13 
1.6950068883597795e-13 
1.6950068883597795e-13 
1.6950068883597795e-13 
1.6950068883597795e-13 
1.6950068883597795e-13 
1.6950068883597795e-13 
1.6950068883597795e-13 
1.6950068883597795e-13 
1.6950068883597795e-13 
1.6950068883597795e-13 
1.6950068883597795e-13 
1.6950068883597795e-13 
1.6950068883597795e-13 
1.6950068883597795e-13 
1.6950068883597795e-13 
1.6950068883597795e-13 
1.6950068883597795e-13 
1.6950068883597795e-13 
1.6950068883597795e-13 
1.6950068883597795e-13 
1.6950068883597795e-13 
1.6950068883597795e-13 
1.6950068883597795e-13 
1.6950068883597795e-13 
1.6950068883597795e-13 
1.6950068883597795e-13 
1.6950068883597795e-13 
1.6950068883597795e-13 
1.6950068883597795e-13 
1.6950068883597795e-13 
1.6950068883597795e-13 
1.6950068883597795e-13 
1.6950068883597795e-13 
1.6950068883597795e-13 
1.6950068883597795e-13 
1.6950068883597795e-13 
1.6950068883597795e-13 
1.6950068883597795e-13 
1.6950068883597795e-13 
1.6950068883597795e-13 
1.6950068883597795e-13 
1.6950068883597795e-13 
1.6950068883597795e-13 
1.6950068883597795e-13 
