0.2361583994922537 
0.2361583994922537 
0.2361583994922537 
0.2361583994922537 
0.054979077109333807 
0.054979077109333807 
0.028392651666584334 
0.028392651666584334 
0.028392651666584334 
0.028392651666584334 
0.028392651666584334 
0.015488187630513184 
0.015488187630513184 
0.015488187630513184 
0.015488187630513184 
0.015488187630513184 
0.015488187630513184 
0.015488187630513184 
0.015488187630513184 
0.015488187630513184 
0.015488187630513184 
0.015488187630513184 
0.015488187630513184 
0.015488187630513184 
0.015488187630513184 
0.015488187630513184 
0.015488187630513184 
0.015488187630513184 
0.006143923156615938 
0.006143923156615938 
0.006143923156615938 
0.006143923156615938 
0.006143923156615938 
0.006143923156615938 
0.006143923156615938 
0.0024597065671897456 
0.0024597065671897456 
0.0024597065671897456 
0.0024597065671897456 
0.0024597065671897456 
0.0024597065671897456 
0.0024597065671897456 
0.0024597065671897456 
0.0024597065671897456 
0.0024597065671897456 
0.0024597065671897456 
0.0024597065671897456 
0.0024597065671897456 
0.0024597065671897456 
0.0024597065671897456 
0.0024597065671897456 
0.0024597065671897456 
0.0024597065671897456 
0.00225826266218776 
0.0016359035821840173 
0.0016359035821840173 
0.0016359035821840173 
0.0013388203081005079 
0.0013388203081005079 
0.0013388203081005079 
0.0013388203081005079 
0.00033885894776208847 
0.00033885894776208847 
0.00033885894776208847 
0.00033885894776208847 
0.00033885894776208847 
0.00033885894776208847 
0.00033885894776208847 
0.00016399951130596779 
0.00016399951130596779 
0.00016399951130596779 
0.00016399951130596779 
0.00016399951130596779 
0.00016399951130596779 
0.00016399951130596779 
0.00016399951130596779 
0.00016399951130596779 
0.00016399951130596779 
0.00016399951130596779 
0.00016399951130596779 
0.00016399951130596779 
0.00016399951130596779 
0.00016399951130596779 
0.00016399951130596779 
0.00016399951130596779 
0.0001347993539365655 
9.6427568941237496e-05 
9.6427568941237496e-05 
9.6427568941237496e-05 
9.6427568941237496e-05 
9.6427568941237496e-05 
8.4513471643288263e-05 
6.5029559593088315e-05 
1.408966768134956e-05 
1.408966768134956e-05 
1.408966768134956e-05 
1.408966768134956e-05 
1.408966768134956e-05 
8.5225410542122404e-06 
8.5225410542122404e-06 
8.5225410542122404e-06 
8.5225410542122404e-06 
8.5225410542122404e-06 
8.5225410542122404e-06 
8.5225410542122404e-06 
8.1809358013495981e-06 
8.1809358013495981e-06 
8.1809358013495981e-06 
8.1809358013495981e-06 
8.1809358013495981e-06 
8.1809358013495981e-06 
8.1809358013495981e-06 
8.1809358013495981e-06 
8.1809358013495981e-06 
8.1809358013495981e-06 
8.1809358013495981e-06 
8.1809358013495981e-06 
8.1809358013495981e-06 
8.1809358013495981e-06 
8.1809358013495981e-06 
8.1809358013495981e-06 
8.1809358013495981e-06 
8.1809358013495981e-06 
8.1809358013495981e-06 
8.1809358013495981e-06 
5.9714844969915859e-06 
5.9714844969915859e-06 
5.9714844969915859e-06 
5.9714844969915859e-06 
4.9673183178944313e-06 
4.9673183178944313e-06 
4.9673183178944313e-06 
4.9673183178944313e-06 
4.9355444168286411e-06 
4.9355444168286411e-06 
4.9355444168286411e-06 
4.9355444168286411e-06 
4.2666416193437584e-06 
4.2666416193437584e-06 
3.7420133564003422e-06 
3.7420133564003422e-06 
3.6100925693283159e-07 
3.6100925693283159e-07 
3.6100925693283159e-07 
3.15751061186198e-07 
3.15751061186198e-07 
3.15751061186198e-07 
3.15751061186198e-07 
1.4652816626714582e-07 
1.4652816626714582e-07 
1.4652816626714582e-07 
1.4652816626714582e-07 
1.4652816626714582e-07 
1.4652816626714582e-07 
1.4652816626714582e-07 
1.4652816626714582e-07 
1.4652816626714582e-07 
1.4652816626714582e-07 
1.4652816626714582e-07 
1.4652816626714582e-07 
1.4652816626714582e-07 
1.4652816626714582e-07 
1.4652816626714582e-07 
1.4652816626714582e-07 
1.4652816626714582e-07 
1.4652816626714582e-07 
1.4652816626714582e-07 
1.4652816626714582e-07 
1.4652816626714582e-07 
1.4652816626714582e-07 
1.4652816626714582e-07 
5.2910089864965926e-08 
5.2910089864965926e-08 
5.2910089864965926e-08 
5.2910089864965926e-08 
5.2910089864965926e-08 
5.2910089864965926e-08 
5.2910089864965926e-08 
3.0679750628870295e-08 
3.0679750628870295e-08 
3.0679750628870295e-08 
3.0679750628870295e-08 
3.0679750628870295e-08 
3.0679750628870295e-08 
1.6251749279660999e-08 
1.0485158852269194e-08 
1.0485158852269194e-08 
1.0485158852269194e-08 
1.0485158852269194e-08 
1.0485158852269194e-08 
1.0485158852269194e-08 
5.8397560120937442e-09 
5.8397560120937442e-09 
5.8397560120937442e-09 
5.8397560120937442e-09 
5.8397560120937442e-09 
5.8397560120937442e-09 
5.8397560120937442e-09 
5.4111675140688931e-09 
3.6842707773487859e-09 
3.6842707773487859e-09 
3.6842707773487859e-09 
3.6842707773487859e-09 
3.6842707773487859e-09 
3.6842707773487859e-09 
3.6842707773487859e-09 
3.4473525145628514e-09 
3.4473525145628514e-09 
2.9019106007055484e-09 
2.9019106007055484e-09 
2.9019106007055484e-09 
2.4565781631125105e-09 
2.4565781631125105e-09 
2.4565781631125105e-09 
2.1393207205733233e-09 
1.8894434905547541e-09 
2.8426139220272262e-10 
2.8426139220272262e-10 
2.8426139220272262e-10 
6.5407679272766472e-12 
6.5407679272766472e-12 
6.5407679272766472e-12 
6.5407679272766472e-12 
6.5407679272766472e-12 
6.5407679272766472e-12 
6.5407679272766472e-12 
6.5407679272766472e-12 
6.5407679272766472e-12 
6.5407679272766472e-12 
6.5407679272766472e-12 
6.5407679272766472e-12 
6.5407679272766472e-12 
6.5407679272766472e-12 
6.5407679272766472e-12 
6.0095262099935098e-12 
6.0095262099935098e-12 
6.0095262099935098e-12 
4.8258064211381679e-12 
4.8258064211381679e-12 
4.8258064211381679e-12 
4.8258064211381679e-12 
2.156053113822054e-13 
2.156053113822054e-13 
2.156053113822054e-13 
2.156053113822054e-13 
2.156053113822054e-13 
2.156053113822054e-13 
2.156053113822054e-13 
2.156053113822054e-13 
2.156053113822054e-13 
2.156053113822054e-13 
2.156053113822054e-13 
2.156053113822054e-13 
2.156053113822054e-13 
2.156053113822054e-13 
2.156053113822054e-13 
2.156053113822054e-13 
2.156053113822054e-13 
2.156053113822054e-13 
2.156053113822054e-13 
2.156053113822054e-13 
2.156053113822054e-13 
2.156053113822054e-13 
2.156053113822054e-13 
2.156053113822054e-13 
2.156053113822054e-13 
2.156053113822054e-13 
2.156053113822054e-13 
2.156053113822054e-13 
2.156053113822054e-13 
2.156053113822054e-13 
2.156053113822054e-13 
2.156053113822054e-13 
2.156053113822054e-13 
2.156053113822054e-13 
2.156053113822054e-13 
2.156053113822054e-13 
2.156053113822054e-13 
2.156053113822054e-13 
2.156053113822054e-13 
2.156053113822054e-13 
2.156053113822054e-13 
2.156053113822054e-13 
2.156053113822054e-13 
2.156053113822054e-13 
2.156053113822054e-13 
2.156053113822054e-13 
2.156053113822054e-13 
2.156053113822054e-13 
2.156053113822054e-13 
2.156053113822054e-13 
2.156053113822054e-13 
2.156053113822054e-13 
2.156053113822054e-13 
2.156053113822054e-13 
2.156053113822054e-13 
2.156053113822054e-13 
2.156053113822054e-13 
2.156053113822054e-13 
2.156053113822054e-13 
2.156053113822054e-13 
2.156053113822054e-13 
2.156053113822054e-13 
2.156053113822054e-13 
2.156053113822054e-13 
2.156053113822054e-13 
2.156053113822054e-13 
2.156053113822054e-13 
2.156053113822054e-13 
2.156053113822054e-13 
2.156053113822054e-13 
2.156053113822054e-13 
2.156053113822054e-13 
2.156053113822054e-13 
2.156053113822054e-13 
2.156053113822054e-13 
2.156053113822054e-13 
2.156053113822054e-13 
2.156053113822054e-13 
2.156053113822054e-13 
2.156053113822054e-13 
2.156053113822054e-13 
2.156053113822054e-13 
2.156053113822054e-13 
2.156053113822054e-13 
2.156053113822054e-13 
2.156053113822054e-13 
2.156053113822054e-13 
2.156053113822054e-13 
2.156053113822054e-13 
2.156053113822054e-13 
2.156053113822054e-13 
2.156053113822054e-13 
2.156053113822054e-13 
2.156053113822054e-13 
2.156053113822054e-13 
2.156053113822054e-13 
2.156053113822054e-13 
2.156053113822054e-13 
2.156053113822054e-13 
2.156053113822054e-13 
2.156053113822054e-13 
2.156053113822054e-13 
2.156053113822054e-13 
2.156053113822054e-13 
2.156053113822054e-13 
2.156053113822054e-13 
2.156053113822054e-13 
2.156053113822054e-13 
2.156053113822054e-13 
2.156053113822054e-13 
2.156053113822054e-13 
2.156053113822054e-13 
2.156053113822054e-13 
2.156053113822054e-13 
2.156053113822054e-13 
2.156053113822054e-13 
2.156053113822054e-13 
2.156053113822054e-13 
2.156053113822054e-13 
2.156053113822054e-13 
2.156053113822054e-13 
2.156053113822054e-13 
2.156053113822054e-13 
2.156053113822054e-13 
2.156053113822054e-13 
2.156053113822054e-13 
2.156053113822054e-13 
2.156053113822054e-13 
2.156053113822054e-13 
2.156053113822054e-13 
2.156053113822054e-13 
2.156053113822054e-13 
2.156053113822054e-13 
2.156053113822054e-13 
2.156053113822054e-13 
2.156053113822054e-13 
2.156053113822054e-13 
2.156053113822054e-13 
2.156053113822054e-13 
2.156053113822054e-13 
2.156053113822054e-13 
2.156053113822054e-13 
2.156053113822054e-13 
2.156053113822054e-13 
2.156053113822054e-13 
2.156053113822054e-13 
2.156053113822054e-13 
2.156053113822054e-13 
2.156053113822054e-13 
2.156053113822054e-13 
2.156053113822054e-13 
2.156053113822054e-13 
2.156053113822054e-13 
2.156053113822054e-13 
2.156053113822054e-13 
2.156053113822054e-13 
2.156053113822054e-13 
2.156053113822054e-13 
2.156053113822054e-13 
2.156053113822054e-13 
2.156053113822054e-13 
2.156053113822054e-13 
2.156053113822054e-13 
2.156053113822054e-13 
2.156053113822054e-13 
2.156053113822054e-13 
2.156053113822054e-13 
2.156053113822054e-13 
2.156053113822054e-13 
2.156053113822054e-13 
2.156053113822054e-13 
2.156053113822054e-13 
2.156053113822054e-13 
2.156053113822054e-13 
2.156053113822054e-13 
2.156053113822054e-13 
2.156053113822054e-13 
2.156053113822054e-13 
2.156053113822054e-13 
2.156053113822054e-13 
2.156053113822054e-13 
2.156053113822054e-13 
2.156053113822054e-13 
2.156053113822054e-13 
2.156053113822054e-13 
2.156053113822054e-13 
2.156053113822054e-13 
2.156053113822054e-13 
2.156053113822054e-13 
2.156053113822054e-13 
2.156053113822054e-13 
2.156053113822054e-13 
2.156053113822054e-13 
2.156053113822054e-13 
2.156053113822054e-13 
2.156053113822054e-13 
2.156053113822054e-13 
2.156053113822054e-13 
2.156053113822054e-13 
2.156053113822054e-13 
2.156053113822054e-13 
2.156053113822054e-13 
2.156053113822054e-13 
2.156053113822054e-13 
2.156053113822054e-13 
2.156053113822054e-13 
2.156053113822054e-13 
2.156053113822054e-13 
2.156053113822054e-13 
2.156053113822054e-13 
2.156053113822054e-13 
2.156053113822054e-13 
2.156053113822054e-13 
2.156053113822054e-13 
2.156053113822054e-13 
2.156053113822054e-13 
2.156053113822054e-13 
2.156053113822054e-13 
2.156053113822054e-13 
2.156053113822054e-13 
2.156053113822054e-13 
2.156053113822054e-13 
2.156053113822054e-13 
2.156053113822054e-13 
2.156053113822054e-13 
2.156053113822054e-13 
2.156053113822054e-13 
2.156053113822054e-13 
2.156053113822054e-13 
2.156053113822054e-13 
2.156053113822054e-13 
2.156053113822054e-13 
2.156053113822054e-13 
2.156053113822054e-13 
2.156053113822054e-13 
2.156053113822054e-13 
2.156053113822054e-13 
2.156053113822054e-13 
2.156053113822054e-13 
2.156053113822054e-13 
2.156053113822054e-13 
2.156053113822054e-13 
2.156053113822054e-13 
2.156053113822054e-13 
2.156053113822054e-13 
2.156053113822054e-13 
2.156053113822054e-13 
2.156053113822054e-13 
2.156053113822054e-13 
2.156053113822054e-13 
2.156053113822054e-13 
2.156053113822054e-13 
2.156053113822054e-13 
2.156053113822054e-13 
2.156053113822054e-13 
2.156053113822054e-13 
2.156053113822054e-13 
2.156053113822054e-13 
2.156053113822054e-13 
2.156053113822054e-13 
2.156053113822054e-13 
2.156053113822054e-13 
2.156053113822054e-13 
2.156053113822054e-13 
2.156053113822054e-13 
2.156053113822054e-13 
2.156053113822054e-13 
2.156053113822054e-13 
2.156053113822054e-13 
2.156053113822054e-13 
2.156053113822054e-13 
2.156053113822054e-13 
2.156053113822054e-13 
2.156053113822054e-13 
2.156053113822054e-13 
2.156053113822054e-13 
2.156053113822054e-13 
2.156053113822054e-13 
2.156053113822054e-13 
2.156053113822054e-13 
2.156053113822054e-13 
2.156053113822054e-13 
2.156053113822054e-13 
2.156053113822054e-13 
2.156053113822054e-13 
2.156053113822054e-13 
2.156053113822054e-13 
2.156053113822054e-13 
2.156053113822054e-13 
2.156053113822054e-13 
2.156053113822054e-13 
2.156053113822054e-13 
2.156053113822054e-13 
2.156053113822054e-13 
2.156053113822054e-13 
2.156053113822054e-13 
2.156053113822054e-13 
2.156053113822054e-13 
2.156053113822054e-13 
2.156053113822054e-13 
2.156053113822054e-13 
2.156053113822054e-13 
2.156053113822054e-13 
2.156053113822054e-13 
2.156053113822054e-13 
2.156053113822054e-13 
2.156053113822054e-13 
2.156053113822054e-13 
2.156053113822054e-13 
2.156053113822054e-13 
2.156053113822054e-13 
2.156053113822054e-13 
2.156053113822054e-13 
2.156053113822054e-13 
2.156053113822054e-13 
2.156053113822054e-13 
2.156053113822054e-13 
2.156053113822054e-13 
2.156053113822054e-13 
2.156053113822054e-13 
2.156053113822054e-13 
2.156053113822054e-13 
2.156053113822054e-13 
2.156053113822054e-13 
2.156053113822054e-13 
2.156053113822054e-13 
2.156053113822054e-13 
2.156053113822054e-13 
2.156053113822054e-13 
2.156053113822054e-13 
2.156053113822054e-13 
2.156053113822054e-13 
2.156053113822054e-13 
2.156053113822054e-13 
2.156053113822054e-13 
2.156053113822054e-13 
2.156053113822054e-13 
2.156053113822054e-13 
2.156053113822054e-13 
2.156053113822054e-13 
2.156053113822054e-13 
2.156053113822054e-13 
2.156053113822054e-13 
2.156053113822054e-13 
2.156053113822054e-13 
2.156053113822054e-13 
2.156053113822054e-13 
2.156053113822054e-13 
2.156053113822054e-13 
2.156053113822054e-13 
2.156053113822054e-13 
2.156053113822054e-13 
2.156053113822054e-13 
2.156053113822054e-13 
2.156053113822054e-13 
2.156053113822054e-13 
2.156053113822054e-13 
2.156053113822054e-13 
2.156053113822054e-13 
2.156053113822054e-13 
2.156053113822054e-13 
2.156053113822054e-13 
2.156053113822054e-13 
2.156053113822054e-13 
2.156053113822054e-13 
2.156053113822054e-13 
2.156053113822054e-13 
2.156053113822054e-13 
2.156053113822054e-13 
2.156053113822054e-13 
2.156053113822054e-13 
2.156053113822054e-13 
2.156053113822054e-13 
2.156053113822054e-13 
2.156053113822054e-13 
2.156053113822054e-13 
2.156053113822054e-13 
2.156053113822054e-13 
2.156053113822054e-13 
2.156053113822054e-13 
2.156053113822054e-13 
2.156053113822054e-13 
2.156053113822054e-13 
2.156053113822054e-13 
2.156053113822054e-13 
2.156053113822054e-13 
2.156053113822054e-13 
2.156053113822054e-13 
2.156053113822054e-13 
2.156053113822054e-13 
2.156053113822054e-13 
2.156053113822054e-13 
2.156053113822054e-13 
2.156053113822054e-13 
2.156053113822054e-13 
2.156053113822054e-13 
2.156053113822054e-13 
2.156053113822054e-13 
2.156053113822054e-13 
2.156053113822054e-13 
2.156053113822054e-13 
2.156053113822054e-13 
2.156053113822054e-13 
2.156053113822054e-13 
2.156053113822054e-13 
2.156053113822054e-13 
2.156053113822054e-13 
2.156053113822054e-13 
2.156053113822054e-13 
2.156053113822054e-13 
2.156053113822054e-13 
2.156053113822054e-13 
2.156053113822054e-13 
2.156053113822054e-13 
2.156053113822054e-13 
2.156053113822054e-13 
2.156053113822054e-13 
2.156053113822054e-13 
2.156053113822054e-13 
2.156053113822054e-13 
2.156053113822054e-13 
2.156053113822054e-13 
2.156053113822054e-13 
2.156053113822054e-13 
2.156053113822054e-13 
2.156053113822054e-13 
2.156053113822054e-13 
2.156053113822054e-13 
2.156053113822054e-13 
2.156053113822054e-13 
2.156053113822054e-13 
2.156053113822054e-13 
2.156053113822054e-13 
2.156053113822054e-13 
2.156053113822054e-13 
2.156053113822054e-13 
2.156053113822054e-13 
2.156053113822054e-13 
2.156053113822054e-13 
2.156053113822054e-13 
2.156053113822054e-13 
2.156053113822054e-13 
2.156053113822054e-13 
2.156053113822054e-13 
2.156053113822054e-13 
2.156053113822054e-13 
2.156053113822054e-13 
2.156053113822054e-13 
2.156053113822054e-13 
2.156053113822054e-13 
2.156053113822054e-13 
2.156053113822054e-13 
2.156053113822054e-13 
2.156053113822054e-13 
2.156053113822054e-13 
2.156053113822054e-13 
2.156053113822054e-13 
2.156053113822054e-13 
2.156053113822054e-13 
2.156053113822054e-13 
2.156053113822054e-13 
2.156053113822054e-13 
2.156053113822054e-13 
2.156053113822054e-13 
2.156053113822054e-13 
2.156053113822054e-13 
2.156053113822054e-13 
2.156053113822054e-13 
2.156053113822054e-13 
2.156053113822054e-13 
2.156053113822054e-13 
2.156053113822054e-13 
2.156053113822054e-13 
2.156053113822054e-13 
2.156053113822054e-13 
2.156053113822054e-13 
2.156053113822054e-13 
2.156053113822054e-13 
2.156053113822054e-13 
2.156053113822054e-13 
2.156053113822054e-13 
2.156053113822054e-13 
2.156053113822054e-13 
2.156053113822054e-13 
2.156053113822054e-13 
2.156053113822054e-13 
2.156053113822054e-13 
2.156053113822054e-13 
2.156053113822054e-13 
2.156053113822054e-13 
2.156053113822054e-13 
2.156053113822054e-13 
2.156053113822054e-13 
2.156053113822054e-13 
2.156053113822054e-13 
2.156053113822054e-13 
2.156053113822054e-13 
2.156053113822054e-13 
2.156053113822054e-13 
2.156053113822054e-13 
2.156053113822054e-13 
2.156053113822054e-13 
2.156053113822054e-13 
2.156053113822054e-13 
2.156053113822054e-13 
2.156053113822054e-13 
2.156053113822054e-13 
2.156053113822054e-13 
2.156053113822054e-13 
2.156053113822054e-13 
2.156053113822054e-13 
2.156053113822054e-13 
2.156053113822054e-13 
2.156053113822054e-13 
2.156053113822054e-13 
2.156053113822054e-13 
2.156053113822054e-13 
2.156053113822054e-13 
2.156053113822054e-13 
2.156053113822054e-13 
2.156053113822054e-13 
2.156053113822054e-13 
2.156053113822054e-13 
2.156053113822054e-13 
2.156053113822054e-13 
2.156053113822054e-13 
2.156053113822054e-13 
2.156053113822054e-13 
2.156053113822054e-13 
2.156053113822054e-13 
2.156053113822054e-13 
2.156053113822054e-13 
2.156053113822054e-13 
2.156053113822054e-13 
2.156053113822054e-13 
2.156053113822054e-13 
2.156053113822054e-13 
2.156053113822054e-13 
2.156053113822054e-13 
2.156053113822054e-13 
2.156053113822054e-13 
2.156053113822054e-13 
2.156053113822054e-13 
2.156053113822054e-13 
2.156053113822054e-13 
2.156053113822054e-13 
2.156053113822054e-13 
2.156053113822054e-13 
2.156053113822054e-13 
2.156053113822054e-13 
2.156053113822054e-13 
2.156053113822054e-13 
2.156053113822054e-13 
2.156053113822054e-13 
2.156053113822054e-13 
2.156053113822054e-13 
2.156053113822054e-13 
2.156053113822054e-13 
2.156053113822054e-13 
2.156053113822054e-13 
2.156053113822054e-13 
2.156053113822054e-13 
2.156053113822054e-13 
2.156053113822054e-13 
2.156053113822054e-13 
2.156053113822054e-13 
2.156053113822054e-13 
2.156053113822054e-13 
2.156053113822054e-13 
2.156053113822054e-13 
2.156053113822054e-13 
2.156053113822054e-13 
2.156053113822054e-13 
2.156053113822054e-13 
2.156053113822054e-13 
2.156053113822054e-13 
2.156053113822054e-13 
2.156053113822054e-13 
2.156053113822054e-13 
2.156053113822054e-13 
2.156053113822054e-13 
2.156053113822054e-13 
2.156053113822054e-13 
2.156053113822054e-13 
2.156053113822054e-13 
2.156053113822054e-13 
2.156053113822054e-13 
2.156053113822054e-13 
2.156053113822054e-13 
2.156053113822054e-13 
2.156053113822054e-13 
2.156053113822054e-13 
2.156053113822054e-13 
2.156053113822054e-13 
2.156053113822054e-13 
2.156053113822054e-13 
2.156053113822054e-13 
2.156053113822054e-13 
2.156053113822054e-13 
2.156053113822054e-13 
2.156053113822054e-13 
2.156053113822054e-13 
2.156053113822054e-13 
2.156053113822054e-13 
2.156053113822054e-13 
2.156053113822054e-13 
2.156053113822054e-13 
2.156053113822054e-13 
2.156053113822054e-13 
2.156053113822054e-13 
2.156053113822054e-13 
2.156053113822054e-13 
2.156053113822054e-13 
2.156053113822054e-13 
2.156053113822054e-13 
2.156053113822054e-13 
2.156053113822054e-13 
2.156053113822054e-13 
2.156053113822054e-13 
2.156053113822054e-13 
2.156053113822054e-13 
2.156053113822054e-13 
2.156053113822054e-13 
2.156053113822054e-13 
2.156053113822054e-13 
2.156053113822054e-13 
2.156053113822054e-13 
2.156053113822054e-13 
2.156053113822054e-13 
2.156053113822054e-13 
2.156053113822054e-13 
2.156053113822054e-13 
2.156053113822054e-13 
2.156053113822054e-13 
2.156053113822054e-13 
2.156053113822054e-13 
2.156053113822054e-13 
2.156053113822054e-13 
2.156053113822054e-13 
2.156053113822054e-13 
2.156053113822054e-13 
2.156053113822054e-13 
2.156053113822054e-13 
2.156053113822054e-13 
2.156053113822054e-13 
2.156053113822054e-13 
2.156053113822054e-13 
2.156053113822054e-13 
2.156053113822054e-13 
2.156053113822054e-13 
2.156053113822054e-13 
2.156053113822054e-13 
2.156053113822054e-13 
2.156053113822054e-13 
2.156053113822054e-13 
2.156053113822054e-13 
2.156053113822054e-13 
2.156053113822054e-13 
2.156053113822054e-13 
2.156053113822054e-13 
2.156053113822054e-13 
2.156053113822054e-13 
2.156053113822054e-13 
2.156053113822054e-13 
2.156053113822054e-13 
2.156053113822054e-13 
2.156053113822054e-13 
2.156053113822054e-13 
2.156053113822054e-13 
2.156053113822054e-13 
2.156053113822054e-13 
2.156053113822054e-13 
2.156053113822054e-13 
2.156053113822054e-13 
2.156053113822054e-13 
2.156053113822054e-13 
2.156053113822054e-13 
2.156053113822054e-13 
2.156053113822054e-13 
2.156053113822054e-13 
2.156053113822054e-13 
2.156053113822054e-13 
2.156053113822054e-13 
2.156053113822054e-13 
2.156053113822054e-13 
2.156053113822054e-13 
2.156053113822054e-13 
2.156053113822054e-13 
2.156053113822054e-13 
2.156053113822054e-13 
2.156053113822054e-13 
2.156053113822054e-13 
2.156053113822054e-13 
2.156053113822054e-13 
2.156053113822054e-13 
2.156053113822054e-13 
2.156053113822054e-13 
2.156053113822054e-13 
2.156053113822054e-13 
2.156053113822054e-13 
2.156053113822054e-13 
2.156053113822054e-13 
2.156053113822054e-13 
2.156053113822054e-13 
2.156053113822054e-13 
2.156053113822054e-13 
2.156053113822054e-13 
2.156053113822054e-13 
2.156053113822054e-13 
2.156053113822054e-13 
2.156053113822054e-13 
2.156053113822054e-13 
2.156053113822054e-13 
2.156053113822054e-13 
2.156053113822054e-13 
2.156053113822054e-13 
2.156053113822054e-13 
2.156053113822054e-13 
2.156053113822054e-13 
2.156053113822054e-13 
2.156053113822054e-13 
2.156053113822054e-13 
2.156053113822054e-13 
2.156053113822054e-13 
2.156053113822054e-13 
2.156053113822054e-13 
2.156053113822054e-13 
2.156053113822054e-13 
2.156053113822054e-13 
2.156053113822054e-13 
2.156053113822054e-13 
2.156053113822054e-13 
2.156053113822054e-13 
2.156053113822054e-13 
2.156053113822054e-13 
2.156053113822054e-13 
2.156053113822054e-13 
2.156053113822054e-13 
2.156053113822054e-13 
2.156053113822054e-13 
2.156053113822054e-13 
2.156053113822054e-13 
2.156053113822054e-13 
2.156053113822054e-13 
2.156053113822054e-13 
2.156053113822054e-13 
2.156053113822054e-13 
2.156053113822054e-13 
2.156053113822054e-13 
2.156053113822054e-13 
2.156053113822054e-13 
2.156053113822054e-13 
2.156053113822054e-13 
2.156053113822054e-13 
2.156053113822054e-13 
2.156053113822054e-13 
2.156053113822054e-13 
2.156053113822054e-13 
2.156053113822054e-13 
