2.3656710368163192 
0.76340546794301323 
0.76340546794301323 
0.76340546794301323 
0.76340546794301323 
0.76340546794301323 
0.76051290445200614 
0.76051290445200614 
0.76051290445200614 
0.76051290445200614 
0.76051290445200614 
0.76051290445200614 
0.76051290445200614 
0.76051290445200614 
0.76051290445200614 
0.60792306901259441 
0.60792306901259441 
0.60792306901259441 
0.60792306901259441 
0.60792306901259441 
0.60792306901259441 
0.60792306901259441 
0.58425086636903267 
0.58425086636903267 
0.58425086636903267 
0.58425086636903267 
0.58425086636903267 
0.58425086636903267 
0.58425086636903267 
0.58425086636903267 
0.58425086636903267 
0.58425086636903267 
0.58425086636903267 
0.58425086636903267 
0.58425086636903267 
0.58425086636903267 
0.58425086636903267 
0.58425086636903267 
0.58425086636903267 
0.58425086636903267 
0.58425086636903267 
0.58425086636903267 
0.58425086636903267 
0.58425086636903267 
0.58425086636903267 
0.58425086636903267 
0.58425086636903267 
0.58238269558739775 
0.58238269558739775 
0.58238269558739775 
0.58238269558739775 
0.58238269558739775 
0.58238269558739775 
0.58238269558739775 
0.58238269558739775 
0.58238269558739775 
0.57988135711562261 
0.57988135711562261 
0.57988135711562261 
0.57988135711562261 
0.57988135711562261 
0.57988135711562261 
0.57988135711562261 
0.57968166239694774 
0.57968166239694774 
0.57706858633655056 
0.57706858633655056 
0.57706858633655056 
0.57706858633655056 
0.57706858633655056 
0.57706858633655056 
0.57469759410984733 
0.57328289858896597 
0.57298030092550156 
0.57058355644786296 
0.56482268817401893 
0.56482268817401893 
0.56422988259392959 
0.56422988259392959 
0.56422988259392959 
0.56422988259392959 
0.5610614166495288 
0.5610614166495288 
0.5610614166495288 
0.5610614166495288 
0.55753972909107619 
0.55364946915709845 
0.54759878482094049 
0.54510183116256739 
0.54347236573004187 
0.54347236573004187 
0.54347236573004187 
0.54347236573004187 
0.54334275061845583 
0.54070756543342469 
0.53714567986649886 
0.5346798491153768 
0.53362620942257555 
0.53070399033053928 
0.52859140328640142 
0.52717131006504381 
0.52272889365022734 
0.51863824197027808 
0.51442665250035036 
0.51091832459337039 
0.50768258795214505 
0.50206623835288511 
0.49522376367333315 
0.490368963848404 
0.48402051917660771 
0.47894437065918183 
0.47565639308755586 
0.47064890636232687 
0.46424032453415226 
0.45662134105048696 
0.4479653357054903 
0.4410350438872343 
0.43553762323185363 
0.43117047549190962 
0.42283880488229181 
0.41608001693724739 
0.41264748050649053 
0.40879381445991936 
0.40376370679761697 
0.39491151223562648 
0.38712444057724105 
0.3802948822377939 
0.37431990218391253 
0.3677704034363955 
0.36141709799807475 
0.35574542455829888 
0.34890283206141937 
0.34217592346645831 
0.33643084316725957 
0.33155522371825685 
0.32250355776013967 
0.30920822359115574 
0.29796406847089407 
0.28830781145528328 
0.27991063404856475 
0.27253541271886228 
0.26359419305139675 
0.25300823198292788 
0.24499001565344808 
0.2371511922468271 
0.22929175251881193 
0.22231404595790194 
0.21606035900548148 
0.20983341531802302 
0.20275769229453627 
0.19645358904686619 
0.19077607237521146 
0.18463586034902074 
0.17831408622745765 
0.17263330437709198 
0.16740794186001329 
0.1624874241898471 
0.15810835717604071 
0.15368300268119264 
0.14973700824522884 
0.1463859158709172 
0.14355159012435187 
0.1409887694440343 
0.13778068029157578 
0.13502210332432826 
0.13265567617701823 
0.13062946458143965 
0.12889700135299434 
0.12741713562873377 
0.1256150986729643 
0.12334997762803543 
0.12134488491122516 
0.11957703200390377 
0.11797582060584506 
0.11635956246403056 
0.114929012291437 
0.11366128398541604 
0.11183262551222178 
0.11022436017387402 
0.10881983507767924 
0.10759012272006906 
0.10651105332727423 
0.1055623079115591 
0.10433528447925965 
0.10318184164308383 
0.10217684503981245 
0.10129904334921272 
0.10053065771236802 
0.099811268477509901 
0.099151311763365543 
0.098394155364921937 
0.097685963792702848 
0.097068684793266288 
0.096529478822873632 
0.096057547518396957 
0.095643767497284884 
0.095183869100992413 
0.094704768557115043 
0.09428086871915789 
0.093908424282658415 
0.093569054045273742 
0.093246478100396921 
0.092961696139406996 
0.092683452493402971 
0.092364032582713487 
0.092081173037661265 
0.091830605643332688 
0.091608580551268831 
0.091411797866295524 
0.091224081410106489 
0.09100109828540949 
0.090803653653534155 
0.090627173499112243 
0.090465953740275815 
0.090310243280636762 
0.090172196681184147 
0.090049805910043995 
0.089913140802860281 
0.089776693680768349 
0.089655837272835631 
0.089548784595589695 
0.089453951352407232 
0.089369932999221358 
0.089278508979756074 
0.089184499489348396 
0.089101303744782784 
0.089026233764018761 
0.088956444226536632 
0.088891300377102828 
0.088833627919879976 
0.088782502339332409 
0.088719313260946286 
0.088663422384273188 
0.088613969003588408 
0.088570192505671774 
0.088531420863554935 
0.088497060447354517 
0.08845536000260372 
0.088417311516749544 
0.088383437442427992 
0.088352865333429509 
0.088323778452109494 
0.088297397610244646 
0.088273982133430615 
0.088250177960818771 
0.088224452188763014 
0.088201635129586994 
0.088181372906125738 
0.088163354072560304 
0.088147304607070501 
0.088131489385834358 
0.088113772363812459 
0.088098002974403011 
0.088083743336507078 
0.088070781142584167 
0.088058291349413759 
0.088047108260996862 
0.088037069415907554 
0.088025715866615187 
0.088014839261609801 
0.08800507802239188 
0.087996292235040657 
0.087988359339060684 
0.087981172009929984 
0.087973289370956317 
0.087965477682250062 
0.087958392598001062 
0.087951849751624719 
0.087945685377441393 
0.087939846008648903 
0.087934494927117982 
0.087929382228808362 
0.087923691695634909 
0.087918475364355944 
0.0879136722893024 
0.087909229321158716 
0.087905100125250282 
0.087901210733469792 
0.087896839954074213 
0.087892777457448584 
0.0878889605938597 
0.087885359819828396 
0.087881840209259141 
0.087878497679468107 
0.087875331339381621 
0.087872070110528749 
0.087868782054196862 
0.087865665999959569 
0.087862699530691077 
0.087859863191428439 
0.087857140103526687 
0.087854385593615109 
0.087851577327353741 
0.087848881154812264 
0.087846267995053032 
0.08784372724442456 
0.087841222676063271 
0.087838791626090679 
0.08783642465744565 
0.087833964344621207 
0.087831565387771884 
0.087829228389001923 
0.087826945416790869 
0.087824709620151514 
0.087822515083151129 
0.087820271071035252 
0.087818054418968144 
0.087815876341654123 
0.087813730767817677 
0.087811604830390327 
0.087809501598921411 
0.087807425749603735 
0.08780535302517832 
0.087803268962002398 
0.087801211595981338 
0.087799177754560725 
0.087797164708490361 
0.087795170110347626 
0.087793182915276324 
0.087791185027390653 
0.087789205363617701 
0.087787240379783166 
0.087785289685679016 
0.08778334575277523 
0.087781414743411001 
0.087779495393432438 
0.087777571742670521 
0.087775655533797514 
0.087773750703286607 
0.087771856192536371 
0.087769971093769286 
0.087768094628462107 
0.087766218150147415 
0.087764346133109752 
0.087762482493048688 
0.087760626275831463 
0.087758776494750348 
0.087756932468338239 
0.087755095221898269 
0.087753263122134037 
0.087751432069999719 
0.087749607654439385 
0.087747789469258278 
0.087745977166288194 
0.087744170446862585 
0.087742368813485738 
0.0877405686895079 
0.087738774073809533 
0.08773698457002653 
0.087735200061826862 
0.087733419846370578 
0.087731644303745387 
0.087729873427225796 
0.087728105816583857 
0.087726342014659342 
0.087724582807609697 
0.087722828059910302 
0.087721077654471333 
0.087719331489858082 
0.087717588858780352 
0.087715849768833024 
0.087714114861357301 
0.087712384003744037 
0.087710657130678174 
0.087708934063321406 
0.087707214938817155 
0.087705499686734106 
0.087703787659313762 
0.087702079518936826 
0.087700375209093392 
0.087698674679943536 
0.087696977887292499 
0.087695284791723491 
0.087693595019646076 
0.087691908894140122 
0.087690226409986485 
0.087688547537704262 
0.087686872210896147 
0.087685200427215032 
0.087683532186957763 
0.087681867374517455 
0.087680205967865188 
0.08767854806138653 
0.087676893629535249 
0.08767524264879327 
0.087673595097358212 
0.087671950916429403 
0.087670310057228779 
0.087668672587367047 
0.087667038481507434 
0.087665407726208913 
0.087663780285999221 
0.087662156165414951 
0.087660535347626398 
0.087658917768289782 
0.087657303461787989 
0.087655692419553635 
0.087654084625840081 
0.087652480065521787 
0.0876508787240034 
0.087649280562680024 
0.087647685588651714 
0.087646093796089633 
0.087644505171211251 
0.087642919698686497 
0.087641337365525804 
0.087639758162106438 
0.087638182070455276 
0.087636609073521443 
0.087635039171060969 
0.087633472350458999 
0.087631908599345928 
0.087630347905566688 
0.087628790255443234 
0.087627235632003087 
0.087625684031979276 
0.087624135443187701 
0.087622589854470551 
0.087621047253045606 
0.087619507628967919 
0.087617970971179543 
0.087616437265336813 
0.087614906503119719 
0.087613378674706657 
0.087611853769133274 
0.087610331775540784 
0.087608812683167225 
0.087607296479827262 
0.087605783155819933 
0.087604272701593114 
0.087602765106633673 
0.087601260360467864 
0.087599758452630641 
0.087598259373166634 
0.087596763111644008 
0.087595269657280567 
0.087593779001041178 
0.087592291132874131 
0.08759080604279515 
0.087589323720884446 
0.087587844157255554 
0.087586367341562221 
0.087584893264751773 
0.087583421917094909 
0.087581953288973252 
0.087580487370726115 
0.087579024152884113 
0.087577563625997001 
0.087576105780454369 
0.087574650606991045 
0.087573198096398047 
0.087571748239392344 
0.087570301026742348 
0.087568856449266957 
0.087567414497755652 
0.087565975163141532 
0.087564538436477157 
0.087563104308768652 
0.087561672771073448 
0.087560243814478578 
0.087558817430158434 
0.087557393609303508 
0.08755597234309534 
0.087554553622895867 
0.087553137440033332 
0.087551723785880775 
0.087550312651855505 
0.087548904029418728 
0.087547497910040906 
0.087546094285307532 
0.087544693146809974 
0.08754329448618127 
0.087541898295091916 
0.08754050456525965 
0.087539113288444464 
0.087537724456435859 
0.0875363380610754 
0.087534954094252021 
0.087533572547885158 
0.087532193413934437 
0.087530816684399229 
0.087529442351315018 
0.087528070406758487 
0.08752670084285305 
0.087525333651753898 
0.087523968825655191 
0.087522606356787699 
0.087521246237422981 
0.087519888459868647 
0.08751853301646613 
0.087517179899601519 
0.087515829101694073 
0.087514480615199328 
0.087513134432609357 
0.087511790546452417 
0.087510448949291025 
0.087509109633726753 
0.087507772592395353 
0.087506437817967436 
0.087505105303148575 
0.087503775040679285 
0.087502447023334859 
0.087501121243924326 
0.087499797695291259 
0.087498476370313757 
0.087497157261903033 
0.087495840363003827 
0.087494525666594186 
0.087493213165685021 
0.087491902853320286 
0.087490594722576975 
0.087489288766564172 
0.087487984978423264 
0.087486683351327671 
0.087485383878482828 
0.087484086553125631 
0.087482791368524479 
0.08748149831797912 
0.087480207394820472 
0.087478918592410193 
0.087477631904140637 
0.087476347323434761 
0.087475064843745676 
0.087473784458556775 
0.087472506161381414 
0.087471229945762619 
0.087469955805273059 
0.08746868373351481 
0.087467413724119106 
0.087466145770746309 
0.087464879867085593 
0.087463616006854941 
0.087462354183800717 
0.087461094391697719 
0.087459836624348905 
0.087458580875585265 
0.087457327139265587 
0.087456075409276329 
0.087454825679531611 
0.087453577943972682 
0.087452332196568117 
0.087451088431313426 
0.087449846642231044 
0.08744860682337012 
0.087447368968806241 
0.087446133072641485 
0.087444899129004106 
0.087443667132048417 
0.087442437075954699 
0.087441208954928989 
0.087439982763202889 
0.087438758495033519 
0.08743753614470326 
0.087436315706519718 
0.087435097174815526 
0.087433880543948142 
0.087432665808299739 
0.087431452962277112 
0.087430242000311492 
0.087429032916858412 
0.08742782570639758 
0.087426620363432669 
0.087425416882491266 
0.087424215258124702 
0.087423015484907926 
0.087421817557439274 
0.087420621470340548 
0.087419427218256657 
0.087418234795855615 
0.087417044197828336 
0.087415855418888591 
0.087414668453772743 
0.087413483297239802 
0.087412299944071126 
0.087411118389070397 
0.087409938627063449 
0.08740876065289814 
0.08740758446144424 
0.087406410047593308 
0.087405237406258607 
0.087404066532374897 
0.087402897420898393 
0.087401730066806585 
0.087400564465098182 
0.087399400610792932 
0.087398238498931496 
0.08739707812457545 
0.087395919482807019 
0.087394762568729023 
0.087393607377464794 
0.087392453904158049 
0.087391302143972685 
0.087390152092092832 
0.087389003743722632 
0.087387857094086099 
0.087386712138427122 
0.087385568872009239 
0.087384427290115599 
0.087383287388048875 
0.087382149161131115 
0.087381012604703601 
0.087379877714126766 
0.087378744484780183 
0.087377612912062336 
0.087376482991390586 
0.087375354718201015 
0.087374228087948411 
0.087373103096106047 
0.087371979738165684 
0.087370858009637453 
0.08736973790604971 
0.087368619422948962 
0.087367502555899798 
0.087366387300484738 
0.08736527365230419 
0.087364161606976257 
0.087363051160136818 
0.087361942307439225 
0.087360835044554372 
0.087359729367170555 
0.087358625270993334 
0.087357522751745464 
0.087356421805166867 
0.087355322427014409 
0.08735422461306197 
0.087353128359100196 
0.087352033660936509 
0.087350940514395042 
0.087349848915316428 
0.08734875885955784 
0.087347670342992859 
0.087346583361511312 
0.087345497911019351 
0.087344413987439209 
0.087343331586709191 
0.087342250704783589 
0.087341171337632625 
0.087340093481242248 
0.087339017131614238 
0.087337942284765893 
0.087336868936730178 
0.087335797083555516 
0.087334726721305711 
0.087333657846059912 
0.08733259045391252 
0.087331524540973093 
0.087330460103366259 
0.087329397137231715 
0.087328335638724011 
0.087327275604012627 
0.087326217029281797 
0.087325159910730421 
0.087324104244572071 
0.087323050027034887 
0.087321997254361447 
0.087320945922808799 
0.087319896028648231 
0.087318847568165395 
0.087317800537660056 
0.087316754933446136 
0.087315710751851586 
0.087314667989218359 
0.087313626641902245 
0.087312586706272954 
0.08731154817871388 
0.087310511055622167 
0.08730947533340859 
0.087308441008497426 
0.087307408077326495 
0.087306376536346986 
0.087305346382023544 
0.087304317610834001 
0.087303290219269428 
0.087302264203834107 
0.087301239561045324 
0.08730021628743348 
0.087299194379541908 
0.087298173833926795 
0.087297154647157219 
0.087296136815814995 
0.087295120336494711 
0.087294105205803454 
0.087293091420361027 
0.087292078976799706 
0.087291067871764244 
0.087290058101911747 
0.087289049663911725 
0.087288042554445916 
0.087287036770208229 
0.08728603230790484 
0.08728502916425393 
0.087284027335985781 
0.087283026819842652 
0.087282027612578653 
0.08728102971095987 
0.087280033111764063 
0.087279037811780841 
0.087278043807811498 
0.087277051096668889 
0.087276059675177542 
0.087275069540173444 
0.087274080688504105 
0.087273093117028383 
0.087272106822616533 
0.087271121802150159 
0.087270138052521998 
0.087269155570636123 
0.087268174353407613 
0.087267194397762718 
0.087266215700638708 
0.087265238258983871 
0.087264262069757348 
0.087263287129929243 
0.087262313436480429 
0.087261340986402605 
0.087260369776698127 
0.087259399804380106 
0.087258431066472214 
0.087257463560008727 
0.087256497282034454 
0.087255532229604693 
0.087254568399785098 
0.0872536057896518 
0.087252644396291171 
0.087251684216799907 
0.087250725248284922 
0.087249767487863311 
0.087248810932662346 
0.087247855579819303 
0.087246901426481602 
0.0872459484698066 
0.087244996706961647 
0.087244046135123932 
0.087243096751480523 
0.08724214855322833 
0.087241201537574004 
0.087240255701733951 
0.087239311042934198 
0.087238367558410426 
0.087237425245407951 
0.087236484101181525 
0.087235544122995515 
0.0872346053081237 
0.087233667653849267 
0.087232731157464757 
0.087231795816272079 
0.087230861627582382 
0.087229928588716088 
0.087228996697002778 
0.087228065949781247 
0.087227136344399409 
0.087226207878214182 
0.087225280548591563 
0.087224354352906555 
0.08722342928854307 
0.087222505352893998 
0.087221582543361043 
0.087220660857354776 
0.087219740292294498 
0.087218820845608364 
0.087217902514733145 
0.08721698529711433 
0.08721606919020608 
0.087215154191471064 
0.087214240298380569 
0.087213327508414415 
0.087212415819060821 
0.087211505227816538 
0.08721059573218673 
0.087209687329684857 
0.087208780017832693 
0.087207873794160423 
0.087206968656206404 
0.087206064601517211 
0.087205161627647659 
0.087204259732160672 
0.087203358912627246 
0.08720245916662657 
0.08720156049174578 
0.087200662885579996 
0.087199766345732427 
0.087198870869814121 
0.087197976455444026 
0.087197083100248984 
0.087196190801863693 
0.087195299557930608 
0.087194409366099943 
0.087193520224029708 
0.087192632129385508 
0.087191745079840691 
0.08719085907307618 
0.08718997410678056 
0.087189090178649897 
0.087188207286387848 
0.08718732542770552 
0.087186444600321544 
0.087185564801961948 
0.087184686030360156 
0.087183808283256961 
0.087182931558400512 
0.08718205585354627 
0.0871811811664569 
0.087180307494902423 
0.087179434836659991 
0.087178563189513947 
0.087177692551255778 
0.087176822919684149 
0.087175954292604732 
0.087175086667830345 
0.087174220043180761 
0.087173354416482787 
0.087172489785570156 
0.087171626148283596 
0.087170763502470744 
0.087169901845986081 
0.087169041176690956 
0.087168181492453561 
0.087167322791148888 
0.087166465070658602 
0.087165608328871214 
0.087164752563681849 
0.087163897772992438 
0.087163043954711431 
0.087162191106754008 
0.087161339227041862 
0.087160488313503287 
0.087159638364073144 
0.087158789376692775 
0.087157941349310042 
0.087157094279879221 
0.087156248166361028 
0.087155403006722643 
0.087154558798937534 
0.087153715540985582 
0.087152873230853009 
0.087152031866532309 
0.087151191446022194 
0.08715035196732776 
0.087149513428460168 
0.087148675827436919 
0.087147839162281596 
0.087147003431023926 
0.0871461686316998 
0.087145334762351145 
0.087144501821026066 
0.087143669805778576 
0.087142838714668838 
0.087142008545762886 
0.087141179297132831 
0.087140350966856669 
0.087139523553018336 
0.087138697053707664 
0.087137871467020372 
0.087137046791057993 
0.087136223023927928 
0.087135400163743368 
0.087134578208623234 
0.087133757156692304 
0.087132937006081004 
0.087132117754925506 
0.087131299401367643 
0.087130481943554952 
0.087129665379640564 
0.087128849707783215 
0.087128034926147332 
0.087127221032902824 
0.087126408026225149 
0.087125595904295347 
0.087124784665299937 
0.087123974307430879 
0.087123164828885713 
0.087122356227867279 
0.087121548502583912 
0.087120741651249334 
0.087119935672082649 
0.08711913056330825 
0.08711832632315597 
0.087117522949860846 
0.087116720441663298 
0.08711591879680898 
0.087115118013548695 
0.087114318090138643 
0.087113519024840116 
0.087112720815919656 
0.087111923461648949 
0.087111126960304749 
0.087110331310169056 
0.087109536509528906 
0.087108742556676444 
0.08710794944990885 
0.087107157187528372 
0.087106365767842281 
0.087105575189162829 
0.087104785449807307 
0.087103996548097931 
0.087103208482361832 
0.087102421250931178 
0.087101634852142937 
0.087100849284338977 
0.087100064545866107 
0.087099280635075924 
0.087098497550324852 
0.08709771528997419 
0.087096933852389993 
0.087096153235943038 
0.08709537343900893 
0.087094594459968075 
0.087093816297205445 
0.087093038949110774 
0.087092262414078539 
0.087091486690507869 
0.087090711776802443 
0.087089937671370701 
0.087089164372625621 
0.087088391878984761 
0.087087620188870313 
0.087086849300708993 
0.087086079212932072 
0.087085309923975354 
0.087084541432279131 
0.087083773736288214 
0.087083006834451832 
0.087082240725223733 
0.08708147540706207 
0.08708071087842946 
0.087079947137792865 
0.087079184183623676 
0.087078422014397625 
0.087077660628594858 
0.087076900024699769 
0.087076140201201177 
0.087075381156592122 
0.087074622889370012 
0.087073865398036465 
0.087073108681097397 
0.087072352737062944 
0.087071597564447489 
0.087070843161769593 
0.087070089527552033 
0.087069336660321781 
0.087068584558609913 
0.087067833220951754 
0.087067082645886654 
0.087066332831958151 
0.08706558377771384 
0.087064835481705474 
0.087064087942488766 
0.087063341158623561 
0.087062595128673745 
0.087061849851207185 
0.087061105324795829 
0.087060361548015539 
0.087059618519446227 
0.087058876237671709 
0.087058134701279821 
0.087057393908862288 
0.087056653859014746 
0.087055914550336802 
0.087055175981431906 
0.087054438150907368 
0.087053701057374464 
0.08705296469944819 
0.087052229075747445 
0.087051494184894981 
0.087050760025517301 
0.087050026596244737 
0.087049293895711394 
0.087048561922555084 
0.087047830675417534 
0.087047100152944021 
0.087046370353783667 
0.087045641276589272 
0.087044912920017314 
0.08704418528272799 
0.087043458363385159 
0.087042732160656333 
0.087042006673212699 
0.087041281899729039 
0.087040557838883745 
0.087039834489358842 
0.087039111849839951 
0.087038389919016274 
0.08703766869558055 
0.087036948178229115 
0.0870362283656618 
0.087035509256582003 
0.087034790849696606 
0.087034073143716056 
0.087033356137354231 
0.087032639829328476 
0.087031924218359674 
0.087031209303172097 
0.087030495082493456 
0.087029781555054975 
0.087029068719591179 
0.087028356574840093 
0.087027645119543043 
0.087026934352444837 
0.087026224272293576 
0.087025514877840784 
