1.0988847871760254 
1.0988847871760254 
1.0863235626505974 
0.43065084989643054 
0.42640192422129797 
0.23539180189036735 
0.1990745853543906 
0.10494962123732299 
0.10027677307634841 
0.053100475289418414 
0.052790239311369502 
0.036209950624643494 
0.036078530679678922 
0.027924689470273045 
0.027873710580683997 
0.025437294618806727 
0.025226658204816732 
0.024000077768018491 
0.023991942361160312 
0.0235091989276488 
0.023505800846591707 
0.023305247343094249 
0.023304135284790473 
0.023225833264653661 
0.023225437237823554 
0.023192114886042448 
0.023192114886042448 
0.023179598389083123 
0.023179598389083123 
0.023174166151356368 
0.023174166151356368 
0.023172412570684808 
0.023172412570684808 
0.023171718513363526 
0.023171718513363526 
0.023171692579877279 
0.023171692579877279 
0.023171692579877279 
0.023171692579877279 
0.023171692579877279 
0.023171692579877279 
0.023171692579877279 
0.023171692579877279 
0.023171692579877279 
0.023171692579877279 
0.023171692579877279 
0.023171692579877279 
0.023171692579877279 
0.023171692579877279 
0.023171692579877279 
0.023171692579877279 
0.023171692579877279 
0.023171692579877279 
0.023171692579877279 
0.023171692579877279 
0.023171692579877279 
0.023171692579877279 
0.023171692579877279 
0.023171692579877279 
0.023171692579877279 
0.023171692579877279 
0.023171692579877279 
0.023171692579877279 
0.023171692579877279 
0.023171692579877279 
0.023171692579877279 
0.023171692579877279 
0.023171692579877279 
0.023171692579877279 
0.023171692579877279 
0.023171692579877279 
0.023171692579877279 
0.023171692579877279 
0.023171692579877279 
0.023171692579877279 
0.023171692579877279 
0.023171692579877279 
0.023171692579877279 
0.023171692579877279 
0.023171692579877279 
0.023171692579877279 
0.023171692579877279 
0.023171692579877279 
0.023171692579877279 
0.023171692579877279 
0.023171692579877279 
0.023171692579877279 
0.023171692579877279 
0.023171692579877279 
0.023171692579877279 
0.023171692579877279 
0.023171692579877279 
0.023171692579877279 
0.023171692579877279 
0.023171692579877279 
0.023171692579877279 
0.023171692579877279 
0.023171692579877279 
0.023171692579877279 
0.023171692579877279 
0.023171692579877279 
0.023171692579877279 
0.023171692579877279 
0.023171692579877279 
0.023171692579877279 
0.023171692579877279 
0.023171692579877279 
0.023171692579877279 
0.023171692579877279 
0.023171692579877279 
0.023171692579877279 
0.023171692579877279 
0.023171692579877279 
0.023171692579877279 
0.023171692579877279 
0.023171692579877279 
0.023171692579877279 
0.023171692579877279 
0.023171692579877279 
0.023171692579877279 
0.023171692579877279 
0.023171692579877279 
0.023171692579877279 
0.023171692579877279 
0.023171692579877279 
0.023171692579877279 
0.023171692579877279 
0.023171692579877279 
0.023171692579877279 
0.023171692579877279 
0.023171692579877279 
0.023171692579877279 
0.023171692579877279 
0.023171692579877279 
0.023171692579877279 
0.023171692579877279 
0.023171692579877279 
0.023171692579877279 
0.023171692579877279 
0.023171692579877279 
0.023171692579877279 
0.023171692579877279 
0.023171692579877279 
0.023171692579877279 
0.023171692579877279 
0.023171692579877279 
0.023171692579877279 
0.023171692579877279 
0.023171692579877279 
0.023171692579877279 
0.023171692579877279 
0.023171692579877279 
0.023171692579877279 
0.023171692579877279 
0.023171692579877279 
0.023171692579877279 
0.023171692579877279 
0.023171692579877279 
0.023171692579877279 
0.023171692579877279 
0.023171692579877279 
0.023171692579877279 
0.023171692579877279 
0.023171692579877279 
0.023171692579877279 
0.023171692579877279 
0.023171692579877279 
0.023171692579877279 
0.023171692579877279 
0.023171692579877279 
0.023171692579877279 
0.023171692579877279 
0.023171692579877279 
0.023171692579877279 
0.023171692579877279 
0.023171692579877279 
0.023171692579877279 
0.023171692579877279 
0.023171692579877279 
0.023171692579877279 
0.023171692579877279 
0.023171692579877279 
0.023171692579877279 
0.023171692579877279 
0.023171692579877279 
0.023171692579877279 
0.023171692579877279 
0.023171692579877279 
0.023171692579877279 
0.023171692579877279 
0.023171692579877279 
0.023171692579877279 
0.023171692579877279 
0.023171692579877279 
0.023171692579877279 
0.023171692579877279 
0.023171692579877279 
0.023171692579877279 
0.023171692579877279 
0.023171692579877279 
0.023171692579877279 
0.023171692579877279 
0.023171692579877279 
0.023171692579877279 
0.023171692579877279 
0.023171692579877279 
0.023171692579877279 
0.023171692579877279 
0.023171692579877279 
0.023171692579877279 
0.023171692579877279 
0.023171692579877279 
0.023171692579877279 
0.023171692579877279 
0.023171692579877279 
0.023171692579877279 
0.023171692579877279 
0.023171692579877279 
0.023171692579877279 
0.023171692579877279 
0.023171692579877279 
0.023171692579877279 
0.023171692579877279 
0.023171692579877279 
0.023171692579877279 
0.023171692579877279 
0.023171692579877279 
0.023171692579877279 
0.023171692579877279 
0.023171692579877279 
0.023171692579877279 
0.023171692579877279 
0.023171692579877279 
0.023171692579877279 
0.023171692579877279 
0.023171692579877279 
0.023171692579877279 
0.023171692579877279 
0.023171692579877279 
0.023171692579877279 
0.023171692579877279 
0.023171692579877279 
0.023171692579877279 
0.023171692579877279 
0.023171692579877279 
0.023171692579877279 
0.023171692579877279 
0.023171692579877279 
0.023171692579877279 
0.023171692579877279 
0.023171692579877279 
0.023171692579877279 
0.023171692579877279 
0.023171692579877279 
0.023171692579877279 
0.023171692579877279 
0.023171692579877279 
0.023171692579877279 
0.023171692579877279 
0.023171692579877279 
0.023171692579877279 
0.023171692579877279 
0.023171692579877279 
0.023171692579877279 
0.023171692579877279 
0.023171692579877279 
0.023171692579877279 
0.023171692579877279 
0.023171692579877279 
0.023171692579877279 
0.023171692579877279 
0.023171692579877279 
0.023171692579877279 
0.023171692579877279 
0.023171692579877279 
0.023171692579877279 
0.023171692579877279 
0.023171692579877279 
0.023171692579877279 
0.023171692579877279 
0.023171692579877279 
0.023171692579877279 
0.023171692579877279 
0.023171692579877279 
0.023171692579877279 
0.023171692579877279 
0.023171692579877279 
0.023171692579877279 
0.023171692579877279 
0.023171692579877279 
0.023171692579877279 
0.023171692579877279 
0.023171692579877279 
0.023171692579877279 
0.023171692579877279 
0.023171692579877279 
0.023171692579877279 
0.023171692579877279 
0.023171692579877279 
0.023171692579877279 
0.023171692579877279 
0.023171692579877279 
0.023171692579877279 
0.023171692579877279 
0.023171692579877279 
0.023171692579877279 
0.023171692579877279 
0.023171692579877279 
0.023171692579877279 
0.023171692579877279 
0.023171692579877279 
0.023171692579877279 
0.023171692579877279 
0.023171692579877279 
0.023171692579877279 
0.023171692579877279 
0.023171692579877279 
0.023171692579877279 
0.023171692579877279 
0.023171692579877279 
0.023171692579877279 
0.023171692579877279 
0.023171692579877279 
0.023171692579877279 
0.023171692579877279 
0.023171692579877279 
0.023171692579877279 
0.023171692579877279 
0.023171692579877279 
0.023171692579877279 
0.023171692579877279 
0.023171692579877279 
0.023171692579877279 
0.023171692579877279 
0.023171692579877279 
0.023171692579877279 
0.023171692579877279 
0.023171692579877279 
0.023171692579877279 
0.023171692579877279 
0.023171692579877279 
0.023171692579877279 
0.023171692579877279 
0.023171692579877279 
0.023171692579877279 
0.023171692579877279 
0.023171692579877279 
0.023171692579877279 
0.023171692579877279 
0.023171692579877279 
0.023171692579877279 
0.023171692579877279 
0.023171692579877279 
0.023171692579877279 
0.023171692579877279 
0.023171692579877279 
0.023171692579877279 
0.023171692579877279 
0.023171692579877279 
0.023171692579877279 
0.023171692579877279 
0.023171692579877279 
0.023171692579877279 
0.023171692579877279 
0.023171692579877279 
0.023171692579877279 
0.023171692579877279 
0.023171692579877279 
0.023171692579877279 
0.023171692579877279 
0.023171692579877279 
0.023171692579877279 
0.023171692579877279 
0.023171692579877279 
0.023171692579877279 
0.023171692579877279 
0.023171692579877279 
0.023171692579877279 
0.023171692579877279 
0.023171692579877279 
0.023171692579877279 
0.023171692579877279 
0.023171692579877279 
0.023171692579877279 
0.023171692579877279 
0.023171692579877279 
0.023171692579877279 
0.023171692579877279 
0.023171692579877279 
0.023171692579877279 
0.023171692579877279 
0.023171692579877279 
0.023171692579877279 
0.023171692579877279 
0.023171692579877279 
0.023171692579877279 
0.023171692579877279 
0.023171692579877279 
0.023171692579877279 
0.023171692579877279 
0.023171692579877279 
0.023171692579877279 
0.023171692579877279 
0.023171692579877279 
0.023171692579877279 
0.023171692579877279 
0.023171692579877279 
0.023171692579877279 
0.023171692579877279 
0.023171692579877279 
0.023171692579877279 
0.023171692579877279 
0.023171692579877279 
0.023171692579877279 
0.023171692579877279 
0.023171692579877279 
0.023171692579877279 
0.023171692579877279 
0.023171692579877279 
0.023171692579877279 
0.023171692579877279 
0.023171692579877279 
0.023171692579877279 
0.023171692579877279 
0.023171692579877279 
0.023171692579877279 
0.023171692579877279 
0.023171692579877279 
0.023171692579877279 
0.023171692579877279 
0.023171692579877279 
0.023171692579877279 
0.023171692579877279 
0.023171692579877279 
0.023171692579877279 
0.023171692579877279 
0.023171692579877279 
0.023171692579877279 
0.023171692579877279 
0.023171692579877279 
0.023171692579877279 
0.023171692579877279 
0.023171692579877279 
0.023171692579877279 
0.023171692579877279 
0.023171692579877279 
0.023171692579877279 
0.023171692579877279 
0.023171692579877279 
0.023171692579877279 
0.023171692579877279 
0.023171692579877279 
0.023171692579877279 
0.023171692579877279 
0.023171692579877279 
0.023171692579877279 
0.023171692579877279 
0.023171692579877279 
0.023171692579877279 
0.023171692579877279 
0.023171692579877279 
0.023171692579877279 
0.023171692579877279 
0.023171692579877279 
0.023171692579877279 
0.023171692579877279 
0.023171692579877279 
0.023171692579877279 
0.023171692579877279 
0.023171692579877279 
0.023171692579877279 
0.023171692579877279 
0.023171692579877279 
0.023171692579877279 
0.023171692579877279 
0.023171692579877279 
0.023171692579877279 
0.023171692579877279 
0.023171692579877279 
0.023171692579877279 
0.023171692579877279 
0.023171692579877279 
0.023171692579877279 
0.023171692579877279 
0.023171692579877279 
0.023171692579877279 
0.023171692579877279 
0.023171692579877279 
0.023171692579877279 
0.023171692579877279 
0.023171692579877279 
0.023171692579877279 
0.023171692579877279 
0.023171692579877279 
0.023171692579877279 
0.023171692579877279 
0.023171692579877279 
0.023171692579877279 
0.023171692579877279 
0.023171692579877279 
0.023171692579877279 
0.023171692579877279 
0.023171692579877279 
0.023171692579877279 
0.023171692579877279 
0.023171692579877279 
0.023171692579877279 
0.023171692579877279 
0.023171692579877279 
0.023171692579877279 
0.023171692579877279 
0.023171692579877279 
0.023171692579877279 
0.023171692579877279 
0.023171692579877279 
0.023171692579877279 
0.023171692579877279 
0.023171692579877279 
0.023171692579877279 
0.023171692579877279 
0.023171692579877279 
0.023171692579877279 
0.023171692579877279 
0.023171692579877279 
0.023171692579877279 
0.023171692579877279 
0.023171692579877279 
0.023171692579877279 
0.023171692579877279 
0.023171692579877279 
0.023171692579877279 
0.023171692579877279 
0.023171692579877279 
0.023171692579877279 
0.023171692579877279 
0.023171692579877279 
0.023171692579877279 
0.023171692579877279 
0.023171692579877279 
0.023171692579877279 
0.023171692579877279 
0.023171692579877279 
0.023171692579877279 
0.023171692579877279 
0.023171692579877279 
0.023171692579877279 
0.023171692579877279 
0.023171692579877279 
0.023171692579877279 
0.023171692579877279 
0.023171692579877279 
0.023171692579877279 
0.023171692579877279 
0.023171692579877279 
0.023171692579877279 
0.023171692579877279 
0.023171692579877279 
0.023171692579877279 
0.023171692579877279 
0.023171692579877279 
0.023171692579877279 
0.023171692579877279 
0.023171692579877279 
0.023171692579877279 
0.023171692579877279 
0.023171692579877279 
0.023171692579877279 
0.023171692579877279 
0.023171692579877279 
0.023171692579877279 
0.023171692579877279 
0.023171692579877279 
0.023171692579877279 
0.023171692579877279 
0.023171692579877279 
0.023171692579877279 
0.023171692579877279 
0.023171692579877279 
0.023171692579877279 
0.023171692579877279 
0.023171692579877279 
0.023171692579877279 
0.023171692579877279 
0.023171692579877279 
0.023171692579877279 
0.023171692579877279 
0.023171692579877279 
0.023171692579877279 
0.023171692579877279 
0.023171692579877279 
0.023171692579877279 
0.023171692579877279 
0.023171692579877279 
0.023171692579877279 
0.023171692579877279 
0.023171692579877279 
0.023171692579877279 
0.023171692579877279 
0.023171692579877279 
0.023171692579877279 
0.023171692579877279 
0.023171692579877279 
0.023171692579877279 
0.023171692579877279 
0.023171692579877279 
0.023171692579877279 
0.023171692579877279 
0.023171692579877279 
0.023171692579877279 
0.023171692579877279 
0.023171692579877279 
0.023171692579877279 
0.023171692579877279 
0.023171692579877279 
0.023171692579877279 
0.023171692579877279 
0.023171692579877279 
0.023171692579877279 
0.023171692579877279 
0.023171692579877279 
0.023171692579877279 
0.023171692579877279 
0.023171692579877279 
0.023171692579877279 
0.023171692579877279 
0.023171692579877279 
0.023171692579877279 
0.023171692579877279 
0.023171692579877279 
0.023171692579877279 
0.023171692579877279 
0.023171692579877279 
0.023171692579877279 
0.023171692579877279 
0.023171692579877279 
0.023171692579877279 
0.023171692579877279 
0.023171692579877279 
0.023171692579877279 
0.023171692579877279 
0.023171692579877279 
0.023171692579877279 
0.023171692579877279 
0.023171692579877279 
0.023171692579877279 
0.023171692579877279 
0.023171692579877279 
0.023171692579877279 
0.023171692579877279 
0.023171692579877279 
0.023171692579877279 
0.023171692579877279 
0.023171692579877279 
0.023171692579877279 
0.023171692579877279 
0.023171692579877279 
0.023171692579877279 
0.023171692579877279 
0.023171692579877279 
0.023171692579877279 
0.023171692579877279 
0.023171692579877279 
0.023171692579877279 
0.023171692579877279 
0.023171692579877279 
0.023171692579877279 
0.023171692579877279 
0.023171692579877279 
0.023171692579877279 
0.023171692579877279 
0.023171692579877279 
0.023171692579877279 
0.023171692579877279 
0.023171692579877279 
0.023171692579877279 
0.023171692579877279 
0.023171692579877279 
0.023171692579877279 
0.023171692579877279 
0.023171692579877279 
0.023171692579877279 
0.023171692579877279 
0.023171692579877279 
0.023171692579877279 
0.023171692579877279 
0.023171692579877279 
0.023171692579877279 
0.023171692579877279 
0.023171692579877279 
0.023171692579877279 
0.023171692579877279 
0.023171692579877279 
0.023171692579877279 
0.023171692579877279 
0.023171692579877279 
0.023171692579877279 
0.023171692579877279 
0.023171692579877279 
0.023171692579877279 
0.023171692579877279 
0.023171692579877279 
0.023171692579877279 
0.023171692579877279 
0.023171692579877279 
0.023171692579877279 
0.023171692579877279 
0.023171692579877279 
0.023171692579877279 
0.023171692579877279 
0.023171692579877279 
0.023171692579877279 
0.023171692579877279 
0.023171692579877279 
0.023171692579877279 
0.023171692579877279 
0.023171692579877279 
0.023171692579877279 
0.023171692579877279 
0.023171692579877279 
0.023171692579877279 
0.023171692579877279 
0.023171692579877279 
0.023171692579877279 
0.023171692579877279 
0.023171692579877279 
0.023171692579877279 
0.023171692579877279 
0.023171692579877279 
0.023171692579877279 
0.023171692579877279 
0.023171692579877279 
0.023171692579877279 
0.023171692579877279 
0.023171692579877279 
0.023171692579877279 
0.023171692579877279 
0.023171692579877279 
0.023171692579877279 
0.023171692579877279 
0.023171692579877279 
0.023171692579877279 
0.023171692579877279 
0.023171692579877279 
0.023171692579877279 
0.023171692579877279 
0.023171692579877279 
0.023171692579877279 
0.023171692579877279 
0.023171692579877279 
0.023171692579877279 
0.023171692579877279 
0.023171692579877279 
0.023171692579877279 
0.023171692579877279 
0.023171692579877279 
0.023171692579877279 
0.023171692579877279 
0.023171692579877279 
0.023171692579877279 
0.023171692579877279 
0.023171692579877279 
0.023171692579877279 
0.023171692579877279 
0.023171692579877279 
0.023171692579877279 
0.023171692579877279 
0.023171692579877279 
0.023171692579877279 
0.023171692579877279 
0.023171692579877279 
0.023171692579877279 
0.023171692579877279 
0.023171692579877279 
0.023171692579877279 
0.023171692579877279 
0.023171692579877279 
0.023171692579877279 
0.023171692579877279 
0.023171692579877279 
0.023171692579877279 
0.023171692579877279 
0.023171692579877279 
0.023171692579877279 
0.023171692579877279 
0.023171692579877279 
0.023171692579877279 
0.023171692579877279 
0.023171692579877279 
0.023171692579877279 
0.023171692579877279 
0.023171692579877279 
0.023171692579877279 
0.023171692579877279 
0.023171692579877279 
0.023171692579877279 
0.023171692579877279 
0.023171692579877279 
0.023171692579877279 
0.023171692579877279 
0.023171692579877279 
0.023171692579877279 
0.023171692579877279 
0.023171692579877279 
0.023171692579877279 
0.023171692579877279 
0.023171692579877279 
0.023171692579877279 
0.023171692579877279 
0.023171692579877279 
0.023171692579877279 
0.023171692579877279 
0.023171692579877279 
0.023171692579877279 
0.023171692579877279 
0.023171692579877279 
0.023171692579877279 
0.023171692579877279 
0.023171692579877279 
0.023171692579877279 
0.023171692579877279 
0.023171692579877279 
0.023171692579877279 
0.023171692579877279 
0.023171692579877279 
0.023171692579877279 
0.023171692579877279 
0.023171692579877279 
0.023171692579877279 
0.023171692579877279 
0.023171692579877279 
0.023171692579877279 
0.023171692579877279 
0.023171692579877279 
0.023171692579877279 
0.023171692579877279 
0.023171692579877279 
0.023171692579877279 
0.023171692579877279 
0.023171692579877279 
0.023171692579877279 
0.023171692579877279 
0.023171692579877279 
0.023171692579877279 
0.023171692579877279 
0.023171692579877279 
0.023171692579877279 
0.023171692579877279 
0.023171692579877279 
0.023171692579877279 
0.023171692579877279 
0.023171692579877279 
0.023171692579877279 
0.023171692579877279 
0.023171692579877279 
0.023171692579877279 
0.023171692579877279 
0.023171692579877279 
0.023171692579877279 
0.023171692579877279 
0.023171692579877279 
0.023171692579877279 
0.023171692579877279 
0.023171692579877279 
0.023171692579877279 
0.023171692579877279 
0.023171692579877279 
0.023171692579877279 
0.023171692579877279 
0.023171692579877279 
0.023171692579877279 
0.023171692579877279 
0.023171692579877279 
0.023171692579877279 
0.023171692579877279 
0.023171692579877279 
0.023171692579877279 
0.023171692579877279 
0.023171692579877279 
0.023171692579877279 
0.023171692579877279 
0.023171692579877279 
0.023171692579877279 
0.023171692579877279 
0.023171692579877279 
0.023171692579877279 
0.023171692579877279 
0.023171692579877279 
0.023171692579877279 
0.023171692579877279 
0.023171692579877279 
0.023171692579877279 
0.023171692579877279 
0.023171692579877279 
0.023171692579877279 
0.023171692579877279 
0.023171692579877279 
0.023171692579877279 
0.023171692579877279 
0.023171692579877279 
0.023171692579877279 
0.023171692579877279 
0.023171692579877279 
0.023171692579877279 
0.023171692579877279 
0.023171692579877279 
0.023171692579877279 
0.023171692579877279 
0.023171692579877279 
0.023171692579877279 
0.023171692579877279 
0.023171692579877279 
0.023171692579877279 
0.023171692579877279 
0.023171692579877279 
0.023171692579877279 
0.023171692579877279 
0.023171692579877279 
0.023171692579877279 
0.023171692579877279 
0.023171692579877279 
0.023171692579877279 
0.023171692579877279 
0.023171692579877279 
0.023171692579877279 
0.023171692579877279 
0.023171692579877279 
0.023171692579877279 
0.023171692579877279 
0.023171692579877279 
0.023171692579877279 
0.023171692579877279 
0.023171692579877279 
0.023171692579877279 
0.023171692579877279 
0.023171692579877279 
0.023171692579877279 
0.023171692579877279 
0.023171692579877279 
0.023171692579877279 
0.023171692579877279 
0.023171692579877279 
0.023171692579877279 
0.023171692579877279 
0.023171692579877279 
0.023171692579877279 
0.023171692579877279 
0.023171692579877279 
0.023171692579877279 
0.023171692579877279 
0.023171692579877279 
0.023171692579877279 
0.023171692579877279 
0.023171692579877279 
0.023171692579877279 
0.023171692579877279 
0.023171692579877279 
0.023171692579877279 
0.023171692579877279 
0.023171692579877279 
0.023171692579877279 
0.023171692579877279 
0.023171692579877279 
0.023171692579877279 
0.023171692579877279 
0.023171692579877279 
0.023171692579877279 
0.023171692579877279 
0.023171692579877279 
0.023171692579877279 
0.023171692579877279 
0.023171692579877279 
0.023171692579877279 
0.023171692579877279 
0.023171692579877279 
0.023171692579877279 
0.023171692579877279 
0.023171692579877279 
0.023171692579877279 
0.023171692579877279 
0.023171692579877279 
0.023171692579877279 
0.023171692579877279 
0.023171692579877279 
0.023171692579877279 
0.023171692579877279 
0.023171692579877279 
0.023171692579877279 
0.023171692579877279 
0.023171692579877279 
0.023171692579877279 
0.023171692579877279 
0.023171692579877279 
0.023171692579877279 
0.023171692579877279 
0.023171692579877279 
0.023171692579877279 
0.023171692579877279 
0.023171692579877279 
0.023171692579877279 
0.023171692579877279 
