2.4884666238724047 
1.8422211669489217 
0.98133249703703451 
0.66364007139905379 
0.56698273355697948 
0.56698273355697948 
0.56698273355697948 
0.56698273355697948 
0.54668375658374635 
0.54668375658374635 
0.54668375658374635 
0.54668375658374635 
0.54668375658374635 
0.54668375658374635 
0.49269594434799729 
0.47383910644915428 
0.47383910644915428 
0.47383910644915428 
0.47383910644915428 
0.47383910644915428 
0.47383910644915428 
0.46272171072015406 
0.46272171072015406 
0.46272171072015406 
0.46272171072015406 
0.46272171072015406 
0.4582775916702132 
0.4582775916702132 
0.4582775916702132 
0.4582775916702132 
0.44988132584001356 
0.44988132584001356 
0.44988132584001356 
0.44988132584001356 
0.44988132584001356 
0.44988132584001356 
0.44988132584001356 
0.446705572628742 
0.446705572628742 
0.446705572628742 
0.446705572628742 
0.446705572628742 
0.446705572628742 
0.43382166628614593 
0.41534504222111862 
0.41534504222111862 
0.41534504222111862 
0.41534504222111862 
0.41534504222111862 
0.41534504222111862 
0.41289096778132722 
0.40564460588027407 
0.40564460588027407 
0.40564460588027407 
0.40564460588027407 
0.40564460588027407 
0.40564460588027407 
0.40564460588027407 
0.40564460588027407 
0.40564460588027407 
0.39710209229866472 
0.39656402181320066 
0.38558410394110243 
0.38486684696630552 
0.37858307540266101 
0.37588058708177768 
0.37297180781678246 
0.37114624831734988 
0.36966273974457065 
0.36966273974457065 
0.36966273974457065 
0.36966273974457065 
0.36067272590503019 
0.36067272590503019 
0.36067272590503019 
0.36067272590503019 
0.36067272590503019 
0.35253356362155658 
0.35253356362155658 
0.35253356362155658 
0.34310950163769349 
0.34310950163769349 
0.34089446084066322 
0.33385079900688852 
0.32532891702164451 
0.31427921675899961 
0.30463365052614483 
0.29546022721073556 
0.28180977497565318 
0.26617678092067504 
0.24987464206400795 
0.23762556365244586 
0.22089616410743898 
0.20840844897576868 
0.19099751188484829 
0.17243089424585939 
0.15978378550539737 
0.1535660901292909 
0.1535660901292909 
0.13122277576974664 
0.096401338580369783 
0.083411028953529878 
0.083411028953529878 
0.065382350060243094 
0.05150355594583856 
0.04190616623191213 
0.03650142435256673 
0.035748315838226088 
0.035748315838226088 
0.034841546743249817 
0.034671312934145375 
0.030556893349108875 
0.030556893349108875 
0.026713544499542805 
0.024496597353238971 
0.024496597353238971 
0.024496597353238971 
0.024496597353238971 
0.023251776815584838 
0.019844049692299529 
0.015988787008760025 
0.012538268016892732 
0.0095487124747935682 
0.0070809769490953103 
0.005177456089816815 
0.0027030278250802921 
0.0019300453410811434 
0.0019300453410811434 
0.0019300453410811434 
0.0019300453410811434 
0.0019300453410811434 
0.0019300453410811434 
0.0018725843503532499 
0.0017188209271442791 
0.0014455772146568309 
0.0014455772146568309 
0.0012040952006023749 
0.0010953909097942732 
0.0010505307478373995 
0.00063514059673908704 
0.00063514059673908704 
0.000398946119446214 
0.00031899250867548757 
0.00019082222979441919 
8.9866943038012842e-05 
3.3018540455863454e-05 
1.2982124151568434e-05 
1.2982124151568434e-05 
1.2982124151568434e-05 
1.2982124151568434e-05 
1.8107190893218255e-06 
1.8107190893218255e-06 
1.8107190893218255e-06 
1.817284814939075e-07 
1.817284814939075e-07 
1.817284814939075e-07 
1.817284814939075e-07 
1.817284814939075e-07 
1.817284814939075e-07 
1.817284814939075e-07 
1.817284814939075e-07 
1.817284814939075e-07 
4.9882447011842808e-08 
4.9882447011842808e-08 
4.9882447011842808e-08 
4.9882447011842808e-08 
4.9882447011842808e-08 
4.9882447011842808e-08 
4.9882447011842808e-08 
1.4414020720651844e-08 
1.4414020720651844e-08 
6.7786117343244892e-09 
6.7786117343244892e-09 
6.7786117343244892e-09 
6.7786117343244892e-09 
6.7786117343244892e-09 
7.4289746033405632e-10 
7.4289746033405632e-10 
5.0796558442267315e-10 
5.0796558442267315e-10 
5.0796558442267315e-10 
5.0796558442267315e-10 
5.0796558442267315e-10 
5.0796558442267315e-10 
5.0796558442267315e-10 
1.2099192761014478e-10 
1.2099192761014478e-10 
1.2099192761014478e-10 
1.2099192761014478e-10 
1.2099192761014478e-10 
1.2099192761014478e-10 
1.2099192761014478e-10 
1.2099192761014478e-10 
1.2099192761014478e-10 
1.2099192761014478e-10 
1.2099192761014478e-10 
1.2099192761014478e-10 
1.2099192761014478e-10 
1.2099192761014478e-10 
1.2099192761014478e-10 
1.2099192761014478e-10 
1.2099192761014478e-10 
1.2099192761014478e-10 
1.2099192761014478e-10 
1.2099192761014478e-10 
1.2099192761014478e-10 
1.2099192761014478e-10 
1.2099192761014478e-10 
1.2099192761014478e-10 
1.2099192761014478e-10 
1.2099192761014478e-10 
1.2099192761014478e-10 
1.2099192761014478e-10 
1.2099192761014478e-10 
1.2099192761014478e-10 
1.2099192761014478e-10 
1.2099192761014478e-10 
1.2099192761014478e-10 
1.2099192761014478e-10 
1.2099192761014478e-10 
1.2099192761014478e-10 
1.2099192761014478e-10 
7.4213051922449051e-11 
7.4213051922449051e-11 
7.4213051922449051e-11 
7.4213051922449051e-11 
7.4213051922449051e-11 
7.4213051922449051e-11 
7.4213051922449051e-11 
3.4842571698802864e-11 
3.4842571698802864e-11 
3.4842571698802864e-11 
3.4842571698802864e-11 
3.4842571698802864e-11 
3.4842571698802864e-11 
3.4842571698802864e-11 
2.7465145144376006e-11 
2.7465145144376006e-11 
2.7465145144376006e-11 
2.7465145144376006e-11 
2.7465145144376006e-11 
2.7465145144376006e-11 
1.7706235951513495e-11 
1.7706235951513495e-11 
1.7706235951513495e-11 
1.7706235951513495e-11 
1.6541227438485634e-11 
1.6541227438485634e-11 
1.6541227438485634e-11 
1.6541227438485634e-11 
1.6541227438485634e-11 
1.6541227438485634e-11 
1.6541227438485634e-11 
1.6541227438485634e-11 
1.6541227438485634e-11 
1.6541227438485634e-11 
1.6541227438485634e-11 
1.6541227438485634e-11 
1.6541227438485634e-11 
1.6541227438485634e-11 
1.6541227438485634e-11 
1.6541227438485634e-11 
1.6541227438485634e-11 
1.6541227438485634e-11 
1.6541227438485634e-11 
1.6541227438485634e-11 
1.6541227438485634e-11 
1.6541227438485634e-11 
1.6541227438485634e-11 
1.6541227438485634e-11 
1.6541227438485634e-11 
1.6541227438485634e-11 
1.2195081040417482e-11 
1.2195081040417482e-11 
1.2195081040417482e-11 
1.2195081040417482e-11 
1.2195081040417482e-11 
1.2195081040417482e-11 
1.2195081040417482e-11 
1.2195081040417482e-11 
1.2195081040417482e-11 
1.2195081040417482e-11 
1.1275736534842587e-11 
1.1275736534842587e-11 
1.1275736534842587e-11 
3.4328058533202592e-12 
3.4328058533202592e-12 
3.4328058533202592e-12 
6.7140826554821677e-13 
6.7140826554821677e-13 
6.7140826554821677e-13 
6.7140826554821677e-13 
6.7140826554821677e-13 
6.7140826554821677e-13 
6.7140826554821677e-13 
6.7140826554821677e-13 
6.7140826554821677e-13 
6.7140826554821677e-13 
6.7140826554821677e-13 
6.7140826554821677e-13 
6.7140826554821677e-13 
6.7140826554821677e-13 
6.7140826554821677e-13 
6.7140826554821677e-13 
6.7140826554821677e-13 
6.7140826554821677e-13 
6.7140826554821677e-13 
6.7140826554821677e-13 
6.7140826554821677e-13 
6.7140826554821677e-13 
6.7140826554821677e-13 
6.7140826554821677e-13 
6.7140826554821677e-13 
6.7140826554821677e-13 
6.7140826554821677e-13 
6.7140826554821677e-13 
6.7140826554821677e-13 
6.7140826554821677e-13 
6.7140826554821677e-13 
6.7140826554821677e-13 
6.7140826554821677e-13 
6.7140826554821677e-13 
6.7140826554821677e-13 
6.7140826554821677e-13 
6.7140826554821677e-13 
6.7140826554821677e-13 
6.7140826554821677e-13 
6.7140826554821677e-13 
6.7140826554821677e-13 
6.7140826554821677e-13 
6.7140826554821677e-13 
6.7140826554821677e-13 
6.7140826554821677e-13 
6.7140826554821677e-13 
6.7140826554821677e-13 
6.7140826554821677e-13 
6.7140826554821677e-13 
6.7140826554821677e-13 
6.7140826554821677e-13 
6.7140826554821677e-13 
6.7140826554821677e-13 
6.7140826554821677e-13 
6.7140826554821677e-13 
6.7140826554821677e-13 
6.7140826554821677e-13 
6.7140826554821677e-13 
6.7140826554821677e-13 
6.7140826554821677e-13 
6.7140826554821677e-13 
6.7140826554821677e-13 
6.7140826554821677e-13 
6.7140826554821677e-13 
6.7140826554821677e-13 
6.7140826554821677e-13 
6.7140826554821677e-13 
6.7140826554821677e-13 
6.7140826554821677e-13 
6.7140826554821677e-13 
6.7140826554821677e-13 
6.7140826554821677e-13 
6.7140826554821677e-13 
6.7140826554821677e-13 
6.7140826554821677e-13 
6.7140826554821677e-13 
6.7140826554821677e-13 
6.7140826554821677e-13 
6.7140826554821677e-13 
6.7140826554821677e-13 
6.7140826554821677e-13 
6.7140826554821677e-13 
6.7140826554821677e-13 
6.7140826554821677e-13 
6.7140826554821677e-13 
6.7140826554821677e-13 
6.7140826554821677e-13 
6.7140826554821677e-13 
6.7140826554821677e-13 
6.7140826554821677e-13 
6.7140826554821677e-13 
6.7140826554821677e-13 
6.7140826554821677e-13 
6.7140826554821677e-13 
6.7140826554821677e-13 
6.7140826554821677e-13 
6.7140826554821677e-13 
6.7140826554821677e-13 
6.7140826554821677e-13 
6.7140826554821677e-13 
6.7140826554821677e-13 
6.7140826554821677e-13 
6.7140826554821677e-13 
6.7140826554821677e-13 
6.7140826554821677e-13 
6.7140826554821677e-13 
6.7140826554821677e-13 
6.7140826554821677e-13 
6.7140826554821677e-13 
6.7140826554821677e-13 
6.7140826554821677e-13 
6.7140826554821677e-13 
6.7140826554821677e-13 
6.7140826554821677e-13 
6.7140826554821677e-13 
6.7140826554821677e-13 
6.7140826554821677e-13 
6.7140826554821677e-13 
6.7140826554821677e-13 
6.7140826554821677e-13 
6.7140826554821677e-13 
6.7140826554821677e-13 
6.7140826554821677e-13 
6.7140826554821677e-13 
6.7140826554821677e-13 
6.7140826554821677e-13 
6.7140826554821677e-13 
6.7140826554821677e-13 
6.7140826554821677e-13 
6.7140826554821677e-13 
6.7140826554821677e-13 
6.7140826554821677e-13 
6.7140826554821677e-13 
6.7140826554821677e-13 
6.7140826554821677e-13 
6.7140826554821677e-13 
6.7140826554821677e-13 
6.7140826554821677e-13 
6.7140826554821677e-13 
6.7140826554821677e-13 
6.7140826554821677e-13 
6.7140826554821677e-13 
6.7140826554821677e-13 
6.7140826554821677e-13 
6.7140826554821677e-13 
6.7140826554821677e-13 
6.7140826554821677e-13 
6.7140826554821677e-13 
6.7140826554821677e-13 
6.7140826554821677e-13 
6.7140826554821677e-13 
6.7140826554821677e-13 
6.7140826554821677e-13 
6.7140826554821677e-13 
6.7140826554821677e-13 
6.7140826554821677e-13 
6.7140826554821677e-13 
6.7140826554821677e-13 
6.7140826554821677e-13 
6.7140826554821677e-13 
6.7140826554821677e-13 
6.7140826554821677e-13 
6.7140826554821677e-13 
6.7140826554821677e-13 
6.7140826554821677e-13 
6.7140826554821677e-13 
6.7140826554821677e-13 
6.7140826554821677e-13 
6.7140826554821677e-13 
6.7140826554821677e-13 
6.7140826554821677e-13 
6.7140826554821677e-13 
6.7140826554821677e-13 
6.7140826554821677e-13 
6.7140826554821677e-13 
6.7140826554821677e-13 
6.7140826554821677e-13 
6.7140826554821677e-13 
6.7140826554821677e-13 
6.7140826554821677e-13 
6.7140826554821677e-13 
6.7140826554821677e-13 
6.7140826554821677e-13 
6.7140826554821677e-13 
6.7140826554821677e-13 
6.7140826554821677e-13 
6.7140826554821677e-13 
6.7140826554821677e-13 
6.7140826554821677e-13 
6.7140826554821677e-13 
6.7140826554821677e-13 
6.7140826554821677e-13 
6.7140826554821677e-13 
6.7140826554821677e-13 
6.7140826554821677e-13 
6.7140826554821677e-13 
6.7140826554821677e-13 
6.7140826554821677e-13 
6.7140826554821677e-13 
6.7140826554821677e-13 
6.7140826554821677e-13 
6.7140826554821677e-13 
6.7140826554821677e-13 
6.7140826554821677e-13 
6.7140826554821677e-13 
6.7140826554821677e-13 
6.7140826554821677e-13 
6.7140826554821677e-13 
6.7140826554821677e-13 
6.7140826554821677e-13 
6.7140826554821677e-13 
6.7140826554821677e-13 
6.7140826554821677e-13 
6.7140826554821677e-13 
6.7140826554821677e-13 
6.7140826554821677e-13 
6.7140826554821677e-13 
6.7140826554821677e-13 
6.7140826554821677e-13 
6.7140826554821677e-13 
6.7140826554821677e-13 
6.7140826554821677e-13 
6.7140826554821677e-13 
6.7140826554821677e-13 
6.7140826554821677e-13 
6.7140826554821677e-13 
6.7140826554821677e-13 
6.7140826554821677e-13 
6.7140826554821677e-13 
6.7140826554821677e-13 
6.7140826554821677e-13 
6.7140826554821677e-13 
6.7140826554821677e-13 
6.7140826554821677e-13 
6.7140826554821677e-13 
6.7140826554821677e-13 
6.7140826554821677e-13 
6.7140826554821677e-13 
6.7140826554821677e-13 
6.7140826554821677e-13 
6.7140826554821677e-13 
6.7140826554821677e-13 
6.7140826554821677e-13 
6.7140826554821677e-13 
6.7140826554821677e-13 
6.7140826554821677e-13 
6.7140826554821677e-13 
6.7140826554821677e-13 
6.7140826554821677e-13 
6.7140826554821677e-13 
6.7140826554821677e-13 
6.7140826554821677e-13 
6.7140826554821677e-13 
6.7140826554821677e-13 
6.7140826554821677e-13 
6.7140826554821677e-13 
6.7140826554821677e-13 
6.7140826554821677e-13 
6.7140826554821677e-13 
6.7140826554821677e-13 
6.7140826554821677e-13 
6.7140826554821677e-13 
6.7140826554821677e-13 
6.7140826554821677e-13 
6.7140826554821677e-13 
6.7140826554821677e-13 
6.7140826554821677e-13 
6.7140826554821677e-13 
6.7140826554821677e-13 
6.7140826554821677e-13 
6.7140826554821677e-13 
6.7140826554821677e-13 
6.7140826554821677e-13 
6.7140826554821677e-13 
6.7140826554821677e-13 
6.7140826554821677e-13 
6.7140826554821677e-13 
6.7140826554821677e-13 
6.7140826554821677e-13 
6.7140826554821677e-13 
6.7140826554821677e-13 
6.7140826554821677e-13 
6.7140826554821677e-13 
6.7140826554821677e-13 
6.7140826554821677e-13 
6.7140826554821677e-13 
6.7140826554821677e-13 
6.7140826554821677e-13 
6.7140826554821677e-13 
6.7140826554821677e-13 
6.7140826554821677e-13 
6.7140826554821677e-13 
6.7140826554821677e-13 
6.7140826554821677e-13 
6.7140826554821677e-13 
6.7140826554821677e-13 
6.7140826554821677e-13 
6.7140826554821677e-13 
6.7140826554821677e-13 
6.7140826554821677e-13 
6.7140826554821677e-13 
6.7140826554821677e-13 
6.7140826554821677e-13 
6.7140826554821677e-13 
6.7140826554821677e-13 
6.7140826554821677e-13 
6.7140826554821677e-13 
6.7140826554821677e-13 
6.7140826554821677e-13 
6.7140826554821677e-13 
6.7140826554821677e-13 
6.7140826554821677e-13 
6.7140826554821677e-13 
6.7140826554821677e-13 
6.7140826554821677e-13 
6.7140826554821677e-13 
6.7140826554821677e-13 
6.7140826554821677e-13 
6.7140826554821677e-13 
6.7140826554821677e-13 
6.7140826554821677e-13 
6.7140826554821677e-13 
6.7140826554821677e-13 
6.7140826554821677e-13 
6.7140826554821677e-13 
6.7140826554821677e-13 
6.7140826554821677e-13 
6.7140826554821677e-13 
6.7140826554821677e-13 
6.7140826554821677e-13 
6.7140826554821677e-13 
6.7140826554821677e-13 
6.7140826554821677e-13 
6.7140826554821677e-13 
6.7140826554821677e-13 
6.7140826554821677e-13 
6.7140826554821677e-13 
6.7140826554821677e-13 
6.7140826554821677e-13 
6.7140826554821677e-13 
6.7140826554821677e-13 
6.7140826554821677e-13 
6.7140826554821677e-13 
6.7140826554821677e-13 
6.7140826554821677e-13 
6.7140826554821677e-13 
6.7140826554821677e-13 
6.7140826554821677e-13 
6.7140826554821677e-13 
6.7140826554821677e-13 
6.7140826554821677e-13 
6.7140826554821677e-13 
6.7140826554821677e-13 
6.7140826554821677e-13 
6.7140826554821677e-13 
6.7140826554821677e-13 
6.7140826554821677e-13 
6.7140826554821677e-13 
6.7140826554821677e-13 
6.7140826554821677e-13 
6.7140826554821677e-13 
6.7140826554821677e-13 
6.7140826554821677e-13 
6.7140826554821677e-13 
6.7140826554821677e-13 
6.7140826554821677e-13 
6.7140826554821677e-13 
6.7140826554821677e-13 
6.7140826554821677e-13 
6.7140826554821677e-13 
6.7140826554821677e-13 
6.7140826554821677e-13 
6.7140826554821677e-13 
6.7140826554821677e-13 
6.7140826554821677e-13 
6.7140826554821677e-13 
6.7140826554821677e-13 
6.7140826554821677e-13 
6.7140826554821677e-13 
6.7140826554821677e-13 
6.7140826554821677e-13 
6.7140826554821677e-13 
6.7140826554821677e-13 
6.7140826554821677e-13 
6.7140826554821677e-13 
6.7140826554821677e-13 
6.7140826554821677e-13 
6.7140826554821677e-13 
6.7140826554821677e-13 
6.7140826554821677e-13 
6.7140826554821677e-13 
6.7140826554821677e-13 
6.7140826554821677e-13 
6.7140826554821677e-13 
6.7140826554821677e-13 
6.7140826554821677e-13 
6.7140826554821677e-13 
6.7140826554821677e-13 
6.7140826554821677e-13 
6.7140826554821677e-13 
6.7140826554821677e-13 
6.7140826554821677e-13 
6.7140826554821677e-13 
6.7140826554821677e-13 
6.7140826554821677e-13 
6.7140826554821677e-13 
6.7140826554821677e-13 
6.7140826554821677e-13 
6.7140826554821677e-13 
6.7140826554821677e-13 
6.7140826554821677e-13 
6.7140826554821677e-13 
6.7140826554821677e-13 
6.7140826554821677e-13 
6.7140826554821677e-13 
6.7140826554821677e-13 
6.7140826554821677e-13 
6.7140826554821677e-13 
6.7140826554821677e-13 
6.7140826554821677e-13 
6.7140826554821677e-13 
6.7140826554821677e-13 
6.7140826554821677e-13 
6.7140826554821677e-13 
6.7140826554821677e-13 
6.7140826554821677e-13 
6.7140826554821677e-13 
6.7140826554821677e-13 
6.7140826554821677e-13 
6.7140826554821677e-13 
6.7140826554821677e-13 
6.7140826554821677e-13 
6.7140826554821677e-13 
6.7140826554821677e-13 
6.7140826554821677e-13 
6.7140826554821677e-13 
6.7140826554821677e-13 
6.7140826554821677e-13 
6.7140826554821677e-13 
6.7140826554821677e-13 
6.7140826554821677e-13 
6.7140826554821677e-13 
6.7140826554821677e-13 
6.7140826554821677e-13 
6.7140826554821677e-13 
6.7140826554821677e-13 
6.7140826554821677e-13 
6.7140826554821677e-13 
6.7140826554821677e-13 
6.7140826554821677e-13 
6.7140826554821677e-13 
6.7140826554821677e-13 
6.7140826554821677e-13 
6.7140826554821677e-13 
6.7140826554821677e-13 
6.7140826554821677e-13 
6.7140826554821677e-13 
6.7140826554821677e-13 
6.7140826554821677e-13 
6.7140826554821677e-13 
6.7140826554821677e-13 
6.7140826554821677e-13 
6.7140826554821677e-13 
6.7140826554821677e-13 
6.7140826554821677e-13 
6.7140826554821677e-13 
6.7140826554821677e-13 
6.7140826554821677e-13 
6.7140826554821677e-13 
6.7140826554821677e-13 
6.7140826554821677e-13 
6.7140826554821677e-13 
6.7140826554821677e-13 
6.7140826554821677e-13 
6.7140826554821677e-13 
6.7140826554821677e-13 
6.7140826554821677e-13 
6.7140826554821677e-13 
6.7140826554821677e-13 
6.7140826554821677e-13 
6.7140826554821677e-13 
6.7140826554821677e-13 
6.7140826554821677e-13 
6.7140826554821677e-13 
6.7140826554821677e-13 
6.7140826554821677e-13 
6.7140826554821677e-13 
6.7140826554821677e-13 
6.7140826554821677e-13 
6.7140826554821677e-13 
6.7140826554821677e-13 
6.7140826554821677e-13 
6.7140826554821677e-13 
6.7140826554821677e-13 
6.7140826554821677e-13 
6.7140826554821677e-13 
6.7140826554821677e-13 
6.7140826554821677e-13 
6.7140826554821677e-13 
6.7140826554821677e-13 
6.7140826554821677e-13 
6.7140826554821677e-13 
6.7140826554821677e-13 
6.7140826554821677e-13 
6.7140826554821677e-13 
6.7140826554821677e-13 
6.7140826554821677e-13 
6.7140826554821677e-13 
6.7140826554821677e-13 
6.7140826554821677e-13 
6.7140826554821677e-13 
6.7140826554821677e-13 
6.7140826554821677e-13 
6.7140826554821677e-13 
6.7140826554821677e-13 
6.7140826554821677e-13 
6.7140826554821677e-13 
6.7140826554821677e-13 
6.7140826554821677e-13 
6.7140826554821677e-13 
6.7140826554821677e-13 
6.7140826554821677e-13 
6.7140826554821677e-13 
6.7140826554821677e-13 
6.7140826554821677e-13 
6.7140826554821677e-13 
6.7140826554821677e-13 
6.7140826554821677e-13 
6.7140826554821677e-13 
6.7140826554821677e-13 
6.7140826554821677e-13 
6.7140826554821677e-13 
6.7140826554821677e-13 
6.7140826554821677e-13 
6.7140826554821677e-13 
6.7140826554821677e-13 
6.7140826554821677e-13 
6.7140826554821677e-13 
6.7140826554821677e-13 
6.7140826554821677e-13 
6.7140826554821677e-13 
6.7140826554821677e-13 
6.7140826554821677e-13 
6.7140826554821677e-13 
6.7140826554821677e-13 
6.7140826554821677e-13 
6.7140826554821677e-13 
6.7140826554821677e-13 
6.7140826554821677e-13 
6.7140826554821677e-13 
6.7140826554821677e-13 
6.7140826554821677e-13 
6.7140826554821677e-13 
6.7140826554821677e-13 
6.7140826554821677e-13 
6.7140826554821677e-13 
6.7140826554821677e-13 
6.7140826554821677e-13 
6.7140826554821677e-13 
6.7140826554821677e-13 
6.7140826554821677e-13 
6.7140826554821677e-13 
6.7140826554821677e-13 
6.7140826554821677e-13 
6.7140826554821677e-13 
6.7140826554821677e-13 
6.7140826554821677e-13 
6.7140826554821677e-13 
6.7140826554821677e-13 
6.7140826554821677e-13 
6.7140826554821677e-13 
6.7140826554821677e-13 
6.7140826554821677e-13 
6.7140826554821677e-13 
6.7140826554821677e-13 
6.7140826554821677e-13 
6.7140826554821677e-13 
6.7140826554821677e-13 
6.7140826554821677e-13 
6.7140826554821677e-13 
6.7140826554821677e-13 
6.7140826554821677e-13 
6.7140826554821677e-13 
6.7140826554821677e-13 
6.7140826554821677e-13 
6.7140826554821677e-13 
6.7140826554821677e-13 
6.7140826554821677e-13 
6.7140826554821677e-13 
6.7140826554821677e-13 
6.7140826554821677e-13 
6.7140826554821677e-13 
6.7140826554821677e-13 
6.7140826554821677e-13 
6.7140826554821677e-13 
6.7140826554821677e-13 
6.7140826554821677e-13 
6.7140826554821677e-13 
6.7140826554821677e-13 
6.7140826554821677e-13 
6.7140826554821677e-13 
6.7140826554821677e-13 
6.7140826554821677e-13 
6.7140826554821677e-13 
6.7140826554821677e-13 
6.7140826554821677e-13 
6.7140826554821677e-13 
6.7140826554821677e-13 
6.7140826554821677e-13 
6.7140826554821677e-13 
6.7140826554821677e-13 
6.7140826554821677e-13 
6.7140826554821677e-13 
6.7140826554821677e-13 
6.7140826554821677e-13 
6.7140826554821677e-13 
6.7140826554821677e-13 
6.7140826554821677e-13 
6.7140826554821677e-13 
6.7140826554821677e-13 
6.7140826554821677e-13 
6.7140826554821677e-13 
6.7140826554821677e-13 
6.7140826554821677e-13 
6.7140826554821677e-13 
6.7140826554821677e-13 
6.7140826554821677e-13 
6.7140826554821677e-13 
6.7140826554821677e-13 
6.7140826554821677e-13 
6.7140826554821677e-13 
6.7140826554821677e-13 
6.7140826554821677e-13 
6.7140826554821677e-13 
6.7140826554821677e-13 
6.7140826554821677e-13 
6.7140826554821677e-13 
6.7140826554821677e-13 
6.7140826554821677e-13 
6.7140826554821677e-13 
6.7140826554821677e-13 
6.7140826554821677e-13 
6.7140826554821677e-13 
6.7140826554821677e-13 
6.7140826554821677e-13 
6.7140826554821677e-13 
6.7140826554821677e-13 
6.7140826554821677e-13 
6.7140826554821677e-13 
6.7140826554821677e-13 
6.7140826554821677e-13 
6.7140826554821677e-13 
6.7140826554821677e-13 
6.7140826554821677e-13 
6.7140826554821677e-13 
6.7140826554821677e-13 
6.7140826554821677e-13 
6.7140826554821677e-13 
6.7140826554821677e-13 
6.7140826554821677e-13 
6.7140826554821677e-13 
6.7140826554821677e-13 
6.7140826554821677e-13 
6.7140826554821677e-13 
6.7140826554821677e-13 
6.7140826554821677e-13 
6.7140826554821677e-13 
6.7140826554821677e-13 
6.7140826554821677e-13 
6.7140826554821677e-13 
6.7140826554821677e-13 
6.7140826554821677e-13 
6.7140826554821677e-13 
6.7140826554821677e-13 
6.7140826554821677e-13 
6.7140826554821677e-13 
6.7140826554821677e-13 
6.7140826554821677e-13 
6.7140826554821677e-13 
6.7140826554821677e-13 
6.7140826554821677e-13 
6.7140826554821677e-13 
6.7140826554821677e-13 
6.7140826554821677e-13 
6.7140826554821677e-13 
6.7140826554821677e-13 
6.7140826554821677e-13 
6.7140826554821677e-13 
6.7140826554821677e-13 
6.7140826554821677e-13 
6.7140826554821677e-13 
6.7140826554821677e-13 
6.7140826554821677e-13 
6.7140826554821677e-13 
6.7140826554821677e-13 
6.7140826554821677e-13 
6.7140826554821677e-13 
6.7140826554821677e-13 
6.7140826554821677e-13 
6.7140826554821677e-13 
6.7140826554821677e-13 
6.7140826554821677e-13 
6.7140826554821677e-13 
6.7140826554821677e-13 
6.7140826554821677e-13 
6.7140826554821677e-13 
6.7140826554821677e-13 
6.7140826554821677e-13 
6.7140826554821677e-13 
6.7140826554821677e-13 
6.7140826554821677e-13 
6.7140826554821677e-13 
