0.98266736793583054 
0.98266736793583054 
0.98266736793583054 
0.98266736793583054 
0.98266736793583054 
0.98266736793583054 
0.98266736793583054 
0.98266736793583054 
0.98266736793583054 
0.98266736793583054 
0.98266736793583054 
0.98266736793583054 
0.98266736793583054 
0.98266736793583054 
0.98266736793583054 
0.98266736793583054 
0.98266736793583054 
0.98266736793583054 
0.98266736793583054 
0.98266736793583054 
0.98266736793583054 
0.98266736793583054 
0.98266736793583054 
0.98266736793583054 
0.98266736793583054 
0.98266736793583054 
0.98266736793583054 
0.97373977534605871 
0.96179903318405924 
0.96179903318405924 
0.96179903318405924 
0.96101695177303159 
0.95770645036543711 
0.95644361217748319 
0.95644361217748319 
0.95644361217748319 
0.95644361217748319 
0.95644361217748319 
0.95644361217748319 
0.95644361217748319 
0.95644361217748319 
0.95644361217748319 
0.95553956787376682 
0.95501110118996402 
0.95439482984114288 
0.95439482984114288 
0.95439482984114288 
0.95439482984114288 
0.95439482984114288 
0.95439482984114288 
0.95439482984114288 
0.95439482984114288 
0.95439482984114288 
0.95439482984114288 
0.95439482984114288 
0.95439482984114288 
0.95439482984114288 
0.95439482984114288 
0.95439482984114288 
0.95439482984114288 
0.95439482984114288 
0.95439482984114288 
0.95439482984114288 
0.95439482984114288 
0.95439482984114288 
0.95439482984114288 
0.95439482984114288 
0.95439482984114288 
0.95439482984114288 
0.95439471624987182 
0.95439471624987182 
0.95439471624987182 
0.95439471624987182 
0.95439471624987182 
0.95439471624987182 
0.95439471624987182 
0.95439428564890849 
0.95439428564890849 
0.95424058018138669 
0.9541167273009824 
0.95403254538252369 
0.95403254538252369 
0.95403254538252369 
0.95403254538252369 
0.95403254538252369 
0.95403254538252369 
0.95403254538252369 
0.95403117906929136 
0.95403117906929136 
0.95403117906929136 
0.95403117906929136 
0.95403117906929136 
0.95403117906929136 
0.95403117906929136 
0.95403117906929136 
0.95403117906929136 
0.95337215863649138 
0.95337215863649138 
0.95334831019521449 
0.95285952529902007 
0.95234062194557556 
0.95197063982042873 
0.95172112961556699 
0.95156835967421627 
0.95149259123917296 
0.95147745883852208 
0.95147745883852208 
0.95147745883852208 
0.95147745883852208 
0.95147730029140076 
0.95145746484782046 
0.95145746484782046 
0.95143853538317058 
0.95143348174953346 
0.95143348174953346 
0.95143096148911122 
0.95142301194669188 
0.95142277101723727 
0.95142277101723727 
0.95142277101723727 
0.95142277101723727 
0.95142205436684479 
0.95142205436684479 
0.95142205436684479 
0.95142167517713716 
0.95142167517713716 
0.95142167517713716 
0.95142167517713716 
0.95142167517713716 
0.95142167517713716 
0.95142167517713716 
0.95142167517713716 
0.95142167517713716 
0.95142167517713716 
0.95142167517713716 
0.95142167517713716 
0.95142167517713716 
0.95142167517713716 
0.95142167517713716 
0.95142166121265481 
0.95142166121265481 
0.95142166121265481 
0.9514215969870834 
0.9514215969870834 
0.9514215969870834 
0.9514215969870834 
0.95142159456240127 
0.95142159456240127 
0.95142159456240127 
0.95142159456240127 
0.95142159456240127 
0.95142159456240127 
0.95142159456240127 
0.95142159101590296 
0.95142159101590296 
0.95142159101590296 
0.95142159101590296 
0.95142159101590296 
0.95142159101590296 
0.95142159101590296 
0.95142158968900614 
0.95142158968900614 
0.95142158968900614 
0.95142158968900614 
0.95142158968900614 
0.95142158968900614 
0.95142158968900614 
0.95142158925226827 
0.95142158925226827 
0.95142158925226827 
0.95142158925226827 
0.95142158925226827 
0.95142158925226827 
0.95142158925226827 
0.95142158915683106 
0.95142158915683106 
0.95142158915683106 
0.95142158915683106 
0.95142158915683106 
0.95142158915683106 
0.95142158915683106 
0.95142158915683106 
0.95142158915683106 
0.95142158915683106 
0.95142158915683106 
0.95142158915683106 
0.95142158915683106 
0.95142158915683106 
0.95142158915683106 
0.95142158915683106 
0.95142158915683106 
0.95142158915683106 
0.95142158915683106 
0.95142158915683106 
0.95142158915683106 
0.95142158915683106 
0.95142158915683106 
0.95142158915683106 
0.95142158915683106 
0.95142158915683106 
0.95142158915683106 
0.95142158915683106 
0.95142158915683106 
0.95142158915683106 
0.95142158915683106 
0.95142158915683106 
0.95142158915683106 
0.95142158915683106 
0.95142158915683106 
0.95142158915683106 
0.95142158914713715 
0.95142158914713715 
0.95142158914713715 
0.95142158914713715 
0.95142158914713715 
0.95142158914713715 
0.95142158914713715 
0.95142158914713715 
0.95142158914713715 
0.95142158914713715 
0.95142158914713715 
0.95142158914713715 
0.95142158914713715 
0.95142158914713715 
0.95142158914713715 
0.95142158914713715 
0.95142158914713715 
0.95142158914713715 
0.95142158914713715 
0.95142158914713715 
0.95142158914713715 
0.95142158914713715 
0.95142158914713715 
0.95142158914713715 
0.95142158914713715 
0.95142158914713715 
0.95142158914713715 
0.95142158914713715 
0.95142158914713715 
0.95142158914713715 
0.95142158914713715 
0.95142158914713715 
0.95142158914713715 
0.95142158914713715 
0.95142158914713715 
0.95142158914713715 
0.95142158914713715 
0.95142158914713715 
0.95142158914713715 
0.95142158914713715 
0.95142158914713715 
0.95142158914713715 
0.95142158914713715 
0.95142158914713715 
0.95142158914713715 
0.95142158914713715 
0.95142158914713715 
0.95142158914713715 
0.95142158914713715 
0.95142158914713715 
0.95142158914713715 
0.95142158914713715 
0.95142158914713715 
0.95142158914713715 
0.95142158914713715 
0.95142158914713715 
0.95142158914713715 
0.95142158914713715 
0.95142158914713715 
0.95142158914713715 
0.95142158914713715 
0.95142158914713715 
0.95142158914713715 
0.95142158914713715 
0.95142158914713715 
0.95142158914713715 
0.95142158914713715 
0.95142158914713715 
0.95142158914713715 
0.95142158914713715 
0.95142158914713715 
0.95142158914713715 
0.95142158914713715 
0.95142158914713715 
0.95142158914713715 
0.95142158914713715 
0.95142158914713715 
0.95142158914713715 
0.95142158914713715 
0.95142158914713715 
0.95142158914713715 
0.95142158914713715 
0.95142158914713715 
0.95142158914713715 
0.95142158914713715 
0.95142158914713715 
0.95142158914713715 
0.95142158914713715 
0.95142158914713715 
0.95142158914713715 
0.95142158914713715 
0.95142158914713715 
0.95142158914713715 
0.95142158914713715 
0.95142158914713715 
0.95142158914713715 
0.95142158914713715 
0.95142158914713715 
0.95142158914713715 
0.95142158914713715 
0.95142158914713715 
0.95142158914713715 
0.95142158914713715 
0.95142158914713715 
0.95142158914713715 
0.95142158914713715 
0.95142158914713715 
0.95142158914713715 
0.95142158914713715 
0.95142158914713715 
0.95142158914713715 
0.95142158914713715 
0.95142158914713715 
0.95142158914713715 
0.95142158914713715 
0.95142158914713715 
0.95142158914713715 
0.95142158914713715 
0.95142158914713715 
0.95142158914713715 
0.95142158914713715 
0.95142158914713715 
0.95142158914713715 
0.95142158914713715 
0.95142158914713715 
0.95142158914713715 
0.95142158914713715 
0.95142158914713715 
0.95142158914713715 
0.95142158914713715 
0.95142158914713715 
0.95142158914713715 
0.95142158914713715 
0.95142158914713715 
0.95142158914713715 
0.95142158914713715 
0.95142158914713715 
0.95142158914713715 
0.95142158914713715 
0.95142158914713715 
0.95142158914713715 
0.95142158914713715 
0.95142158914713715 
0.95142158914713715 
0.95142158914713715 
0.95142158914713715 
0.95142158914713715 
0.95142158914713715 
0.95142158914713715 
0.95142158914713715 
0.95142158914713715 
0.95142158914713715 
0.95142158914713715 
0.95142158914713715 
0.95142158914713715 
0.95142158914713715 
0.95142158914713715 
0.95142158914713715 
0.95142158914713715 
0.95142158914713715 
0.95142158914713715 
0.95142158914713715 
0.95142158914713715 
0.95142158914713715 
0.95142158914713715 
0.95142158914713715 
0.95142158914713715 
0.95142158914713715 
0.95142158914713715 
0.95142158914713715 
0.95142158914713715 
0.95142158914713715 
0.95142158914713715 
0.95142158914713715 
0.95142158914713715 
0.95142158914713715 
0.95142158914713715 
0.95142158914713715 
0.95142158914713715 
0.95142158914713715 
0.95142158914713715 
0.95142158914713715 
0.95142158914713715 
0.95142158914713715 
0.95142158914713715 
0.95142158914713715 
0.95142158914713715 
0.95142158914713715 
0.95142158914713715 
0.95142158914713715 
0.95142158914713715 
0.95142158914713715 
0.95142158914713715 
0.95142158914713715 
0.95142158914713715 
0.95142158914713715 
0.95142158914713715 
0.95142158914713715 
0.95142158914713715 
0.95142158914713715 
0.95142158914713715 
0.95142158914713715 
0.95142158914713715 
0.95142158914713715 
0.95142158914713715 
0.95142158914713715 
0.95142158914713715 
0.95142158914713715 
0.95142158914713715 
0.95142158914713715 
0.95142158914713715 
0.95142158914713715 
0.95142158914713715 
0.95142158914713715 
0.95142158914713715 
0.95142158914713715 
0.95142158914713715 
0.95142158914713715 
0.95142158914713715 
0.95142158914713715 
0.95142158914713715 
0.95142158914713715 
0.95142158914713715 
0.95142158914713715 
0.95142158914713715 
0.95142158914713715 
0.95142158914713715 
0.95142158914713715 
0.95142158914713715 
0.95142158914713715 
0.95142158914713715 
0.95142158914713715 
0.95142158914713715 
0.95142158914713715 
0.95142158914713715 
0.95142158914713715 
0.95142158914713715 
0.95142158914713715 
0.95142158914713715 
0.95142158914713715 
0.95142158914713715 
0.95142158914713715 
0.95142158914713715 
0.95142158914713715 
0.95142158914713715 
0.95142158914713715 
0.95142158914713715 
0.95142158914713715 
0.95142158914713715 
0.95142158914713715 
0.95142158914713715 
0.95142158914713715 
0.95142158914713715 
0.95142158914713715 
0.95142158914713715 
0.95142158914713715 
0.95142158914713715 
0.95142158914713715 
0.95142158914713715 
0.95142158914713715 
0.95142158914713715 
0.95142158914713715 
0.95142158914713715 
0.95142158914713715 
0.95142158914713715 
0.95142158914713715 
0.95142158914713715 
0.95142158914713715 
0.95142158914713715 
0.95142158914713715 
0.95142158914713715 
0.95142158914713715 
0.95142158914713715 
0.95142158914713715 
0.95142158914713715 
0.95142158914713715 
0.95142158914713715 
0.95142158914713715 
0.95142158914713715 
0.95142158914713715 
0.95142158914713715 
0.95142158914713715 
0.95142158914713715 
0.95142158914713715 
0.95142158914713715 
0.95142158914713715 
0.95142158914713715 
0.95142158914713715 
0.95142158914713715 
0.95142158914713715 
0.95142158914713715 
0.95142158914713715 
0.95142158914713715 
0.95142158914713715 
0.95142158914713715 
0.95142158914713715 
0.95142158914713715 
0.95142158914713715 
0.95142158914713715 
0.95142158914713715 
0.95142158914713715 
0.95142158914713715 
0.95142158914713715 
0.95142158914713715 
0.95142158914713715 
0.95142158914713715 
0.95142158914713715 
0.95142158914713715 
0.95142158914713715 
0.95142158914713715 
0.95142158914713715 
0.95142158914713715 
0.95142158914713715 
0.95142158914713715 
0.95142158914713715 
0.95142158914713715 
0.95142158914713715 
0.95142158914713715 
0.95142158914713715 
0.95142158914713715 
0.95142158914713715 
0.95142158914713715 
0.95142158914713715 
0.95142158914713715 
0.95142158914713715 
0.95142158914713715 
0.95142158914713715 
0.95142158914713715 
0.95142158914713715 
0.95142158914713715 
0.95142158914713715 
0.95142158914713715 
0.95142158914713715 
0.95142158914713715 
0.95142158914713715 
0.95142158914713715 
0.95142158914713715 
0.95142158914713715 
0.95142158914713715 
0.95142158914713715 
0.95142158914713715 
0.95142158914713715 
0.95142158914713715 
0.95142158914713715 
0.95142158914713715 
0.95142158914713715 
0.95142158914713715 
0.95142158914713715 
0.95142158914713715 
0.95142158914713715 
0.95142158914713715 
0.95142158914713715 
0.95142158914713715 
0.95142158914713715 
0.95142158914713715 
0.95142158914713715 
0.95142158914713715 
0.95142158914713715 
0.95142158914713715 
0.95142158914713715 
0.95142158914713715 
0.95142158914713715 
0.95142158914713715 
0.95142158914713715 
0.95142158914713715 
0.95142158914713715 
0.95142158914713715 
0.95142158914713715 
0.95142158914713715 
0.95142158914713715 
0.95142158914713715 
0.95142158914713715 
0.95142158914713715 
0.95142158914713715 
0.95142158914713715 
0.95142158914713715 
0.95142158914713715 
0.95142158914713715 
0.95142158914713715 
0.95142158914713715 
0.95142158914713715 
0.95142158914713715 
0.95142158914713715 
0.95142158914713715 
0.95142158914713715 
0.95142158914713715 
0.95142158914713715 
0.95142158914713715 
0.95142158914713715 
0.95142158914713715 
0.95142158914713715 
0.95142158914713715 
0.95142158914713715 
0.95142158914713715 
0.95142158914713715 
0.95142158914713715 
0.95142158914713715 
0.95142158914713715 
0.95142158914713715 
0.95142158914713715 
0.95142158914713715 
0.95142158914713715 
0.95142158914713715 
0.95142158914713715 
0.95142158914713715 
0.95142158914713715 
0.95142158914713715 
0.95142158914713715 
0.95142158914713715 
0.95142158914713715 
0.95142158914713715 
0.95142158914713715 
0.95142158914713715 
0.95142158914713715 
0.95142158914713715 
0.95142158914713715 
0.95142158914713715 
0.95142158914713715 
0.95142158914713715 
0.95142158914713715 
0.95142158914713715 
0.95142158914713715 
0.95142158914713715 
0.95142158914713715 
0.95142158914713715 
0.95142158914713715 
0.95142158914713715 
0.95142158914713715 
0.95142158914713715 
0.95142158914713715 
0.95142158914713715 
0.95142158914713715 
0.95142158914713715 
0.95142158914713715 
0.95142158914713715 
0.95142158914713715 
0.95142158914713715 
0.95142158914713715 
0.95142158914713715 
0.95142158914713715 
0.95142158914713715 
0.95142158914713715 
0.95142158914713715 
0.95142158914713715 
0.95142158914713715 
0.95142158914713715 
0.95142158914713715 
0.95142158914713715 
0.95142158914713715 
0.95142158914713715 
0.95142158914713715 
0.95142158914713715 
0.95142158914713715 
0.95142158914713715 
0.95142158914713715 
0.95142158914713715 
0.95142158914713715 
0.95142158914713715 
0.95142158914713715 
0.95142158914713715 
0.95142158914713715 
0.95142158914713715 
0.95142158914713715 
0.95142158914713715 
0.95142158914713715 
0.95142158914713715 
0.95142158914713715 
0.95142158914713715 
0.95142158914713715 
0.95142158914713715 
0.95142158914713715 
0.95142158914713715 
0.95142158914713715 
0.95142158914713715 
0.95142158914713715 
0.95142158914713715 
0.95142158914713715 
0.95142158914713715 
0.95142158914713715 
0.95142158914713715 
0.95142158914713715 
0.95142158914713715 
0.95142158914713715 
0.95142158914713715 
0.95142158914713715 
0.95142158914713715 
0.95142158914713715 
0.95142158914713715 
0.95142158914713715 
0.95142158914713715 
0.95142158914713715 
0.95142158914713715 
0.95142158914713715 
0.95142158914713715 
0.95142158914713715 
0.95142158914713715 
0.95142158914713715 
0.95142158914713715 
0.95142158914713715 
0.95142158914713715 
0.95142158914713715 
0.95142158914713715 
0.95142158914713715 
0.95142158914713715 
0.95142158914713715 
0.95142158914713715 
0.95142158914713715 
0.95142158914713715 
0.95142158914713715 
0.95142158914713715 
0.95142158914713715 
0.95142158914713715 
0.95142158914713715 
0.95142158914713715 
0.95142158914713715 
0.95142158914713715 
0.95142158914713715 
0.95142158914713715 
0.95142158914713715 
0.95142158914713715 
0.95142158914713715 
0.95142158914713715 
0.95142158914713715 
0.95142158914713715 
0.95142158914713715 
0.95142158914713715 
0.95142158914713715 
0.95142158914713715 
0.95142158914713715 
0.95142158914713715 
0.95142158914713715 
0.95142158914713715 
0.95142158914713715 
0.95142158914713715 
0.95142158914713715 
0.95142158914713715 
0.95142158914713715 
0.95142158914713715 
0.95142158914713715 
0.95142158914713715 
0.95142158914713715 
0.95142158914713715 
0.95142158914713715 
0.95142158914713715 
0.95142158914713715 
0.95142158914713715 
0.95142158914713715 
0.95142158914713715 
0.95142158914713715 
0.95142158914713715 
0.95142158914713715 
0.95142158914713715 
0.95142158914713715 
0.95142158914713715 
0.95142158914713715 
0.95142158914713715 
0.95142158914713715 
0.95142158914713715 
0.95142158914713715 
0.95142158914713715 
0.95142158914713715 
0.95142158914713715 
0.95142158914713715 
0.95142158914713715 
0.95142158914713715 
0.95142158914713715 
0.95142158914713715 
0.95142158914713715 
0.95142158914713715 
0.95142158914713715 
0.95142158914713715 
0.95142158914713715 
0.95142158914713715 
0.95142158914713715 
0.95142158914713715 
0.95142158914713715 
0.95142158914713715 
0.95142158914713715 
0.95142158914713715 
0.95142158914713715 
0.95142158914713715 
0.95142158914713715 
0.95142158914713715 
0.95142158914713715 
0.95142158914713715 
0.95142158914713715 
0.95142158914713715 
0.95142158914713715 
0.95142158914713715 
0.95142158914713715 
0.95142158914713715 
0.95142158914713715 
0.95142158914713715 
0.95142158914713715 
0.95142158914713715 
0.95142158914713715 
0.95142158914713715 
0.95142158914713715 
0.95142158914713715 
0.95142158914713715 
0.95142158914713715 
0.95142158914713715 
0.95142158914713715 
0.95142158914713715 
0.95142158914713715 
0.95142158914713715 
0.95142158914713715 
0.95142158914713715 
0.95142158914713715 
0.95142158914713715 
0.95142158914713715 
0.95142158914713715 
0.95142158914713715 
0.95142158914713715 
0.95142158914713715 
0.95142158914713715 
0.95142158914713715 
0.95142158914713715 
0.95142158914713715 
0.95142158914713715 
0.95142158914713715 
0.95142158914713715 
0.95142158914713715 
0.95142158914713715 
0.95142158914713715 
0.95142158914713715 
0.95142158914713715 
0.95142158914713715 
0.95142158914713715 
0.95142158914713715 
0.95142158914713715 
0.95142158914713715 
0.95142158914713715 
0.95142158914713715 
0.95142158914713715 
0.95142158914713715 
0.95142158914713715 
0.95142158914713715 
0.95142158914713715 
0.95142158914713715 
0.95142158914713715 
0.95142158914713715 
0.95142158914713715 
0.95142158914713715 
0.95142158914713715 
0.95142158914713715 
0.95142158914713715 
0.95142158914713715 
0.95142158914713715 
0.95142158914713715 
0.95142158914713715 
0.95142158914713715 
0.95142158914713715 
0.95142158914713715 
0.95142158914713715 
0.95142158914713715 
0.95142158914713715 
0.95142158914713715 
0.95142158914713715 
0.95142158914713715 
0.95142158914713715 
0.95142158914713715 
0.95142158914713715 
0.95142158914713715 
0.95142158914713715 
0.95142158914713715 
0.95142158914713715 
0.95142158914713715 
0.95142158914713715 
0.95142158914713715 
0.95142158914713715 
0.95142158914713715 
0.95142158914713715 
0.95142158914713715 
0.95142158914713715 
0.95142158914713715 
0.95142158914713715 
0.95142158914713715 
0.95142158914713715 
0.95142158914713715 
0.95142158914713715 
0.95142158914713715 
0.95142158914713715 
0.95142158914713715 
0.95142158914713715 
0.95142158914713715 
0.95142158914713715 
0.95142158914713715 
0.95142158914713715 
0.95142158914713715 
0.95142158914713715 
0.95142158914713715 
0.95142158914713715 
0.95142158914713715 
0.95142158914713715 
0.95142158914713715 
0.95142158914713715 
0.95142158914713715 
0.95142158914713715 
0.95142158914713715 
0.95142158914713715 
0.95142158914713715 
0.95142158914713715 
0.95142158914713715 
0.95142158914713715 
0.95142158914713715 
0.95142158914713715 
0.95142158914713715 
0.95142158914713715 
0.95142158914713715 
0.95142158914713715 
0.95142158914713715 
0.95142158914713715 
0.95142158914713715 
0.95142158914713715 
0.95142158914713715 
0.95142158914713715 
0.95142158914713715 
0.95142158914713715 
0.95142158914713715 
0.95142158914713715 
0.95142158914713715 
0.95142158914713715 
0.95142158914713715 
0.95142158914713715 
0.95142158914713715 
0.95142158914713715 
0.95142158914713715 
0.95142158914713715 
0.95142158914713715 
0.95142158914713715 
0.95142158914713715 
0.95142158914713715 
0.95142158914713715 
0.95142158914713715 
0.95142158914713715 
0.95142158914713715 
0.95142158914713715 
0.95142158914713715 
0.95142158914713715 
0.95142158914713715 
0.95142158914713715 
0.95142158914713715 
0.95142158914713715 
0.95142158914713715 
0.95142158914713715 
0.95142158914713715 
0.95142158914713715 
0.95142158914713715 
0.95142158914713715 
0.95142158914713715 
0.95142158914713715 
0.95142158914713715 
0.95142158914713715 
0.95142158914713715 
0.95142158914713715 
0.95142158914713715 
0.95142158914713715 
0.95142158914713715 
0.95142158914713715 
0.95142158914713715 
0.95142158914713715 
0.95142158914713715 
0.95142158914713715 
0.95142158914713715 
0.95142158914713715 
0.95142158914713715 
0.95142158914713715 
0.95142158914713715 
0.95142158914713715 
0.95142158914713715 
0.95142158914713715 
0.95142158914713715 
0.95142158914713715 
0.95142158914713715 
0.95142158914713715 
0.95142158914713715 
0.95142158914713715 
0.95142158914713715 
0.95142158914713715 
0.95142158914713715 
0.95142158914713715 
0.95142158914713715 
0.95142158914713715 
0.95142158914713715 
0.95142158914713715 
0.95142158914713715 
0.95142158914713715 
0.95142158914713715 
0.95142158914713715 
