0.0601833187914671 
0.0601833187914671 
0.0601833187914671 
0.048589901133197944 
0.048589901133197944 
0.048589901133197944 
0.029163123306390815 
0.029163123306390815 
0.029163123306390815 
0.0065917377236173191 
0.0065917377236173191 
0.0065917377236173191 
0.0065917377236173191 
0.0065917377236173191 
0.0065917377236173191 
0.0065917377236173191 
0.0065917377236173191 
0.0065917377236173191 
0.0065917377236173191 
0.0065917377236173191 
0.0065917377236173191 
0.0065917377236173191 
0.0065917377236173191 
0.0065917377236173191 
0.0035193020082134874 
0.0035193020082134874 
0.0035193020082134874 
0.0035193020082134874 
0.0026194578351929065 
0.0026194578351929065 
0.0026194578351929065 
0.0026194578351929065 
0.0026194578351929065 
0.0026194578351929065 
0.0026194578351929065 
0.0018437747398825088 
0.0018437747398825088 
0.0018437747398825088 
0.0018437747398825088 
0.0018437747398825088 
0.0018437747398825088 
0.0018437747398825088 
0.0018437747398825088 
0.0018437747398825088 
0.0018437747398825088 
0.0018437747398825088 
0.0018437747398825088 
0.0018437747398825088 
0.0018437747398825088 
0.0018437747398825088 
0.0018437747398825088 
0.0018437747398825088 
0.0018437747398825088 
0.0018437747398825088 
0.0018437747398825088 
0.0018437747398825088 
0.0018437747398825088 
0.0018437747398825088 
0.0012674590194641233 
0.0012674590194641233 
8.173610002004672e-05 
8.173610002004672e-05 
8.173610002004672e-05 
8.173610002004672e-05 
8.173610002004672e-05 
8.173610002004672e-05 
8.173610002004672e-05 
8.173610002004672e-05 
8.173610002004672e-05 
8.173610002004672e-05 
8.173610002004672e-05 
8.173610002004672e-05 
8.173610002004672e-05 
8.173610002004672e-05 
8.173610002004672e-05 
8.173610002004672e-05 
8.173610002004672e-05 
8.173610002004672e-05 
8.173610002004672e-05 
8.173610002004672e-05 
8.173610002004672e-05 
8.173610002004672e-05 
8.173610002004672e-05 
8.173610002004672e-05 
8.173610002004672e-05 
8.173610002004672e-05 
7.0278176477311938e-05 
7.0278176477311938e-05 
7.0278176477311938e-05 
5.3535478629407329e-05 
5.3535478629407329e-05 
5.3535478629407329e-05 
5.3535478629407329e-05 
4.3394935965501702e-05 
4.3394935965501702e-05 
4.3394935965501702e-05 
4.3394935965501702e-05 
2.8779548326807181e-05 
2.8779548326807181e-05 
2.8779548326807181e-05 
1.4515133681558545e-05 
1.4515133681558545e-05 
1.4515133681558545e-05 
1.4515133681558545e-05 
1.4515133681558545e-05 
1.4515133681558545e-05 
1.4515133681558545e-05 
1.4515133681558545e-05 
1.4515133681558545e-05 
1.4515133681558545e-05 
1.4515133681558545e-05 
1.4515133681558545e-05 
1.4515133681558545e-05 
1.4515133681558545e-05 
1.4515133681558545e-05 
1.4515133681558545e-05 
7.2722726713880803e-06 
7.2722726713880803e-06 
7.2722726713880803e-06 
7.2722726713880803e-06 
7.2722726713880803e-06 
7.2722726713880803e-06 
7.2722726713880803e-06 
6.6873768862496519e-06 
6.6873768862496519e-06 
6.6873768862496519e-06 
6.6873768862496519e-06 
6.6873768862496519e-06 
6.6873768862496519e-06 
6.6873768862496519e-06 
6.6873768862496519e-06 
6.6873768862496519e-06 
6.6873768862496519e-06 
6.6873768862496519e-06 
6.6873768862496519e-06 
6.4669368228242874e-06 
5.2795102474245681e-06 
4.9307608264159697e-06 
1.8027388637431585e-06 
1.8027388637431585e-06 
1.776581996515425e-06 
1.776581996515425e-06 
1.2340338186866973e-06 
1.2340338186866973e-06 
1.2340338186866973e-06 
1.2340338186866973e-06 
1.2340338186866973e-06 
1.2340338186866973e-06 
1.0242227044265917e-06 
1.0242227044265917e-06 
1.0242227044265917e-06 
1.0242227044265917e-06 
1.0242227044265917e-06 
1.0242227044265917e-06 
1.0242227044265917e-06 
1.0242227044265917e-06 
1.0242227044265917e-06 
1.0242227044265917e-06 
5.6940772097391346e-08 
5.6940772097391346e-08 
5.6940772097391346e-08 
5.6940772097391346e-08 
5.6940772097391346e-08 
5.6940772097391346e-08 
5.6940772097391346e-08 
5.6940772097391346e-08 
5.6940772097391346e-08 
5.6940772097391346e-08 
5.6940772097391346e-08 
5.6940772097391346e-08 
5.6940772097391346e-08 
5.6940772097391346e-08 
5.6940772097391346e-08 
5.6940772097391346e-08 
5.6940772097391346e-08 
5.6940772097391346e-08 
5.6940772097391346e-08 
5.6940772097391346e-08 
5.6940772097391346e-08 
5.6940772097391346e-08 
5.6940772097391346e-08 
5.6940772097391346e-08 
5.6940772097391346e-08 
5.6940772097391346e-08 
5.6940772097391346e-08 
5.6940772097391346e-08 
5.6940772097391346e-08 
5.6940772097391346e-08 
5.6940772097391346e-08 
5.6940772097391346e-08 
5.3993354676151739e-08 
5.3993354676151739e-08 
5.3993354676151739e-08 
5.3993354676151739e-08 
5.3993354676151739e-08 
5.3993354676151739e-08 
5.3993354676151739e-08 
5.3993354676151739e-08 
5.3993354676151739e-08 
5.3993354676151739e-08 
5.3993354676151739e-08 
5.3993354676151739e-08 
5.3993354676151739e-08 
5.3993354676151739e-08 
5.3993354676151739e-08 
5.3993354676151739e-08 
5.3993354676151739e-08 
5.3993354676151739e-08 
5.3993354676151739e-08 
5.3993354676151739e-08 
5.3993354676151739e-08 
5.3993354676151739e-08 
5.3993354676151739e-08 
5.3993354676151739e-08 
5.3993354676151739e-08 
5.3993354676151739e-08 
5.3993354676151739e-08 
5.3993354676151739e-08 
5.3993354676151739e-08 
5.3993354676151739e-08 
5.3993354676151739e-08 
5.3993354676151739e-08 
5.3993354676151739e-08 
5.3993354676151739e-08 
5.3993354676151739e-08 
5.3993354676151739e-08 
5.3993354676151739e-08 
5.3993354676151739e-08 
5.3993354676151739e-08 
5.3993354676151739e-08 
5.3993354676151739e-08 
5.3993354676151739e-08 
5.3993354676151739e-08 
5.3993354676151739e-08 
5.3993354676151739e-08 
5.3993354676151739e-08 
5.3993354676151739e-08 
5.3993354676151739e-08 
5.3993354676151739e-08 
5.3993354676151739e-08 
5.3993354676151739e-08 
5.3993354676151739e-08 
5.3993354676151739e-08 
5.3993354676151739e-08 
5.3993354676151739e-08 
5.3993354676151739e-08 
5.3993354676151739e-08 
5.3980192871172505e-08 
5.3980192871172505e-08 
5.3980192871172505e-08 
5.3980192871172505e-08 
5.3980192871172505e-08 
5.3980192871172505e-08 
5.3980192871172505e-08 
5.3978190917014501e-08 
5.3978190917014501e-08 
5.3978190917014501e-08 
5.3978190917014501e-08 
5.3975710900822094e-08 
5.3975710900822094e-08 
5.3975710900822094e-08 
5.3975710900822094e-08 
5.3975710900822094e-08 
5.3975710900822094e-08 
5.3975710900822094e-08 
5.3975248048843127e-08 
5.3975248048843127e-08 
5.3975248048843127e-08 
5.3975248048843127e-08 
5.3974303360071474e-08 
5.3974303360071474e-08 
5.3974303360071474e-08 
5.3974303360071474e-08 
5.3974303360071474e-08 
5.3974303360071474e-08 
5.3974303360071474e-08 
5.3974222313790676e-08 
5.3974222313790676e-08 
5.3974222313790676e-08 
5.3974222313790676e-08 
5.3974117730781757e-08 
5.3974117730781757e-08 
5.3974117730781757e-08 
5.3974117730781757e-08 
5.3974097746767313e-08 
5.3974097746767313e-08 
5.3974097746767313e-08 
5.3974097746767313e-08 
5.3974045899352063e-08 
5.3974045899352063e-08 
5.3974045899352063e-08 
5.3974045899352063e-08 
5.3974043345839107e-08 
5.3974043345839107e-08 
5.3974043345839107e-08 
5.3974043345839107e-08 
5.3974017144575726e-08 
5.3974017144575726e-08 
5.3974017144575726e-08 
5.3974017144575726e-08 
5.3974017144575726e-08 
5.3974017144575726e-08 
5.3974017144575726e-08 
5.3974014924129676e-08 
5.3974014924129676e-08 
5.3974014924129676e-08 
5.3974014924129676e-08 
5.3974002267587196e-08 
5.3974002267587196e-08 
5.3974002267587196e-08 
5.3974002267587196e-08 
5.3974002267587196e-08 
5.3974002267587196e-08 
5.3974002267587196e-08 
5.3974002045542591e-08 
5.3974002045542591e-08 
5.3974002045542591e-08 
5.3974002045542591e-08 
5.3974002045542591e-08 
5.3974002045542591e-08 
5.3974002045542591e-08 
5.3974002045542591e-08 
5.3974002045542591e-08 
5.3974002045542591e-08 
5.3974002045542591e-08 
5.3974001046341868e-08 
5.3974001046341868e-08 
5.3974001046341868e-08 
5.3974001046341868e-08 
5.3974001046341868e-08 
5.3974001046341868e-08 
5.3974001046341868e-08 
5.3974001046341868e-08 
5.3974001046341868e-08 
5.3974001046341868e-08 
5.3974001046341868e-08 
5.3974001046341868e-08 
5.3974001046341868e-08 
5.3974001046341868e-08 
5.3974001046341868e-08 
5.3974001046341868e-08 
5.3974001046341868e-08 
5.3974001046341868e-08 
5.3974001046341868e-08 
5.3974001046341868e-08 
5.3974001046341868e-08 
5.3974001046341868e-08 
5.3974001046341868e-08 
5.3974001046341868e-08 
5.3974001046341868e-08 
5.3974001046341868e-08 
5.3974001046341868e-08 
5.3974001046341868e-08 
5.3974001046341868e-08 
5.3974001046341868e-08 
5.3974001046341868e-08 
5.3974001046341868e-08 
5.3974001046341868e-08 
5.3974001046341868e-08 
5.3974001046341868e-08 
5.3974001046341868e-08 
5.3974001046341868e-08 
5.3974001046341868e-08 
5.3974001046341868e-08 
5.3974000935319566e-08 
5.3974000935319566e-08 
5.3974000935319566e-08 
5.3974000935319566e-08 
5.3974000935319566e-08 
5.3974000935319566e-08 
5.3974000935319566e-08 
5.3974000935319566e-08 
5.3974000935319566e-08 
5.3974000935319566e-08 
5.3974000935319566e-08 
5.3974000935319566e-08 
5.3974000935319566e-08 
5.3974000935319566e-08 
5.3974000935319566e-08 
5.3974000935319566e-08 
5.3974000935319566e-08 
5.3974000935319566e-08 
5.3974000935319566e-08 
5.3974000935319566e-08 
5.3974000935319566e-08 
5.3974000935319566e-08 
5.3974000935319566e-08 
5.3974000935319566e-08 
5.3974000935319566e-08 
5.3974000935319566e-08 
5.3974000935319566e-08 
5.3974000935319566e-08 
5.3974000935319566e-08 
5.3974000935319566e-08 
5.3974000935319566e-08 
5.3974000935319566e-08 
5.3974000935319566e-08 
5.3974000935319566e-08 
5.3974000935319566e-08 
5.3974000935319566e-08 
5.3974000935319566e-08 
5.3974000935319566e-08 
5.3974000935319566e-08 
5.3974000935319566e-08 
5.3974000935319566e-08 
5.3974000935319566e-08 
5.3974000935319566e-08 
5.3974000935319566e-08 
5.3974000935319566e-08 
5.3974000935319566e-08 
5.3974000935319566e-08 
5.3974000935319566e-08 
5.3974000935319566e-08 
5.3974000935319566e-08 
5.3974000935319566e-08 
5.3974000935319566e-08 
5.3974000935319566e-08 
5.3974000935319566e-08 
5.3974000935319566e-08 
5.3974000935319566e-08 
5.3974000935319566e-08 
5.3974000935319566e-08 
5.3974000935319566e-08 
5.3974000935319566e-08 
5.3974000935319566e-08 
5.3974000935319566e-08 
5.3974000935319566e-08 
5.3974000935319566e-08 
5.3974000935319566e-08 
5.3974000935319566e-08 
5.3974000935319566e-08 
5.3974000935319566e-08 
5.3974000935319566e-08 
5.3974000935319566e-08 
5.3974000935319566e-08 
5.3974000935319566e-08 
5.3974000935319566e-08 
5.3974000935319566e-08 
5.3974000935319566e-08 
5.3974000935319566e-08 
5.3974000935319566e-08 
5.3974000935319566e-08 
5.3974000935319566e-08 
5.3974000935319566e-08 
5.3974000935319566e-08 
5.3974000935319566e-08 
5.3974000935319566e-08 
5.3974000935319566e-08 
5.3974000935319566e-08 
5.3974000935319566e-08 
5.3974000935319566e-08 
5.3974000935319566e-08 
5.3974000935319566e-08 
5.3974000935319566e-08 
5.3974000935319566e-08 
5.3974000935319566e-08 
5.3974000935319566e-08 
5.3974000935319566e-08 
5.3974000935319566e-08 
5.3974000935319566e-08 
5.3974000935319566e-08 
5.3974000935319566e-08 
5.3974000935319566e-08 
5.3974000935319566e-08 
5.3974000935319566e-08 
5.3974000935319566e-08 
5.3974000935319566e-08 
5.3974000935319566e-08 
5.3974000935319566e-08 
5.3974000935319566e-08 
5.3974000935319566e-08 
5.3974000935319566e-08 
5.3974000935319566e-08 
5.3974000935319566e-08 
5.3974000935319566e-08 
5.3974000935319566e-08 
5.3974000935319566e-08 
5.3974000935319566e-08 
5.3974000935319566e-08 
5.3974000935319566e-08 
5.3974000935319566e-08 
5.3974000935319566e-08 
5.3974000935319566e-08 
5.3974000935319566e-08 
5.3974000935319566e-08 
5.3974000935319566e-08 
5.3974000935319566e-08 
5.3974000935319566e-08 
5.3974000935319566e-08 
5.3974000935319566e-08 
5.3974000935319566e-08 
5.3974000935319566e-08 
5.3974000935319566e-08 
5.3974000935319566e-08 
5.3974000935319566e-08 
5.3974000935319566e-08 
3.361399913970331e-08 
3.361399913970331e-08 
3.361399913970331e-08 
3.361399913970331e-08 
2.4761565686759468e-08 
2.4761565686759468e-08 
2.4761565686759468e-08 
2.4761565686759468e-08 
1.7497514215314425e-08 
1.7497514215314425e-08 
1.7497514215314425e-08 
1.7497514215314425e-08 
1.6389173462805218e-08 
1.6389173462805218e-08 
1.6389173462805218e-08 
1.6389173462805218e-08 
1.4451408847371283e-08 
1.4451408847371283e-08 
1.4451408847371283e-08 
1.4451408847371283e-08 
1.4451408847371283e-08 
1.4451408847371283e-08 
1.4451408847371283e-08 
1.4451408847371283e-08 
1.4451408847371283e-08 
1.4451408847371283e-08 
1.4451408847371283e-08 
1.391141679629726e-08 
1.391141679629726e-08 
1.391141679629726e-08 
1.391141679629726e-08 
1.391141679629726e-08 
1.391141679629726e-08 
1.391141679629726e-08 
1.391141679629726e-08 
1.391141679629726e-08 
1.391141679629726e-08 
1.391141679629726e-08 
1.391141679629726e-08 
1.391141679629726e-08 
1.391141679629726e-08 
1.391141679629726e-08 
1.391141679629726e-08 
1.391141679629726e-08 
1.391141679629726e-08 
1.391141679629726e-08 
1.391141679629726e-08 
1.3909550844459773e-08 
1.390944881496381e-08 
1.390944881496381e-08 
1.390944881496381e-08 
1.390944881496381e-08 
1.3908720175592748e-08 
1.3908720175592748e-08 
1.3908720175592748e-08 
1.3908651341765221e-08 
1.3908651341765221e-08 
1.3908651341765221e-08 
1.3908651341765221e-08 
1.3908651341765221e-08 
1.3908651341765221e-08 
1.3908651341765221e-08 
1.3908646567806215e-08 
1.3908646567806215e-08 
1.3908646567806215e-08 
1.3908644125315561e-08 
1.3908644125315561e-08 
1.3908644125315561e-08 
1.3908643570204049e-08 
1.3908643570204049e-08 
1.3908643570204049e-08 
1.3908643237137142e-08 
1.3908643237137142e-08 
1.3908643237137142e-08 
1.3908643126114839e-08 
1.3908643126114839e-08 
1.3908643126114839e-08 
1.3908643126114839e-08 
1.3908643126114839e-08 
1.3908643126114839e-08 
1.3908643126114839e-08 
1.3908643126114839e-08 
1.3908643126114839e-08 
1.3908643126114839e-08 
1.3908643126114839e-08 
1.3908643126114839e-08 
1.3908643126114839e-08 
1.3908643126114839e-08 
1.3908643126114839e-08 
1.3908643126114839e-08 
1.3908643126114839e-08 
1.3908643126114839e-08 
1.3908643126114839e-08 
1.3908643126114839e-08 
1.3908643126114839e-08 
1.3908643126114839e-08 
1.3908643126114839e-08 
1.3908643126114839e-08 
1.3908643126114839e-08 
1.3908643126114839e-08 
1.3908643126114839e-08 
1.3908643126114839e-08 
1.3908643126114839e-08 
1.3908643126114839e-08 
1.3908643126114839e-08 
1.3908643126114839e-08 
1.3908643126114839e-08 
1.3908643126114839e-08 
1.3908643126114839e-08 
1.3908643126114839e-08 
1.3908643126114839e-08 
1.3908643126114839e-08 
1.3908643126114839e-08 
1.3908643126114839e-08 
1.3908643126114839e-08 
1.3908643126114839e-08 
1.3908643126114839e-08 
1.3908643126114839e-08 
1.3908643126114839e-08 
1.3908643126114839e-08 
1.3908643126114839e-08 
1.3908643126114839e-08 
1.3908643126114839e-08 
1.3908643126114839e-08 
1.3908643126114839e-08 
1.3908643126114839e-08 
1.3908643126114839e-08 
1.3908643126114839e-08 
1.3908643126114839e-08 
1.3908643126114839e-08 
1.3908643126114839e-08 
1.3908643126114839e-08 
1.3908643126114839e-08 
1.3908643126114839e-08 
1.3908643126114839e-08 
1.3908643126114839e-08 
1.3908643126114839e-08 
1.3908643126114839e-08 
1.3908643126114839e-08 
1.3908643126114839e-08 
1.3908643126114839e-08 
1.3908643126114839e-08 
1.3908643126114839e-08 
1.3908643126114839e-08 
1.3908643126114839e-08 
1.3908643126114839e-08 
1.3908643126114839e-08 
1.3908643126114839e-08 
1.3908643126114839e-08 
1.3908643126114839e-08 
1.3908643126114839e-08 
1.3908643126114839e-08 
1.3908643126114839e-08 
1.3908643126114839e-08 
1.3908643126114839e-08 
1.3908643126114839e-08 
1.3908643126114839e-08 
1.3908643126114839e-08 
1.3908643126114839e-08 
1.3908643126114839e-08 
1.3908643126114839e-08 
1.3908643126114839e-08 
1.3908643126114839e-08 
1.3908643126114839e-08 
1.3908643126114839e-08 
1.3908643126114839e-08 
1.3908643126114839e-08 
1.3908643126114839e-08 
1.3908643126114839e-08 
1.3908643126114839e-08 
1.3908643126114839e-08 
1.3908643126114839e-08 
1.3908643126114839e-08 
1.3908643126114839e-08 
1.3908643126114839e-08 
1.3908643126114839e-08 
1.3908643126114839e-08 
1.3908643126114839e-08 
1.3908643126114839e-08 
1.3908643126114839e-08 
1.3908643126114839e-08 
1.3908643126114839e-08 
1.3908643126114839e-08 
1.3908643126114839e-08 
1.3908643126114839e-08 
1.3908643126114839e-08 
1.3908643126114839e-08 
1.3908643126114839e-08 
1.3908643126114839e-08 
1.3908643126114839e-08 
1.3908643126114839e-08 
1.3908643126114839e-08 
1.3908643126114839e-08 
1.3908643126114839e-08 
1.3908643126114839e-08 
1.3908643126114839e-08 
1.3908643126114839e-08 
1.3908643126114839e-08 
1.3908643126114839e-08 
1.3908643126114839e-08 
1.3908643126114839e-08 
1.3908643126114839e-08 
1.3908643126114839e-08 
1.2699720053355179e-08 
1.2699720053355179e-08 
1.2699720053355179e-08 
1.2699720053355179e-08 
1.2699720053355179e-08 
1.2699720053355179e-08 
1.2699720053355179e-08 
1.2554161266109531e-08 
1.2554161266109531e-08 
1.2554161266109531e-08 
1.2554161266109531e-08 
1.2554161266109531e-08 
1.2554161266109531e-08 
1.2554161266109531e-08 
1.2554161266109531e-08 
1.2554161266109531e-08 
1.2554161266109531e-08 
1.2554161266109531e-08 
1.2554161266109531e-08 
1.2554161266109531e-08 
1.2553147632488049e-08 
1.2546367722521268e-08 
1.2546367722521268e-08 
1.2546367722521268e-08 
1.2546367722521268e-08 
1.2540038896169392e-08 
1.2540038896169392e-08 
1.2540038896169392e-08 
1.2539553284618421e-08 
1.2539553284618421e-08 
1.2539553284618421e-08 
1.2539553284618421e-08 
1.2539553284618421e-08 
1.2539553284618421e-08 
1.2539553284618421e-08 
1.2539535965139237e-08 
1.2539535965139237e-08 
1.2539535965139237e-08 
1.2539535965139237e-08 
1.2539535965139237e-08 
1.2539535965139237e-08 
1.2539535965139237e-08 
1.2539535965139237e-08 
1.2539535965139237e-08 
1.2539535965139237e-08 
1.2539535632072329e-08 
1.2539535632072329e-08 
1.2539535632072329e-08 
1.2539535632072329e-08 
1.2539535632072329e-08 
1.2539535632072329e-08 
1.2539535632072329e-08 
1.2539535521050027e-08 
1.2539535521050027e-08 
1.2539535521050027e-08 
1.2539535521050027e-08 
1.2539535521050027e-08 
1.2539535521050027e-08 
1.2539535521050027e-08 
1.2539535521050027e-08 
1.2539535521050027e-08 
1.2539535521050027e-08 
1.2539535410027725e-08 
1.2539535410027725e-08 
1.2539535410027725e-08 
1.2539535410027725e-08 
1.2539535410027725e-08 
1.2539535410027725e-08 
1.2539535410027725e-08 
1.2539535410027725e-08 
1.2539535410027725e-08 
1.2539535410027725e-08 
1.2539535410027725e-08 
1.2539535410027725e-08 
1.2539535410027725e-08 
1.2539535410027725e-08 
1.2539535410027725e-08 
1.2539535410027725e-08 
1.2539535410027725e-08 
1.2539535410027725e-08 
1.2539535410027725e-08 
1.2539535410027725e-08 
1.2539535410027725e-08 
1.2539535410027725e-08 
1.2539535410027725e-08 
1.2539535410027725e-08 
1.2539535410027725e-08 
1.2539535410027725e-08 
1.2539535410027725e-08 
1.2539535410027725e-08 
1.2539535410027725e-08 
1.2539535410027725e-08 
1.2539535410027725e-08 
1.2539535410027725e-08 
1.2539535410027725e-08 
1.2539535410027725e-08 
1.2539535410027725e-08 
1.2539535410027725e-08 
1.2539535410027725e-08 
1.2539535410027725e-08 
1.2539535410027725e-08 
1.2539535410027725e-08 
1.2539535410027725e-08 
1.2539535410027725e-08 
1.2539535410027725e-08 
1.2539535410027725e-08 
1.2539535410027725e-08 
1.2539535410027725e-08 
1.2539535410027725e-08 
1.2539535410027725e-08 
1.2539535410027725e-08 
1.2539535410027725e-08 
1.2539535410027725e-08 
1.2539535410027725e-08 
1.2539535410027725e-08 
1.2539535410027725e-08 
1.2539535410027725e-08 
1.2539535410027725e-08 
1.2539535410027725e-08 
1.2539535410027725e-08 
1.2539535410027725e-08 
1.2539535410027725e-08 
1.2539535410027725e-08 
1.2539535410027725e-08 
1.2539535410027725e-08 
1.2539535410027725e-08 
1.2539535410027725e-08 
1.2539535410027725e-08 
1.2539535410027725e-08 
1.2539535410027725e-08 
1.2539535410027725e-08 
1.2539535410027725e-08 
1.2539535410027725e-08 
1.2539535410027725e-08 
1.2539535410027725e-08 
1.2539535410027725e-08 
1.0215213563924408e-08 
1.0215213563924408e-08 
1.0215213563924408e-08 
1.0215213563924408e-08 
1.0215213563924408e-08 
1.0215213563924408e-08 
1.0215213563924408e-08 
1.0215213563924408e-08 
1.0215213563924408e-08 
1.0215213563924408e-08 
1.0215213563924408e-08 
1.0215213563924408e-08 
1.0215213563924408e-08 
3.980277440973623e-09 
3.980277440973623e-09 
3.980277440973623e-09 
6.7303174144939248e-10 
6.7303174144939248e-10 
6.7303174144939248e-10 
6.7303174144939248e-10 
6.7303174144939248e-10 
6.7303174144939248e-10 
6.7303174144939248e-10 
6.7303174144939248e-10 
6.7303174144939248e-10 
6.7303174144939248e-10 
6.7303174144939248e-10 
6.7303174144939248e-10 
6.7303174144939248e-10 
6.7303174144939248e-10 
6.7303174144939248e-10 
6.7303174144939248e-10 
6.7303174144939248e-10 
6.7303174144939248e-10 
6.7303174144939248e-10 
6.7303174144939248e-10 
6.7303174144939248e-10 
6.7303174144939248e-10 
6.7303174144939248e-10 
6.7303174144939248e-10 
6.7303174144939248e-10 
6.7303174144939248e-10 
6.7303174144939248e-10 
6.7303174144939248e-10 
6.7303174144939248e-10 
6.7303174144939248e-10 
6.7303174144939248e-10 
6.7303174144939248e-10 
6.7303174144939248e-10 
6.7303174144939248e-10 
6.7303174144939248e-10 
6.7303174144939248e-10 
6.7303174144939248e-10 
6.7303174144939248e-10 
6.7303174144939248e-10 
6.7303174144939248e-10 
6.7303174144939248e-10 
6.7303174144939248e-10 
6.632475679779759e-10 
6.5474148325250781e-10 
6.4961169776722727e-10 
6.4642691199878755e-10 
6.4440186520187126e-10 
6.4309013669827664e-10 
6.4222871465346998e-10 
6.4165706081809049e-10 
6.4127492205301451e-10 
6.4101868257893102e-10 
6.4084593187629935e-10 
6.4072902539180632e-10 
6.4065042160166286e-10 
6.4059713089648085e-10 
6.4056093762587807e-10 
6.4053651271933632e-10 
6.4052019244087433e-10 
6.4050897918832561e-10 
6.4050109660485077e-10 
6.4049610060123996e-10 
6.4049288095446855e-10 
6.4049032744151191e-10 
6.404888841515799e-10 
6.4048788495085773e-10 
6.4048688575013557e-10 
6.4048666370553065e-10 
6.404862196163208e-10 
6.4048599757171587e-10 
6.4048588654941341e-10 
6.4048566450480848e-10 
6.4048566450480848e-10 
6.4048566450480848e-10 
6.4048555348250602e-10 
6.4048555348250602e-10 
6.4048555348250602e-10 
6.4048555348250602e-10 
6.4048555348250602e-10 
6.4048555348250602e-10 
6.4048555348250602e-10 
6.4048555348250602e-10 
6.4048555348250602e-10 
6.4048555348250602e-10 
6.4048555348250602e-10 
6.4048555348250602e-10 
6.4048555348250602e-10 
6.4048555348250602e-10 
6.4048555348250602e-10 
6.4048555348250602e-10 
6.4048555348250602e-10 
6.4048555348250602e-10 
6.4048555348250602e-10 
6.4048555348250602e-10 
6.4048555348250602e-10 
6.4048555348250602e-10 
6.4048555348250602e-10 
6.4048555348250602e-10 
6.4048555348250602e-10 
6.4048555348250602e-10 
6.4048555348250602e-10 
6.4048555348250602e-10 
6.4048555348250602e-10 
6.4048555348250602e-10 
6.4048555348250602e-10 
6.4048555348250602e-10 
6.4048555348250602e-10 
6.4048555348250602e-10 
6.4048555348250602e-10 
6.4048555348250602e-10 
6.4048555348250602e-10 
6.4048555348250602e-10 
6.4048555348250602e-10 
6.4048555348250602e-10 
6.4048555348250602e-10 
6.4048555348250602e-10 
6.4048555348250602e-10 
6.4048555348250602e-10 
6.4048555348250602e-10 
6.4048555348250602e-10 
6.4048555348250602e-10 
6.4048555348250602e-10 
6.4048555348250602e-10 
6.4048555348250602e-10 
6.4048555348250602e-10 
6.4048555348250602e-10 
6.4048555348250602e-10 
6.4048555348250602e-10 
6.4048555348250602e-10 
6.4048555348250602e-10 
6.4048555348250602e-10 
6.4048555348250602e-10 
6.4048555348250602e-10 
6.4048555348250602e-10 
6.4048555348250602e-10 
6.4048555348250602e-10 
6.4048555348250602e-10 
6.4048555348250602e-10 
6.4048555348250602e-10 
6.4048555348250602e-10 
6.4048555348250602e-10 
6.4048555348250602e-10 
6.4048555348250602e-10 
6.4048555348250602e-10 
6.4048555348250602e-10 
6.4048555348250602e-10 
3.7482716930270499e-10 
3.7482716930270499e-10 
3.7482716930270499e-10 
