0.63826705805191175 
0.63826705805191175 
0.63826705805191175 
0.40887145332659702 
0.40887145332659702 
0.40887145332659702 
0.40887145332659702 
0.40887145332659702 
0.40887145332659702 
0.40887145332659702 
0.25588841425188563 
0.25588841425188563 
0.25588841425188563 
0.24729200746158816 
0.24729200746158816 
0.24729200746158816 
0.21167677624801412 
0.21167677624801412 
0.21167677624801412 
0.20309158011886089 
0.20309158011886089 
0.20309158011886089 
0.1994232296949589 
0.1994232296949589 
0.1994232296949589 
0.19797704701220001 
0.19797704701220001 
0.19797704701220001 
0.19761813346842313 
0.19761813346842313 
0.19761813346842313 
0.19736592980943229 
0.19736592980943229 
0.19736592980943229 
0.19735246317987626 
0.19735246317987626 
0.19735246317987626 
0.19729952245815535 
0.19729952245815535 
0.19729952245815535 
0.19729952245815535 
0.19729952245815535 
0.19729952245815535 
0.19729952245815535 
0.19729952245815535 
0.19729952245815535 
0.19729952245815535 
0.19729952245815535 
0.19729952245815535 
0.19729952245815535 
0.19648300518809481 
0.18968821640395228 
0.18867722623451993 
0.18867722623451993 
0.18867722623451993 
0.18867722623451993 
0.18867722623451993 
0.18867722623451993 
0.18735946140718632 
0.18735946140718632 
0.18735946140718632 
0.18655093715443191 
0.1863244768891055 
0.18477875395739193 
0.18477875395739193 
0.18477875395739193 
0.18477875395739193 
0.18477875395739193 
0.18477875395739193 
0.18477875395739193 
0.18469881196606325 
0.18469881196606325 
0.18469881196606325 
0.18469881196606325 
0.18469881196606325 
0.18469881196606325 
0.18382137446953206 
0.18382137446953206 
0.18220445421119932 
0.18062726038975177 
0.17918338465067438 
0.17786172874575343 
0.17665204030152984 
0.17554487014725581 
0.1745315265768177 
0.17360402799922417 
0.17275505516620643 
0.17197790391824891 
0.17126643916997028 
0.1706150506653942 
0.17001861087345363 
0.16947243526236747 
0.16897224508563105 
0.16708219318232526 
0.16687746358924618 
0.16572623873499287 
0.16496655545241043 
0.1645204464043247 
0.16386155075767486 
0.16225080060064298 
0.16179743917317702 
0.16059725388256499 
0.15870629203713046 
0.15703641781453428 
0.15565527901189927 
0.1540108780873031 
0.1508168994088887 
0.14795558959420119 
0.14539512395752946 
0.14270762744825319 
0.13987352940794467 
0.1368919311339748 
0.13489539115023388 
0.13011984476809879 
0.12576252511624375 
0.12309005691036333 
0.12048256075556782 
0.11704032197407058 
0.11396838087263278 
0.11053922888636451 
0.10321879079907027 
0.097925691787833474 
0.095058346699314275 
0.090493260120168395 
0.085808981782039134 
0.082317133796828257 
0.075586655269231751 
0.069372282797911231 
0.067325825085971458 
0.061356595554111958 
0.056647418335078872 
0.053055689379200834 
0.048697943029661239 
0.041040567265801936 
0.036007802487891573 
0.036007802487891573 
0.031191064497221459 
0.027138790410359083 
0.023387442301110072 
0.019764063684604347 
0.016451928525069763 
0.013715675734574977 
0.011515344425047092 
0.0095262656213531884 
0.0072918343861508974 
0.0061228691855898564 
0.0046201248368252755 
0.0042447796799848555 
0.0034494224122963379 
0.0025151901727081126 
0.0015773920036819833 
0.0010800880348765616 
0.00070508701380440659 
0.00043552451804377754 
0.00029554436364528014 
0.00026412332955390799 
3.2939233208479848e-05 
3.2939233208479848e-05 
3.2939233208479848e-05 
1.2849412281383197e-05 
1.0581113492589061e-05 
1.0581113492589061e-05 
6.5142483781876315e-06 
4.2307857287358765e-07 
4.2307857287358765e-07 
4.2307857287358765e-07 
4.2307857287358765e-07 
4.2307857287358765e-07 
4.2307857287358765e-07 
4.2307857287358765e-07 
1.9202543534146809e-07 
1.9202543534146809e-07 
1.9202543534146809e-07 
1.9202543534146809e-07 
1.9202543534146809e-07 
1.9202543534146809e-07 
1.9202543534146809e-07 
1.0234478816021409e-07 
1.0234478816021409e-07 
1.0234478816021409e-07 
1.0234478816021409e-07 
1.0234478816021409e-07 
1.0234478816021409e-07 
1.0234478816021409e-07 
1.0234478816021409e-07 
1.0234478816021409e-07 
1.0234478816021409e-07 
8.6724314117454793e-08 
8.6724314117454793e-08 
8.6724314117454793e-08 
8.6724314117454793e-08 
8.6724314117454793e-08 
8.6724314117454793e-08 
8.6724314117454793e-08 
5.405606417953652e-08 
5.405606417953652e-08 
5.405606417953652e-08 
5.405606417953652e-08 
5.1533273717714852e-08 
5.1533273717714852e-08 
5.1533273717714852e-08 
5.1533273717714852e-08 
3.9297464797126468e-08 
3.9297464797126468e-08 
3.9297464797126468e-08 
3.9297464797126468e-08 
3.9052348928883134e-08 
3.9052348928883134e-08 
3.9052348928883134e-08 
3.9052348928883134e-08 
3.1387427918521253e-08 
3.1387427918521253e-08 
3.1387427918521253e-08 
3.1387427918521253e-08 
3.1387427918521253e-08 
3.1387427918521253e-08 
3.1387427918521253e-08 
2.8077014240471444e-08 
2.8077014240471444e-08 
2.8077014240471444e-08 
2.8077014240471444e-08 
2.6046662058499996e-08 
2.6046662058499996e-08 
2.6046662058499996e-08 
2.6046662058499996e-08 
2.6009698147113042e-08 
2.6009698147113042e-08 
2.6009698147113042e-08 
2.6009698147113042e-08 
2.4792859217741817e-08 
2.4792859217741817e-08 
2.4792859217741817e-08 
2.4792859217741817e-08 
2.4792859217741817e-08 
2.4792859217741817e-08 
2.4792859217741817e-08 
2.4400966739066446e-08 
2.4400966739066446e-08 
2.4400966739066446e-08 
2.4400966739066446e-08 
2.3987899620539438e-08 
2.3987899620539438e-08 
2.3987899620539438e-08 
2.3987899620539438e-08 
2.3987899620539438e-08 
2.3987899620539438e-08 
2.3987899620539438e-08 
2.3898714499414102e-08 
2.3898714499414102e-08 
2.3898714499414102e-08 
2.3898714499414102e-08 
2.3801896626967359e-08 
2.3801896626967359e-08 
2.3801896626967359e-08 
2.3801896626967359e-08 
2.3801896626967359e-08 
2.3801896626967359e-08 
2.3801896626967359e-08 
2.378061386038647e-08 
2.378061386038647e-08 
2.378061386038647e-08 
2.378061386038647e-08 
2.3742837936089171e-08 
2.3742837936089171e-08 
2.3742837936089171e-08 
2.3742837936089171e-08 
2.3742837936089171e-08 
2.3742837936089171e-08 
2.3742837936089171e-08 
2.3738921982798283e-08 
2.3738921982798283e-08 
2.3738921982798283e-08 
2.3738921982798283e-08 
2.3734444380989545e-08 
2.3734444380989545e-08 
2.3734444380989545e-08 
2.3734444380989545e-08 
2.3733637284492509e-08 
2.3733637284492509e-08 
2.3733637284492509e-08 
2.3733637284492509e-08 
2.373137044384781e-08 
2.373137044384781e-08 
2.373137044384781e-08 
2.373137044384781e-08 
2.3731279940247162e-08 
2.3731279940247162e-08 
2.3731279940247162e-08 
2.3731279940247162e-08 
2.3730108747809903e-08 
2.3730108747809903e-08 
2.3730108747809903e-08 
2.3730108747809903e-08 
2.3730108747809903e-08 
2.3730108747809903e-08 
2.3730108747809903e-08 
2.3729993029489871e-08 
2.3729993029489871e-08 
2.3729993029489871e-08 
2.3729993029489871e-08 
2.3729448866217341e-08 
2.3729448866217341e-08 
2.3729448866217341e-08 
2.3729448866217341e-08 
2.3729448866217341e-08 
2.3729448866217341e-08 
2.3729448866217341e-08 
2.3729436468882053e-08 
2.3729436468882053e-08 
2.3729436468882053e-08 
2.3729436468882053e-08 
2.3729436468882053e-08 
2.3729436468882053e-08 
2.3729436468882053e-08 
2.3729431204890582e-08 
2.3729431204890582e-08 
2.3729431204890582e-08 
2.3729431204890582e-08 
2.3729380674317916e-08 
2.3729380674317916e-08 
2.3729380674317916e-08 
2.3729380674317916e-08 
2.3729380674317916e-08 
2.3729380674317916e-08 
2.3729380674317916e-08 
2.3729380395662247e-08 
2.3729380395662247e-08 
2.3729380395662247e-08 
2.3729380395662247e-08 
2.3729380395662247e-08 
2.3729380395662247e-08 
2.3729380395662247e-08 
2.3729380312889076e-08 
2.3729380312889076e-08 
2.3729380312889076e-08 
2.3729380312889076e-08 
2.3729378852430031e-08 
2.3729378852430031e-08 
2.3729378852430031e-08 
2.3729378852430031e-08 
2.3729378852430031e-08 
2.3729378852430031e-08 
2.3729378852430031e-08 
2.3729378852430031e-08 
2.3729378852430031e-08 
2.3729378852430031e-08 
2.3729378852430031e-08 
2.3729378255551552e-08 
2.3729378255551552e-08 
2.3729378255551552e-08 
2.3729378255551552e-08 
2.3729378255551552e-08 
2.3729378255551552e-08 
2.3729378255551552e-08 
2.3729378255551552e-08 
2.3729378255551552e-08 
2.3729378255551552e-08 
2.3729378255551552e-08 
2.3729378255551552e-08 
2.3729378255551552e-08 
2.3729378255551552e-08 
2.3729378255551552e-08 
2.3729378255551552e-08 
2.3729378255551552e-08 
2.3729378255551552e-08 
2.3729378228200299e-08 
2.3729378228200299e-08 
2.3729378228200299e-08 
2.3729378228200299e-08 
2.3729378228200299e-08 
2.3729378228200299e-08 
2.3729378228200299e-08 
2.3729378228200299e-08 
2.3729378228200299e-08 
2.3729378228200299e-08 
2.3729378228200299e-08 
2.3729378226458803e-08 
2.3729378226458803e-08 
2.3729378226458803e-08 
2.3729378226458803e-08 
2.3729378225936776e-08 
2.3729378225936776e-08 
2.3729378225936776e-08 
2.3729378225936776e-08 
2.3729378225540149e-08 
2.3729378225540149e-08 
2.3729378225540149e-08 
2.3729378225540149e-08 
2.3729378225523923e-08 
2.3729378225523923e-08 
2.3729378225523923e-08 
2.3729378225523923e-08 
2.3729378225321231e-08 
2.3729378225321231e-08 
2.3729378225321231e-08 
2.3729378225321231e-08 
2.3729378225321231e-08 
2.3729378225321231e-08 
2.3729378225321231e-08 
2.3729378225319305e-08 
2.3729378225319305e-08 
2.3729378225319305e-08 
2.3729378225319305e-08 
2.3729378225162929e-08 
2.3729378225162929e-08 
2.3729378225162929e-08 
2.3729378225162929e-08 
2.3729378225162929e-08 
2.3729378225162929e-08 
2.3729378225162929e-08 
2.3729378225162929e-08 
2.3729378225122764e-08 
2.3729378225122764e-08 
2.3729378225122764e-08 
2.3729378225082715e-08 
2.3729378225048649e-08 
2.3729378225023889e-08 
2.3729378224994604e-08 
2.3729378224994604e-08 
2.3729378224962446e-08 
2.3729378224962446e-08 
2.3729378224962446e-08 
2.3729378224925822e-08 
2.3729378224870782e-08 
2.3729378224870782e-08 
2.3729378224870782e-08 
2.3729378224849043e-08 
2.3729378224792557e-08 
2.3729378224792557e-08 
2.3729378224766256e-08 
2.3729378224760889e-08 
2.3729378224694754e-08 
2.3729378224660516e-08 
2.3729378224660516e-08 
2.3729378224615808e-08 
2.3729378224615808e-08 
2.3729378224615808e-08 
2.3729378224533616e-08 
2.3729378224440955e-08 
2.3729378224358085e-08 
2.3729378224358085e-08 
2.372937822431893e-08 
2.3729378224275218e-08 
2.3729378224231503e-08 
2.3729378224187792e-08 
2.3729378224144077e-08 
2.3729378224100365e-08 
2.3729378224100365e-08 
2.3729378224100365e-08 
2.3729378224100365e-08 
2.3729378224100365e-08 
2.3729378224100365e-08 
2.3729378224100365e-08 
2.3729378224100365e-08 
2.3729378224100365e-08 
2.3729378224100365e-08 
2.3729378224100365e-08 
2.3729378224100365e-08 
2.3729378224100365e-08 
2.3729378224100365e-08 
2.3729378224100365e-08 
2.3729378224100365e-08 
2.3729378224100365e-08 
2.3729378224100365e-08 
2.3729378224100365e-08 
2.3729378224100365e-08 
2.3729378224100365e-08 
2.3729378224100365e-08 
2.3729378224100365e-08 
2.3729378224100365e-08 
2.3729378224100365e-08 
2.3729378224100365e-08 
2.3729378224100365e-08 
2.3729378224100365e-08 
2.3729378224100365e-08 
2.3729378224100365e-08 
2.3729378224100365e-08 
2.3729378224100365e-08 
2.3729378224100365e-08 
2.3729378224100365e-08 
2.3729378224100365e-08 
2.3729378224100365e-08 
2.3729378224100365e-08 
2.3729378224100365e-08 
2.3729378224100365e-08 
2.3729378224100365e-08 
2.3729378224100365e-08 
2.3729378224100365e-08 
2.3729378224100365e-08 
2.3729378224100365e-08 
2.3729378224100365e-08 
2.3729378224100365e-08 
2.3729378224100365e-08 
2.3729378224100365e-08 
2.3729378224100365e-08 
2.3729378224100365e-08 
2.3729378224100365e-08 
2.3729378224100365e-08 
2.3729378224100365e-08 
2.3729378224100365e-08 
2.3729378224100365e-08 
2.3729378224100365e-08 
2.3729378224100365e-08 
2.3729378224100365e-08 
2.3729378224100365e-08 
2.3729378224100365e-08 
2.3729378224100365e-08 
2.3729378224100365e-08 
2.3729378224100365e-08 
2.3729378224100365e-08 
2.3729378224100365e-08 
2.3729378224100365e-08 
2.3729378224100365e-08 
2.3729378224100365e-08 
2.3729378224100365e-08 
2.2381805846686582e-08 
2.2381805846686582e-08 
2.2381805846686582e-08 
2.1299639410408622e-08 
3.4692139096565775e-09 
3.4692139096565775e-09 
3.4692139096565775e-09 
3.4692139096565775e-09 
3.4692139096565775e-09 
3.4692139096565775e-09 
3.4692139096565775e-09 
3.4692139096565775e-09 
3.4692139096565775e-09 
3.4692139096565775e-09 
3.4692139096565775e-09 
2.1428916559013852e-09 
2.1428916559013852e-09 
2.1428916559013852e-09 
2.1428916559013852e-09 
2.1428916559013852e-09 
2.1428916559013852e-09 
2.1428916559013852e-09 
2.1428916559013852e-09 
2.1428916559013852e-09 
2.1428916559013852e-09 
2.1428916559013852e-09 
1.9895961649183486e-09 
1.9895961649183486e-09 
1.9895961649183486e-09 
1.9895961649183486e-09 
1.9895961649183486e-09 
1.9895961649183486e-09 
1.9895961649183486e-09 
1.9895961649183486e-09 
1.9895961649183486e-09 
1.9895961649183486e-09 
1.9895961649183486e-09 
1.9895961649183486e-09 
1.9895961649183486e-09 
1.9895961649183486e-09 
1.9895961649183486e-09 
1.9895961649183486e-09 
1.9895961649183486e-09 
1.9895961649183486e-09 
1.9895961649183486e-09 
1.9895961649183486e-09 
1.9895961649183486e-09 
1.9895961649183486e-09 
1.9895961649183486e-09 
1.9895961649183486e-09 
1.9895961649183486e-09 
1.9895961649183486e-09 
1.9895961649183486e-09 
8.1143139981293041e-10 
8.1143139981293041e-10 
8.1143139981293041e-10 
8.1143139981293041e-10 
4.254800083438863e-10 
4.254800083438863e-10 
4.254800083438863e-10 
4.254800083438863e-10 
2.8365524284015619e-10 
2.8365524284015619e-10 
2.8365524284015619e-10 
2.8365524284015619e-10 
2.1969465877464444e-10 
2.1969465877464444e-10 
2.1969465877464444e-10 
2.1969465877464444e-10 
1.9933763096150804e-10 
1.9933763096150804e-10 
1.9933763096150804e-10 
1.9933763096150804e-10 
1.8838343992396612e-10 
1.8838343992396612e-10 
1.8838343992396612e-10 
1.8838343992396612e-10 
1.8599199073601181e-10 
1.8599199073601181e-10 
1.8599199073601181e-10 
1.8599199073601181e-10 
1.8392351236701144e-10 
1.8392351236701144e-10 
1.8392351236701144e-10 
1.8392351236701144e-10 
1.8383861954116352e-10 
1.8383861954116352e-10 
1.8383861954116352e-10 
1.8383861954116352e-10 
1.83373674094871e-10 
1.83373674094871e-10 
1.83373674094871e-10 
1.83373674094871e-10 
1.83373674094871e-10 
1.83373674094871e-10 
1.83373674094871e-10 
1.83373674094871e-10 
1.83373674094871e-10 
1.83373674094871e-10 
1.83373674094871e-10 
1.8333957026230185e-10 
1.8333957026230185e-10 
1.8333957026230185e-10 
1.8333957026230185e-10 
1.8333850332111703e-10 
1.8333850332111703e-10 
1.8333850332111703e-10 
1.8333850332111703e-10 
1.8333521321142122e-10 
1.8333521321142122e-10 
1.8333521321142122e-10 
1.8333521321142122e-10 
1.8333521321142122e-10 
1.8333521321142122e-10 
1.8333521321142122e-10 
1.8333521321142122e-10 
1.8333521321142122e-10 
1.8333521321142122e-10 
1.8333521321142122e-10 
1.8333493040216551e-10 
1.8333493040216551e-10 
1.8333493040216551e-10 
1.8333493040216551e-10 
1.8333493040216551e-10 
1.8333493040216551e-10 
1.8333493040216551e-10 
1.8333493040216551e-10 
1.8333493040216551e-10 
1.8333493040216551e-10 
1.8333493040216551e-10 
1.8333491064515777e-10 
1.8333491064515777e-10 
1.8333491064515777e-10 
1.8333491064515777e-10 
1.8333491064515777e-10 
1.8333491064515777e-10 
1.8333491064515777e-10 
1.8333491064515777e-10 
1.8333491064515777e-10 
1.8333491064515777e-10 
1.8333491064515777e-10 
1.8333491064515777e-10 
1.8333491064515777e-10 
1.8333491064515777e-10 
1.8333491064515777e-10 
1.8333491064515777e-10 
1.8333491064515777e-10 
1.8333491064515777e-10 
1.833349105620326e-10 
1.833349105620326e-10 
1.833349105620326e-10 
1.833349105620326e-10 
1.833349105426171e-10 
1.833349105426171e-10 
1.833349105426171e-10 
1.833349105426171e-10 
1.833349105426171e-10 
1.833349105426171e-10 
1.833349105426171e-10 
1.8333491054098546e-10 
1.8333491054098546e-10 
1.8333491054098546e-10 
1.8333491054098546e-10 
1.8333491054056098e-10 
1.8333491054056098e-10 
1.8333491054056098e-10 
1.8333491054056098e-10 
1.8333491053706429e-10 
1.8333491053706429e-10 
1.8333491053706429e-10 
1.8333491053706429e-10 
1.8333491053706429e-10 
1.8333491053706429e-10 
1.8333491053706429e-10 
1.8333491053706429e-10 
1.8333491053706429e-10 
1.8333491053706429e-10 
1.8333491053706429e-10 
1.8333491053706429e-10 
1.8333491053706429e-10 
1.8333491053706429e-10 
1.8333491053706429e-10 
1.8333491053706429e-10 
1.8333491053706429e-10 
1.8333491053706429e-10 
1.8333491053706429e-10 
1.8333491053706429e-10 
1.8333491053706429e-10 
1.8333491053706429e-10 
1.8333491053706429e-10 
1.8333491053706429e-10 
1.8333491053706429e-10 
1.8333491053706429e-10 
1.8333491053706429e-10 
1.8333491053706429e-10 
1.8333491053706429e-10 
1.8333491053706429e-10 
1.8333491053706429e-10 
1.8333491053706429e-10 
1.8333491053706429e-10 
1.8333491053706429e-10 
1.8333491053706429e-10 
1.8333491053706429e-10 
1.8333491053706429e-10 
1.8333491053706429e-10 
1.8333491053706429e-10 
1.8333491053706429e-10 
1.8333491053706429e-10 
1.8333491053706429e-10 
1.8333491053706429e-10 
1.8333491053706429e-10 
1.8333491053706429e-10 
1.8333491053706429e-10 
1.8333491053706429e-10 
1.8333491053706429e-10 
1.8333491053706429e-10 
1.8333491053706429e-10 
1.8333491053706429e-10 
1.8333491053706429e-10 
1.8333491053706429e-10 
1.8333491053706429e-10 
1.8333491053706429e-10 
1.8333491053706429e-10 
1.8333491053706429e-10 
1.8333491053706429e-10 
1.8333491053706429e-10 
1.8333491053706429e-10 
1.8333491053706429e-10 
1.8333491053706429e-10 
1.8333491053706429e-10 
1.8333491053706429e-10 
1.8333491053706429e-10 
1.8333491053706429e-10 
1.8333491053706429e-10 
1.8333491053706429e-10 
1.8333491053706429e-10 
1.8333491053706429e-10 
1.8333491053706429e-10 
1.8333491053706429e-10 
1.8333491053706429e-10 
1.8333491053706429e-10 
1.8333491053706429e-10 
1.8333491053706429e-10 
1.8333491053706429e-10 
1.8333491053706429e-10 
1.8333491053706429e-10 
1.8333491053706429e-10 
1.8333491053706429e-10 
1.8333491053706429e-10 
1.8333491053706429e-10 
1.8333491053706429e-10 
1.2405072775271684e-10 
1.2405072775271684e-10 
1.2405072775271684e-10 
1.2405072775271684e-10 
1.2405072775271684e-10 
1.2405072775271684e-10 
1.2405072775271684e-10 
1.2405072775271684e-10 
1.2405072775271684e-10 
1.2405072775271684e-10 
1.2405072775271684e-10 
1.2405072775271684e-10 
9.8541507772806568e-11 
4.8552070096267192e-11 
4.8552070096267192e-11 
4.8552070096267192e-11 
4.7611007920533416e-11 
4.7611007920533416e-11 
4.7611007920533416e-11 
4.7602389930340864e-11 
4.7602389930340864e-11 
4.7602389930340864e-11 
4.7487661751980204e-11 
4.7487661751980204e-11 
4.7487661751980204e-11 
4.7487661751980204e-11 
4.7487661751980204e-11 
4.7487661751980204e-11 
4.7487661751980204e-11 
4.7487661751980204e-11 
4.7487661751980204e-11 
4.7487661751980204e-11 
4.7487661751980204e-11 
4.7487661751980204e-11 
4.7487661751980204e-11 
4.7487661751980204e-11 
4.7487661751980204e-11 
4.7487661751980204e-11 
4.7487661751980204e-11 
4.7487661751980204e-11 
4.7487661751980204e-11 
4.7487661751980204e-11 
4.7487661751980204e-11 
4.7487661751980204e-11 
4.7487661751980204e-11 
4.7487654883775003e-11 
4.7487640612707017e-11 
4.7487640612707017e-11 
4.7487640612707017e-11 
4.7487640612707017e-11 
4.7487636000963285e-11 
4.7487636000963285e-11 
4.7487636000963285e-11 
4.7487636000963285e-11 
4.7487636000963285e-11 
4.7487636000963285e-11 
4.7487636000963285e-11 
4.7487635909322239e-11 
4.7487635909322239e-11 
4.7487635909322239e-11 
4.7487635909322239e-11 
4.7487635909322239e-11 
4.7487635909322239e-11 
4.7487635909322239e-11 
4.7487635900445829e-11 
4.7487635900445829e-11 
4.7487635900445829e-11 
4.7487635900445829e-11 
4.7487635900445829e-11 
4.7487635900445829e-11 
4.7487635900445829e-11 
4.7487635899754073e-11 
4.7487635899754073e-11 
4.7487635899754073e-11 
4.7487635899754073e-11 
4.7487635899754073e-11 
4.7487635899754073e-11 
4.7487635899754073e-11 
4.7487635899685986e-11 
4.7487635899685986e-11 
4.7487635899685986e-11 
4.7487635899685986e-11 
4.7487635899685986e-11 
4.7487635899685986e-11 
4.7487635899685986e-11 
4.7487635899685986e-11 
4.7487635899685986e-11 
4.7487635899685986e-11 
4.7487635899685986e-11 
4.7487635899685986e-11 
4.7487635899685986e-11 
4.7487635899685986e-11 
4.7487635899685986e-11 
4.7487635899685986e-11 
4.7487635899685986e-11 
4.7487635899685986e-11 
4.7487635899685986e-11 
4.7487635899685986e-11 
4.7487635899685986e-11 
4.7487635899685986e-11 
4.7487635899685986e-11 
4.7487635899685986e-11 
4.7487635899685986e-11 
4.7487635899685986e-11 
4.7487635899685986e-11 
4.7487635899685986e-11 
4.7487635899685986e-11 
4.7487635899685986e-11 
4.7487635899685986e-11 
4.7487635899685986e-11 
4.7487635899685986e-11 
4.7487635899685986e-11 
4.7487635899685986e-11 
4.7487635899685986e-11 
4.7487635899685986e-11 
4.7487635899685986e-11 
4.7487635899685986e-11 
4.7487635899685986e-11 
4.7487635899685986e-11 
4.7487635899685986e-11 
4.7487635899685986e-11 
4.7487635899685986e-11 
4.7487635899685986e-11 
4.7487635899685986e-11 
4.7487635899685986e-11 
4.7487635899685986e-11 
4.7487635899685986e-11 
4.7487635899685986e-11 
4.7487635899685986e-11 
4.7487635899685986e-11 
4.7487635899685986e-11 
4.7487635899685986e-11 
4.7487635899685986e-11 
4.7487635899685986e-11 
4.7487635899685986e-11 
4.7487635899685986e-11 
4.7487635899685986e-11 
4.7487635899685986e-11 
4.7487635899685986e-11 
4.7487635899685986e-11 
4.7487635899685986e-11 
4.7487635899685986e-11 
4.7487635899685986e-11 
4.7487635899685986e-11 
4.7487635899685986e-11 
4.7487635899685986e-11 
4.7487635899685986e-11 
4.7487635899685986e-11 
4.7487635899685986e-11 
4.7487635899685986e-11 
4.7487635899685986e-11 
4.7487635899685986e-11 
4.7487635899685986e-11 
4.7487635899685986e-11 
4.7487635899685986e-11 
4.7487635899685986e-11 
4.7487635899685986e-11 
4.7487635899685986e-11 
4.7487635899685986e-11 
4.7487635899685986e-11 
4.7487635899685986e-11 
4.7487635899685986e-11 
4.7487635899685986e-11 
4.7487635899685986e-11 
2.4223360815174062e-11 
2.4223360815174062e-11 
2.4223360815174062e-11 
2.4223360815174062e-11 
1.0492554081586551e-11 
1.0492554081586551e-11 
1.0492554081586551e-11 
9.5472694122593329e-12 
9.5472694122593329e-12 
9.5472694122593329e-12 
9.5472694122593329e-12 
9.5472694122593329e-12 
9.5472694122593329e-12 
9.5472694122593329e-12 
9.5472694122593329e-12 
9.5472694122593329e-12 
9.5472694122593329e-12 
9.5472694122593329e-12 
9.5462436441144452e-12 
9.5462436441144452e-12 
9.5462436441144452e-12 
9.5462436441144452e-12 
9.5391206321473791e-12 
9.5379029721175135e-12 
9.5379029721175135e-12 
9.5379029721175135e-12 
9.5379029721175135e-12 
9.5375310920985946e-12 
9.5375310920985946e-12 
9.5375310920985946e-12 
9.5375104240201271e-12 
9.5375104240201271e-12 
9.5375104240201271e-12 
9.5375104240201271e-12 
9.5375104240201271e-12 
9.5375104240201271e-12 
9.5375104240201271e-12 
9.5375104240201271e-12 
9.5375104240201271e-12 
9.5375104240201271e-12 
9.5375104240201271e-12 
9.5375104240201271e-12 
9.5375104240201271e-12 
9.5375104240201271e-12 
9.5375104240201271e-12 
9.5375104240201271e-12 
9.5375104240201271e-12 
9.5375104233764901e-12 
9.5375104233764901e-12 
9.5375104233764901e-12 
9.5375104233764901e-12 
9.5375104233764901e-12 
9.5375104233764901e-12 
9.5375104233764901e-12 
9.5375104233764901e-12 
9.5375104233764901e-12 
9.5375104233764901e-12 
9.5375104233764901e-12 
9.5375104233764901e-12 
9.5375104233764901e-12 
9.5375104233764901e-12 
9.5375104233764901e-12 
9.5375104233764901e-12 
9.5375104233764901e-12 
9.5375104233764901e-12 
9.5375104233764901e-12 
9.5375104233764901e-12 
9.5375104233764901e-12 
9.5375104233764901e-12 
9.5375104233764901e-12 
