1.0186847957385985 
1.0059891177445845 
0.99587074238323758 
0.98831238578089153 
0.98329274929153954 
0.98078656641292428 
0.98076465705640203 
0.98076465705640203 
0.98076465705640203 
0.98076465705640203 
0.9805076707349325 
0.9805076707349325 
0.9805076707349325 
0.9805076707349325 
0.9805076707349325 
0.9805076707349325 
0.9805076707349325 
0.9805076707349325 
0.9805076707349325 
0.9805076707349325 
0.9805076707349325 
0.9805076707349325 
0.9805076707349325 
0.9805076707349325 
0.9805076707349325 
0.9805076707349325 
0.9805076707349325 
0.9805076707349325 
0.98047670371367279 
0.98047670371367279 
0.98047670371367279 
0.98047670371367279 
0.98047670371367279 
0.98047670371367279 
0.98047670371367279 
0.98047670371367279 
0.98047670371367279 
0.98047670371367279 
0.98047670371367279 
0.95390626805742795 
0.8995978809869718 
0.84609455508157738 
0.79351632358636914 
0.74198127546632642 
0.69160525995115396 
0.64250159668510343 
0.59478079220723978 
0.54855026347181279 
0.5039140691007673 
0.46097264904107249 
0.41982257327850914 
0.38055630023689413 
0.34326194546747202 
0.30802306120744571 
0.27491842735941641 
0.24402185441492075 
0.2154019988153375 
0.18912219121233431 
0.16524027805770758 
0.1438084769191289 
0.12487324588393534 
0.10847516737785556 
0.094648846689468269 
0.083422825454391614 
0.074819510315748072 
0.068855116939472882 
0.065539629524589915 
0.064876775909803452 
0.064876775909803452 
0.064876775909803452 
0.064876775909803452 
0.064798590616968577 
0.064798590616968577 
0.064798590616968577 
0.064798590616968577 
0.062495921098168261 
0.061776915719406134 
0.060755093417704464 
0.058207313984153464 
0.055715032278534582 
0.053278356409469207 
0.050897392234021566 
0.048421482386393211 
0.044449254410009464 
0.041027261661067738 
0.038156370504474735 
0.02803102393344914 
0.019307864246535411 
0.012246670176621621 
0.0068583194627434008 
0.0031511480983468232 
0.0011309369652480195 
0.00080090256422138406 
0.00080090256422138406 
0.00080090256422138406 
0.00080090256422138406 
0.00048470357801455588 
0.00048470357801455588 
0.00048470357801455588 
0.00048470357801455588 
0.00015885617235888994 
0.00015885617235888994 
0.00015885617235888994 
0.00015885617235888994 
5.375370230376042e-06 
5.375370230376042e-06 
5.375370230376042e-06 
5.375370230376042e-06 
5.375370230376042e-06 
5.375370230376042e-06 
5.375370230376042e-06 
5.375370230376042e-06 
5.375370230376042e-06 
5.375370230376042e-06 
5.375370230376042e-06 
5.375370230376042e-06 
5.375370230376042e-06 
4.9551019859483958e-06 
4.9551019859483958e-06 
4.9551019859483958e-06 
4.9551019859483958e-06 
4.9551019859483958e-06 
4.9551019859483958e-06 
4.9551019859483958e-06 
4.9551019859483958e-06 
4.9551019859483958e-06 
4.9551019859483958e-06 
4.9551019859483958e-06 
4.9551019859483958e-06 
4.9551019859483958e-06 
4.9551019859483958e-06 
4.9551019859483958e-06 
4.9551019859483958e-06 
4.9551019859483958e-06 
4.9551019859483958e-06 
4.9551019859483958e-06 
4.9551019859483958e-06 
4.9551019859483958e-06 
4.9551019859483958e-06 
4.9551019859483958e-06 
4.9551019859483958e-06 
4.9551019859483958e-06 
4.9551019859483958e-06 
1.7312429874127844e-06 
1.7312429874127844e-06 
1.7312429874127844e-06 
1.7312429874127844e-06 
1.7312429874127844e-06 
1.7312429874127844e-06 
1.7312429874127844e-06 
1.7312429874127844e-06 
1.7312429874127844e-06 
1.7312429874127844e-06 
1.7312429874127844e-06 
1.7312429874127844e-06 
1.7312429874127844e-06 
1.7312429874127844e-06 
1.7312429874127844e-06 
1.7312429874127844e-06 
1.7312429874127844e-06 
1.7312429874127844e-06 
1.7312429874127844e-06 
1.7312429874127844e-06 
1.7312429874127844e-06 
1.7312429874127844e-06 
1.7312429874127844e-06 
1.7312429874127844e-06 
1.7312429874127844e-06 
1.7312429874127844e-06 
1.7312429874127844e-06 
1.7312429874127844e-06 
1.7312429874127844e-06 
1.7312429874127844e-06 
1.7312429874127844e-06 
1.2839863899882786e-06 
1.2839863899882786e-06 
1.2839863899882786e-06 
1.2839863899882786e-06 
1.2839863899882786e-06 
1.2839863899882786e-06 
1.2839863899882786e-06 
1.2839863899882786e-06 
1.2839863899882786e-06 
1.2839863899882786e-06 
1.2839863899882786e-06 
1.2839863899882786e-06 
1.2839863899882786e-06 
1.2839863899882786e-06 
1.2839863899882786e-06 
1.2839863899882786e-06 
1.2839863899882786e-06 
1.2839863899882786e-06 
1.2839863899882786e-06 
1.2839863899882786e-06 
1.2839863899882786e-06 
1.2839863899882786e-06 
1.2839863899882786e-06 
1.2839863899882786e-06 
1.2839863899882786e-06 
1.2839863899882786e-06 
1.2839863899882786e-06 
1.2839863899882786e-06 
1.2839863899882786e-06 
1.2839863899882786e-06 
1.2839863899882786e-06 
1.2839863899882786e-06 
1.1597873986746166e-06 
1.1597873986746166e-06 
1.1597873986746166e-06 
1.1597873986746166e-06 
1.1597873986746166e-06 
1.1597873986746166e-06 
1.1597873986746166e-06 
1.1597873986746166e-06 
1.1597873986746166e-06 
1.1597873986746166e-06 
1.1597873986746166e-06 
1.1597873986746166e-06 
1.1597873986746166e-06 
1.1597873986746166e-06 
1.1597873986746166e-06 
1.1597873986746166e-06 
1.1597873986746166e-06 
1.1597873986746166e-06 
1.1597873986746166e-06 
1.1597873986746166e-06 
1.1597873986746166e-06 
1.1597873986746166e-06 
1.1597873986746166e-06 
1.1597873986746166e-06 
1.1597873986746166e-06 
1.1597873986746166e-06 
1.1597873986746166e-06 
1.1597873986746166e-06 
8.2490329222917325e-07 
8.2490329222917325e-07 
8.2490329222917325e-07 
8.2490329222917325e-07 
8.2490329222917325e-07 
8.2490329222917325e-07 
8.2490329222917325e-07 
8.2490329222917325e-07 
8.2490329222917325e-07 
8.2490329222917325e-07 
8.2490329222917325e-07 
8.2490329222917325e-07 
8.2490329222917325e-07 
8.2490329222917325e-07 
8.2490329222917325e-07 
8.2490329222917325e-07 
8.2490329222917325e-07 
8.2490329222917325e-07 
8.2490329222917325e-07 
8.2490329222917325e-07 
8.2490329222917325e-07 
8.2490329222917325e-07 
8.2490329222917325e-07 
8.2490329222917325e-07 
8.2490329222917325e-07 
8.2490329222917325e-07 
8.2490329222917325e-07 
8.2490329222917325e-07 
8.2490329222917325e-07 
8.2490329222917325e-07 
8.2490329222917325e-07 
6.8956369847494869e-07 
6.8956369847494869e-07 
6.8956369847494869e-07 
6.8956369847494869e-07 
6.8956369847494869e-07 
6.8956369847494869e-07 
6.8956369847494869e-07 
6.8956369847494869e-07 
6.8956369847494869e-07 
2.6873247682690504e-07 
2.6873247682690504e-07 
2.6873247682690504e-07 
2.6873247682690504e-07 
2.6873247682690504e-07 
2.6873247682690504e-07 
2.6873247682690504e-07 
1.8688989833481884e-07 
1.8688989833481884e-07 
1.8688989833481884e-07 
1.8688989833481884e-07 
1.8688989833481884e-07 
1.8688989833481884e-07 
1.8688989833481884e-07 
1.8688989833481884e-07 
1.8688989833481884e-07 
1.8688989833481884e-07 
1.8688989833481884e-07 
1.8688989833481884e-07 
1.8688989833481884e-07 
1.8688989833481884e-07 
1.8688989833481884e-07 
1.8688989833481884e-07 
1.8688989833481884e-07 
1.8688989833481884e-07 
1.8688989833481884e-07 
1.8688989833481884e-07 
1.8688989833481884e-07 
1.8688989833481884e-07 
1.8688989833481884e-07 
1.8688989833481884e-07 
1.8688989833481884e-07 
1.8688989833481884e-07 
1.8688989833481884e-07 
1.8688989833481884e-07 
1.8688989833481884e-07 
4.4365961904269113e-08 
4.4365961904269113e-08 
4.4365961904269113e-08 
4.4365961904269113e-08 
4.4365961904269113e-08 
4.4365961904269113e-08 
4.4365961904269113e-08 
4.4365961904269113e-08 
4.4365961904269113e-08 
4.4365961904269113e-08 
4.4365961904269113e-08 
4.4365961904269113e-08 
4.4365961904269113e-08 
4.4365961904269113e-08 
4.4365961904269113e-08 
4.4365961904269113e-08 
4.4365961904269113e-08 
4.4365961904269113e-08 
4.4365961904269113e-08 
4.4365961904269113e-08 
4.4365961904269113e-08 
4.4365961904269113e-08 
4.4365961904269113e-08 
4.4365961904269113e-08 
4.4365961904269113e-08 
4.4365961904269113e-08 
4.4365961904269113e-08 
4.4365961904269113e-08 
4.4365961904269113e-08 
4.4365961904269113e-08 
4.4365961904269113e-08 
4.4365961904269113e-08 
4.4365961904269113e-08 
4.4365961904269113e-08 
4.4365961904269113e-08 
4.4365961904269113e-08 
4.4365961904269113e-08 
4.4365961904269113e-08 
4.4365961904269113e-08 
4.4365961904269113e-08 
4.4365961904269113e-08 
4.4365961904269113e-08 
4.4365961904269113e-08 
4.4365961904269113e-08 
4.4365961904269113e-08 
4.4365961904269113e-08 
4.4365961904269113e-08 
4.4365961904269113e-08 
4.4365961904269113e-08 
4.4365961904269113e-08 
4.4365961904269113e-08 
4.4365961904269113e-08 
4.4365961904269113e-08 
4.4365961904269113e-08 
4.4365961904269113e-08 
4.4365961904269113e-08 
4.4365961904269113e-08 
4.4365961904269113e-08 
4.4365961904269113e-08 
4.4365961904269113e-08 
4.4365961904269113e-08 
4.4365961904269113e-08 
4.4365961904269113e-08 
4.4365961904269113e-08 
4.4365961904269113e-08 
4.4365961904269113e-08 
4.4365961904269113e-08 
4.4365961904269113e-08 
4.4365961904269113e-08 
4.4365961904269113e-08 
4.4365961904269113e-08 
4.4365961904269113e-08 
4.4365961904269113e-08 
4.4365961904269113e-08 
4.4365961904269113e-08 
4.4365961904269113e-08 
4.4365961904269113e-08 
4.4365961904269113e-08 
4.4365961904269113e-08 
4.4365961904269113e-08 
4.4365961904269113e-08 
4.4365961904269113e-08 
4.4365961904269113e-08 
4.4365961904269113e-08 
4.4365961904269113e-08 
4.4365961904269113e-08 
4.4365961904269113e-08 
4.4365961904269113e-08 
4.4365961904269113e-08 
4.4365961904269113e-08 
4.4365961904269113e-08 
4.4365961904269113e-08 
4.4365961904269113e-08 
4.4365961904269113e-08 
4.4365961904269113e-08 
4.4365961904269113e-08 
4.4365961904269113e-08 
4.4365961904269113e-08 
4.4365961904269113e-08 
4.4365961904269113e-08 
4.4365961904269113e-08 
4.4365961904269113e-08 
4.4365961904269113e-08 
4.4365961904269113e-08 
4.4365961904269113e-08 
4.4365961904269113e-08 
4.4365961904269113e-08 
4.4365961904269113e-08 
4.4365961904269113e-08 
4.4365961904269113e-08 
4.4365961904269113e-08 
4.4365961904269113e-08 
4.4365961904269113e-08 
4.4365961904269113e-08 
4.4365961904269113e-08 
4.4365961904269113e-08 
4.4365961904269113e-08 
4.4365961904269113e-08 
4.4365961904269113e-08 
4.4365961904269113e-08 
4.4365961904269113e-08 
4.4365961904269113e-08 
4.4365961904269113e-08 
4.4365961904269113e-08 
4.4365961904269113e-08 
4.4365961904269113e-08 
4.4365961904269113e-08 
4.4365961904269113e-08 
4.4365961904269113e-08 
4.4365961904269113e-08 
4.4365961904269113e-08 
4.4365961904269113e-08 
4.4365961904269113e-08 
4.4365961904269113e-08 
4.4365961904269113e-08 
4.4365961904269113e-08 
4.4365961904269113e-08 
4.4365961904269113e-08 
4.4365961904269113e-08 
4.4365961904269113e-08 
4.4365961904269113e-08 
4.4365961904269113e-08 
4.4365961904269113e-08 
4.4365961904269113e-08 
4.4365961904269113e-08 
4.4365961904269113e-08 
4.4365961904269113e-08 
4.4365961904269113e-08 
4.4365961904269113e-08 
4.4365961904269113e-08 
4.4365961904269113e-08 
4.4365961904269113e-08 
4.4365961904269113e-08 
4.4365961904269113e-08 
4.4365961904269113e-08 
4.4365961904269113e-08 
4.4365961904269113e-08 
4.4365961904269113e-08 
4.4365961904269113e-08 
4.4365961904269113e-08 
4.4365961904269113e-08 
4.4365961904269113e-08 
4.4365961904269113e-08 
4.4365961904269113e-08 
4.4365961904269113e-08 
4.4365961904269113e-08 
4.4365961904269113e-08 
4.4365961904269113e-08 
4.4365961904269113e-08 
4.4365961904269113e-08 
4.4365961904269113e-08 
4.4365961904269113e-08 
4.4365961904269113e-08 
4.4365961904269113e-08 
4.4365961904269113e-08 
4.4365961904269113e-08 
4.4365961904269113e-08 
4.4365961904269113e-08 
4.4365961904269113e-08 
4.4365961904269113e-08 
4.4365961904269113e-08 
4.4365961904269113e-08 
4.4365961904269113e-08 
4.4365961904269113e-08 
4.4365961904269113e-08 
4.4365961904269113e-08 
3.1206765394031777e-08 
3.1206765394031777e-08 
3.1206765394031777e-08 
3.1206765394031777e-08 
3.1206765394031777e-08 
3.1206765394031777e-08 
3.1206765394031777e-08 
4.1455484600660952e-09 
4.1455484600660952e-09 
4.1455484600660952e-09 
4.1455484600660952e-09 
4.1455484600660952e-09 
4.1455484600660952e-09 
4.1455484600660952e-09 
4.1455484600660952e-09 
4.1455484600660952e-09 
4.1455484600660952e-09 
4.1455484600660952e-09 
4.1455484600660952e-09 
4.1455484600660952e-09 
4.1455484600660952e-09 
4.1455484600660952e-09 
4.1455484600660952e-09 
4.1455484600660952e-09 
4.1455484600660952e-09 
4.1455484600660952e-09 
4.1455484600660952e-09 
4.1455484600660952e-09 
4.1455484600660952e-09 
4.1455484600660952e-09 
4.1455484600660952e-09 
4.1455484600660952e-09 
4.1455484600660952e-09 
4.1455484600660952e-09 
4.1455484600660952e-09 
4.1455484600660952e-09 
4.1455484600660952e-09 
4.1455484600660952e-09 
4.1455484600660952e-09 
4.1455484600660952e-09 
4.1455484600660952e-09 
4.1455484600660952e-09 
4.1455484600660952e-09 
4.1455484600660952e-09 
4.1455484600660952e-09 
4.1455484600660952e-09 
4.1455484600660952e-09 
4.1455484600660952e-09 
4.1455484600660952e-09 
4.1455484600660952e-09 
4.1455484600660952e-09 
4.1455484600660952e-09 
4.1455484600660952e-09 
4.1455484600660952e-09 
4.1455484600660952e-09 
4.1455484600660952e-09 
4.1455484600660952e-09 
4.1455484600660952e-09 
4.1455484600660952e-09 
4.1455484600660952e-09 
4.1455484600660952e-09 
4.1455484600660952e-09 
4.1455484600660952e-09 
4.1455484600660952e-09 
4.1455484600660952e-09 
4.1455484600660952e-09 
4.1455484600660952e-09 
4.1455484600660952e-09 
4.1455484600660952e-09 
4.1455484600660952e-09 
4.1455484600660952e-09 
4.1455484600660952e-09 
4.1455484600660952e-09 
4.1455484600660952e-09 
4.1455484600660952e-09 
4.1455484600660952e-09 
4.1455484600660952e-09 
4.1455484600660952e-09 
4.1455484600660952e-09 
4.1455484600660952e-09 
4.1455484600660952e-09 
4.1455484600660952e-09 
4.1455484600660952e-09 
4.1455484600660952e-09 
4.1455484600660952e-09 
4.1455484600660952e-09 
4.1455484600660952e-09 
4.1455484600660952e-09 
4.1455484600660952e-09 
4.1455484600660952e-09 
4.1455484600660952e-09 
4.1455484600660952e-09 
4.1455484600660952e-09 
4.1455484600660952e-09 
4.1455484600660952e-09 
4.1455484600660952e-09 
4.1455484600660952e-09 
4.1455484600660952e-09 
4.1455484600660952e-09 
4.1455484600660952e-09 
4.1455484600660952e-09 
4.1455484600660952e-09 
4.1455484600660952e-09 
4.1455484600660952e-09 
4.1455484600660952e-09 
4.1455484600660952e-09 
4.1455484600660952e-09 
4.1455484600660952e-09 
4.1455484600660952e-09 
4.1455484600660952e-09 
4.1455484600660952e-09 
4.1455484600660952e-09 
4.1455484600660952e-09 
4.1455484600660952e-09 
4.1455484600660952e-09 
4.1455484600660952e-09 
4.1455484600660952e-09 
4.1455484600660952e-09 
4.1455484600660952e-09 
4.1455484600660952e-09 
4.1455484600660952e-09 
4.1455484600660952e-09 
4.1455484600660952e-09 
4.1455484600660952e-09 
4.1455484600660952e-09 
4.1455484600660952e-09 
4.1455484600660952e-09 
4.1455484600660952e-09 
4.1455484600660952e-09 
4.1455484600660952e-09 
4.1455484600660952e-09 
4.1455484600660952e-09 
4.1455484600660952e-09 
4.1455484600660952e-09 
4.1455484600660952e-09 
4.1455484600660952e-09 
4.1455484600660952e-09 
4.1455484600660952e-09 
4.1455484600660952e-09 
4.1455484600660952e-09 
4.1455484600660952e-09 
4.1455484600660952e-09 
4.1455484600660952e-09 
4.1455484600660952e-09 
4.1455484600660952e-09 
4.1455484600660952e-09 
4.1455484600660952e-09 
4.1455484600660952e-09 
4.1455484600660952e-09 
4.1455484600660952e-09 
4.1455484600660952e-09 
4.1455484600660952e-09 
4.1455484600660952e-09 
4.1455484600660952e-09 
4.1455484600660952e-09 
4.1455484600660952e-09 
4.1455484600660952e-09 
4.1455484600660952e-09 
4.1455484600660952e-09 
4.1455484600660952e-09 
4.1455484600660952e-09 
4.1455484600660952e-09 
4.1455484600660952e-09 
4.1455484600660952e-09 
4.1455484600660952e-09 
4.1455484600660952e-09 
4.1455484600660952e-09 
4.1455484600660952e-09 
4.1455484600660952e-09 
4.1455484600660952e-09 
4.1455484600660952e-09 
4.1455484600660952e-09 
4.1455484600660952e-09 
4.1455484600660952e-09 
4.1455484600660952e-09 
4.1455484600660952e-09 
4.1455484600660952e-09 
4.1455484600660952e-09 
4.1455484600660952e-09 
4.1455484600660952e-09 
4.1455484600660952e-09 
4.1455484600660952e-09 
4.1455484600660952e-09 
4.1455484600660952e-09 
4.1455484600660952e-09 
4.1455484600660952e-09 
4.1455484600660952e-09 
4.1455484600660952e-09 
4.1455484600660952e-09 
4.1455484600660952e-09 
4.1455484600660952e-09 
4.1455484600660952e-09 
4.1455484600660952e-09 
4.1455484600660952e-09 
4.1455484600660952e-09 
4.1455484600660952e-09 
4.1455484600660952e-09 
4.1455484600660952e-09 
4.1455484600660952e-09 
4.1455484600660952e-09 
4.1455484600660952e-09 
4.1455484600660952e-09 
4.1455484600660952e-09 
4.1455484600660952e-09 
4.1455484600660952e-09 
4.1455484600660952e-09 
4.1455484600660952e-09 
4.1455484600660952e-09 
4.1455484600660952e-09 
4.1455484600660952e-09 
4.1455484600660952e-09 
4.1455484600660952e-09 
4.1455484600660952e-09 
4.1455484600660952e-09 
4.1455484600660952e-09 
4.1455484600660952e-09 
4.1455484600660952e-09 
4.1455484600660952e-09 
4.1455484600660952e-09 
4.1455484600660952e-09 
4.1455484600660952e-09 
4.1455484600660952e-09 
4.1455484600660952e-09 
4.1455484600660952e-09 
4.1455484600660952e-09 
4.1455484600660952e-09 
4.1455484600660952e-09 
4.1455484600660952e-09 
4.1455484600660952e-09 
4.1455484600660952e-09 
4.1455484600660952e-09 
4.1455484600660952e-09 
4.1455484600660952e-09 
4.1455484600660952e-09 
4.1455484600660952e-09 
4.1455484600660952e-09 
4.1455484600660952e-09 
4.1455484600660952e-09 
4.1455484600660952e-09 
4.1455484600660952e-09 
4.1455484600660952e-09 
4.1455484600660952e-09 
4.1455484600660952e-09 
4.1455484600660952e-09 
4.1455484600660952e-09 
4.1455484600660952e-09 
4.1455484600660952e-09 
4.1455484600660952e-09 
4.1455484600660952e-09 
4.1455484600660952e-09 
4.1455484600660952e-09 
4.1455484600660952e-09 
4.1455484600660952e-09 
4.1455484600660952e-09 
4.1455484600660952e-09 
4.1455484600660952e-09 
4.1455484600660952e-09 
4.1455484600660952e-09 
4.1455484600660952e-09 
4.1455484600660952e-09 
4.1455484600660952e-09 
4.1455484600660952e-09 
4.1455484600660952e-09 
4.1455484600660952e-09 
4.1455484600660952e-09 
4.1455484600660952e-09 
4.1455484600660952e-09 
4.1455484600660952e-09 
4.1455484600660952e-09 
4.1455484600660952e-09 
4.1455484600660952e-09 
4.1455484600660952e-09 
4.1455484600660952e-09 
4.1455484600660952e-09 
4.1455484600660952e-09 
4.1455484600660952e-09 
4.1455484600660952e-09 
4.1455484600660952e-09 
4.1455484600660952e-09 
4.1455484600660952e-09 
4.1455484600660952e-09 
4.1455484600660952e-09 
4.1455484600660952e-09 
4.1455484600660952e-09 
4.1455484600660952e-09 
4.1455484600660952e-09 
4.1455484600660952e-09 
4.1455484600660952e-09 
4.1455484600660952e-09 
4.1455484600660952e-09 
4.1455484600660952e-09 
4.1455484600660952e-09 
4.1455484600660952e-09 
4.1455484600660952e-09 
4.1455484600660952e-09 
4.1455484600660952e-09 
4.1455484600660952e-09 
4.1455484600660952e-09 
4.1455484600660952e-09 
4.1455484600660952e-09 
4.1455484600660952e-09 
4.1455484600660952e-09 
4.1455484600660952e-09 
4.1455484600660952e-09 
4.1455484600660952e-09 
4.1455484600660952e-09 
4.1455484600660952e-09 
4.1455484600660952e-09 
4.1455484600660952e-09 
4.1455484600660952e-09 
4.1455484600660952e-09 
4.1455484600660952e-09 
4.1455484600660952e-09 
4.1455484600660952e-09 
4.1455484600660952e-09 
4.1455484600660952e-09 
4.1455484600660952e-09 
4.1455484600660952e-09 
4.1455484600660952e-09 
4.1455484600660952e-09 
4.1455484600660952e-09 
4.1455484600660952e-09 
4.1455484600660952e-09 
4.1455484600660952e-09 
4.1455484600660952e-09 
4.1455484600660952e-09 
4.1455484600660952e-09 
4.1455484600660952e-09 
4.1455484600660952e-09 
4.1455484600660952e-09 
4.1455484600660952e-09 
4.1455484600660952e-09 
4.1455484600660952e-09 
4.1455484600660952e-09 
4.1455484600660952e-09 
4.1455484600660952e-09 
4.1455484600660952e-09 
4.1455484600660952e-09 
4.1455484600660952e-09 
4.1455484600660952e-09 
4.1455484600660952e-09 
4.1455484600660952e-09 
4.1455484600660952e-09 
4.1455484600660952e-09 
4.1455484600660952e-09 
4.1455484600660952e-09 
4.1455484600660952e-09 
4.1455484600660952e-09 
4.1455484600660952e-09 
4.1455484600660952e-09 
4.1455484600660952e-09 
4.1455484600660952e-09 
4.1455484600660952e-09 
4.1455484600660952e-09 
4.1455484600660952e-09 
4.1455484600660952e-09 
4.1455484600660952e-09 
4.1455484600660952e-09 
4.1455484600660952e-09 
4.1455484600660952e-09 
4.1455484600660952e-09 
4.1455484600660952e-09 
4.1455484600660952e-09 
4.1455484600660952e-09 
4.1455484600660952e-09 
4.1455484600660952e-09 
4.1455484600660952e-09 
4.1455484600660952e-09 
4.1455484600660952e-09 
4.1455484600660952e-09 
4.1455484600660952e-09 
4.1455484600660952e-09 
4.1455484600660952e-09 
4.1455484600660952e-09 
4.1455484600660952e-09 
4.1455484600660952e-09 
4.1455484600660952e-09 
4.1455484600660952e-09 
4.1455484600660952e-09 
4.1455484600660952e-09 
4.1455484600660952e-09 
4.1455484600660952e-09 
4.1455484600660952e-09 
4.1455484600660952e-09 
4.1455484600660952e-09 
4.1455484600660952e-09 
4.1455484600660952e-09 
4.1455484600660952e-09 
4.1455484600660952e-09 
4.1455484600660952e-09 
4.1455484600660952e-09 
4.1455484600660952e-09 
4.1455484600660952e-09 
4.1455484600660952e-09 
4.1455484600660952e-09 
4.1455484600660952e-09 
4.1455484600660952e-09 
4.1455484600660952e-09 
4.1455484600660952e-09 
4.1455484600660952e-09 
4.1455484600660952e-09 
4.1455484600660952e-09 
4.1455484600660952e-09 
4.1455484600660952e-09 
4.1455484600660952e-09 
4.1455484600660952e-09 
4.1455484600660952e-09 
4.1455484600660952e-09 
4.1455484600660952e-09 
4.1455484600660952e-09 
4.1455484600660952e-09 
4.1455484600660952e-09 
4.1455484600660952e-09 
4.1455484600660952e-09 
4.1455484600660952e-09 
4.1455484600660952e-09 
4.1455484600660952e-09 
4.1455484600660952e-09 
4.1455484600660952e-09 
4.1455484600660952e-09 
4.1455484600660952e-09 
4.1455484600660952e-09 
4.1455484600660952e-09 
4.1455484600660952e-09 
4.1455484600660952e-09 
4.1455484600660952e-09 
4.1455484600660952e-09 
4.1455484600660952e-09 
4.1455484600660952e-09 
4.1455484600660952e-09 
4.1455484600660952e-09 
4.1455484600660952e-09 
4.1455484600660952e-09 
4.1455484600660952e-09 
4.1455484600660952e-09 
4.1455484600660952e-09 
4.1455484600660952e-09 
4.1455484600660952e-09 
4.1455484600660952e-09 
4.1455484600660952e-09 
4.1455484600660952e-09 
4.1455484600660952e-09 
4.1455484600660952e-09 
4.1455484600660952e-09 
4.1455484600660952e-09 
4.1455484600660952e-09 
4.1455484600660952e-09 
4.1455484600660952e-09 
4.1455484600660952e-09 
4.1455484600660952e-09 
4.1455484600660952e-09 
4.1455484600660952e-09 
4.1455484600660952e-09 
4.1455484600660952e-09 
4.1455484600660952e-09 
4.1455484600660952e-09 
4.1455484600660952e-09 
4.1455484600660952e-09 
4.1455484600660952e-09 
4.1455484600660952e-09 
4.1455484600660952e-09 
4.1455484600660952e-09 
4.1455484600660952e-09 
4.1455484600660952e-09 
4.1455484600660952e-09 
4.1455484600660952e-09 
4.1455484600660952e-09 
4.1455484600660952e-09 
4.1455484600660952e-09 
4.1455484600660952e-09 
4.1455484600660952e-09 
4.1455484600660952e-09 
4.1455484600660952e-09 
4.1455484600660952e-09 
4.1455484600660952e-09 
4.1455484600660952e-09 
4.1455484600660952e-09 
4.1455484600660952e-09 
4.1455484600660952e-09 
4.1455484600660952e-09 
4.1455484600660952e-09 
4.1455484600660952e-09 
4.1455484600660952e-09 
4.1455484600660952e-09 
4.1455484600660952e-09 
4.1455484600660952e-09 
4.1455484600660952e-09 
4.1455484600660952e-09 
4.1455484600660952e-09 
4.1455484600660952e-09 
4.1455484600660952e-09 
4.1455484600660952e-09 
4.1455484600660952e-09 
4.1455484600660952e-09 
4.1455484600660952e-09 
4.1455484600660952e-09 
4.1455484600660952e-09 
4.1455484600660952e-09 
4.1455484600660952e-09 
4.1455484600660952e-09 
4.1455484600660952e-09 
4.1455484600660952e-09 
4.1455484600660952e-09 
4.1455484600660952e-09 
