1.0360294371093548 
1.0360294371093548 
1.0360294371093548 
1.0342136903491133 
1.0298949280344531 
1.0279061753746983 
1.0279061753746983 
1.0279061753746983 
1.0278777202721332 
1.0278469103360999 
1.0278469103360999 
1.0278469103360999 
1.0278469103360999 
1.0277568142721272 
1.0277568142721272 
1.0277568142721272 
0.98705669835323562 
0.92932648206713653 
0.87330847148406077 
0.81906889801141602 
0.76667149236932342 
0.71617739643155154 
0.66764507916765359 
0.62113025681166756 
0.57668581737586633 
0.53436174962098026 
0.49420507658708646 
0.4562597937819548 
0.42056681211610136 
0.38716390566611325 
0.35608566433999955 
0.32736345151040358 
0.30102536667348889 
0.27709621318321342 
0.25559747110251596 
0.23654727520471819 
0.21996039815014412 
0.20584823885466497 
0.19421881605852509 
0.18507676709548615 
0.17842335185397795 
0.17425646191366362 
0.1725706348325331 
0.17242083151584975 
0.1714670097752482 
0.1714670097752482 
0.1714670097752482 
0.16673167471605388 
0.15050283257285291 
0.1313091707766193 
0.1146924697698205 
0.10067511419705055 
0.089274286360225497 
0.078789161208796865 
0.061590208223719856 
0.045185957747765793 
0.031328661068994235 
0.020051731240007475 
0.011382427892018598 
0.0053417886004406556 
0.0019445759157451503 
0.00042705755711891502 
0.00042705755711891502 
0.00042705755711891502 
0.00042705755711891502 
0.00042705755711891502 
0.00042705755711891502 
0.000369181961602294 
0.00014706929318109019 
0.00014706929318109019 
0.00014706929318109019 
9.3869492223896955e-05 
4.0982022808333518e-05 
7.0338148445703297e-06 
7.0338148445703297e-06 
7.0338148445703297e-06 
7.0338148445703297e-06 
7.0338148445703297e-06 
7.0338148445703297e-06 
2.1248027114451062e-06 
2.1248027114451062e-06 
2.1248027114451062e-06 
2.1248027114451062e-06 
2.1248027114451062e-06 
1.8241436472443695e-08 
1.8241436472443695e-08 
1.8241436472443695e-08 
1.8241436472443695e-08 
1.8241436472443695e-08 
1.8241436472443695e-08 
1.8241436472443695e-08 
1.8241436472443695e-08 
1.8241436472443695e-08 
1.8241436472443695e-08 
1.8241436472443695e-08 
1.8241436472443695e-08 
1.8241436472443695e-08 
1.8241436472443695e-08 
1.8241436472443695e-08 
1.8241436472443695e-08 
1.8241436472443695e-08 
1.8241436472443695e-08 
1.8241436472443695e-08 
1.8241436472443695e-08 
1.8241436472443695e-08 
1.8241436472443695e-08 
1.8241436472443695e-08 
1.8241436472443695e-08 
1.8241436472443695e-08 
1.8241436472443695e-08 
1.8241436472443695e-08 
1.8241436472443695e-08 
1.8241436472443695e-08 
1.8241436472443695e-08 
1.8241436472443695e-08 
1.8241436472443695e-08 
1.8241436472443695e-08 
1.8241436472443695e-08 
1.8241436472443695e-08 
1.8241436472443695e-08 
1.8241436472443695e-08 
1.8241436472443695e-08 
1.8241436472443695e-08 
1.8241436472443695e-08 
1.8241436472443695e-08 
1.8241436472443695e-08 
1.8241436472443695e-08 
1.8241436472443695e-08 
1.8241436472443695e-08 
1.8241436472443695e-08 
1.8241436472443695e-08 
1.8241436472443695e-08 
1.8241436472443695e-08 
1.8241436472443695e-08 
1.8241436472443695e-08 
1.8241436472443695e-08 
1.8241436472443695e-08 
1.8241436472443695e-08 
1.8241436472443695e-08 
1.8241436472443695e-08 
1.8241436472443695e-08 
1.8241436472443695e-08 
1.8241436472443695e-08 
1.8241436472443695e-08 
1.8241436472443695e-08 
1.8241436472443695e-08 
1.8241436472443695e-08 
1.8241436472443695e-08 
1.8241436472443695e-08 
1.8241436472443695e-08 
1.8241436472443695e-08 
1.8241436472443695e-08 
1.8241436472443695e-08 
1.8241436472443695e-08 
1.8241436472443695e-08 
1.8241436472443695e-08 
1.8241436472443695e-08 
1.8241436472443695e-08 
1.8241436472443695e-08 
1.8241436472443695e-08 
1.8241436472443695e-08 
1.8241436472443695e-08 
1.8241436472443695e-08 
1.8241436472443695e-08 
1.8241436472443695e-08 
1.8241436472443695e-08 
1.8241436472443695e-08 
1.8241436472443695e-08 
1.8241436472443695e-08 
1.8241436472443695e-08 
1.8241436472443695e-08 
1.8241436472443695e-08 
1.8241436472443695e-08 
1.8241436472443695e-08 
1.8241436472443695e-08 
1.8241436472443695e-08 
1.8241436472443695e-08 
1.8241436472443695e-08 
1.8241436472443695e-08 
1.8241436472443695e-08 
1.8241436472443695e-08 
1.8241436472443695e-08 
1.8241436472443695e-08 
1.8241436472443695e-08 
1.8241436472443695e-08 
1.8241436472443695e-08 
1.8241436472443695e-08 
1.8241436472443695e-08 
1.8241436472443695e-08 
1.8241436472443695e-08 
1.8241436472443695e-08 
1.8241436472443695e-08 
1.8241436472443695e-08 
1.8241436472443695e-08 
1.8241436472443695e-08 
1.8241436472443695e-08 
1.8241436472443695e-08 
1.8241436472443695e-08 
1.8241436472443695e-08 
1.8241436472443695e-08 
1.8241436472443695e-08 
1.8241436472443695e-08 
1.8241436472443695e-08 
1.8241436472443695e-08 
1.8241436472443695e-08 
1.8241436472443695e-08 
1.8241436472443695e-08 
1.8241436472443695e-08 
1.8241436472443695e-08 
1.8241436472443695e-08 
1.8241436472443695e-08 
1.8241436472443695e-08 
1.8241436472443695e-08 
1.8241436472443695e-08 
1.8241436472443695e-08 
1.8241436472443695e-08 
1.8241436472443695e-08 
1.8241436472443695e-08 
1.8241436472443695e-08 
1.8241436472443695e-08 
1.8241436472443695e-08 
1.8241436472443695e-08 
1.8241436472443695e-08 
1.8241436472443695e-08 
1.8241436472443695e-08 
1.8241436472443695e-08 
1.8241436472443695e-08 
1.8241436472443695e-08 
1.8241436472443695e-08 
1.8241436472443695e-08 
1.8241436472443695e-08 
1.8241436472443695e-08 
1.8241436472443695e-08 
1.8241436472443695e-08 
1.8241436472443695e-08 
1.8241436472443695e-08 
1.8241436472443695e-08 
1.8241436472443695e-08 
1.8241436472443695e-08 
1.8241436472443695e-08 
1.8241436472443695e-08 
1.8241436472443695e-08 
1.8241436472443695e-08 
1.8241436472443695e-08 
1.8241436472443695e-08 
1.8241436472443695e-08 
1.8241436472443695e-08 
1.8241436472443695e-08 
1.8241436472443695e-08 
1.8241436472443695e-08 
1.8241436472443695e-08 
1.8241436472443695e-08 
1.8241436472443695e-08 
1.8241436472443695e-08 
1.8241436472443695e-08 
1.8241436472443695e-08 
1.8241436472443695e-08 
1.8241436472443695e-08 
1.8241436472443695e-08 
1.8241436472443695e-08 
1.8241436472443695e-08 
1.8241436472443695e-08 
1.8241436472443695e-08 
1.8241436472443695e-08 
1.8241436472443695e-08 
1.8241436472443695e-08 
1.8241436472443695e-08 
1.8241436472443695e-08 
1.8241436472443695e-08 
1.8241436472443695e-08 
1.8241436472443695e-08 
1.8241436472443695e-08 
1.8241436472443695e-08 
1.8241436472443695e-08 
1.8241436472443695e-08 
1.8241436472443695e-08 
1.8241436472443695e-08 
1.8241436472443695e-08 
1.8241436472443695e-08 
1.8241436472443695e-08 
1.8241436472443695e-08 
1.8241436472443695e-08 
1.8241436472443695e-08 
1.8241436472443695e-08 
1.8241436472443695e-08 
1.8241436472443695e-08 
1.8241436472443695e-08 
1.8241436472443695e-08 
1.8241436472443695e-08 
1.8241436472443695e-08 
1.8241436472443695e-08 
1.8241436472443695e-08 
1.8241436472443695e-08 
1.0464521471575949e-09 
1.0464521471575949e-09 
1.0464521471575949e-09 
1.0464521471575949e-09 
1.0464521471575949e-09 
1.0464521471575949e-09 
1.0464521471575949e-09 
1.0464521471575949e-09 
1.0464521471575949e-09 
1.0464521471575949e-09 
1.0464521471575949e-09 
1.0464521471575949e-09 
1.0464521471575949e-09 
1.0464521471575949e-09 
1.0464521471575949e-09 
1.0464521471575949e-09 
1.0464521471575949e-09 
1.0464521471575949e-09 
1.0464521471575949e-09 
1.0464521471575949e-09 
1.0464521471575949e-09 
1.0464521471575949e-09 
1.0464521471575949e-09 
1.0464521471575949e-09 
1.0464521471575949e-09 
1.0464521471575949e-09 
1.0464521471575949e-09 
1.0464521471575949e-09 
1.0464521471575949e-09 
1.0464521471575949e-09 
1.0464521471575949e-09 
1.0464521471575949e-09 
1.0464521471575949e-09 
1.0464521471575949e-09 
1.0464521471575949e-09 
1.0464521471575949e-09 
1.0464521471575949e-09 
1.0464521471575949e-09 
1.0464521471575949e-09 
1.0464521471575949e-09 
1.0464521471575949e-09 
1.0464521471575949e-09 
1.0464521471575949e-09 
1.0464521471575949e-09 
1.0464521471575949e-09 
1.0464521471575949e-09 
1.0464521471575949e-09 
1.0464521471575949e-09 
1.0464521471575949e-09 
1.0464521471575949e-09 
1.0464521471575949e-09 
1.0464521471575949e-09 
1.0464521471575949e-09 
1.0464521471575949e-09 
1.0464521471575949e-09 
1.0464521471575949e-09 
1.0464521471575949e-09 
1.0464521471575949e-09 
1.0464521471575949e-09 
1.0464521471575949e-09 
1.0464521471575949e-09 
1.0464521471575949e-09 
1.0464521471575949e-09 
1.0464521471575949e-09 
1.0464521471575949e-09 
1.0464521471575949e-09 
1.0464521471575949e-09 
1.0464521471575949e-09 
1.0464521471575949e-09 
1.0464521471575949e-09 
1.0464521471575949e-09 
1.0464521471575949e-09 
1.0464521471575949e-09 
1.0464521471575949e-09 
1.0464521471575949e-09 
1.0464521471575949e-09 
1.0464521471575949e-09 
1.0464521471575949e-09 
1.0464521471575949e-09 
1.0464521471575949e-09 
1.0464521471575949e-09 
1.0464521471575949e-09 
1.0464521471575949e-09 
1.0464521471575949e-09 
1.0464521471575949e-09 
1.0464521471575949e-09 
1.0464521471575949e-09 
1.0464521471575949e-09 
1.0464521471575949e-09 
1.0464521471575949e-09 
1.0464521471575949e-09 
1.0464521471575949e-09 
1.0464521471575949e-09 
1.0464521471575949e-09 
1.0464521471575949e-09 
1.0464521471575949e-09 
1.0464521471575949e-09 
1.0464521471575949e-09 
1.0464521471575949e-09 
1.0464521471575949e-09 
1.0464521471575949e-09 
1.0464521471575949e-09 
1.0464521471575949e-09 
1.0464521471575949e-09 
1.0464521471575949e-09 
1.0464521471575949e-09 
1.0464521471575949e-09 
1.0464521471575949e-09 
1.0464521471575949e-09 
1.0464521471575949e-09 
1.0464521471575949e-09 
1.0464521471575949e-09 
1.0464521471575949e-09 
1.0464521471575949e-09 
1.0464521471575949e-09 
1.0464521471575949e-09 
1.0464521471575949e-09 
1.0464521471575949e-09 
1.0464521471575949e-09 
1.0464521471575949e-09 
1.0464521471575949e-09 
1.0464521471575949e-09 
1.0464521471575949e-09 
1.0464521471575949e-09 
1.0464521471575949e-09 
1.0464521471575949e-09 
1.0464521471575949e-09 
1.0464521471575949e-09 
1.0464521471575949e-09 
1.0464521471575949e-09 
1.0464521471575949e-09 
1.0464521471575949e-09 
1.0464521471575949e-09 
1.0464521471575949e-09 
1.0464521471575949e-09 
1.0464521471575949e-09 
1.0464521471575949e-09 
1.0464521471575949e-09 
1.0464521471575949e-09 
1.0464521471575949e-09 
1.0464521471575949e-09 
1.0464521471575949e-09 
1.0464521471575949e-09 
1.0464521471575949e-09 
1.0464521471575949e-09 
1.0464521471575949e-09 
1.0464521471575949e-09 
1.0464521471575949e-09 
1.0464521471575949e-09 
1.0464521471575949e-09 
1.0464521471575949e-09 
1.0464521471575949e-09 
1.0464521471575949e-09 
1.0464521471575949e-09 
1.0464521471575949e-09 
1.0464521471575949e-09 
1.0464521471575949e-09 
1.0464521471575949e-09 
1.0464521471575949e-09 
1.0464521471575949e-09 
1.0464521471575949e-09 
1.0464521471575949e-09 
1.0464521471575949e-09 
1.0464521471575949e-09 
1.0464521471575949e-09 
1.0464521471575949e-09 
1.0464521471575949e-09 
1.0464521471575949e-09 
1.0464521471575949e-09 
1.0464521471575949e-09 
1.0464521471575949e-09 
1.0464521471575949e-09 
1.0464521471575949e-09 
1.0464521471575949e-09 
1.0464521471575949e-09 
1.0464521471575949e-09 
1.0464521471575949e-09 
1.0464521471575949e-09 
1.0464521471575949e-09 
1.0464521471575949e-09 
1.0464521471575949e-09 
1.0464521471575949e-09 
1.0464521471575949e-09 
1.0464521471575949e-09 
1.0464521471575949e-09 
1.0464521471575949e-09 
1.0464521471575949e-09 
1.0464521471575949e-09 
1.0464521471575949e-09 
1.0464521471575949e-09 
1.0464521471575949e-09 
1.0464521471575949e-09 
1.0464521471575949e-09 
1.0464521471575949e-09 
1.0464521471575949e-09 
1.0464521471575949e-09 
1.0464521471575949e-09 
1.0464521471575949e-09 
1.0464521471575949e-09 
1.0464521471575949e-09 
1.0464521471575949e-09 
1.0464521471575949e-09 
1.0464521471575949e-09 
1.0464521471575949e-09 
1.0464521471575949e-09 
1.0464521471575949e-09 
1.0464521471575949e-09 
1.0464521471575949e-09 
1.0464521471575949e-09 
1.0464521471575949e-09 
1.0464521471575949e-09 
1.0464521471575949e-09 
1.0464521471575949e-09 
1.0464521471575949e-09 
1.0464521471575949e-09 
1.0464521471575949e-09 
1.0464521471575949e-09 
1.0464521471575949e-09 
1.0464521471575949e-09 
1.0464521471575949e-09 
1.0464521471575949e-09 
1.0464521471575949e-09 
1.0464521471575949e-09 
1.0464521471575949e-09 
1.0464521471575949e-09 
1.0464521471575949e-09 
1.0464521471575949e-09 
1.0464521471575949e-09 
1.0464521471575949e-09 
1.0464521471575949e-09 
1.0464521471575949e-09 
1.0464521471575949e-09 
1.0464521471575949e-09 
1.0464521471575949e-09 
1.0464521471575949e-09 
1.0464521471575949e-09 
1.0464521471575949e-09 
1.0464521471575949e-09 
1.0464521471575949e-09 
1.0464521471575949e-09 
8.4823370549713673e-11 
8.4823370549713673e-11 
8.4823370549713673e-11 
8.4823370549713673e-11 
8.4823370549713673e-11 
8.4823370549713673e-11 
8.4823370549713673e-11 
8.4823370549713673e-11 
8.4823370549713673e-11 
8.4823370549713673e-11 
8.4823370549713673e-11 
8.4823370549713673e-11 
8.4823370549713673e-11 
8.4823370549713673e-11 
8.4823370549713673e-11 
8.4823370549713673e-11 
8.4823370549713673e-11 
8.4823370549713673e-11 
8.4823370549713673e-11 
8.4823370549713673e-11 
8.4823370549713673e-11 
8.4823370549713673e-11 
8.4823370549713673e-11 
8.4823370549713673e-11 
8.4823370549713673e-11 
8.4823370549713673e-11 
8.4823370549713673e-11 
8.4823370549713673e-11 
8.4823370549713673e-11 
8.4823370549713673e-11 
8.4823370549713673e-11 
8.4823370549713673e-11 
8.4823370549713673e-11 
8.4823370549713673e-11 
8.4823370549713673e-11 
8.4823370549713673e-11 
8.4823370549713673e-11 
8.4823370549713673e-11 
8.4823370549713673e-11 
8.4823370549713673e-11 
8.4823370549713673e-11 
8.4823370549713673e-11 
8.4823370549713673e-11 
8.4823370549713673e-11 
8.4823370549713673e-11 
8.4823370549713673e-11 
8.4823370549713673e-11 
8.4823370549713673e-11 
8.4823370549713673e-11 
8.4823370549713673e-11 
8.4823370549713673e-11 
8.4823370549713673e-11 
8.4823370549713673e-11 
8.4823370549713673e-11 
8.4823370549713673e-11 
8.4823370549713673e-11 
8.4823370549713673e-11 
8.4823370549713673e-11 
8.4823370549713673e-11 
8.4823370549713673e-11 
8.4823370549713673e-11 
8.4823370549713673e-11 
8.4823370549713673e-11 
8.4823370549713673e-11 
8.4823370549713673e-11 
8.4823370549713673e-11 
8.4823370549713673e-11 
8.4823370549713673e-11 
8.4823370549713673e-11 
8.4823370549713673e-11 
8.4823370549713673e-11 
8.4823370549713673e-11 
8.4823370549713673e-11 
8.4823370549713673e-11 
8.4823370549713673e-11 
8.4823370549713673e-11 
8.4823370549713673e-11 
8.4823370549713673e-11 
8.4823370549713673e-11 
8.4823370549713673e-11 
8.4823370549713673e-11 
8.4823370549713673e-11 
8.4823370549713673e-11 
8.4823370549713673e-11 
8.4823370549713673e-11 
8.4823370549713673e-11 
8.4823370549713673e-11 
8.4823370549713673e-11 
8.4823370549713673e-11 
8.4823370549713673e-11 
8.4823370549713673e-11 
8.4823370549713673e-11 
8.4823370549713673e-11 
8.4823370549713673e-11 
8.4823370549713673e-11 
8.4823370549713673e-11 
8.4823370549713673e-11 
8.4823370549713673e-11 
8.4823370549713673e-11 
8.4823370549713673e-11 
8.4823370549713673e-11 
8.4823370549713673e-11 
8.4823370549713673e-11 
8.4823370549713673e-11 
8.4823370549713673e-11 
8.4823370549713673e-11 
8.4823370549713673e-11 
8.4823370549713673e-11 
8.4823370549713673e-11 
8.4823370549713673e-11 
8.4823370549713673e-11 
8.4823370549713673e-11 
8.4823370549713673e-11 
8.4823370549713673e-11 
8.4823370549713673e-11 
8.4823370549713673e-11 
8.4823370549713673e-11 
8.4823370549713673e-11 
8.4823370549713673e-11 
8.4823370549713673e-11 
8.4823370549713673e-11 
8.4823370549713673e-11 
8.4823370549713673e-11 
8.4823370549713673e-11 
8.4823370549713673e-11 
8.4823370549713673e-11 
8.4823370549713673e-11 
8.4823370549713673e-11 
8.4823370549713673e-11 
8.4823370549713673e-11 
8.4823370549713673e-11 
8.4823370549713673e-11 
8.4823370549713673e-11 
8.4823370549713673e-11 
8.4823370549713673e-11 
8.4823370549713673e-11 
8.4823370549713673e-11 
8.4823370549713673e-11 
8.4823370549713673e-11 
8.4823370549713673e-11 
8.4823370549713673e-11 
8.4823370549713673e-11 
8.4823370549713673e-11 
8.4823370549713673e-11 
8.4823370549713673e-11 
8.4823370549713673e-11 
8.4823370549713673e-11 
8.4823370549713673e-11 
8.4823370549713673e-11 
8.4823370549713673e-11 
8.4823370549713673e-11 
8.4823370549713673e-11 
8.4823370549713673e-11 
8.4823370549713673e-11 
8.4823370549713673e-11 
8.4823370549713673e-11 
8.4823370549713673e-11 
8.4823370549713673e-11 
8.4823370549713673e-11 
8.4823370549713673e-11 
8.4823370549713673e-11 
8.4823370549713673e-11 
8.4823370549713673e-11 
8.4823370549713673e-11 
8.4823370549713673e-11 
8.4823370549713673e-11 
8.4823370549713673e-11 
8.4823370549713673e-11 
8.4823370549713673e-11 
8.4823370549713673e-11 
8.4823370549713673e-11 
8.4823370549713673e-11 
8.4823370549713673e-11 
8.4823370549713673e-11 
8.4823370549713673e-11 
8.4823370549713673e-11 
8.4823370549713673e-11 
8.4823370549713673e-11 
8.4823370549713673e-11 
8.4823370549713673e-11 
8.4823370549713673e-11 
8.4823370549713673e-11 
8.4823370549713673e-11 
8.4823370549713673e-11 
8.4823370549713673e-11 
8.4823370549713673e-11 
8.4823370549713673e-11 
8.4823370549713673e-11 
8.4823370549713673e-11 
8.4823370549713673e-11 
8.4823370549713673e-11 
8.4823370549713673e-11 
8.4823370549713673e-11 
8.4823370549713673e-11 
8.4823370549713673e-11 
8.4823370549713673e-11 
8.4823370549713673e-11 
8.4823370549713673e-11 
8.4823370549713673e-11 
8.4823370549713673e-11 
8.4823370549713673e-11 
8.4823370549713673e-11 
8.4823370549713673e-11 
8.4823370549713673e-11 
8.4823370549713673e-11 
8.4823370549713673e-11 
8.4823370549713673e-11 
8.4823370549713673e-11 
8.4823370549713673e-11 
8.4823370549713673e-11 
8.4823370549713673e-11 
8.4823370549713673e-11 
8.4823370549713673e-11 
8.4823370549713673e-11 
8.4823370549713673e-11 
8.4823370549713673e-11 
8.4823370549713673e-11 
8.4823370549713673e-11 
8.4823370549713673e-11 
8.4823370549713673e-11 
8.4823370549713673e-11 
8.4823370549713673e-11 
8.4823370549713673e-11 
8.4823370549713673e-11 
8.4823370549713673e-11 
8.4823370549713673e-11 
8.4823370549713673e-11 
8.4823370549713673e-11 
8.4823370549713673e-11 
8.4823370549713673e-11 
8.4823370549713673e-11 
8.4823370549713673e-11 
8.4823370549713673e-11 
8.4823370549713673e-11 
8.4823370549713673e-11 
8.4823370549713673e-11 
8.4823370549713673e-11 
8.4823370549713673e-11 
8.4823370549713673e-11 
8.4823370549713673e-11 
8.4823370549713673e-11 
8.4823370549713673e-11 
8.4823370549713673e-11 
8.4823370549713673e-11 
8.4823370549713673e-11 
8.4823370549713673e-11 
8.4823370549713673e-11 
8.4823370549713673e-11 
8.4823370549713673e-11 
8.4823370549713673e-11 
8.4823370549713673e-11 
8.4823370549713673e-11 
8.4823370549713673e-11 
8.4823370549713673e-11 
8.4823370549713673e-11 
8.4823370549713673e-11 
8.4823370549713673e-11 
8.4823370549713673e-11 
8.4823370549713673e-11 
8.4823370549713673e-11 
8.4823370549713673e-11 
8.4823370549713673e-11 
8.4823370549713673e-11 
8.4823370549713673e-11 
8.4823370549713673e-11 
8.4823370549713673e-11 
8.4823370549713673e-11 
8.4823370549713673e-11 
8.4823370549713673e-11 
8.4823370549713673e-11 
8.4823370549713673e-11 
8.4823370549713673e-11 
8.4823370549713673e-11 
8.4823370549713673e-11 
8.4823370549713673e-11 
8.4823370549713673e-11 
8.4823370549713673e-11 
8.4823370549713673e-11 
8.4823370549713673e-11 
8.4823370549713673e-11 
8.4823370549713673e-11 
8.4823370549713673e-11 
8.4823370549713673e-11 
8.4823370549713673e-11 
8.4823370549713673e-11 
8.4823370549713673e-11 
8.4823370549713673e-11 
8.4823370549713673e-11 
8.4823370549713673e-11 
8.4823370549713673e-11 
8.4823370549713673e-11 
8.4823370549713673e-11 
8.4823370549713673e-11 
8.4823370549713673e-11 
8.4823370549713673e-11 
8.4823370549713673e-11 
8.4823370549713673e-11 
8.4823370549713673e-11 
8.4823370549713673e-11 
8.4823370549713673e-11 
8.4823370549713673e-11 
8.4823370549713673e-11 
8.4823370549713673e-11 
8.4823370549713673e-11 
8.4823370549713673e-11 
8.4823370549713673e-11 
8.4823370549713673e-11 
8.4823370549713673e-11 
8.4823370549713673e-11 
8.4823370549713673e-11 
8.4823370549713673e-11 
8.4823370549713673e-11 
8.4823370549713673e-11 
8.4823370549713673e-11 
8.4823370549713673e-11 
8.4823370549713673e-11 
8.4823370549713673e-11 
8.4823370549713673e-11 
8.4823370549713673e-11 
8.4823370549713673e-11 
8.4823370549713673e-11 
8.4823370549713673e-11 
8.4823370549713673e-11 
8.4823370549713673e-11 
8.4823370549713673e-11 
8.4823370549713673e-11 
8.4823370549713673e-11 
8.4823370549713673e-11 
8.4823370549713673e-11 
8.4823370549713673e-11 
8.4823370549713673e-11 
8.4823370549713673e-11 
8.4823370549713673e-11 
8.4823370549713673e-11 
8.4823370549713673e-11 
8.4823370549713673e-11 
8.4823370549713673e-11 
8.4823370549713673e-11 
8.4823370549713673e-11 
8.4823370549713673e-11 
8.4823370549713673e-11 
8.4823370549713673e-11 
8.4823370549713673e-11 
8.4823370549713673e-11 
8.4823370549713673e-11 
8.4823370549713673e-11 
8.4823370549713673e-11 
8.4823370549713673e-11 
8.4823370549713673e-11 
8.4823370549713673e-11 
8.4823370549713673e-11 
8.4823370549713673e-11 
8.4823370549713673e-11 
8.4823370549713673e-11 
8.4823370549713673e-11 
8.4823370549713673e-11 
8.4823370549713673e-11 
8.4823370549713673e-11 
8.4823370549713673e-11 
8.4823370549713673e-11 
8.4823370549713673e-11 
8.4823370549713673e-11 
8.4823370549713673e-11 
8.4823370549713673e-11 
8.4823370549713673e-11 
8.4823370549713673e-11 
8.4823370549713673e-11 
8.4823370549713673e-11 
8.4823370549713673e-11 
8.4823370549713673e-11 
8.4823370549713673e-11 
8.4823370549713673e-11 
8.4823370549713673e-11 
8.4823370549713673e-11 
8.4823370549713673e-11 
8.4823370549713673e-11 
8.4823370549713673e-11 
8.4823370549713673e-11 
8.4823370549713673e-11 
8.4823370549713673e-11 
8.4823370549713673e-11 
8.4823370549713673e-11 
8.4823370549713673e-11 
8.4823370549713673e-11 
8.4823370549713673e-11 
8.4823370549713673e-11 
8.4823370549713673e-11 
8.4823370549713673e-11 
8.4823370549713673e-11 
8.4823370549713673e-11 
8.4823370549713673e-11 
8.4823370549713673e-11 
8.4823370549713673e-11 
8.4823370549713673e-11 
8.4823370549713673e-11 
8.4823370549713673e-11 
8.4823370549713673e-11 
8.4823370549713673e-11 
8.4823370549713673e-11 
8.4823370549713673e-11 
8.4823370549713673e-11 
8.4823370549713673e-11 
8.4823370549713673e-11 
8.4823370549713673e-11 
8.4823370549713673e-11 
8.4823370549713673e-11 
8.4823370549713673e-11 
8.4823370549713673e-11 
8.4823370549713673e-11 
8.4823370549713673e-11 
8.4823370549713673e-11 
8.4823370549713673e-11 
8.4823370549713673e-11 
8.4823370549713673e-11 
8.4823370549713673e-11 
8.4823370549713673e-11 
8.4823370549713673e-11 
8.4823370549713673e-11 
8.4823370549713673e-11 
8.4823370549713673e-11 
8.4823370549713673e-11 
8.4823370549713673e-11 
8.4823370549713673e-11 
8.4823370549713673e-11 
8.4823370549713673e-11 
8.4823370549713673e-11 
8.4823370549713673e-11 
8.4823370549713673e-11 
8.4823370549713673e-11 
8.4823370549713673e-11 
8.4823370549713673e-11 
8.4823370549713673e-11 
8.4823370549713673e-11 
8.4823370549713673e-11 
8.4823370549713673e-11 
8.4823370549713673e-11 
8.4823370549713673e-11 
8.4823370549713673e-11 
8.4823370549713673e-11 
8.4823370549713673e-11 
8.4823370549713673e-11 
8.4823370549713673e-11 
8.4823370549713673e-11 
8.4823370549713673e-11 
8.4823370549713673e-11 
8.4823370549713673e-11 
8.4823370549713673e-11 
8.4823370549713673e-11 
8.4823370549713673e-11 
8.4823370549713673e-11 
8.4823370549713673e-11 
8.4823370549713673e-11 
8.4823370549713673e-11 
8.4823370549713673e-11 
8.4823370549713673e-11 
8.4823370549713673e-11 
8.4823370549713673e-11 
8.4823370549713673e-11 
8.4823370549713673e-11 
8.4823370549713673e-11 
8.4823370549713673e-11 
8.4823370549713673e-11 
8.4823370549713673e-11 
8.4823370549713673e-11 
8.4823370549713673e-11 
8.4823370549713673e-11 
8.4823370549713673e-11 
