0.65602472012792112 
0.43994340321767933 
0.43715803470813208 
0.24155545257142183 
0.24047917954425799 
0.23235844640457987 
0.16244117198374169 
0.16197516952256372 
0.13786876311814364 
0.13743356229850015 
0.12523016794728864 
0.12515482669657776 
0.12144507979837703 
0.12121152108517669 
0.11932292568481206 
0.11931018059858559 
0.11863788516136863 
0.11863221243384545 
0.11830432388410465 
0.11830203211831163 
0.1182043731714592 
0.11819515865471161 
0.11814597080872186 
0.11814531459382695 
0.11812544797317237 
0.11812502483003834 
0.11811675606354728 
0.11811639739981393 
0.11811293187540947 
0.11811261920057067 
0.11811097459543717 
0.11811066806484344 
0.11810988357067127 
0.11810958742154157 
0.11810904761107875 
0.11810875071155218 
0.11810839336595005 
0.11810808446839259 
0.11810776223252006 
0.11810746318705123 
0.11810715695917755 
0.11810686101626086 
0.11810656189234074 
0.11810626681686807 
0.11810597082795794 
0.11810567596833581 
0.11810538132705677 
0.11810508654115492 
0.11810479223420633 
0.11810449792625553 
0.11810420348567501 
0.11810390922075079 
0.1181036149623983 
0.11810332070970907 
0.11810302646267729 
0.11810273222130291 
0.11810243798558608 
0.11810214375552679 
0.11810184953112508 
0.11810155531238099 
0.1181012610992946 
0.11810096689186593 
0.1181006726900951 
0.11810037849398207 
0.11810008430352692 
0.1180997901187297 
0.11809949593959043 
0.11809920176610922 
0.11809890759828606 
0.11809861343612106 
0.1180983192796142 
0.11809802512876556 
0.11809773098357518 
0.11809743684404311 
0.11809714271016943 
0.11809684858195414 
0.11809655445939732 
0.118096260342499 
0.11809596623125922 
0.11809567212567802 
0.1180953780257555 
0.11809508393149167 
0.1180947898428866 
0.11809449575994033 
0.11809420168265285 
0.11809390761102431 
0.11809361354505467 
0.11809331948474404 
0.11809302543009247 
0.11809273138109995 
0.11809243733776656 
0.11809214330009235 
0.11809184926807735 
0.11809155524172164 
0.11809126122102527 
0.11809096720598827 
0.11809067319661067 
0.11809037919289253 
0.1180900851948339 
0.11808979120243486 
0.11808949721569542 
0.11808920323461564 
0.11808890925919555 
0.11808861528943522 
0.11808832132533467 
0.11808802736689403 
0.11808773341411324 
0.11808743946699243 
0.11808714552553158 
0.11808685158973078 
0.11808655765959007 
0.11808626373510953 
0.11808596981628916 
0.11808567590312903 
0.11808538199562917 
0.11808508809378963 
0.11808479419761049 
0.11808450030709178 
0.11808420642223354 
0.11808391254303584 
0.11808361866949868 
0.11808332480162216 
0.11808303093940628 
0.11808273708285114 
0.11808244323195674 
0.11808214938672319 
0.11808185554715048 
0.11808156171323866 
0.11808126788498781 
0.11808097406239797 
0.11808068024546917 
0.1180803864342015 
0.11808009262859495 
0.11807979882864959 
0.1180795050343655 
0.11807921124574265 
0.11807891746278121 
0.11807862368548112 
0.11807832991384247 
0.1180780361478653 
0.11807774238754967 
0.11807744863289561 
0.1180771548839032 
0.11807686114057246 
0.11807656740290344 
0.1180762736708962 
0.11807597994455075 
0.11807568622386717 
0.11807539250884554 
0.11807509879948584 
0.11807480509578819 
0.11807451139775257 
0.11807421770537904 
0.11807392401866772 
0.1180736303376186 
0.1180733366622317 
0.11807304299250715 
0.1180727493284449 
0.11807245567004507 
0.11807216201730768 
0.1180718683702328 
0.11807157472882046 
0.1180712810930707 
0.11807098746298357 
0.11807069383855912 
0.11807040021979742 
0.11807010660669849 
0.11806981299926239 
0.11806951939748918 
0.11806922580137889 
0.11806893221093158 
0.11806863862614729 
0.11806834504702604 
0.11806805147356796 
0.11806775790577302 
0.11806746434364129 
0.11806717078717284 
0.11806687723636768 
0.11806658369122587 
0.11806629015174749 
0.11806599661793259 
0.11806570308978116 
0.11806540956729326 
0.11806511605046899 
0.11806482253930833 
0.11806452903381143 
0.11806423553397823 
0.11806394203980883 
0.11806364855130325 
0.11806335506846155 
0.1180630615912838 
0.11806276811977005 
0.11806247465392032 
0.11806218119373468 
0.11806188773921317 
0.1180615942903558 
0.11806130084716267 
0.11806100740963382 
0.11806071397776931 
0.11806042055156914 
0.11806012713103339 
0.11805983371616209 
0.11805954030695531 
0.11805924690341311 
0.11805895350553551 
0.11805866011332258 
0.11805836672677435 
0.11805807334589083 
0.11805777997067213 
0.1180574866011183 
0.11805719323722934 
0.11805689987900535 
0.11805660652644634 
0.11805631317955236 
0.11805601983832349 
0.11805572650275971 
0.11805543317286117 
0.11805513984862785 
0.11805484653005981 
0.11805455321715709 
0.11805425990991976 
0.11805396660834781 
0.11805367331244138 
0.11805338002220048 
0.11805308673762513 
0.11805279345871539 
0.11805250018547131 
0.11805220691789295 
0.11805191365598036 
0.11805162039973358 
0.11805132714915266 
0.11805103390423763 
0.11805074066498855 
0.11805044743140548 
0.11805015420348848 
0.11804986098123756 
0.11804956776465279 
0.11804927455373422 
0.11804898134848187 
0.11804868814889583 
0.11804839495497614 
0.11804810176672281 
0.11804780858413594 
0.11804751540721552 
0.11804722223596165 
0.11804692907037435 
0.1180466359104537 
0.11804634275619973 
0.11804604960761246 
0.11804575646469195 
0.11804546332743827 
0.11804517019585145 
0.11804487706993154 
0.11804458394967862 
0.11804429083509271 
0.11804399772617385 
0.11804370462292209 
0.1180434115253375 
0.11804311843342009 
0.11804282534716996 
0.11804253226658712 
0.11804223919167162 
0.11804194612242352 
0.11804165305884287 
0.11804136000092968 
0.11804106694868408 
0.11804077390210604 
0.11804048086119567 
0.11804018782595295 
0.11803989479637794 
0.11803960177247075 
0.11803930875423137 
0.11803901574165988 
0.11803872273475632 
0.11803842973352072 
0.11803813673795312 
0.11803784374805359 
0.11803755076382222 
0.11803725778525899 
0.11803696481236398 
0.11803667184513723 
0.11803637888357878 
0.11803608592768867 
0.11803579297746701 
0.11803550003291377 
0.11803520709402908 
0.1180349141608129 
0.1180346212332653 
0.11803432831138637 
0.11803403539517611 
0.11803374248463462 
0.11803344957976193 
0.11803315668055805 
0.11803286378702306 
0.11803257089915702 
0.11803227801695994 
0.11803198514043192 
0.11803169226957295 
0.11803139940438313 
0.11803110654486247 
0.11803081369101104 
0.11803052084282888 
0.11803022800031604 
0.11802993516347257 
0.11802964233229851 
0.11802934950679389 
0.11802905668695882 
0.11802876387279328 
0.11802847106429737 
0.11802817826147113 
0.11802788546431456 
0.11802759267282777 
0.11802729988701073 
0.11802700710686356 
0.1180267143323863 
0.11802642156357897 
0.11802612880044165 
0.11802583604297437 
0.11802554329117713 
0.11802525054505007 
0.1180249578045932 
0.11802466506980656 
0.1180243723406902 
0.11802407961724416 
0.11802378689946848 
0.11802349418736323 
0.11802320148092847 
0.11802290878016425 
0.11802261608507057 
0.11802232339564751 
0.1180220307118951 
0.11802173803381343 
0.11802144536140249 
0.11802115269466239 
0.11802086003359313 
0.1180205673781948 
0.11802027472846739 
0.11801998208441102 
0.11801968944602566 
0.1180193968133114 
0.11801910418626832 
0.11801881156489642 
0.11801851894919575 
0.11801822633916637 
0.11801793373480834 
0.11801764113612169 
0.1180173485431065 
0.11801705595576277 
0.11801676337409056 
0.11801647079808995 
0.11801617822776095 
0.11801588566310363 
0.11801559310411804 
0.11801530055080421 
0.11801500800316221 
0.11801471546119205 
0.11801442292489382 
0.11801413039426756 
0.11801383786931331 
0.11801354535003113 
0.11801325283642104 
0.11801296032848312 
0.11801266782621739 
0.11801237532962394 
0.11801208283870276 
0.11801179035345394 
0.11801149787387752 
0.11801120539997353 
0.11801091293174203 
0.11801062046918309 
0.11801032801229674 
0.11801003556108303 
0.11800974311554198 
0.11800945067567366 
0.11800915824147815 
0.11800886581295543 
0.11800857339010562 
0.11800828097292873 
0.11800798856142482 
0.11800769615559389 
0.11800740375543607 
0.11800711136095135 
0.11800681897213981 
0.1180065265890015 
0.11800623421153641 
0.11800594183974465 
0.11800564947362624 
0.11800535711318125 
0.1180050647584097 
0.11800477240931169 
0.11800448006588719 
0.1180041877281363 
0.11800389539605904 
0.11800360306965549 
0.1180033107489257 
0.11800301843386968 
0.11800272612448751 
0.1180024338207792 
0.11800214152274482 
0.11800184923038445 
0.11800155694369813 
0.11800126466268587 
0.11800097238734772 
0.11800068011768376 
0.11800038785369402 
0.11800009559537854 
0.11799980334273742 
0.11799951109577063 
0.11799921885447828 
0.1179989266188604 
0.11799863438891699 
0.11799834216464816 
0.11799804994605395 
0.1179977577331344 
0.11799746552588955 
0.11799717332431946 
0.11799688112842413 
0.11799658893820368 
0.11799629675365812 
0.11799600457478751 
0.11799571240159192 
0.11799542023407132 
0.11799512807222583 
0.11799483591605547 
0.1179945437655603 
0.11799425162074038 
0.11799395948159574 
0.11799366734812644 
0.11799337522033247 
0.11799308309821398 
0.11799279098177093 
0.11799249887100341 
0.11799220676591148 
0.11799191466649515 
0.11799162257275449 
0.11799133048468954 
0.11799103840230034 
0.11799074632558697 
0.11799045425454945 
0.11799016218918784 
0.11798987012950217 
0.11798957807549251 
0.11798928602715891 
0.11798899398450143 
0.11798870194752008 
0.11798840991621491 
0.117988117890586 
0.11798782587063338 
0.11798753385635709 
0.11798724184775719 
0.11798694984483374 
0.11798665784758679 
0.11798636585601632 
0.11798607387012246 
0.11798578188990522 
0.11798548991536469 
0.11798519794650084 
0.11798490598331379 
0.11798461402580357 
0.11798432207397019 
0.11798403012781372 
0.11798373818733424 
0.11798344625253175 
0.11798315432340635 
0.11798286239995805 
0.11798257048218691 
0.11798227857009297 
0.11798198666367626 
0.11798169476293688 
0.11798140286787487 
0.11798111097849022 
0.11798081909478304 
0.11798052721675335 
0.11798023534440119 
0.11797994347772663 
0.11797965161672971 
0.11797935976141048 
0.11797906791176897 
0.11797877606780525 
0.11797848422951934 
0.11797819239691136 
0.11797790056998127 
0.11797760874872917 
0.11797731693315508 
0.11797702512325904 
0.11797673331904115 
0.11797644152050145 
0.11797614972763992 
0.11797585794045672 
0.11797556615895176 
0.11797527438312518 
0.11797498261297702 
0.11797469084850733 
0.11797439908971612 
0.11797410733660348 
0.11797381558916943 
0.11797352384741401 
0.11797323211133731 
0.11797294038093936 
0.11797264865622019 
0.11797235693717989 
0.11797206522381846 
0.11797177351613596 
0.11797148181413245 
0.11797119011780795 
0.11797089842716255 
0.11797060674219631 
0.11797031506290923 
0.11797002338930136 
0.11796973172137276 
0.11796944005912351 
0.1179691484025536 
0.11796885675166315 
0.11796856510645214 
0.11796827346692063 
0.11796798183306871 
0.11796769020489638 
0.11796739858240374 
0.1179671069655908 
0.11796681535445759 
0.1179665237490042 
0.11796623214923063 
0.11796594055513698 
0.11796564896672329 
0.1179653573839896 
0.11796506580693596 
0.1179647742355624 
0.11796448266986895 
0.1179641911098557 
0.11796389955552272 
0.11796360800687 
0.11796331646389763 
0.11796302492660563 
0.11796273339499405 
0.11796244186906295 
0.1179621503488124 
0.1179618588342424 
0.11796156732535304 
0.11796127582214433 
0.11796098432461632 
0.11796069283276911 
0.11796040134660271 
0.11796010986611717 
0.11795981839131253 
0.11795952692218888 
0.11795923545874619 
0.11795894400098457 
0.11795865254890404 
0.11795836110250468 
0.11795806966178653 
0.11795777822674962 
0.117957486797394 
0.11795719537371971 
0.11795690395572682 
0.11795661254341537 
0.11795632113678542 
0.11795602973583701 
0.11795573834057016 
0.11795544695098495 
0.1179551555670814 
0.11795486418885961 
0.1179545728163196 
0.11795428144946141 
0.11795399008828508 
0.11795369873279066 
0.11795340738297821 
0.1179531160388478 
0.11795282470039943 
0.11795253336763319 
0.11795224204054909 
0.11795195071914723 
0.1179516594034276 
0.1179513680933903 
0.11795107678903533 
0.11795078549036278 
0.11795049419737269 
0.11795020291006506 
0.11794991162844 
0.11794962035249752 
0.11794932908223769 
0.11794903781766058 
0.11794874655876618 
0.11794845530555456 
0.11794816405802579 
0.11794787281617987 
0.11794758158001692 
0.11794729034953694 
0.11794699912473999 
0.11794670790562611 
0.11794641669219535 
0.11794612548444774 
0.11794583428238338 
0.11794554308600232 
0.11794525189530453 
0.11794496071029011 
0.1179446695309591 
0.11794437835731156 
0.11794408718934753 
0.11794379602706705 
0.1179435048704702 
0.11794321371955695 
0.11794292257432745 
0.11794263143478166 
0.11794234030091968 
0.11794204917274159 
0.11794175805024736 
0.11794146693343704 
0.11794117582231074 
0.11794088471686848 
0.11794059361711028 
0.11794030252303624 
0.11794001143464639 
0.11793972035194074 
0.11793942927491938 
0.11793913820358234 
0.11793884713792971 
0.11793855607796148 
0.11793826502367771 
0.11793797397507849 
0.11793768293216381 
0.11793739189493374 
0.11793710086338835 
0.11793680983752766 
0.11793651881735176 
0.11793622780286064 
0.11793593679405437 
0.11793564579093302 
0.11793535479349661 
0.1179350638017452 
0.11793477281567886 
0.1179344818352976 
0.11793419086060149 
0.11793389989159057 
0.11793360892826489 
0.11793331797062449 
0.11793302701866946 
0.1179327360723998 
0.11793244513181556 
0.11793215419691681 
0.11793186326770357 
0.11793157234417594 
0.11793128142633394 
0.11793099051417759 
0.11793069960770698 
0.11793040870692213 
0.1179301178118231 
0.11792982692240993 
0.1179295360386827 
0.11792924516064143 
0.11792895428828613 
0.1179286634216169 
0.11792837256063379 
0.11792808170533685 
0.11792779085572611 
0.11792750001180161 
0.1179272091735634 
0.11792691834101154 
0.11792662751414608 
0.11792633669296709 
0.11792604587747457 
0.1179257550676686 
0.1179254642635492 
0.11792517346511645 
0.11792488267237038 
0.11792459188531106 
0.11792430110393852 
0.1179240103282528 
0.11792371955825397 
0.11792342879394203 
0.11792313803531709 
0.11792284728237913 
0.11792255653512829 
0.11792226579356457 
0.11792197505768801 
0.11792168432749864 
0.11792139360299654 
0.11792110288418177 
0.11792081217105435 
0.11792052146361434 
0.1179202307618618 
0.1179199400657967 
0.11791964937541921 
0.11791935869072931 
0.11791906801172707 
0.11791877733841251 
0.11791848667078568 
0.11791819600884666 
0.11791790535259548 
0.11791761470203216 
0.11791732405715681 
0.11791703341796947 
0.11791674278447012 
0.11791645215665884 
0.1179161615345357 
0.11791587091810074 
0.11791558030735401 
0.11791528970229556 
0.11791499910292544 
0.11791470850924367 
0.11791441792125029 
0.11791412733894542 
0.11791383676232907 
0.11791354619140126 
0.11791325562616208 
0.11791296506661152 
0.1179126745127497 
0.11791238396457661 
0.11791209342209236 
0.11791180288529692 
0.11791151235419041 
0.11791122182877284 
0.11791093130904425 
0.11791064079500473 
0.11791035028665425 
0.11791005978399298 
0.11790976928702085 
0.11790947879573797 
0.11790918831014437 
0.11790889783024011 
0.11790860735602522 
0.11790831688749978 
0.11790802642466382 
0.11790773596751737 
0.11790744551606049 
0.11790715507029322 
0.11790686463021563 
0.11790657419582776 
0.11790628376712968 
0.1179059933441214 
0.11790570292680297 
0.11790541251517446 
0.11790512210923589 
0.11790483170898734 
0.11790454131442886 
0.11790425092556048 
0.11790396054238221 
0.11790367016489414 
0.11790337979309636 
0.11790308942698886 
0.11790279906657171 
0.11790250871184495 
0.11790221836280862 
0.11790192801946277 
0.11790163768180745 
0.11790134734984274 
0.11790105702356866 
0.11790076670298529 
0.11790047638809259 
0.11790018607889069 
0.11789989577537961 
0.11789960547755941 
0.11789931518543015 
0.11789902489899184 
0.11789873461824454 
0.11789844434318833 
0.1178981540738232 
0.11789786381014924 
0.1178975735521665 
0.11789728329987503 
0.11789699305327486 
0.11789670281236603 
0.11789641257714861 
0.11789612234762263 
0.11789583212378818 
0.11789554190564526 
0.11789525169319394 
0.11789496148643426 
0.11789467128536628 
0.11789438108999001 
0.11789409090030555 
0.11789380071631293 
0.11789351053801221 
0.11789322036540338 
0.11789293019848657 
0.11789264003726176 
0.11789234988172903 
0.11789205973188843 
0.11789176958774002 
0.11789147944928381 
0.11789118931651986 
0.11789089918944824 
0.117890609068069 
0.11789031895238218 
0.11789002884238779 
0.11788973873808592 
0.11788944863947662 
0.1178891585465599 
0.11788886845933587 
0.11788857837780453 
0.11788828830196595 
0.11788799823182015 
0.1178877081673672 
0.11788741810860716 
0.11788712805554004 
0.11788683800816593 
0.11788654796648487 
0.11788625793049688 
0.11788596790020203 
0.11788567787560036 
0.11788538785669193 
0.11788509784347677 
0.11788480783595497 
0.11788451783412651 
0.11788422783799149 
0.11788393784754994 
0.11788364786280191 
0.11788335788374744 
0.11788306791038662 
0.11788277794271947 
0.11788248798074599 
0.1178821980244663 
0.1178819080738804 
0.1178816181289884 
0.11788132818979029 
0.11788103825628614 
0.11788074832847595 
0.11788045840635984 
0.11788016848993783 
0.11787987857920997 
0.11787958867417631 
0.11787929877483688 
0.11787900888119174 
0.11787871899324094 
0.11787842911098452 
0.11787813923442257 
0.11787784936355508 
0.11787755949838215 
0.11787726963890376 
0.11787697978512 
0.11787668993703095 
0.11787640009463661 
0.11787611025793705 
0.11787582042693232 
0.11787553060162245 
0.11787524078200748 
0.11787495096808749 
0.11787466115986252 
0.11787437135733261 
0.11787408156049782 
0.11787379176935819 
0.11787350198391373 
0.11787321220416455 
0.11787292243011067 
0.11787263266175214 
0.11787234289908903 
0.11787205314212136 
0.11787176339084916 
0.11787147364527252 
0.11787118390539146 
0.11787089417120607 
0.11787060444271637 
0.11787031471992238 
0.11787002500282419 
0.11786973529142183 
0.11786944558571534 
0.11786915588570478 
0.11786886619139024 
0.11786857650277169 
0.11786828681984922 
0.11786799714262287 
0.11786770747109267 
0.11786741780525871 
0.11786712814512103 
0.11786683849067965 
0.11786654884193462 
0.11786625919888601 
0.11786596956153386 
0.11786567992987823 
0.11786539030391914 
0.11786510068365667 
0.11786481106909082 
0.11786452146022168 
0.11786423185704929 
0.11786394225957372 
0.11786365266779499 
0.11786336308171315 
0.11786307350132824 
0.1178627839266403 
0.11786249435764942 
0.11786220479435564 
0.11786191523675897 
0.11786162568485951 
0.11786133613865726 
0.11786104659815227 
0.11786075706334463 
0.11786046753423435 
0.11786017801082151 
0.11785988849310615 
0.11785959898108829 
0.11785930947476797 
0.1178590199741453 
0.11785873047922028 
0.11785844098999299 
0.11785815150646346 
0.11785786202863172 
0.11785757255649784 
0.11785728309006187 
0.11785699362932384 
0.11785670417428382 
0.11785641472494185 
0.11785612528129799 
0.11785583584335227 
0.11785554641110471 
0.11785525698455543 
0.11785496756370442 
0.11785467814855174 
0.11785438873909748 
0.11785409933534162 
0.11785380993728423 
0.11785352054492541 
0.11785323115826514 
0.11785294177730352 
0.11785265240204057 
0.11785236303247633 
0.11785207366861086 
0.11785178431044421 
0.11785149495797646 
0.1178512056112076 
0.1178509162701377 
0.11785062693476685 
0.117850337605095 
0.11785004828112228 
0.11784975896284874 
0.11784946965027439 
0.11784918034339931 
0.1178488910422235 
0.11784860174674705 
0.11784831245697 
0.11784802317289238 
0.11784773389451426 
0.11784744462183572 
0.11784715535485675 
0.1178468660935774 
0.11784657683799774 
0.11784628758811783 
0.11784599834393769 
0.11784570910545739 
0.11784541987267697 
0.11784513064559647 
0.11784484142421595 
0.11784455220853543 
0.11784426299855502 
0.11784397379427475 
0.11784368459569459 
0.11784339540281467 
0.11784310621563503 
0.11784281703415568 
0.11784252785837669 
0.11784223868829813 
0.11784194952392002 
0.11784166036524239 
0.11784137121226533 
0.11784108206498888 
0.11784079292341307 
0.11784050378753796 
0.11784021465736362 
0.11783992553289005 
0.11783963641411732 
0.11783934730104549 
0.11783905819367459 
0.11783876909200471 
0.11783847999603585 
0.11783819090576804 
0.11783790182120138 
0.11783761274233591 
0.11783732366917167 
0.1178370346017087 
0.11783674553994709 
0.11783645648388683 
0.11783616743352796 
0.11783587838887057 
0.11783558934991471 
0.1178353003166604 
0.11783501128910774 
0.11783472226725672 
0.11783443325110739 
0.11783414424065985 
0.1178338552359141 
0.11783356623687019 
0.11783327724352821 
0.11783298825588819 
0.11783269927395015 
0.11783241029771416 
0.11783212132718025 
0.11783183236234851 
0.11783154340321896 
0.11783125444979164 
0.11783096550206659 
0.11783067656004391 
0.1178303876237236 
0.11783009869310572 
0.11782980976819032 
0.11782952084897746 
0.11782923193546717 
0.11782894302765949 
0.1178286541255545 
0.11782836522915223 
0.11782807633845273 
0.11782778745345607 
0.11782749857416225 
