0.32607217741917649 
0.32607217741917649 
0.32607217741917649 
0.32607217741917649 
0.32607217741917649 
0.32607217741917649 
0.32607217741917649 
0.32607217741917649 
0.32607217741917649 
0.32085375717789394 
0.28241292929865164 
0.28214875006196682 
0.26735923199307604 
0.26724939003506554 
0.26092992795253128 
0.26088578941599838 
0.25851607622175116 
0.25849746724501255 
0.25741668618750829 
0.25740908588581934 
0.25704589807268829 
0.25703768508744995 
0.25685120047394927 
0.2568495450463294 
0.25679331386042076 
0.25678839227906469 
0.2567598202438014 
0.25675911600500478 
0.25674783905059045 
0.25674724701514173 
0.25674208178319319 
0.2567415383113808 
0.25673932211810152 
0.25673879688898726 
0.25673747850512607 
0.25673696159193321 
0.25673619583931173 
0.2567356695935516 
0.25673502884426236 
0.25673451612837245 
0.25673395925062609 
0.25673344707343904 
0.25673291271096405 
0.25673240072652559 
0.25673188254024237 
0.2567313698880262 
0.25673085492664233 
0.2567303430755592 
0.25672982978112763 
0.25672931793754378 
0.25672880566643519 
0.25672829379216761 
0.25672778174825961 
0.25672726991923234 
0.25672675799428102 
0.25672624616535428 
0.25672573431069462 
0.25672522247935153 
0.25672471064169694 
0.25672419881478858 
0.25672368698556641 
0.25672317516081983 
0.25672266333599775 
0.25672215151274713 
0.25672163969051348 
0.2567211278686084 
0.25672061604787927 
0.2567201042277833 
0.25671959240825343 
0.25671908058936699 
0.25671856877117505 
0.25671805695361244 
0.25671754513667872 
0.25671703332037377 
0.25671652150469765 
0.25671600968965047 
0.25671549787523201 
0.2567149860614425 
0.2567144742482817 
0.25671396243574973 
0.2567134506238466 
0.25671293881257229 
0.25671242700192676 
0.25671191519191006 
0.25671140338252219 
0.25671089157376314 
0.25671037976563288 
0.25670986795813144 
0.25670935615125873 
0.25670884434501484 
0.25670833253939979 
0.25670782073441351 
0.25670730893005606 
0.25670679712632732 
0.25670628532322753 
0.25670577352075635 
0.25670526171891411 
0.25670474991770048 
0.25670423811711579 
0.25670372631715976 
0.25670321451783257 
0.25670270271913415 
0.2567021909210645 
0.25670167912362363 
0.25670116732681153 
0.25670065553062821 
0.2567001437350736 
0.25669963194014778 
0.25669912014585072 
0.2566986083521825 
0.25669809655914294 
0.25669758476673221 
0.25669707297495015 
0.25669656118379691 
0.25669604939327234 
0.2566955376033766 
0.25669502581410952 
0.25669451402547122 
0.25669400223746175 
0.25669349045008094 
0.25669297866332885 
0.25669246687720554 
0.25669195509171089 
0.25669144330684507 
0.25669093152260791 
0.25669041973899948 
0.25668990795601987 
0.25668939617366893 
0.2566888843919467 
0.25668837261085314 
0.25668786083038841 
0.25668734905055229 
0.25668683727134489 
0.25668632549276627 
0.25668581371481625 
0.256685301937495 
0.25668479016080248 
0.25668427838473862 
0.25668376660930353 
0.25668325483449705 
0.2566827430603193 
0.25668223128677031 
0.25668171951384994 
0.25668120774155828 
0.2566806959698954 
0.25668018419886113 
0.25667967242845552 
0.25667916065867863 
0.25667864888953035 
0.2566781371210109 
0.25667762535311989 
0.25667711358585776 
0.25667660181922425 
0.25667609005321945 
0.25667557828784321 
0.25667506652309574 
0.25667455475897694 
0.25667404299548674 
0.25667353123262521 
0.25667301947039239 
0.25667250770878819 
0.25667199594781265 
0.25667148418746577 
0.2566709724277475 
0.2566704606686579 
0.25666994891019701 
0.25666943715236473 
0.25666892539516101 
0.256668413638586 
0.25666790188263966 
0.25666739012732193 
0.2566668783726328 
0.25666636661857234 
0.25666585486514049 
0.2566653431123373 
0.25666483136016266 
0.25666431960861669 
0.25666380785769949 
0.25666329610741073 
0.2566627843577507 
0.25666227260871916 
0.25666176086031633 
0.25666124911254207 
0.25666073736539646 
0.25666022561887936 
0.25665971387299097 
0.2566592021277313 
0.25665869038310007 
0.2566581786390974 
0.25665766689572339 
0.2566571551529781 
0.25665664341086131 
0.25665613166937296 
0.25665561992851338 
0.2566551081882823 
0.25665459644867988 
0.25665408470970597 
0.25665357297136082 
0.25665306123364401 
0.25665254949655597 
0.25665203776009637 
0.2566515260242655 
0.25665101428906312 
0.25665050255448923 
0.25664999082054402 
0.25664947908722741 
0.25664896735453929 
0.25664845562247968 
0.25664794389104867 
0.25664743216024632 
0.25664692043007242 
0.25664640870052718 
0.25664589697161039 
0.25664538524332225 
0.25664487351566256 
0.25664436178863148 
0.25664385006222884 
0.25664333833645486 
0.25664282661130933 
0.25664231488679234 
0.25664180316290408 
0.25664129143964426 
0.25664077971701277 
0.25664026799501 
0.25663975627363583 
0.25663924455289006 
0.25663873283277278 
0.25663822111328416 
0.25663770939442393 
0.25663719767619236 
0.25663668595858918 
0.25663617424161461 
0.25663566252526843 
0.2566351508095509 
0.25663463909446171 
0.2566341273800013 
0.25663361566616927 
0.25663310395296562 
0.25663259224039059 
0.25663208052844411 
0.25663156881712601 
0.25663105710643636 
0.25663054539637525 
0.25663003368694282 
0.25662952197813865 
0.2566290102699631 
0.25662849856241599 
0.25662798685549743 
0.2566274751492072 
0.25662696344354557 
0.25662645173851234 
0.25662594003410766 
0.25662542833033147 
0.25662491662718373 
0.25662440492466443 
0.25662389322277362 
0.25662338152151126 
0.2566228698208774 
0.25662235812087192 
0.25662184642149494 
0.25662133472274651 
0.25662082302462647 
0.25662031132713486 
0.25661979963027171 
0.25661928793403704 
0.25661877623843077 
0.25661826454345299 
0.2566177528491036 
0.2566172411553827 
0.25661672946229014 
0.25661621776982613 
0.25661570607799061 
0.25661519438678349 
0.25661468269620463 
0.25661417100625433 
0.25661365931693259 
0.25661314762823911 
0.25661263594017408 
0.25661212425273755 
0.25661161256592935 
0.25661110087974964 
0.25661058919419821 
0.25661007750927534 
0.25660956582498079 
0.25660905414131474 
0.25660854245827708 
0.25660803077586769 
0.2566075190940868 
0.25660700741293446 
0.2566064957324104 
0.25660598405251461 
0.25660547237324732 
0.25660496069460859 
0.25660444901659807 
0.25660393733921588 
0.2566034256624623 
0.25660291398633689 
0.25660240231084003 
0.25660189063597144 
0.2566013789617313 
0.25660086728811948 
0.25660035561513611 
0.25659984394278101 
0.2565993322710543 
0.25659882059995603 
0.25659830892948621 
0.25659779725964466 
0.25659728559043132 
0.25659677392184654 
0.25659626225389015 
0.25659575058656203 
0.25659523891986225 
0.2565947272537909 
0.25659421558834783 
0.2565937039235332 
0.25659319225934685 
0.25659268059578888 
0.25659216893285919 
0.25659165727055788 
0.25659114560888496 
0.25659063394784026 
0.25659012228742395 
0.25658961062763619 
0.25658909896847654 
0.25658858730994516 
0.25658807565204222 
0.25658756399476768 
0.25658705233812135 
0.25658654068210335 
0.25658602902671374 
0.25658551737195234 
0.25658500571781945 
0.25658449406431466 
0.25658398241143832 
0.25658347075919025 
0.25658295910757045 
0.25658244745657904 
0.25658193580621586 
0.25658142415648105 
0.25658091250737458 
0.25658040085889633 
0.2565798892110463 
0.2565793775638246 
0.25657886591723139 
0.2565783542712663 
0.25657784262592959 
0.2565773309812211 
0.25657681933714099 
0.25657630769368905 
0.25657579605086545 
0.25657528440867006 
0.25657477276710305 
0.25657426112616416 
0.25657374948585371 
0.25657323784617148 
0.25657272620711752 
0.25657221456869178 
0.25657170293089437 
0.25657119129372524 
0.25657067965718428 
0.25657016802127164 
0.25656965638598722 
0.25656914475133119 
0.25656863311730327 
0.25656812148390373 
0.25656760985113225 
0.25656709821898921 
0.25656658658747433 
0.25656607495658773 
0.25656556332632924 
0.25656505169669913 
0.25656454006769736 
0.25656402843932369 
0.25656351681157819 
0.25656300518446096 
0.25656249355797212 
0.25656198193211138 
0.25656147030687876 
0.25656095868227452 
0.25656044705829845 
0.2565599354349507 
0.25655942381223101 
0.25655891219013965 
0.2565584005686764 
0.25655788894784154 
0.25655737732763467 
0.2565568657080563 
0.25655635408910593 
0.25655584247078372 
0.25655533085308985 
0.25655481923602425 
0.2565543076195867 
0.25655379600377726 
0.25655328438859609 
0.25655277277404326 
0.25655226116011848 
0.25655174954682203 
0.25655123793415358 
0.25655072632211351 
0.25655021471070144 
0.2565497030999177 
0.25654919148976202 
0.25654867988023455 
0.2565481682713352 
0.25654765666306412 
0.25654714505542131 
0.25654663344840656 
0.25654612184201991 
0.25654561023626143 
0.25654509863113129 
0.25654458702662919 
0.25654407542275509 
0.25654356381950943 
0.25654305221689172 
0.25654254061490234 
0.25654202901354101 
0.2565415174128079 
0.25654100581270284 
0.256540494213226 
0.25653998261437722 
0.25653947101615676 
0.25653895941856442 
0.25653844782160001 
0.25653793622526383 
0.25653742462955592 
0.25653691303447607 
0.25653640144002415 
0.25653588984620052 
0.2565353782530051 
0.25653486666043773 
0.25653435506849853 
0.25653384347718738 
0.2565333318865044 
0.25653282029644947 
0.2565323087070227 
0.25653179711822405 
0.2565312855300535 
0.25653077394251111 
0.25653026235559673 
0.25652975076931056 
0.25652923918365245 
0.25652872759862244 
0.25652821601422054 
0.2565277044304467 
0.25652719284730097 
0.2565266812647834 
0.25652616968289382 
0.25652565810163247 
0.25652514652099906 
0.25652463494099387 
0.25652412336161662 
0.25652361178286753 
0.25652310020474645 
0.25652258862725358 
0.25652207705038865 
0.25652156547415184 
0.25652105389854324 
0.25652054232356264 
0.25652003074920993 
0.25651951917548538 
0.25651900760238905 
0.25651849602992066 
0.25651798445808027 
0.2565174728868681 
0.25651696131628382 
0.25651644974632776 
0.25651593817699964 
0.25651542660829962 
0.25651491504022761 
0.2565144034727837 
0.25651389190596779 
0.25651338033977988 
0.25651286877422003 
0.25651235720928839 
0.25651184564498469 
0.25651133408130883 
0.25651082251826118 
0.25651031095584159 
0.25650979939405 
0.2565092878328864 
0.25650877627235091 
0.25650826471244337 
0.25650775315316393 
0.25650724159451238 
0.25650673003648894 
0.25650621847909344 
0.25650570692232599 
0.25650519536618666 
0.25650468381067509 
0.25650417225579175 
0.25650366070153646 
0.25650314914790906 
0.25650263759490954 
0.25650212604253819 
0.25650161449079489 
0.25650110293967943 
0.25650059138919207 
0.25650007983933271 
0.25649956829010123 
0.25649905674149787 
0.25649854519352239 
0.25649803364617496 
0.25649752209945542 
0.25649701055336394 
0.2564964990079005 
0.2564959874630649 
0.2564954759188573 
0.25649496437527786 
0.25649445283232625 
0.25649394129000247 
0.25649342974830674 
0.25649291820723918 
0.2564924066667994 
0.25649189512698767 
0.25649138358780388 
0.25649087204924803 
0.25649036051132007 
0.25648984897402022 
0.25648933743734809 
0.25648882590130412 
0.25648831436588793 
0.25648780283109979 
0.25648729129693959 
0.25648677976340734 
0.25648626823050297 
0.25648575669822665 
0.25648524516657817 
0.25648473363555763 
0.25648422210516503 
0.25648371057540031 
0.25648319904626365 
0.25648268751775483 
0.25648217598987405 
0.256481664462621 
0.25648115293599599 
0.25648064140999882 
0.2564801298846297 
0.25647961835988836 
0.25647910683577502 
0.25647859531228967 
0.25647808378943215 
0.25647757226720236 
0.25647706074560067 
0.25647654922462693 
0.25647603770428096 
0.25647552618456282 
0.25647501466547279 
0.25647450314701054 
0.25647399162917628 
0.25647348011196974 
0.25647296859539126 
0.2564724570794405 
0.25647194556411773 
0.2564714340494228 
0.25647092253535592 
0.25647041102191681 
0.25646989950910543 
0.25646938799692209 
0.2564688764853667 
0.25646836497443903 
0.25646785346413919 
0.2564673419544673 
0.25646683044542334 
0.25646631893700711 
0.25646580742921887 
0.25646529592205841 
0.25646478441552589 
0.25646427290962109 
0.25646376140434429 
0.25646324989969521 
0.25646273839567407 
0.25646222689228071 
0.25646171538951523 
0.25646120388737775 
0.25646069238586794 
0.2564601808849859 
0.2564596693847318 
0.2564591578851057 
0.25645864638610727 
0.2564581348877365 
0.25645762338999384 
0.25645711189287884 
0.25645660039639184 
0.25645608890053251 
0.25645557740530112 
0.25645506591069744 
0.25645455441672171 
0.25645404292337359 
0.25645353143065358 
0.25645301993856123 
0.25645250844709661 
0.25645199695625986 
0.25645148546605107 
0.25645097397646993 
0.25645046248751652 
0.25644995099919099 
0.25644943951149335 
0.25644892802442343 
0.25644841653798139 
0.25644790505216697 
0.25644739356698054 
0.25644688208242172 
0.25644637059849085 
0.25644585911518769 
0.25644534763251231 
0.25644483615046476 
0.25644432466904493 
0.25644381318825299 
0.25644330170808871 
0.25644279022855226 
0.25644227874964354 
0.25644176727136259 
0.25644125579370947 
0.25644074431668418 
0.2564402328402865 
0.2564397213645167 
0.25643920988937458 
0.25643869841486028 
0.25643818694097364 
0.2564376754677149 
0.25643716399508376 
0.25643665252308045 
0.25643614105170492 
0.25643562958095717 
0.25643511811083708 
0.25643460664134482 
0.25643409517248023 
0.25643358370424341 
0.25643307223663431 
0.25643256076965293 
0.25643204930329938 
0.25643153783757344 
0.25643102637247533 
0.25643051490800489 
0.25643000344416222 
0.25642949198094722 
0.25642898051835999 
0.25642846905640043 
0.2564279575950687 
0.25642744613436458 
0.25642693467428823 
0.2564264232148396 
0.25642591175601864 
0.2564254002978254 
0.25642488884025988 
0.25642437738332208 
0.25642386592701194 
0.25642335447132958 
0.25642284301627488 
0.2564223315618479 
0.25642182010804859 
0.256421308654877 
0.25642079720233302 
0.25642028575041681 
0.25641977429912821 
0.25641926284846739 
0.25641875139843423 
0.25641823994902874 
0.25641772850025096 
0.2564172170521008 
0.25641670560457841 
0.25641619415768357 
0.25641568271141651 
0.25641517126577701 
0.25641465982076539 
0.25641414837638127 
0.25641363693262487 
0.25641312548949607 
0.25641261404699506 
0.25641210260512154 
0.2564115911638758 
0.25641107972325761 
0.25641056828326714 
0.2564100568439045 
0.25640954540516936 
0.25640903396706177 
0.25640852252958191 
0.25640801109272982 
0.25640749965650517 
0.25640698822090813 
0.25640647678593892 
0.25640596535159726 
0.25640545391788333 
0.25640494248479689 
0.25640443105233818 
0.25640391962050701 
0.25640340818930352 
0.25640289675872757 
0.2564023853287794 
0.25640187389945879 
0.25640136247076584 
0.25640085104270044 
0.25640033961526265 
0.25639982818845253 
0.25639931676226996 
0.256398805336715 
0.25639829391178764 
0.25639778248748801 
0.25639727106381588 
0.25639675964077147 
0.25639624821835449 
0.25639573679656524 
0.25639522537540349 
0.2563947139548694 
0.25639420253496287 
0.25639369111568394 
0.25639317969703262 
0.25639266827900892 
0.25639215686161271 
0.25639164544484411 
0.25639113402870312 
0.25639062261318968 
0.25639011119830385 
0.25638959978404557 
0.25638908837041485 
0.2563885769574118 
0.25638806554503624 
0.25638755413328829 
0.25638704272216783 
0.25638653131167505 
0.2563860199018097 
0.25638550849257202 
0.2563849970839619 
0.25638448567597927 
0.25638397426862419 
0.25638346286189678 
0.25638295145579681 
0.2563824400503244 
0.25638192864547954 
0.25638141724126223 
0.25638090583767253 
0.25638039443471028 
0.25637988303237569 
0.25637937163066854 
0.25637886022958895 
0.25637834882913685 
0.25637783742931236 
0.25637732603011526 
0.25637681463154582 
0.25637630323360378 
0.25637579183628939 
0.25637528043960256 
0.25637476904354317 
0.25637425764811123 
0.25637374625330689 
0.25637323485913016 
0.25637272346558082 
0.25637221207265898 
0.2563717006803648 
0.2563711892886979 
0.25637067789765872 
0.25637016650724687 
0.25636965511746262 
0.25636914372830577 
0.25636863233977653 
0.25636812095187467 
0.25636760956460042 
0.25636709817795361 
0.25636658679193436 
0.25636607540654249 
0.25636556402177818 
0.25636505263764131 
0.25636454125413194 
0.25636402987125007 
0.25636351848899563 
0.2563630071073687 
0.25636249572636921 
0.25636198434599738 
0.25636147296625278 
0.25636096158713578 
0.25636045020864612 
0.25635993883078406 
0.25635942745354945 
0.25635891607694228 
0.25635840470096261 
0.25635789332561038 
0.25635738195088553 
0.25635687057678819 
0.25635635920331828 
0.25635584783047582 
0.25635533645826081 
0.25635482508667318 
0.25635431371571316 
0.25635380234538041 
0.25635329097567522 
0.25635277960659741 
0.25635226823814711 
0.25635175687032413 
0.25635124550312866 
0.25635073413656068 
0.25635022277062008 
0.25634971140530682 
0.25634920004062112 
0.25634868867656274 
0.25634817731313181 
0.25634766595032832 
0.25634715458815222 
0.2563466432266035 
0.25634613186568228 
0.25634562050538845 
0.25634510914572195 
0.256344597786683 
0.25634408642827133 
0.25634357507048716 
0.25634306371333032 
0.25634255235680098 
0.25634204100089891 
0.25634152964562434 
0.25634101829097711 
0.25634050693695731 
0.25633999558356485 
0.25633948423079989 
0.2563389728786622 
0.2563384615271519 
0.25633795017626909 
0.25633743882601356 
0.25633692747638553 
0.25633641612738467 
0.25633590477901141 
0.25633539343126538 
0.25633488208414673 
0.25633437073765541 
0.2563338593917916 
0.25633334804655505 
0.25633283670194584 
0.25633232535796402 
0.25633181401460975 
0.2563313026718827 
0.25633079132978281 
0.25633027998831048 
0.25632976864746554 
0.25632925730724793 
0.2563287459676577 
0.25632823462869464 
0.25632772329035913 
0.25632721195265079 
0.25632670061556995 
0.25632618927911632 
0.25632567794329009 
0.25632516660809113 
0.25632465527351955 
0.25632414393957548 
0.25632363260625857 
0.25632312127356882 
0.25632260994150663 
0.25632209861007182 
0.25632158727926413 
0.25632107594908377 
0.2563205646195309 
0.25632005329060514 
0.25631954196230688 
0.25631903063463585 
0.2563185193075922 
0.25631800798117577 
0.25631749665538672 
0.25631698533022484 
0.25631647400569052 
0.25631596268178336 
0.25631545135850337 
0.25631494003585087 
0.25631442871382565 
0.2563139173924277 
0.25631340607165692 
0.25631289475151348 
0.25631238343199747 
0.25631187211310857 
0.25631136079484718 
0.25631084947721289 
0.25631033816020593 
0.25630982684382619 
0.25630931552807379 
0.2563088042129486 
0.25630829289845081 
0.25630778158458012 
0.25630727027133682 
0.2563067589587209 
0.2563062476467321 
0.25630573633537046 
0.25630522502463621 
0.25630471371452929 
0.25630420240504953 
0.25630369109619705 
0.2563031797879719 
0.25630266848037392 
0.25630215717340327 
0.25630164586705972 
0.25630113456134357 
0.25630062325625447 
0.25630011195179281 
0.25629960064795826 
0.25629908934475104 
0.25629857804217104 
0.25629806674021827 
0.25629755543889271 
0.25629704413819437 
0.25629653283812331 
0.25629602153867947 
0.25629551023986286 
0.2562949989416734 
0.25629448764411128 
0.25629397634717632 
0.25629346505086859 
0.25629295375518807 
0.25629244246013477 
0.25629193116570864 
0.25629141987190984 
0.25629090857873815 
0.25629039728619374 
0.25628988599427649 
0.25628937470298646 
0.2562888634123236 
0.25628835212228795 
0.25628784083287953 
0.25628732954409827 
0.25628681825594418 
0.25628630696841731 
0.25628579568151771 
0.25628528439524523 
0.25628477310959996 
0.2562842618245818 
0.25628375054019092 
0.25628323925642715 
0.2562827279732906 
0.25628221669078122 
0.25628170540889905 
0.25628119412764405 
0.25628068284701622 
0.25628017156701549 
0.25627966028764193 
0.25627914900889565 
0.25627863773077642 
0.2562781264532844 
0.25627761517641945 
0.25627710390018182 
0.2562765926245712 
0.2562760813495879 
0.25627557007523161 
0.25627505880150253 
0.25627454752840056 
0.25627403625592582 
0.25627352498407818 
0.25627301371285766 
0.25627250244226435 
0.25627199117229815 
0.25627147990295907 
0.25627096863424714 
0.25627045736616227 
0.25626994609870463 
0.2562694348318742 
0.25626892356567066 
0.25626841230009451 
0.2562679010351453 
0.25626738977082331 
0.25626687850712832 
0.2562663672440606 
0.25626585598161983 
0.25626534471980628 
0.25626483345861989 
0.25626432219806045 
0.25626381093812822 
0.25626329967882322 
0.25626278842014522 
0.25626227716209421 
0.25626176590467042 
0.25626125464787375 
0.25626074339170413 
0.25626023213616173 
0.25625972088124627 
0.25625920962695803 
0.25625869837329673 
0.2562581871202626 
0.25625767586785553 
0.25625716461607562 
0.25625665336492265 
0.2562561421143969 
0.25625563086449826 
0.25625511961522668 
0.25625460836658198 
0.25625409711856451 
0.25625358587117425 
0.25625307462441083 
0.25625256337827446 
0.25625205213276531 
0.25625154088788316 
0.25625102964362811 
0.25625051840000013 
0.25625000715699919 
0.2562494959146252 
0.25624898467287843 
0.25624847343175861 
0.256247962191266 
0.25624745095140034 
0.25624693971216161 
0.25624642847355 
0.25624591723556561 
0.25624540599820811 
0.25624489476147755 
0.2562443835253741 
0.25624387228989781 
0.25624336105504841 
