0.10038728410108533 
0.10038728410108533 
0.10038728410108533 
0.042974743272520821 
0.042974743272520821 
0.0083804681249872726 
0.0083804681249872726 
0.0083804681249872726 
0.0083804681249872726 
0.0083804681249872726 
0.0083804681249872726 
0.0083804681249872726 
0.0083804681249872726 
0.0083804681249872726 
0.0083804681249872726 
0.0083804681249872726 
0.0083804681249872726 
0.0083804681249872726 
0.0083804681249872726 
0.0034882750888736158 
0.0034882750888736158 
0.0034882750888736158 
0.00085423023729147562 
0.00085423023729147562 
0.00085423023729147562 
0.00085423023729147562 
0.00085423023729147562 
0.00085423023729147562 
0.00085423023729147562 
0.0004847728290544584 
0.0004847728290544584 
0.00011725662195727349 
0.00011725662195727349 
0.00011725662195727349 
0.00011725662195727349 
0.00011725662195727349 
0.00011725662195727349 
0.00011725662195727349 
0.00011725662195727349 
0.00011725662195727349 
0.00011725662195727349 
0.00011725662195727349 
0.00011725662195727349 
0.00011725662195727349 
0.00011725662195727349 
0.00011725662195727349 
0.00011725662195727349 
0.00011725662195727349 
0.00011725662195727349 
0.00011725662195727349 
0.00011725662195727349 
0.00011725662195727349 
0.00011725662195727349 
0.00011725662195727349 
7.7426570013749973e-05 
7.7426570013749973e-05 
7.7426570013749973e-05 
7.7426570013749973e-05 
7.7426570013749973e-05 
7.7426570013749973e-05 
7.7426570013749973e-05 
7.7426570013749973e-05 
7.7426570013749973e-05 
7.7426570013749973e-05 
7.7426570013749973e-05 
7.7426570013749973e-05 
7.7426570013749973e-05 
7.7426570013749973e-05 
7.7426570013749973e-05 
7.7426570013749973e-05 
6.7373085159361246e-05 
6.7373085159361246e-05 
6.7373085159361246e-05 
6.7373085159361246e-05 
6.7373085159361246e-05 
6.7373085159361246e-05 
6.7373085159361246e-05 
6.7373085159361246e-05 
6.7373085159361246e-05 
1.6126162723839599e-05 
1.6126162723839599e-05 
1.6126162723839599e-05 
1.6126162723839599e-05 
1.6126162723839599e-05 
1.6126162723839599e-05 
1.6126162723839599e-05 
1.6126162723839599e-05 
1.6126162723839599e-05 
1.6126162723839599e-05 
1.6126162723839599e-05 
1.6126162723839599e-05 
1.6126162723839599e-05 
1.6126162723839599e-05 
1.6126162723839599e-05 
1.6126162723839599e-05 
1.6126162723839599e-05 
1.6126162723839599e-05 
2.3730182703296521e-06 
2.3730182703296521e-06 
2.3730182703296521e-06 
2.3730182703296521e-06 
2.3730182703296521e-06 
2.3730182703296521e-06 
2.3730182703296521e-06 
2.3730182703296521e-06 
2.3730182703296521e-06 
2.3730182703296521e-06 
2.3730182703296521e-06 
2.3730182703296521e-06 
2.3730182703296521e-06 
2.3730182703296521e-06 
2.3730182703296521e-06 
2.3730182703296521e-06 
2.3730182703296521e-06 
2.3730182703296521e-06 
2.3730182703296521e-06 
2.3730182703296521e-06 
2.3730182703296521e-06 
2.3730182703296521e-06 
2.3730182703296521e-06 
2.3730182703296521e-06 
2.3730182703296521e-06 
2.3730182703296521e-06 
2.3730182703296521e-06 
2.3730182703296521e-06 
2.3730182703296521e-06 
2.3730182703296521e-06 
2.3730182703296521e-06 
1.9360818687141901e-06 
6.6800579934245263e-07 
6.6800579934245263e-07 
6.6800579934245263e-07 
6.6800579934245263e-07 
6.6800579934245263e-07 
6.6800579934245263e-07 
4.2069777761444271e-07 
4.2069777761444271e-07 
1.9740157275460746e-07 
1.9740157275460746e-07 
1.9740157275460746e-07 
1.9740157275460746e-07 
1.9740157275460746e-07 
1.9740157275460746e-07 
1.9740157275460746e-07 
1.9740157275460746e-07 
1.9740157275460746e-07 
1.9740157275460746e-07 
1.9740157275460746e-07 
1.9740157275460746e-07 
1.9740157275460746e-07 
1.9740157275460746e-07 
1.9740157275460746e-07 
1.9740157275460746e-07 
1.9740157275460746e-07 
1.9740157275460746e-07 
1.9740157275460746e-07 
1.9740157275460746e-07 
1.9740157275460746e-07 
1.9740157275460746e-07 
1.9740157275460746e-07 
1.9740157275460746e-07 
1.9740157275460746e-07 
1.9740157275460746e-07 
1.9740157275460746e-07 
1.9740157275460746e-07 
1.9740157275460746e-07 
1.9740157275460746e-07 
1.9740157275460746e-07 
1.9740157275460746e-07 
1.9740157275460746e-07 
1.9740157275460746e-07 
1.9740157275460746e-07 
1.9740157275460746e-07 
1.9740157275460746e-07 
1.9740157275460746e-07 
1.9740157275460746e-07 
1.9740157275460746e-07 
1.9740157275460746e-07 
1.9740157275460746e-07 
8.7406168414183583e-08 
8.7406168414183583e-08 
8.7406168414183583e-08 
8.7406168414183583e-08 
8.7406168414183583e-08 
8.7406168414183583e-08 
8.7406168414183583e-08 
6.1070119961037506e-08 
6.1070119961037506e-08 
6.1070119961037506e-08 
6.1070119961037506e-08 
6.1070119961037506e-08 
6.1070119961037506e-08 
6.1070119961037506e-08 
5.4017760708902074e-08 
5.4017760708902074e-08 
5.4017760708902074e-08 
5.4017760708902074e-08 
5.4017760708902074e-08 
5.4017760708902074e-08 
5.4017760708902074e-08 
5.3222696472232656e-08 
5.3222696472232656e-08 
5.3222696472232656e-08 
5.3222696472232656e-08 
5.3222696472232656e-08 
5.3222696472232656e-08 
5.3222696472232656e-08 
5.3222696472232656e-08 
5.3222696472232656e-08 
5.3222696472232656e-08 
5.3222696472232656e-08 
5.3222696472232656e-08 
5.3222696472232656e-08 
5.3222696472232656e-08 
5.3222696472232656e-08 
5.3222696472232656e-08 
5.3222696472232656e-08 
5.3222696472232656e-08 
5.3222696472232656e-08 
5.3222696472232656e-08 
5.3222696472232656e-08 
5.3222696472232656e-08 
5.3222696472232656e-08 
5.3222696472232656e-08 
5.3222696472232656e-08 
5.3222696472232656e-08 
5.3222696472232656e-08 
5.3222696472232656e-08 
5.3222696472232656e-08 
5.3222696472232656e-08 
5.3222696472232656e-08 
5.3222696472232656e-08 
5.3222696472232656e-08 
5.3222696472232656e-08 
5.3222696472232656e-08 
5.3222696472232656e-08 
5.3222696472232656e-08 
5.3222696472232656e-08 
5.3222696472232656e-08 
5.3222696472232656e-08 
5.3222696472232656e-08 
5.3222696472232656e-08 
5.3222696472232656e-08 
5.3222696472232656e-08 
5.3222696472232656e-08 
5.3222696472232656e-08 
5.3222696472232656e-08 
5.3222696472232656e-08 
5.3222696472232656e-08 
5.3222696472232656e-08 
5.3181719361639068e-08 
5.3181719361639068e-08 
5.3181719361639068e-08 
5.3181719361639068e-08 
5.3179917025580892e-08 
5.3179917025580892e-08 
5.3179917025580892e-08 
5.3179917025580892e-08 
5.3172284575353501e-08 
5.3172284575353501e-08 
5.3172284575353501e-08 
5.3172284575353501e-08 
5.3172284575353501e-08 
5.3172284575353501e-08 
5.3172284575353501e-08 
5.3170492897436361e-08 
5.3170492897436361e-08 
5.3170492897436361e-08 
5.3170492897436361e-08 
5.3166266167359311e-08 
5.3166266167359311e-08 
5.3166266167359311e-08 
5.3166266167359311e-08 
5.3166266167359311e-08 
5.3166266167359311e-08 
5.3166266167359311e-08 
5.3166003710636289e-08 
5.3166003710636289e-08 
5.3166003710636289e-08 
5.3166003710636289e-08 
5.3165981728220402e-08 
5.3165981728220402e-08 
5.3165981728220402e-08 
5.3165981728220402e-08 
5.3165616353822998e-08 
5.3165616353822998e-08 
5.3165616353822998e-08 
5.3165616353822998e-08 
5.3165616353822998e-08 
5.3165616353822998e-08 
5.3165616353822998e-08 
5.3165575608637994e-08 
5.3165575608637994e-08 
5.3165575608637994e-08 
5.3165575608637994e-08 
5.3165410740518837e-08 
5.3165410740518837e-08 
5.3165410740518837e-08 
5.3165410740518837e-08 
5.3165410740518837e-08 
5.3165410740518837e-08 
5.3165410740518837e-08 
5.3165406077582134e-08 
5.3165406077582134e-08 
5.3165406077582134e-08 
5.3165406077582134e-08 
5.3165403746113782e-08 
5.3165403746113782e-08 
5.3165403746113782e-08 
5.3165403746113782e-08 
5.3165392754905838e-08 
5.3165392754905838e-08 
5.3165392754905838e-08 
5.3165392754905838e-08 
5.3165392754905838e-08 
5.3165392754905838e-08 
5.3165392754905838e-08 
5.3165392310816628e-08 
5.3165392310816628e-08 
5.3165392310816628e-08 
5.3165392310816628e-08 
5.3165385982545388e-08 
5.3165385982545388e-08 
5.3165385982545388e-08 
5.3165385982545388e-08 
5.3165385982545388e-08 
5.3165385982545388e-08 
5.3165385982545388e-08 
5.3165385982545388e-08 
5.3165385982545388e-08 
5.3165385982545388e-08 
5.3165385982545388e-08 
5.3165385982545388e-08 
5.3165385982545388e-08 
5.3165385982545388e-08 
5.3165385982545388e-08 
5.3165385982545388e-08 
5.3165385982545388e-08 
5.3165385982545388e-08 
5.3165385760500783e-08 
5.3165385760500783e-08 
5.3165385760500783e-08 
5.3165385760500783e-08 
5.3165385760500783e-08 
5.3165385760500783e-08 
5.3165385760500783e-08 
5.3165385760500783e-08 
5.3165385760500783e-08 
5.3165385760500783e-08 
5.3165385760500783e-08 
5.3165385760500783e-08 
5.3165385760500783e-08 
5.3165385760500783e-08 
5.316538564947848e-08 
5.316538564947848e-08 
5.316538564947848e-08 
5.316538564947848e-08 
5.316538564947848e-08 
5.316538564947848e-08 
5.316538564947848e-08 
5.316538564947848e-08 
5.316538564947848e-08 
5.316538564947848e-08 
5.316538564947848e-08 
5.316538564947848e-08 
5.316538564947848e-08 
5.316538564947848e-08 
5.316538564947848e-08 
5.316538564947848e-08 
5.316538564947848e-08 
5.316538564947848e-08 
5.316538564947848e-08 
5.316538564947848e-08 
5.316538564947848e-08 
5.316538564947848e-08 
5.316538564947848e-08 
5.316538564947848e-08 
5.316538564947848e-08 
5.316538564947848e-08 
5.316538564947848e-08 
5.316538564947848e-08 
5.316538564947848e-08 
5.316538564947848e-08 
5.316538564947848e-08 
5.316538564947848e-08 
5.316538564947848e-08 
5.316538564947848e-08 
5.316538564947848e-08 
5.316538564947848e-08 
5.316538564947848e-08 
5.316538564947848e-08 
5.316538564947848e-08 
5.316538564947848e-08 
5.316538564947848e-08 
5.316538564947848e-08 
5.316538564947848e-08 
5.316538564947848e-08 
5.316538564947848e-08 
5.316538564947848e-08 
5.316538564947848e-08 
5.316538564947848e-08 
5.316538564947848e-08 
5.316538564947848e-08 
5.316538564947848e-08 
5.316538564947848e-08 
5.316538564947848e-08 
5.316538564947848e-08 
5.316538564947848e-08 
5.316538564947848e-08 
5.316538564947848e-08 
5.316538564947848e-08 
5.316538564947848e-08 
5.316538564947848e-08 
5.316538564947848e-08 
5.316538564947848e-08 
5.316538564947848e-08 
5.316538564947848e-08 
5.316538564947848e-08 
5.316538564947848e-08 
5.316538564947848e-08 
5.316538564947848e-08 
5.316538564947848e-08 
5.316538564947848e-08 
5.316538564947848e-08 
5.316538564947848e-08 
5.316538564947848e-08 
5.316538564947848e-08 
5.316538564947848e-08 
5.316538564947848e-08 
5.316538564947848e-08 
5.316538564947848e-08 
5.316538564947848e-08 
5.316538564947848e-08 
5.316538564947848e-08 
5.316538564947848e-08 
5.316538564947848e-08 
5.316538564947848e-08 
5.316538564947848e-08 
5.316538564947848e-08 
5.316538564947848e-08 
5.316538564947848e-08 
5.316538564947848e-08 
5.316538564947848e-08 
5.316538564947848e-08 
5.316538564947848e-08 
5.316538564947848e-08 
5.316538564947848e-08 
5.316538564947848e-08 
5.316538564947848e-08 
5.316538564947848e-08 
5.316538564947848e-08 
5.316538564947848e-08 
5.316538564947848e-08 
5.316538564947848e-08 
5.316538564947848e-08 
5.316538564947848e-08 
5.316538564947848e-08 
5.316538564947848e-08 
5.316538564947848e-08 
5.316538564947848e-08 
5.316538564947848e-08 
5.316538564947848e-08 
5.316538564947848e-08 
5.316538564947848e-08 
5.316538564947848e-08 
5.316538564947848e-08 
5.316538564947848e-08 
5.316538564947848e-08 
5.316538564947848e-08 
5.316538564947848e-08 
5.316538564947848e-08 
5.316538564947848e-08 
5.316538564947848e-08 
5.316538564947848e-08 
5.316538564947848e-08 
5.316538564947848e-08 
5.316538564947848e-08 
5.316538564947848e-08 
5.316538564947848e-08 
5.316538564947848e-08 
5.316538564947848e-08 
5.316538564947848e-08 
5.316538564947848e-08 
5.316538564947848e-08 
5.316538564947848e-08 
5.316538564947848e-08 
5.316538564947848e-08 
5.316538564947848e-08 
5.316538564947848e-08 
5.316538564947848e-08 
5.316538564947848e-08 
5.316538564947848e-08 
5.316538564947848e-08 
5.316538564947848e-08 
5.316538564947848e-08 
3.228890577133825e-08 
3.228890577133825e-08 
3.228890577133825e-08 
3.228890577133825e-08 
3.228890577133825e-08 
3.228890577133825e-08 
3.228890577133825e-08 
3.228890577133825e-08 
3.228890577133825e-08 
3.228890577133825e-08 
3.228890577133825e-08 
3.228890577133825e-08 
3.228890577133825e-08 
1.9346248381069131e-08 
1.9346248381069131e-08 
1.9346248381069131e-08 
1.9346248381069131e-08 
1.9346248381069131e-08 
1.9346248381069131e-08 
1.9346248381069131e-08 
1.9346248381069131e-08 
1.3301359236272958e-08 
1.3301359236272958e-08 
1.3301359236272958e-08 
1.3301359236272958e-08 
1.3301359236272958e-08 
1.3301359236272958e-08 
1.3301359236272958e-08 
1.3301359236272958e-08 
1.3301359236272958e-08 
1.3301359236272958e-08 
3.2445242048595446e-09 
3.2445242048595446e-09 
3.2445242048595446e-09 
3.2445242048595446e-09 
3.2445242048595446e-09 
3.2445242048595446e-09 
3.2445242048595446e-09 
3.2445242048595446e-09 
3.2445242048595446e-09 
3.2445242048595446e-09 
3.2445242048595446e-09 
3.2445242048595446e-09 
3.2445242048595446e-09 
3.2445242048595446e-09 
3.2445242048595446e-09 
3.2445242048595446e-09 
3.2445242048595446e-09 
3.2444645858831223e-09 
3.2444645858831223e-09 
3.2444645858831223e-09 
3.2444645858831223e-09 
3.2444645858831223e-09 
3.2444645858831223e-09 
3.2444645858831223e-09 
3.2379650072300592e-09 
3.2379650072300592e-09 
3.2379650072300592e-09 
3.2341120892454001e-09 
3.2341120892454001e-09 
3.2341120892454001e-09 
3.2334520616572604e-09 
3.2334520616572604e-09 
3.2334520616572604e-09 
3.2330031984884045e-09 
3.2330031984884045e-09 
3.2330031984884045e-09 
3.2330031984884045e-09 
3.2330031984884045e-09 
3.2330031984884045e-09 
3.2330031984884045e-09 
3.2329664501062894e-09 
3.2329664501062894e-09 
3.2329664501062894e-09 
3.2329400267983033e-09 
3.2329400267983033e-09 
3.2329400267983033e-09 
3.2329400267983033e-09 
3.2329400267983033e-09 
3.2329400267983033e-09 
3.2329400267983033e-09 
3.2329381394191614e-09 
3.2329381394191614e-09 
3.2329381394191614e-09 
3.2329374732853466e-09 
3.2329374732853466e-09 
3.2329374732853466e-09 
3.2329371402184393e-09 
3.2329371402184393e-09 
3.2329371402184393e-09 
3.2329369181738343e-09 
3.2329369181738343e-09 
3.2329369181738343e-09 
3.2329369181738343e-09 
3.2329369181738343e-09 
3.2329369181738343e-09 
3.2329369181738343e-09 
3.2329369181738343e-09 
3.2329369181738343e-09 
3.2329369181738343e-09 
3.2329369181738343e-09 
3.2329369181738343e-09 
3.2329369181738343e-09 
3.2329369181738343e-09 
3.2329369181738343e-09 
3.2329369181738343e-09 
3.2329369181738343e-09 
3.2329369181738343e-09 
3.2329369181738343e-09 
3.2329369181738343e-09 
3.2329369181738343e-09 
3.2329369181738343e-09 
3.2329368071515319e-09 
3.2329368071515319e-09 
3.2329368071515319e-09 
3.2329368071515319e-09 
3.2329368071515319e-09 
3.2329368071515319e-09 
3.2329368071515319e-09 
3.2329368071515319e-09 
3.2329368071515319e-09 
3.2329368071515319e-09 
3.2329368071515319e-09 
3.2329368071515319e-09 
3.2329368071515319e-09 
3.2329368071515319e-09 
3.2329368071515319e-09 
3.2329368071515319e-09 
3.2329368071515319e-09 
3.2329368071515319e-09 
3.2329368071515319e-09 
3.2329368071515319e-09 
3.2329368071515319e-09 
3.2329368071515319e-09 
3.2329368071515319e-09 
3.2329368071515319e-09 
3.2329368071515319e-09 
3.2329368071515319e-09 
3.2329368071515319e-09 
3.2329368071515319e-09 
3.2329368071515319e-09 
3.2329368071515319e-09 
3.2329368071515319e-09 
3.2329368071515319e-09 
3.2329368071515319e-09 
3.2329368071515319e-09 
3.2329368071515319e-09 
3.2329368071515319e-09 
3.2329368071515319e-09 
3.2329368071515319e-09 
3.2329368071515319e-09 
3.2329368071515319e-09 
3.2329368071515319e-09 
3.2329368071515319e-09 
3.2329368071515319e-09 
3.2329368071515319e-09 
3.2329368071515319e-09 
3.2329368071515319e-09 
3.2329368071515319e-09 
3.2329368071515319e-09 
3.2329368071515319e-09 
3.2329368071515319e-09 
3.2329368071515319e-09 
3.2329368071515319e-09 
3.2329368071515319e-09 
3.2329368071515319e-09 
3.2329368071515319e-09 
3.2329368071515319e-09 
3.2329368071515319e-09 
3.2329368071515319e-09 
3.2329368071515319e-09 
3.2329368071515319e-09 
3.2329368071515319e-09 
3.2329368071515319e-09 
3.2329368071515319e-09 
3.2329368071515319e-09 
3.2329368071515319e-09 
3.2329368071515319e-09 
3.2329368071515319e-09 
3.2329368071515319e-09 
3.2329368071515319e-09 
3.2329368071515319e-09 
3.2329368071515319e-09 
3.2329368071515319e-09 
3.2329368071515319e-09 
3.2329368071515319e-09 
3.2329368071515319e-09 
3.2329368071515319e-09 
3.2329368071515319e-09 
3.2329368071515319e-09 
3.2329368071515319e-09 
3.2329368071515319e-09 
3.2329368071515319e-09 
3.2329368071515319e-09 
3.2329368071515319e-09 
3.2329368071515319e-09 
3.2329368071515319e-09 
3.2329368071515319e-09 
3.2329368071515319e-09 
3.2329368071515319e-09 
3.2329368071515319e-09 
3.2329368071515319e-09 
3.2329368071515319e-09 
3.2329368071515319e-09 
3.2329368071515319e-09 
3.2329368071515319e-09 
3.2329368071515319e-09 
3.2329368071515319e-09 
3.2329368071515319e-09 
3.2329368071515319e-09 
3.2329368071515319e-09 
3.2329368071515319e-09 
2.9107641852377242e-09 
2.9107641852377242e-09 
2.9107641852377242e-09 
2.9107641852377242e-09 
2.9107641852377242e-09 
2.9107641852377242e-09 
2.9107641852377242e-09 
2.9107641852377242e-09 
2.9107641852377242e-09 
2.9107641852377242e-09 
2.9107641852377242e-09 
2.9107641852377242e-09 
2.9107641852377242e-09 
2.9107641852377242e-09 
2.9107641852377242e-09 
2.9107641852377242e-09 
2.9107641852377242e-09 
2.9107641852377242e-09 
2.9107641852377242e-09 
2.9107641852377242e-09 
2.9107641852377242e-09 
2.9107641852377242e-09 
2.9107641852377242e-09 
2.9107641852377242e-09 
2.9107641852377242e-09 
2.9107641852377242e-09 
2.9107641852377242e-09 
2.9107641852377242e-09 
2.9107641852377242e-09 
2.9107641852377242e-09 
2.9107641852377242e-09 
4.7512049849984805e-10 
4.7512049849984805e-10 
4.7512049849984805e-10 
4.7512049849984805e-10 
4.7512049849984805e-10 
4.7512049849984805e-10 
4.7512049849984805e-10 
4.7512049849984805e-10 
4.7512049849984805e-10 
4.7512049849984805e-10 
4.7512049849984805e-10 
4.7512049849984805e-10 
4.7512049849984805e-10 
4.7512049849984805e-10 
4.7512049849984805e-10 
4.7512049849984805e-10 
4.7512049849984805e-10 
4.7469106423392304e-10 
4.6840176182172399e-10 
4.6840176182172399e-10 
4.6840176182172399e-10 
4.6840176182172399e-10 
4.6636106088016049e-10 
4.6636106088016049e-10 
4.6636106088016049e-10 
4.6636106088016049e-10 
4.6636106088016049e-10 
4.6636106088016049e-10 
4.6636106088016049e-10 
4.6633530370598919e-10 
4.6633530370598919e-10 
4.6633530370598919e-10 
4.6633530370598919e-10 
4.6633530370598919e-10 
4.6633530370598919e-10 
4.6633530370598919e-10 
4.6633530370598919e-10 
4.6633530370598919e-10 
4.6633530370598919e-10 
4.6633530370598919e-10 
4.6633530370598919e-10 
4.6633530370598919e-10 
4.6633530370598919e-10 
4.6633530370598919e-10 
4.6633530370598919e-10 
4.6633530370598919e-10 
4.6633519268368673e-10 
4.6633519268368673e-10 
4.6633519268368673e-10 
4.6633519268368673e-10 
4.6633519268368673e-10 
4.6633519268368673e-10 
4.6633508166138427e-10 
4.6633508166138427e-10 
4.6633508166138427e-10 
4.6633508166138427e-10 
4.6633508166138427e-10 
4.6633508166138427e-10 
4.6633508166138427e-10 
4.6633508166138427e-10 
4.6633508166138427e-10 
4.6633508166138427e-10 
4.6633508166138427e-10 
4.6633508166138427e-10 
4.6633508166138427e-10 
4.6633508166138427e-10 
4.6633508166138427e-10 
4.6633508166138427e-10 
4.6633508166138427e-10 
4.6633508166138427e-10 
4.6633508166138427e-10 
4.6633508166138427e-10 
4.6633508166138427e-10 
4.6633508166138427e-10 
4.6633508166138427e-10 
4.6633508166138427e-10 
4.6633508166138427e-10 
4.6633508166138427e-10 
4.6633508166138427e-10 
4.6633508166138427e-10 
4.6633508166138427e-10 
4.6633508166138427e-10 
4.6633508166138427e-10 
4.6633508166138427e-10 
4.6633508166138427e-10 
4.6633508166138427e-10 
4.6633508166138427e-10 
4.6633508166138427e-10 
4.6633508166138427e-10 
4.6633508166138427e-10 
4.6633508166138427e-10 
4.6633508166138427e-10 
4.6633508166138427e-10 
4.6633508166138427e-10 
4.6633508166138427e-10 
4.6633508166138427e-10 
4.6633508166138427e-10 
4.6633508166138427e-10 
4.6633508166138427e-10 
4.6633508166138427e-10 
4.6633508166138427e-10 
4.6633508166138427e-10 
4.6633508166138427e-10 
4.6633508166138427e-10 
4.6633508166138427e-10 
4.6633508166138427e-10 
4.6633508166138427e-10 
4.6633508166138427e-10 
4.6633508166138427e-10 
4.6633508166138427e-10 
4.6633508166138427e-10 
4.6633508166138427e-10 
4.6633508166138427e-10 
4.6633508166138427e-10 
4.6633508166138427e-10 
4.6633508166138427e-10 
4.6633508166138427e-10 
4.6633508166138427e-10 
4.6633508166138427e-10 
4.6633508166138427e-10 
4.6633508166138427e-10 
4.6633508166138427e-10 
4.6633508166138427e-10 
4.6633508166138427e-10 
4.6633508166138427e-10 
4.6633508166138427e-10 
4.6633508166138427e-10 
4.6633508166138427e-10 
4.6633508166138427e-10 
4.6633508166138427e-10 
4.6633508166138427e-10 
4.6633508166138427e-10 
4.6633508166138427e-10 
4.6633508166138427e-10 
4.6633508166138427e-10 
4.6633508166138427e-10 
4.6633508166138427e-10 
4.6633508166138427e-10 
4.6633508166138427e-10 
4.6633508166138427e-10 
4.6633508166138427e-10 
4.6633508166138427e-10 
4.6633508166138427e-10 
4.6633508166138427e-10 
4.6633508166138427e-10 
4.6633508166138427e-10 
4.6633508166138427e-10 
4.6633508166138427e-10 
4.6633508166138427e-10 
4.6633508166138427e-10 
4.6633508166138427e-10 
4.6633508166138427e-10 
4.6633508166138427e-10 
4.6633508166138427e-10 
4.6633508166138427e-10 
4.6633508166138427e-10 
4.6633508166138427e-10 
4.6633508166138427e-10 
4.6633508166138427e-10 
4.6633508166138427e-10 
4.6633508166138427e-10 
2.4739221782255072e-10 
2.4739221782255072e-10 
2.4739221782255072e-10 
2.4739221782255072e-10 
2.4739221782255072e-10 
2.4739221782255072e-10 
2.4739221782255072e-10 
2.4739221782255072e-10 
2.4739221782255072e-10 
2.4739221782255072e-10 
2.4739221782255072e-10 
2.3726176578975355e-10 
2.3726176578975355e-10 
2.3726176578975355e-10 
2.3726176578975355e-10 
2.202743543122665e-10 
2.202743543122665e-10 
2.202743543122665e-10 
2.1839863251216229e-10 
2.1839863251216229e-10 
2.1839863251216229e-10 
2.1839863251216229e-10 
2.1809853922860611e-10 
2.1809853922860611e-10 
2.1809853922860611e-10 
2.1809853922860611e-10 
2.1809853922860611e-10 
2.1809853922860611e-10 
2.1809853922860611e-10 
2.1809853922860611e-10 
2.1809853922860611e-10 
2.1809853922860611e-10 
2.1809853922860611e-10 
2.180953195818347e-10 
2.180953195818347e-10 
2.180953195818347e-10 
2.180953195818347e-10 
2.18094431403415e-10 
2.18094431403415e-10 
2.18094431403415e-10 
2.18094431403415e-10 
2.18094431403415e-10 
2.18094431403415e-10 
2.18094431403415e-10 
2.18094431403415e-10 
2.18094431403415e-10 
2.18094431403415e-10 
2.1809432038111254e-10 
2.1809432038111254e-10 
2.1809432038111254e-10 
2.1809432038111254e-10 
2.1809432038111254e-10 
2.1809432038111254e-10 
2.1809432038111254e-10 
2.1809432038111254e-10 
2.1809432038111254e-10 
2.1809432038111254e-10 
2.1809432038111254e-10 
2.1809432038111254e-10 
2.1809432038111254e-10 
2.1809432038111254e-10 
2.1809432038111254e-10 
2.1809432038111254e-10 
2.1809432038111254e-10 
2.1809432038111254e-10 
2.1809432038111254e-10 
2.1809432038111254e-10 
2.1809432038111254e-10 
2.1809432038111254e-10 
2.1809432038111254e-10 
2.1809432038111254e-10 
2.1809432038111254e-10 
2.1809432038111254e-10 
2.1809432038111254e-10 
2.1809432038111254e-10 
2.1809432038111254e-10 
2.1809432038111254e-10 
2.1809432038111254e-10 
2.1809432038111254e-10 
2.1809432038111254e-10 
2.1809432038111254e-10 
2.1809432038111254e-10 
2.1809432038111254e-10 
2.1809432038111254e-10 
2.1809432038111254e-10 
2.1809432038111254e-10 
2.1809432038111254e-10 
2.1809432038111254e-10 
2.1809432038111254e-10 
2.1809432038111254e-10 
2.1809432038111254e-10 
2.1809432038111254e-10 
2.1809432038111254e-10 
2.1809432038111254e-10 
2.1809432038111254e-10 
2.1809432038111254e-10 
2.1809432038111254e-10 
2.1809432038111254e-10 
2.1809432038111254e-10 
2.1809432038111254e-10 
2.1809432038111254e-10 
