0.76491065210599529 
0.76491065210599529 
0.76491065210599529 
0.74513893802074294 
0.68240555753265419 
0.59512350710649853 
0.50526701161103793 
0.42409091144964678 
0.35131710351208523 
0.28667095021412148 
0.2298812794975256 
0.18068038483007029 
0.13880402520553367 
0.10399142514369678 
0.075985274690341525 
0.054531729417257188 
0.039380410422233822 
0.030284404329065436 
0.027000263287550064 
0.027000263287550064 
0.027000263287550064 
0.027000263287550064 
0.027000263287550064 
0.027000263287550064 
0.027000263287550064 
0.027000263287550064 
0.027000263287550064 
0.027000263287550064 
0.027000263287550064 
0.027000263287550064 
0.027000263287550064 
0.027000263287550064 
0.027000263287550064 
0.027000263287550064 
0.027000263287550064 
0.027000263287550064 
0.027000263287550064 
0.026985368768203399 
0.026985368768203399 
0.026985368768203399 
0.026985368768203399 
0.026985368768203399 
0.026985368768203399 
0.026985368768203399 
0.026985368768203399 
0.026985368768203399 
0.026985368768203399 
0.026985368768203399 
0.026982242127221411 
0.026982242127221411 
0.026982242127221411 
0.026982242127221411 
0.026982242127221411 
0.026982242127221411 
0.026982242127221411 
0.026982242127221411 
0.026982242127221411 
0.026982242127221411 
0.026982242127221411 
0.026982242127221411 
0.026982242127221411 
0.026982242127221411 
0.026982242127221411 
0.026982242127221411 
0.026982242127221411 
0.026982242127221411 
0.026982242127221411 
0.026982242127221411 
0.026982242127221411 
0.026982242127221411 
0.026982242127221411 
0.026982242127221411 
0.026982242127221411 
0.026982242127221411 
0.026982242127221411 
0.026982242127221411 
0.026982242127221411 
0.026982242127221411 
0.026982242127221411 
0.026982242127221411 
0.026982242127221411 
0.026982242127221411 
0.026982242127221411 
0.026982242127221411 
0.026937544831892285 
0.026937544831892285 
0.026937544831892285 
0.026937544831892285 
0.026937544831892285 
0.026937544831892285 
0.026937544831892285 
0.026937544831892285 
0.026937544831892285 
0.026937544831892285 
0.026937544831892285 
0.026937544831892285 
0.026937544831892285 
0.026937544831892285 
0.026937544831892285 
0.026937544831892285 
0.026937544831892285 
0.026937544831892285 
0.026862382080990115 
0.026862382080990115 
0.026862382080990115 
0.026862382080990115 
0.02683394397150058 
0.026718631346780642 
0.026718631346780642 
0.026718631346780642 
0.026718631346780642 
0.026441648433231189 
0.026441648433231189 
0.026441648433231189 
0.026441648433231189 
0.026441648433231189 
0.026441648433231189 
0.026441648433231189 
0.026441648433231189 
0.026441648433231189 
0.026441648433231189 
0.026441648433231189 
0.026441648433231189 
0.026441648433231189 
0.026360391305029783 
0.026360391305029783 
0.026360391305029783 
0.026360391305029783 
0.026064138031305816 
0.025034556710198764 
0.024507902233569186 
0.024462983047854773 
0.024462983047854773 
0.023832555905401807 
0.023443309290209366 
0.023203609381944625 
0.023203609381944625 
0.022949745698303717 
0.022752108874790539 
0.022452543793083483 
0.022389699403045481 
0.022389699403045481 
0.021734655863506345 
0.020997223456804187 
0.020997223456804187 
0.020997223456804187 
0.020997223456804187 
0.020997223456804187 
0.02068742374330948 
0.02068742374330948 
0.02068742374330948 
0.020195838423330923 
0.019729525746597955 
0.01961277556032192 
0.01961277556032192 
0.019544789132738421 
0.019439248257729067 
0.019309466085528526 
0.019036870362444412 
0.018979599156088264 
0.018979599156088264 
0.018702488245268937 
0.018488718458765881 
0.018488718458765881 
0.018468646342860578 
0.017982284032525234 
0.017982284032525234 
0.017982284032525234 
0.017832806847265379 
0.017531360555685854 
0.017237384178199217 
0.016950742920582035 
0.016671303117141777 
0.01639893223071651 
0.016133498852675163 
0.015874872702917292 
0.015622924629873339 
0.015377526610504486 
0.015138551750302612 
0.014905874283290384 
0.014679369572021232 
0.01445891410757935 
0.014244385509579653 
0.014035662526167862 
0.01383262503402042 
0.013635154038344538 
0.013443131672878189 
0.012743718660326505 
0.012064907470685945 
0.011672304628399868 
0.011565228420099339 
0.011079683397768289 
0.010498330758672169 
0.0099576899547120165 
0.0089308898913288935 
0.0081205886231413161 
0.0076100109357953348 
0.0070960065332242939 
0.0064405397879626182 
0.0058819346713657079 
0.0054113419117975603 
0.0050203021987736875 
0.0044362126993013123 
0.0043177401132881953 
0.0039526986581533054 
0.0036038109031067888 
0.0032696033955440279 
0.0029489401447052796 
0.0026410226216758209 
0.0023453897593859567 
0.0020619179526108573 
0.0017908210579707187 
0.0015326503939307621 
0.0011695119188739615 
0.00084751236374588901 
0.00057575504006099484 
0.00036110069883963682 
0.0002109141334859084 
0.00013306417978762859 
0.00013306417978762859 
0.00012164692412233025 
0.00010327582053182961 
0.00010327582053182961 
0.00010327582053182961 
9.8060514719365891e-05 
9.7374574808872124e-05 
9.0285098376880922e-05 
9.0285098376880922e-05 
9.0285098376880922e-05 
9.0285098376880922e-05 
9.0285098376880922e-05 
9.0285098376880922e-05 
8.951198392312767e-05 
8.951198392312767e-05 
8.951198392312767e-05 
8.951198392312767e-05 
8.951198392312767e-05 
8.951198392312767e-05 
8.951198392312767e-05 
8.951198392312767e-05 
8.951198392312767e-05 
8.8024642112452561e-05 
8.8024642112452561e-05 
8.8024642112452561e-05 
8.8024642112452561e-05 
8.8024642112452561e-05 
8.8024642112452561e-05 
8.693303893510353e-05 
5.5344450225722891e-05 
5.216305154492971e-05 
2.8606612289154915e-05 
1.7566972049112e-05 
1.7566972049112e-05 
1.7566972049112e-05 
1.7193693512196234e-05 
3.0604922423453948e-06 
3.0604922423453948e-06 
2.8162325314536092e-06 
2.8162325314536092e-06 
1.5159481104621888e-06 
1.5159481104621888e-06 
1.5159481104621888e-06 
1.5159481104621888e-06 
1.5159481104621888e-06 
1.5159481104621888e-06 
1.5159481104621888e-06 
1.5159481104621888e-06 
1.5159481104621888e-06 
1.5159481104621888e-06 
1.5159481104621888e-06 
1.2498599514946414e-06 
1.2498599514946414e-06 
1.2498599514946414e-06 
1.2498599514946414e-06 
1.2498599514946414e-06 
1.2498599514946414e-06 
1.2498599514946414e-06 
1.2498599514946414e-06 
1.2498599514946414e-06 
1.2498599514946414e-06 
1.2498599514946414e-06 
1.2498599514946414e-06 
1.2498599514946414e-06 
1.2498599514946414e-06 
1.2498599514946414e-06 
1.2498599514946414e-06 
1.2498599514946414e-06 
1.2498599514946414e-06 
7.6445886115896606e-07 
7.6445886115896606e-07 
7.6445886115896606e-07 
7.6445886115896606e-07 
7.6445886115896606e-07 
7.6445886115896606e-07 
7.6445886115896606e-07 
7.6445886115896606e-07 
7.6445886115896606e-07 
7.6445886115896606e-07 
7.6445886115896606e-07 
7.6445886115896606e-07 
4.3349801141308859e-07 
4.3349801141308859e-07 
4.3349801141308859e-07 
3.8559936956560297e-07 
3.8559936956560297e-07 
3.8559936956560297e-07 
3.8559936956560297e-07 
3.8559936956560297e-07 
3.8559936956560297e-07 
3.8559936956560297e-07 
3.8559936956560297e-07 
1.4166710554428921e-07 
1.4166710554428921e-07 
1.4166710554428921e-07 
1.4166710554428921e-07 
1.4166710554428921e-07 
1.4166710554428921e-07 
1.4166710554428921e-07 
1.4166710554428921e-07 
1.4166710554428921e-07 
1.4166710554428921e-07 
1.4166710554428921e-07 
1.4166710554428921e-07 
1.4166710554428921e-07 
1.4166710554428921e-07 
1.4166710554428921e-07 
1.4166710554428921e-07 
1.4166710554428921e-07 
1.2405139536776617e-07 
1.2405139536776617e-07 
1.2405139536776617e-07 
1.2405139536776617e-07 
1.2405139536776617e-07 
1.2405139536776617e-07 
1.2405139536776617e-07 
1.2405139536776617e-07 
1.2405139536776617e-07 
1.2405139536776617e-07 
1.2405139536776617e-07 
1.2405139536776617e-07 
1.2405139536776617e-07 
1.2405139536776617e-07 
1.2405139536776617e-07 
1.2405139536776617e-07 
1.2405139536776617e-07 
1.2405139536776617e-07 
1.2405139536776617e-07 
1.2405139536776617e-07 
1.2405139536776617e-07 
1.2405139536776617e-07 
1.2405139536776617e-07 
1.2405139536776617e-07 
1.2405139536776617e-07 
1.2405139536776617e-07 
1.2405139536776617e-07 
1.2405139536776617e-07 
1.2405139536776617e-07 
1.2405139536776617e-07 
1.2405139536776617e-07 
1.2405139536776617e-07 
1.2405139536776617e-07 
1.2405139536776617e-07 
8.1732614633773964e-08 
8.1732614633773964e-08 
8.1732614633773964e-08 
8.1732614633773964e-08 
8.1732614633773964e-08 
8.1732614633773964e-08 
8.1732614633773964e-08 
8.1732614633773964e-08 
8.1732614633773964e-08 
8.1732614633773964e-08 
8.1732614633773964e-08 
8.1732614633773964e-08 
8.1732614633773964e-08 
8.1732614633773964e-08 
8.1732614633773964e-08 
8.1732614633773964e-08 
8.1732614633773964e-08 
7.5276504846122116e-08 
7.5276504846122116e-08 
7.5276504846122116e-08 
7.5276504846122116e-08 
7.5276504846122116e-08 
7.5276504846122116e-08 
7.5276504846122116e-08 
7.5276504846122116e-08 
7.5276504846122116e-08 
7.5276504846122116e-08 
7.5276504846122116e-08 
7.5276504846122116e-08 
7.5276504846122116e-08 
7.5276504846122116e-08 
7.5276504846122116e-08 
7.5276504846122116e-08 
7.5276504846122116e-08 
7.5276504846122116e-08 
7.5276504846122116e-08 
7.5276504846122116e-08 
7.5276504846122116e-08 
7.5276504846122116e-08 
7.5276504846122116e-08 
7.5276504846122116e-08 
7.5276504846122116e-08 
7.5276504846122116e-08 
7.5276504846122116e-08 
7.5276504846122116e-08 
7.5276504846122116e-08 
7.5276504846122116e-08 
7.5276504846122116e-08 
7.5276504846122116e-08 
7.5276504846122116e-08 
7.5276504846122116e-08 
7.5276504846122116e-08 
7.5276504846122116e-08 
7.5276504846122116e-08 
7.5276504846122116e-08 
7.5276504846122116e-08 
7.5276504846122116e-08 
7.5276504846122116e-08 
7.5276504846122116e-08 
7.5276504846122116e-08 
7.5276504846122116e-08 
7.5276504846122116e-08 
7.5276504846122116e-08 
7.5276504846122116e-08 
7.5276504846122116e-08 
7.5276504846122116e-08 
7.5276504846122116e-08 
7.5276504846122116e-08 
7.5276504846122116e-08 
7.5276504846122116e-08 
7.5276504846122116e-08 
7.5276504846122116e-08 
7.5276504846122116e-08 
7.5276504846122116e-08 
7.5276504846122116e-08 
7.5276504846122116e-08 
7.5276504846122116e-08 
7.5276504846122116e-08 
7.5276504846122116e-08 
7.5276504846122116e-08 
7.5276504846122116e-08 
7.5276504846122116e-08 
7.5276504846122116e-08 
7.5276504846122116e-08 
7.5276504846122116e-08 
7.5276504846122116e-08 
7.5276504846122116e-08 
7.5276504846122116e-08 
7.5276504846122116e-08 
7.5276504846122116e-08 
7.5276504846122116e-08 
2.7498629298959674e-08 
2.7498629298959674e-08 
2.7498629298959674e-08 
2.7498629298959674e-08 
2.7498629298959674e-08 
2.7498629298959674e-08 
2.7498629298959674e-08 
2.7498629298959674e-08 
2.7498629298959674e-08 
2.7498629298959674e-08 
2.7498629298959674e-08 
2.7498629298959674e-08 
2.7498629298959674e-08 
2.7498629298959674e-08 
2.7498629298959674e-08 
2.7498629298959674e-08 
2.7498629298959674e-08 
2.1078016746517953e-08 
2.1078016746517953e-08 
2.1078016746517953e-08 
2.1078016746517953e-08 
7.9919468533447986e-11 
7.9919468533447986e-11 
7.9919468533447986e-11 
7.9919468533447986e-11 
7.9919468533447986e-11 
7.9919468533447986e-11 
7.9919468533447986e-11 
7.9919468533447986e-11 
7.9919468533447986e-11 
7.9919468533447986e-11 
7.9919468533447986e-11 
7.9919468533447986e-11 
7.9919468533447986e-11 
7.9919468533447986e-11 
7.9919468533447986e-11 
7.9919468533447986e-11 
7.9919468533447986e-11 
7.9919468533447986e-11 
7.9919468533447986e-11 
7.9919468533447986e-11 
7.9919468533447986e-11 
7.9919468533447986e-11 
7.9919468533447986e-11 
7.9919468533447986e-11 
7.9919468533447986e-11 
7.9919468533447986e-11 
7.9919468533447986e-11 
7.9919468533447986e-11 
7.9919468533447986e-11 
7.9919468533447986e-11 
7.9919468533447986e-11 
7.9919468533447986e-11 
7.9919468533447986e-11 
7.9919468533447986e-11 
7.9919468533447986e-11 
7.9919468533447986e-11 
7.9919468533447986e-11 
7.9919468533447986e-11 
7.9919468533447986e-11 
7.9919468533447986e-11 
7.9919468533447986e-11 
7.9919468533447986e-11 
7.9919468533447986e-11 
7.9919468533447986e-11 
7.9919468533447986e-11 
7.9919468533447986e-11 
7.9919468533447986e-11 
7.9919468533447986e-11 
7.9919468533447986e-11 
7.9919468533447986e-11 
7.9919468533447986e-11 
7.9919468533447986e-11 
7.9919468533447986e-11 
7.9919468533447986e-11 
7.9919468533447986e-11 
7.9919468533447986e-11 
7.9919468533447986e-11 
7.9919468533447986e-11 
7.9919468533447986e-11 
7.9919468533447986e-11 
7.9919468533447986e-11 
7.9919468533447986e-11 
7.9919468533447986e-11 
7.9919468533447986e-11 
7.9919468533447986e-11 
7.9919468533447986e-11 
7.9919468533447986e-11 
7.9919468533447986e-11 
7.9919468533447986e-11 
7.9919468533447986e-11 
7.9919468533447986e-11 
7.9919468533447986e-11 
7.9919468533447986e-11 
7.9919468533447986e-11 
7.9919468533447986e-11 
7.9919468533447986e-11 
7.9919468533447986e-11 
7.9919468533447986e-11 
7.9919468533447986e-11 
7.9919468533447986e-11 
7.9919468533447986e-11 
7.9919468533447986e-11 
7.9919468533447986e-11 
7.9919468533447986e-11 
7.9919468533447986e-11 
7.9919468533447986e-11 
7.9919468533447986e-11 
7.9919468533447986e-11 
7.9919468533447986e-11 
7.9919468533447986e-11 
7.9919468533447986e-11 
7.9919468533447986e-11 
7.9919468533447986e-11 
7.9919468533447986e-11 
7.9919468533447986e-11 
7.9919468533447986e-11 
7.9919468533447986e-11 
7.9919468533447986e-11 
7.9919468533447986e-11 
7.9919468533447986e-11 
7.9919468533447986e-11 
7.9919468533447986e-11 
7.9919468533447986e-11 
7.9919468533447986e-11 
7.9919468533447986e-11 
7.9919468533447986e-11 
7.9919468533447986e-11 
7.9919468533447986e-11 
7.9919468533447986e-11 
7.9919468533447986e-11 
7.9919468533447986e-11 
7.9919468533447986e-11 
7.9919468533447986e-11 
7.9919468533447986e-11 
7.9919468533447986e-11 
7.9919468533447986e-11 
7.9919468533447986e-11 
7.9919468533447986e-11 
7.9919468533447986e-11 
7.9919468533447986e-11 
7.9919468533447986e-11 
7.9919468533447986e-11 
7.9919468533447986e-11 
7.9919468533447986e-11 
7.9919468533447986e-11 
7.9919468533447986e-11 
7.9919468533447986e-11 
7.9919468533447986e-11 
7.9919468533447986e-11 
7.9919468533447986e-11 
7.9919468533447986e-11 
7.9919468533447986e-11 
7.9919468533447986e-11 
7.9919468533447986e-11 
7.9919468533447986e-11 
7.9919468533447986e-11 
7.9919468533447986e-11 
7.9919468533447986e-11 
7.9919468533447986e-11 
7.9919468533447986e-11 
7.9919468533447986e-11 
7.9919468533447986e-11 
7.9919468533447986e-11 
7.9919468533447986e-11 
7.9919468533447986e-11 
7.9919468533447986e-11 
7.9919468533447986e-11 
7.9919468533447986e-11 
7.9919468533447986e-11 
7.9919468533447986e-11 
7.9919468533447986e-11 
7.9919468533447986e-11 
7.9919468533447986e-11 
7.9919468533447986e-11 
7.9919468533447986e-11 
7.9919468533447986e-11 
7.9919468533447986e-11 
7.9919468533447986e-11 
7.9919468533447986e-11 
7.9919468533447986e-11 
7.9919468533447986e-11 
7.9919468533447986e-11 
7.9919468533447986e-11 
7.9919468533447986e-11 
7.9919468533447986e-11 
7.9919468533447986e-11 
7.9919468533447986e-11 
7.9919468533447986e-11 
7.9919468533447986e-11 
7.9919468533447986e-11 
7.9919468533447986e-11 
7.9919468533447986e-11 
7.9919468533447986e-11 
7.9919468533447986e-11 
7.9919468533447986e-11 
7.9919468533447986e-11 
7.9919468533447986e-11 
7.9919468533447986e-11 
7.9919468533447986e-11 
7.9919468533447986e-11 
7.9919468533447986e-11 
7.9919468533447986e-11 
7.9919468533447986e-11 
7.9919468533447986e-11 
7.9919468533447986e-11 
7.9919468533447986e-11 
7.9919468533447986e-11 
7.9919468533447986e-11 
7.9919468533447986e-11 
7.9919468533447986e-11 
7.9919468533447986e-11 
7.9919468533447986e-11 
7.9919468533447986e-11 
7.9919468533447986e-11 
7.9919468533447986e-11 
7.9919468533447986e-11 
7.9919468533447986e-11 
7.9919468533447986e-11 
7.9919468533447986e-11 
7.9919468533447986e-11 
7.9919468533447986e-11 
7.9919468533447986e-11 
7.9919468533447986e-11 
7.9919468533447986e-11 
7.9919468533447986e-11 
7.9919468533447986e-11 
7.9919468533447986e-11 
7.9919468533447986e-11 
7.9919468533447986e-11 
7.9919468533447986e-11 
7.9919468533447986e-11 
7.9919468533447986e-11 
7.9919468533447986e-11 
7.9919468533447986e-11 
7.9919468533447986e-11 
7.9919468533447986e-11 
7.9919468533447986e-11 
7.9919468533447986e-11 
7.9919468533447986e-11 
7.9919468533447986e-11 
7.9919468533447986e-11 
7.9919468533447986e-11 
7.9919468533447986e-11 
7.9919468533447986e-11 
7.9919468533447986e-11 
7.9919468533447986e-11 
7.9919468533447986e-11 
7.9919468533447986e-11 
7.9919468533447986e-11 
7.9919468533447986e-11 
7.9919468533447986e-11 
7.9919468533447986e-11 
7.9919468533447986e-11 
7.9919468533447986e-11 
7.9919468533447986e-11 
7.9919468533447986e-11 
7.9919468533447986e-11 
7.9919468533447986e-11 
7.9919468533447986e-11 
7.9919468533447986e-11 
7.9919468533447986e-11 
7.9919468533447986e-11 
7.9919468533447986e-11 
7.9919468533447986e-11 
7.9919468533447986e-11 
7.9919468533447986e-11 
7.9919468533447986e-11 
7.9919468533447986e-11 
7.9919468533447986e-11 
7.9919468533447986e-11 
7.9919468533447986e-11 
7.9919468533447986e-11 
7.9919468533447986e-11 
7.9919468533447986e-11 
7.9919468533447986e-11 
7.9919468533447986e-11 
7.9919468533447986e-11 
7.9919468533447986e-11 
7.9919468533447986e-11 
7.9919468533447986e-11 
7.9919468533447986e-11 
7.9919468533447986e-11 
7.9919468533447986e-11 
7.9919468533447986e-11 
7.9919468533447986e-11 
7.9919468533447986e-11 
7.9919468533447986e-11 
7.9919468533447986e-11 
7.9919468533447986e-11 
7.9919468533447986e-11 
7.9919468533447986e-11 
7.9919468533447986e-11 
7.9919468533447986e-11 
7.9919468533447986e-11 
7.9919468533447986e-11 
7.9919468533447986e-11 
7.9919468533447986e-11 
7.9919468533447986e-11 
7.9919468533447986e-11 
7.9919468533447986e-11 
7.9919468533447986e-11 
7.9919468533447986e-11 
7.9919468533447986e-11 
7.9919468533447986e-11 
7.9919468533447986e-11 
7.9919468533447986e-11 
7.9919468533447986e-11 
7.9919468533447986e-11 
7.9919468533447986e-11 
7.9919468533447986e-11 
7.9919468533447986e-11 
7.9919468533447986e-11 
7.9919468533447986e-11 
7.9919468533447986e-11 
7.9919468533447986e-11 
7.9919468533447986e-11 
7.9919468533447986e-11 
7.9919468533447986e-11 
7.9919468533447986e-11 
7.9919468533447986e-11 
7.9919468533447986e-11 
7.9919468533447986e-11 
7.9919468533447986e-11 
7.9919468533447986e-11 
7.9919468533447986e-11 
7.9919468533447986e-11 
7.9919468533447986e-11 
7.9919468533447986e-11 
7.9919468533447986e-11 
7.9919468533447986e-11 
7.9919468533447986e-11 
7.9919468533447986e-11 
7.9919468533447986e-11 
7.9919468533447986e-11 
7.9919468533447986e-11 
7.9919468533447986e-11 
7.9919468533447986e-11 
7.9919468533447986e-11 
7.9919468533447986e-11 
7.9919468533447986e-11 
7.9919468533447986e-11 
7.9919468533447986e-11 
7.9919468533447986e-11 
7.9919468533447986e-11 
7.9919468533447986e-11 
7.9919468533447986e-11 
7.9919468533447986e-11 
7.9919468533447986e-11 
7.9919468533447986e-11 
7.9919468533447986e-11 
7.9919468533447986e-11 
7.9919468533447986e-11 
7.9919468533447986e-11 
7.9919468533447986e-11 
7.9919468533447986e-11 
7.9919468533447986e-11 
7.9919468533447986e-11 
7.9919468533447986e-11 
7.9919468533447986e-11 
7.9919468533447986e-11 
7.9919468533447986e-11 
7.9919468533447986e-11 
7.9919468533447986e-11 
7.9919468533447986e-11 
7.9919468533447986e-11 
7.9919468533447986e-11 
7.9919468533447986e-11 
7.9919468533447986e-11 
7.9919468533447986e-11 
7.9919468533447986e-11 
7.9919468533447986e-11 
7.9919468533447986e-11 
7.9919468533447986e-11 
7.9919468533447986e-11 
7.9919468533447986e-11 
7.9919468533447986e-11 
7.9919468533447986e-11 
7.9919468533447986e-11 
7.9919468533447986e-11 
7.9919468533447986e-11 
7.9919468533447986e-11 
7.9919468533447986e-11 
7.9919468533447986e-11 
7.9919468533447986e-11 
7.9919468533447986e-11 
7.9919468533447986e-11 
7.9919468533447986e-11 
7.9919468533447986e-11 
7.9919468533447986e-11 
7.9919468533447986e-11 
7.9919468533447986e-11 
7.9919468533447986e-11 
7.9919468533447986e-11 
7.9919468533447986e-11 
7.9919468533447986e-11 
7.9919468533447986e-11 
7.9919468533447986e-11 
7.9919468533447986e-11 
7.9919468533447986e-11 
7.9919468533447986e-11 
7.9919468533447986e-11 
7.9919468533447986e-11 
7.9919468533447986e-11 
7.9919468533447986e-11 
7.9919468533447986e-11 
7.9919468533447986e-11 
7.9919468533447986e-11 
7.9919468533447986e-11 
7.9919468533447986e-11 
7.9919468533447986e-11 
7.9919468533447986e-11 
7.9919468533447986e-11 
7.9919468533447986e-11 
7.9919468533447986e-11 
7.9919468533447986e-11 
7.9919468533447986e-11 
7.9919468533447986e-11 
7.9919468533447986e-11 
7.9919468533447986e-11 
7.9919468533447986e-11 
7.9919468533447986e-11 
7.9919468533447986e-11 
7.9919468533447986e-11 
7.9919468533447986e-11 
7.9919468533447986e-11 
7.9919468533447986e-11 
7.9919468533447986e-11 
7.9919468533447986e-11 
7.9919468533447986e-11 
7.9919468533447986e-11 
7.9919468533447986e-11 
7.9919468533447986e-11 
7.9919468533447986e-11 
7.9919468533447986e-11 
7.9919468533447986e-11 
7.9919468533447986e-11 
7.9919468533447986e-11 
7.9919468533447986e-11 
7.9919468533447986e-11 
7.9919468533447986e-11 
7.9919468533447986e-11 
7.9919468533447986e-11 
7.9919468533447986e-11 
7.9919468533447986e-11 
7.9919468533447986e-11 
7.9919468533447986e-11 
7.9919468533447986e-11 
7.9919468533447986e-11 
7.9919468533447986e-11 
7.9919468533447986e-11 
7.9919468533447986e-11 
7.9919468533447986e-11 
7.9919468533447986e-11 
7.9919468533447986e-11 
7.9919468533447986e-11 
7.9919468533447986e-11 
7.9919468533447986e-11 
7.9919468533447986e-11 
7.9919468533447986e-11 
7.9919468533447986e-11 
7.9919468533447986e-11 
7.9919468533447986e-11 
7.9919468533447986e-11 
7.9919468533447986e-11 
7.9919468533447986e-11 
7.9919468533447986e-11 
7.9919468533447986e-11 
7.9919468533447986e-11 
7.9919468533447986e-11 
7.9919468533447986e-11 
7.9919468533447986e-11 
7.9919468533447986e-11 
7.9919468533447986e-11 
7.9919468533447986e-11 
7.9919468533447986e-11 
7.9919468533447986e-11 
7.9919468533447986e-11 
7.9919468533447986e-11 
7.9919468533447986e-11 
7.9919468533447986e-11 
7.9919468533447986e-11 
7.9919468533447986e-11 
7.9919468533447986e-11 
7.9919468533447986e-11 
7.9919468533447986e-11 
7.9919468533447986e-11 
7.9919468533447986e-11 
7.9919468533447986e-11 
7.9919468533447986e-11 
7.9919468533447986e-11 
7.9919468533447986e-11 
7.9919468533447986e-11 
7.9919468533447986e-11 
7.9919468533447986e-11 
7.9919468533447986e-11 
7.9919468533447986e-11 
7.9919468533447986e-11 
7.9919468533447986e-11 
7.9919468533447986e-11 
7.9919468533447986e-11 
7.9919468533447986e-11 
7.9919468533447986e-11 
7.9919468533447986e-11 
7.9919468533447986e-11 
7.9919468533447986e-11 
7.9919468533447986e-11 
7.9919468533447986e-11 
7.9919468533447986e-11 
7.9919468533447986e-11 
7.9919468533447986e-11 
7.9919468533447986e-11 
7.9919468533447986e-11 
7.9919468533447986e-11 
7.9919468533447986e-11 
7.9919468533447986e-11 
7.9919468533447986e-11 
7.9919468533447986e-11 
7.9919468533447986e-11 
7.9919468533447986e-11 
7.9919468533447986e-11 
7.9919468533447986e-11 
7.9919468533447986e-11 
7.9919468533447986e-11 
7.9919468533447986e-11 
7.9919468533447986e-11 
7.9919468533447986e-11 
7.9919468533447986e-11 
7.9919468533447986e-11 
7.9919468533447986e-11 
7.9919468533447986e-11 
7.9919468533447986e-11 
7.9919468533447986e-11 
7.9919468533447986e-11 
7.9919468533447986e-11 
7.9919468533447986e-11 
7.9919468533447986e-11 
7.9919468533447986e-11 
7.9919468533447986e-11 
7.9919468533447986e-11 
7.9919468533447986e-11 
7.9919468533447986e-11 
7.9919468533447986e-11 
7.9919468533447986e-11 
7.9919468533447986e-11 
7.9919468533447986e-11 
7.9919468533447986e-11 
