0.82058396281750168 
0.82058396281750168 
0.82058396281750168 
0.81681623525644154 
0.80632797488235297 
0.79840801627946822 
0.79308407323277341 
0.79037766526969744 
0.79030406346508075 
0.79030406346508075 
0.78047541355484928 
0.75824185749493178 
0.7376485456524231 
0.71875738724761662 
0.70162773414858304 
0.68631625039261579 
0.67287678671454365 
0.66136026033702566 
0.6518145402677199 
0.64428433833751042 
0.63881110620279991 
0.63543293852325344 
0.59312064020779853 
0.54704802424589416 
0.5024031521342579 
0.45928555536843174 
0.41779180468081845 
0.37801528140845919 
0.3400459563542555 
0.30397017666509685 
0.26987046123137792 
0.23782530509223709 
0.2079089933095285 
0.18019142475115146 
0.15473794620089698 
0.13160919718755604 
0.11086096590064787 
0.092544056533917618 
0.076704168370691161 
0.063381786897404924 
0.052612087203154467 
0.043739686190526372 
0.037104660643027088 
0.033117311910456859 
0.029564155053054098 
0.027204806373984813 
0.024670633136438469 
0.017807800175875133 
0.0135725090385026 
0.0119732951833873 
0.01059471300939907 
0.0049724903141706855 
0.0014711604231387732 
9.7193807768736207e-05 
9.7193807768736207e-05 
9.7193807768736207e-05 
9.7193807768736207e-05 
4.8344518995824259e-06 
4.8344518995824259e-06 
4.8344518995824259e-06 
4.8344518995824259e-06 
4.8344518995824259e-06 
4.8344518995824259e-06 
4.8344518995824259e-06 
4.8344518995824259e-06 
4.8344518995824259e-06 
4.8344518995824259e-06 
4.8344518995824259e-06 
4.8344518995824259e-06 
4.8344518995824259e-06 
4.8344518995824259e-06 
4.8344518995824259e-06 
4.8344518995824259e-06 
4.8344518995824259e-06 
4.8344518995824259e-06 
4.8344518995824259e-06 
4.8344518995824259e-06 
4.8344518995824259e-06 
4.8344518995824259e-06 
4.8344518995824259e-06 
4.8344518995824259e-06 
4.8344518995824259e-06 
4.8344518995824259e-06 
3.6898578616995081e-06 
3.6898578616995081e-06 
3.6898578616995081e-06 
3.6898578616995081e-06 
3.6898578616995081e-06 
3.6898578616995081e-06 
2.4315869673330326e-07 
2.4315869673330326e-07 
2.4315869673330326e-07 
2.4315869673330326e-07 
2.4315869673330326e-07 
2.4315869673330326e-07 
2.4315869673330326e-07 
2.4315869673330326e-07 
2.4315869673330326e-07 
2.4315869673330326e-07 
1.8288946601607847e-07 
1.8288946601607847e-07 
1.8288946601607847e-07 
1.8288946601607847e-07 
1.8288946601607847e-07 
1.8288946601607847e-07 
1.8288946601607847e-07 
1.8288946601607847e-07 
1.8288946601607847e-07 
1.8288946601607847e-07 
1.8288946601607847e-07 
1.8288946601607847e-07 
1.8288946601607847e-07 
1.8288946601607847e-07 
1.8288946601607847e-07 
1.8288946601607847e-07 
1.8288946601607847e-07 
1.8288946601607847e-07 
1.8288946601607847e-07 
1.8288946601607847e-07 
1.8288946601607847e-07 
1.8288946601607847e-07 
1.8288946601607847e-07 
1.8288946601607847e-07 
1.8288946601607847e-07 
1.8288946601607847e-07 
1.8288946601607847e-07 
1.8288946601607847e-07 
1.8288946601607847e-07 
1.8288946601607847e-07 
1.8288946601607847e-07 
1.8288946601607847e-07 
1.8288946601607847e-07 
1.8288946601607847e-07 
1.8288946601607847e-07 
1.8288946601607847e-07 
1.8288946601607847e-07 
1.8288946601607847e-07 
1.8288946601607847e-07 
1.8288946601607847e-07 
1.8288946601607847e-07 
1.8288946601607847e-07 
1.8288946601607847e-07 
1.8288946601607847e-07 
1.8288946601607847e-07 
1.8288946601607847e-07 
1.8288946601607847e-07 
1.8288946601607847e-07 
1.8288946601607847e-07 
1.8288946601607847e-07 
1.8288946601607847e-07 
1.8288946601607847e-07 
1.8288946601607847e-07 
1.8288946601607847e-07 
1.8288946601607847e-07 
1.8288946601607847e-07 
1.8288946601607847e-07 
1.8288946601607847e-07 
1.8288946601607847e-07 
1.8288946601607847e-07 
1.8288946601607847e-07 
1.8288946601607847e-07 
1.8288946601607847e-07 
1.8288946601607847e-07 
1.8288946601607847e-07 
1.8288946601607847e-07 
1.8288946601607847e-07 
1.8288946601607847e-07 
1.8288946601607847e-07 
1.8288946601607847e-07 
1.8288946601607847e-07 
1.8288946601607847e-07 
1.8288946601607847e-07 
1.8288946601607847e-07 
8.5220124623752724e-08 
8.5220124623752724e-08 
8.5220124623752724e-08 
8.5220124623752724e-08 
8.5220124623752724e-08 
8.5220124623752724e-08 
8.5220124623752724e-08 
8.5220124623752724e-08 
8.5220124623752724e-08 
8.5220124623752724e-08 
8.5220124623752724e-08 
8.5220124623752724e-08 
8.5220124623752724e-08 
8.5220124623752724e-08 
8.5220124623752724e-08 
8.5220124623752724e-08 
8.5220124623752724e-08 
8.5220124623752724e-08 
8.5220124623752724e-08 
8.5220124623752724e-08 
8.5220124623752724e-08 
8.5220124623752724e-08 
8.5220124623752724e-08 
8.5220124623752724e-08 
8.5220124623752724e-08 
8.5220124623752724e-08 
8.5220124623752724e-08 
8.5220124623752724e-08 
8.5220124623752724e-08 
5.9822734099768127e-08 
5.9822734099768127e-08 
5.9822734099768127e-08 
5.9822734099768127e-08 
5.9822734099768127e-08 
5.9822734099768127e-08 
5.9822734099768127e-08 
5.9822734099768127e-08 
5.9822734099768127e-08 
5.9822734099768127e-08 
5.9822734099768127e-08 
5.9822734099768127e-08 
5.9822734099768127e-08 
5.9822734099768127e-08 
5.9822734099768127e-08 
5.9822734099768127e-08 
5.9822734099768127e-08 
5.9822734099768127e-08 
5.9822734099768127e-08 
5.9822734099768127e-08 
5.9822734099768127e-08 
5.9822734099768127e-08 
5.9822734099768127e-08 
5.9822734099768127e-08 
5.9822734099768127e-08 
5.9822734099768127e-08 
3.2201488475713802e-08 
3.2201488475713802e-08 
3.2201488475713802e-08 
3.2201488475713802e-08 
3.2201488475713802e-08 
3.2201488475713802e-08 
3.2201488475713802e-08 
3.2201488475713802e-08 
3.2201488475713802e-08 
3.2201488475713802e-08 
3.2201488475713802e-08 
3.2201488475713802e-08 
3.2201488475713802e-08 
3.2201488475713802e-08 
3.2201488475713802e-08 
3.2201488475713802e-08 
3.2201488475713802e-08 
3.2201488475713802e-08 
3.2201488475713802e-08 
3.2201488475713802e-08 
3.2201488475713802e-08 
3.2201488475713802e-08 
3.2201488475713802e-08 
3.2201488475713802e-08 
3.2201488475713802e-08 
3.2201488475713802e-08 
3.2201488475713802e-08 
3.2201488475713802e-08 
3.2201488475713802e-08 
3.2201488475713802e-08 
3.2201488475713802e-08 
3.2201488475713802e-08 
3.2201488475713802e-08 
3.2201488475713802e-08 
3.2201488475713802e-08 
3.2201488475713802e-08 
3.2201488475713802e-08 
3.2201488475713802e-08 
3.2201488475713802e-08 
3.2201488475713802e-08 
3.2201488475713802e-08 
3.2201488475713802e-08 
3.2201488475713802e-08 
3.2201488475713802e-08 
3.2201488475713802e-08 
3.2201488475713802e-08 
3.2201488475713802e-08 
3.2201488475713802e-08 
3.2201488475713802e-08 
3.2201488475713802e-08 
3.2201488475713802e-08 
3.2201488475713802e-08 
3.2201488475713802e-08 
3.2201488475713802e-08 
3.2201488475713802e-08 
3.2201488475713802e-08 
3.2201488475713802e-08 
3.2201488475713802e-08 
3.2201488475713802e-08 
3.2201488475713802e-08 
3.2201488475713802e-08 
3.2201488475713802e-08 
3.2201488475713802e-08 
3.2201488475713802e-08 
3.2201488475713802e-08 
3.2201488475713802e-08 
3.2201488475713802e-08 
3.2201488475713802e-08 
3.2201488475713802e-08 
3.2201488475713802e-08 
3.2201488475713802e-08 
3.2201488475713802e-08 
3.2201488475713802e-08 
3.2201488475713802e-08 
3.2201488475713802e-08 
3.2201488475713802e-08 
3.2201488475713802e-08 
3.2201488475713802e-08 
3.2201488475713802e-08 
3.2201488475713802e-08 
3.2201488475713802e-08 
3.2201488475713802e-08 
3.2201488475713802e-08 
3.2201488475713802e-08 
3.2201488475713802e-08 
3.2201488475713802e-08 
3.2201488475713802e-08 
3.2201488475713802e-08 
3.2201488475713802e-08 
3.2201488475713802e-08 
3.2201488475713802e-08 
3.2201488475713802e-08 
3.2201488475713802e-08 
3.2201488475713802e-08 
3.2201488475713802e-08 
3.2201488475713802e-08 
3.2201488475713802e-08 
3.2201488475713802e-08 
3.2201488475713802e-08 
3.2201488475713802e-08 
3.2201488475713802e-08 
3.2201488475713802e-08 
3.2201488475713802e-08 
3.2201488475713802e-08 
3.2201488475713802e-08 
3.2201488475713802e-08 
3.2201488475713802e-08 
3.2201488475713802e-08 
3.2201488475713802e-08 
3.2201488475713802e-08 
3.2201488475713802e-08 
3.2201488475713802e-08 
3.2201488475713802e-08 
3.2201488475713802e-08 
3.2201488475713802e-08 
3.2201488475713802e-08 
3.2201488475713802e-08 
3.2201488475713802e-08 
3.2201488475713802e-08 
3.2201488475713802e-08 
3.2201488475713802e-08 
3.2201488475713802e-08 
3.2201488475713802e-08 
3.2201488475713802e-08 
3.2201488475713802e-08 
3.2201488475713802e-08 
3.2201488475713802e-08 
3.2201488475713802e-08 
3.2201488475713802e-08 
3.2201488475713802e-08 
3.2201488475713802e-08 
3.2201488475713802e-08 
3.2201488475713802e-08 
3.2201488475713802e-08 
3.2201488475713802e-08 
3.2201488475713802e-08 
3.2201488475713802e-08 
3.2201488475713802e-08 
3.2201488475713802e-08 
3.2201488475713802e-08 
3.2201488475713802e-08 
3.2201488475713802e-08 
3.2201488475713802e-08 
3.2201488475713802e-08 
3.2201488475713802e-08 
3.2201488475713802e-08 
3.2201488475713802e-08 
3.2201488475713802e-08 
3.2201488475713802e-08 
3.2201488475713802e-08 
3.2201488475713802e-08 
3.2201488475713802e-08 
3.2201488475713802e-08 
3.2201488475713802e-08 
3.2201488475713802e-08 
3.2201488475713802e-08 
3.2201488475713802e-08 
3.2201488475713802e-08 
3.2201488475713802e-08 
3.2201488475713802e-08 
3.2201488475713802e-08 
3.2201488475713802e-08 
3.2201488475713802e-08 
3.2201488475713802e-08 
3.2201488475713802e-08 
3.2201488475713802e-08 
3.2201488475713802e-08 
3.0816149743095878e-08 
3.0816149743095878e-08 
3.0816149743095878e-08 
3.0816149743095878e-08 
3.0816149743095878e-08 
3.0816149743095878e-08 
3.0816149743095878e-08 
3.0816149743095878e-08 
3.0816149743095878e-08 
3.0816149743095878e-08 
3.0816149743095878e-08 
3.0816149743095878e-08 
3.0816149743095878e-08 
3.0816149743095878e-08 
3.0816149743095878e-08 
3.0816149743095878e-08 
3.0816149743095878e-08 
3.0816149743095878e-08 
3.0816149743095878e-08 
3.0816149743095878e-08 
3.0816149743095878e-08 
3.0816149743095878e-08 
3.0816149743095878e-08 
3.0816149743095878e-08 
3.0816149743095878e-08 
3.0816149743095878e-08 
3.0816149743095878e-08 
3.0816149743095878e-08 
3.0816149743095878e-08 
3.0816149743095878e-08 
3.0816149743095878e-08 
3.0816149743095878e-08 
3.0816149743095878e-08 
3.0816149743095878e-08 
3.0816149743095878e-08 
3.0816149743095878e-08 
3.0816149743095878e-08 
3.0816149743095878e-08 
3.0816149743095878e-08 
3.0816149743095878e-08 
3.0816149743095878e-08 
3.0816149743095878e-08 
3.0816149743095878e-08 
3.0816149743095878e-08 
3.0816149743095878e-08 
3.0816149743095878e-08 
3.0816149743095878e-08 
3.0816149743095878e-08 
3.0816149743095878e-08 
3.0816149743095878e-08 
3.0816149743095878e-08 
3.0816149743095878e-08 
3.0816149743095878e-08 
3.0816149743095878e-08 
3.0816149743095878e-08 
2.686640676596852e-08 
2.686640676596852e-08 
2.686640676596852e-08 
2.686640676596852e-08 
2.686640676596852e-08 
2.686640676596852e-08 
2.686640676596852e-08 
2.686640676596852e-08 
2.686640676596852e-08 
2.686640676596852e-08 
2.686640676596852e-08 
2.686640676596852e-08 
2.686640676596852e-08 
2.686640676596852e-08 
2.686640676596852e-08 
2.686640676596852e-08 
2.686640676596852e-08 
2.686640676596852e-08 
2.686640676596852e-08 
2.686640676596852e-08 
2.686640676596852e-08 
2.686640676596852e-08 
2.686640676596852e-08 
2.686640676596852e-08 
2.686640676596852e-08 
2.686640676596852e-08 
2.686640676596852e-08 
2.686640676596852e-08 
2.686640676596852e-08 
2.686640676596852e-08 
2.686640676596852e-08 
2.686640676596852e-08 
2.686640676596852e-08 
2.686640676596852e-08 
2.686640676596852e-08 
2.686640676596852e-08 
2.686640676596852e-08 
2.686640676596852e-08 
2.686640676596852e-08 
2.686640676596852e-08 
2.686640676596852e-08 
2.686640676596852e-08 
2.686640676596852e-08 
2.686640676596852e-08 
2.686640676596852e-08 
2.686640676596852e-08 
2.686640676596852e-08 
2.686640676596852e-08 
2.686640676596852e-08 
2.686640676596852e-08 
2.686640676596852e-08 
2.686640676596852e-08 
2.686640676596852e-08 
2.686640676596852e-08 
2.686640676596852e-08 
2.686640676596852e-08 
2.686640676596852e-08 
2.686640676596852e-08 
2.686640676596852e-08 
2.686640676596852e-08 
2.686640676596852e-08 
2.686640676596852e-08 
2.686640676596852e-08 
2.686640676596852e-08 
2.686640676596852e-08 
2.686640676596852e-08 
2.686640676596852e-08 
2.686640676596852e-08 
2.686640676596852e-08 
2.686640676596852e-08 
2.686640676596852e-08 
2.686640676596852e-08 
2.686640676596852e-08 
2.686640676596852e-08 
2.686640676596852e-08 
2.686640676596852e-08 
2.686640676596852e-08 
2.686640676596852e-08 
2.686640676596852e-08 
2.686640676596852e-08 
2.686640676596852e-08 
2.686640676596852e-08 
2.686640676596852e-08 
2.686640676596852e-08 
2.686640676596852e-08 
2.686640676596852e-08 
2.686640676596852e-08 
2.686640676596852e-08 
2.686640676596852e-08 
2.686640676596852e-08 
2.686640676596852e-08 
2.686640676596852e-08 
2.686640676596852e-08 
2.686640676596852e-08 
2.686640676596852e-08 
2.686640676596852e-08 
2.686640676596852e-08 
2.686640676596852e-08 
2.686640676596852e-08 
2.686640676596852e-08 
2.686640676596852e-08 
2.686640676596852e-08 
2.686640676596852e-08 
2.686640676596852e-08 
2.686640676596852e-08 
2.686640676596852e-08 
2.686640676596852e-08 
2.686640676596852e-08 
2.686640676596852e-08 
2.686640676596852e-08 
2.686640676596852e-08 
2.686640676596852e-08 
2.686640676596852e-08 
2.686640676596852e-08 
2.686640676596852e-08 
2.686640676596852e-08 
2.686640676596852e-08 
2.686640676596852e-08 
2.686640676596852e-08 
2.686640676596852e-08 
2.686640676596852e-08 
2.686640676596852e-08 
2.686640676596852e-08 
2.686640676596852e-08 
2.686640676596852e-08 
2.686640676596852e-08 
2.686640676596852e-08 
2.686640676596852e-08 
2.686640676596852e-08 
2.686640676596852e-08 
2.686640676596852e-08 
2.686640676596852e-08 
2.686640676596852e-08 
2.686640676596852e-08 
2.686640676596852e-08 
2.686640676596852e-08 
2.686640676596852e-08 
2.686640676596852e-08 
2.686640676596852e-08 
2.686640676596852e-08 
2.686640676596852e-08 
2.686640676596852e-08 
2.686640676596852e-08 
2.686640676596852e-08 
2.686640676596852e-08 
2.686640676596852e-08 
2.686640676596852e-08 
2.686640676596852e-08 
2.686640676596852e-08 
2.686640676596852e-08 
2.686640676596852e-08 
2.686640676596852e-08 
2.686640676596852e-08 
2.686640676596852e-08 
2.686640676596852e-08 
2.686640676596852e-08 
2.686640676596852e-08 
2.686640676596852e-08 
2.686640676596852e-08 
2.686640676596852e-08 
2.686640676596852e-08 
2.686640676596852e-08 
2.686640676596852e-08 
2.686640676596852e-08 
2.686640676596852e-08 
2.686640676596852e-08 
2.686640676596852e-08 
4.7443278194947425e-09 
4.7443278194947425e-09 
4.7443278194947425e-09 
4.7443278194947425e-09 
4.7443278194947425e-09 
4.7443278194947425e-09 
4.7443278194947425e-09 
4.7443278194947425e-09 
4.7443278194947425e-09 
4.7443278194947425e-09 
4.7443278194947425e-09 
4.7443278194947425e-09 
4.7443278194947425e-09 
4.7443278194947425e-09 
4.7443278194947425e-09 
4.7443278194947425e-09 
4.7443278194947425e-09 
4.7443278194947425e-09 
4.7443278194947425e-09 
4.7443278194947425e-09 
4.7443278194947425e-09 
4.7443278194947425e-09 
4.7443278194947425e-09 
4.7443278194947425e-09 
4.7443278194947425e-09 
4.7443278194947425e-09 
4.7443278194947425e-09 
4.7443278194947425e-09 
4.7443278194947425e-09 
4.7443278194947425e-09 
4.7443278194947425e-09 
4.7443278194947425e-09 
4.7443278194947425e-09 
4.7443278194947425e-09 
4.7443278194947425e-09 
4.7443278194947425e-09 
4.7443278194947425e-09 
4.7443278194947425e-09 
4.7443278194947425e-09 
4.7443278194947425e-09 
4.7443278194947425e-09 
4.7443278194947425e-09 
4.7443278194947425e-09 
4.7443278194947425e-09 
4.7443278194947425e-09 
4.7443278194947425e-09 
4.7443278194947425e-09 
4.7443278194947425e-09 
4.7443278194947425e-09 
4.7443278194947425e-09 
4.7443278194947425e-09 
4.7443278194947425e-09 
4.7443278194947425e-09 
4.7443278194947425e-09 
4.7443278194947425e-09 
4.7443278194947425e-09 
4.7443278194947425e-09 
4.7443278194947425e-09 
4.7443278194947425e-09 
4.7443278194947425e-09 
4.7443278194947425e-09 
4.7443278194947425e-09 
4.7443278194947425e-09 
4.7443278194947425e-09 
4.7443278194947425e-09 
4.7443278194947425e-09 
4.7443278194947425e-09 
4.7443278194947425e-09 
4.7443278194947425e-09 
4.7443278194947425e-09 
4.7443278194947425e-09 
4.7443278194947425e-09 
4.7443278194947425e-09 
4.7443278194947425e-09 
4.7443278194947425e-09 
4.7443278194947425e-09 
4.7443278194947425e-09 
4.7443278194947425e-09 
4.7443278194947425e-09 
4.7443278194947425e-09 
4.7443278194947425e-09 
4.7443278194947425e-09 
4.7443278194947425e-09 
4.7443278194947425e-09 
4.7443278194947425e-09 
4.7443278194947425e-09 
4.7443278194947425e-09 
4.7443278194947425e-09 
4.7443278194947425e-09 
4.7443278194947425e-09 
4.7443278194947425e-09 
4.7443278194947425e-09 
4.7443278194947425e-09 
4.7443278194947425e-09 
4.7443278194947425e-09 
4.7443278194947425e-09 
4.7443278194947425e-09 
4.7443278194947425e-09 
4.7443278194947425e-09 
4.7443278194947425e-09 
4.7443278194947425e-09 
4.7443278194947425e-09 
4.7443278194947425e-09 
4.7443278194947425e-09 
4.7443278194947425e-09 
4.7443278194947425e-09 
4.7443278194947425e-09 
4.7443278194947425e-09 
4.7443278194947425e-09 
4.7443278194947425e-09 
4.7443278194947425e-09 
4.7443278194947425e-09 
4.7443278194947425e-09 
4.7443278194947425e-09 
4.7443278194947425e-09 
4.7443278194947425e-09 
4.7443278194947425e-09 
4.7443278194947425e-09 
4.7443278194947425e-09 
4.7443278194947425e-09 
4.7443278194947425e-09 
4.7443278194947425e-09 
4.7443278194947425e-09 
4.7443278194947425e-09 
4.7443278194947425e-09 
4.7443278194947425e-09 
4.7443278194947425e-09 
4.7443278194947425e-09 
4.7443278194947425e-09 
4.7443278194947425e-09 
4.7443278194947425e-09 
4.7443278194947425e-09 
4.7443278194947425e-09 
4.7443278194947425e-09 
4.7443278194947425e-09 
4.7443278194947425e-09 
4.7443278194947425e-09 
4.7443278194947425e-09 
4.7443278194947425e-09 
4.7443278194947425e-09 
4.7443278194947425e-09 
4.7443278194947425e-09 
4.7443278194947425e-09 
4.7443278194947425e-09 
4.7443278194947425e-09 
4.7443278194947425e-09 
4.7443278194947425e-09 
4.7443278194947425e-09 
4.7443278194947425e-09 
4.7443278194947425e-09 
4.7443278194947425e-09 
4.7443278194947425e-09 
4.7443278194947425e-09 
4.7443278194947425e-09 
4.7443278194947425e-09 
4.7443278194947425e-09 
4.7443278194947425e-09 
4.7443278194947425e-09 
4.7443278194947425e-09 
4.7443278194947425e-09 
4.7443278194947425e-09 
4.7443278194947425e-09 
4.7443278194947425e-09 
4.7443278194947425e-09 
4.7443278194947425e-09 
4.7443278194947425e-09 
4.7443278194947425e-09 
4.7443278194947425e-09 
4.7443278194947425e-09 
4.7443278194947425e-09 
4.7443278194947425e-09 
4.7443278194947425e-09 
4.7443278194947425e-09 
4.7443278194947425e-09 
4.7443278194947425e-09 
4.7443278194947425e-09 
4.7443278194947425e-09 
4.7443278194947425e-09 
4.7443278194947425e-09 
4.7443278194947425e-09 
4.7443278194947425e-09 
4.7443278194947425e-09 
4.7443278194947425e-09 
4.7443278194947425e-09 
4.7443278194947425e-09 
4.7443278194947425e-09 
4.7443278194947425e-09 
4.7443278194947425e-09 
4.7443278194947425e-09 
4.7443278194947425e-09 
4.7443278194947425e-09 
4.7443278194947425e-09 
4.7443278194947425e-09 
4.7443278194947425e-09 
4.7443278194947425e-09 
4.7443278194947425e-09 
4.7443278194947425e-09 
4.7443278194947425e-09 
4.7443278194947425e-09 
4.7443278194947425e-09 
4.7443278194947425e-09 
4.7443278194947425e-09 
4.7443278194947425e-09 
4.7443278194947425e-09 
4.7443278194947425e-09 
4.7443278194947425e-09 
4.7443278194947425e-09 
4.7443278194947425e-09 
4.7443278194947425e-09 
4.7443278194947425e-09 
4.7443278194947425e-09 
4.7443278194947425e-09 
4.7443278194947425e-09 
4.7443278194947425e-09 
4.7443278194947425e-09 
4.7443278194947425e-09 
4.7443278194947425e-09 
4.7443278194947425e-09 
4.7443278194947425e-09 
4.7443278194947425e-09 
4.7443278194947425e-09 
4.7443278194947425e-09 
4.7443278194947425e-09 
4.7443278194947425e-09 
4.7443278194947425e-09 
4.7443278194947425e-09 
4.7443278194947425e-09 
4.7443278194947425e-09 
4.7443278194947425e-09 
4.7443278194947425e-09 
4.7443278194947425e-09 
4.7443278194947425e-09 
4.7443278194947425e-09 
4.7443278194947425e-09 
4.7443278194947425e-09 
4.7443278194947425e-09 
4.7443278194947425e-09 
4.7443278194947425e-09 
4.7443278194947425e-09 
4.7443278194947425e-09 
4.7443278194947425e-09 
4.7443278194947425e-09 
4.7443278194947425e-09 
4.7443278194947425e-09 
4.7443278194947425e-09 
4.7443278194947425e-09 
4.7443278194947425e-09 
4.7443278194947425e-09 
4.7443278194947425e-09 
4.7443278194947425e-09 
4.7443278194947425e-09 
4.7443278194947425e-09 
4.7443278194947425e-09 
4.7443278194947425e-09 
4.7443278194947425e-09 
4.7443278194947425e-09 
4.7443278194947425e-09 
4.7443278194947425e-09 
4.7443278194947425e-09 
4.7443278194947425e-09 
4.7443278194947425e-09 
4.7443278194947425e-09 
4.7443278194947425e-09 
4.7443278194947425e-09 
4.7443278194947425e-09 
4.7443278194947425e-09 
4.7443278194947425e-09 
4.7443278194947425e-09 
4.7443278194947425e-09 
4.7443278194947425e-09 
4.7443278194947425e-09 
4.7443278194947425e-09 
4.7443278194947425e-09 
4.7443278194947425e-09 
4.7443278194947425e-09 
4.7443278194947425e-09 
4.7443278194947425e-09 
4.7443278194947425e-09 
4.7443278194947425e-09 
4.7443278194947425e-09 
4.7443278194947425e-09 
4.7443278194947425e-09 
4.7443278194947425e-09 
4.7443278194947425e-09 
4.7443278194947425e-09 
4.7443278194947425e-09 
4.7443278194947425e-09 
4.7443278194947425e-09 
4.7443278194947425e-09 
4.7443278194947425e-09 
4.7443278194947425e-09 
4.7443278194947425e-09 
4.7443278194947425e-09 
4.7443278194947425e-09 
4.7443278194947425e-09 
4.7443278194947425e-09 
4.7443278194947425e-09 
4.7443278194947425e-09 
4.7443278194947425e-09 
4.7443278194947425e-09 
4.7443278194947425e-09 
4.7443278194947425e-09 
4.7443278194947425e-09 
4.7443278194947425e-09 
4.7443278194947425e-09 
4.7443278194947425e-09 
4.7443278194947425e-09 
4.7443278194947425e-09 
4.7443278194947425e-09 
4.7443278194947425e-09 
4.7443278194947425e-09 
4.7443278194947425e-09 
4.7443278194947425e-09 
4.7443278194947425e-09 
4.7443278194947425e-09 
4.7443278194947425e-09 
4.7443278194947425e-09 
4.7443278194947425e-09 
4.7443278194947425e-09 
4.7443278194947425e-09 
4.7443278194947425e-09 
4.7443278194947425e-09 
4.7443278194947425e-09 
4.7443278194947425e-09 
4.7443278194947425e-09 
4.7443278194947425e-09 
4.7443278194947425e-09 
4.7443278194947425e-09 
4.7443278194947425e-09 
4.7443278194947425e-09 
4.7443278194947425e-09 
4.7443278194947425e-09 
4.7443278194947425e-09 
4.7443278194947425e-09 
4.7443278194947425e-09 
4.7443278194947425e-09 
4.7443278194947425e-09 
4.7443278194947425e-09 
4.7443278194947425e-09 
4.7443278194947425e-09 
4.7443278194947425e-09 
4.7443278194947425e-09 
4.7443278194947425e-09 
4.7443278194947425e-09 
4.7443278194947425e-09 
4.7443278194947425e-09 
4.7443278194947425e-09 
4.7443278194947425e-09 
4.7443278194947425e-09 
4.7443278194947425e-09 
4.7443278194947425e-09 
4.7443278194947425e-09 
4.7443278194947425e-09 
4.7443278194947425e-09 
4.7443278194947425e-09 
4.7443278194947425e-09 
4.7443278194947425e-09 
4.7443278194947425e-09 
4.7443278194947425e-09 
4.7443278194947425e-09 
4.7443278194947425e-09 
4.7443278194947425e-09 
4.7443278194947425e-09 
4.7443278194947425e-09 
4.7443278194947425e-09 
4.7443278194947425e-09 
4.7443278194947425e-09 
4.7443278194947425e-09 
4.7443278194947425e-09 
4.7443278194947425e-09 
4.7443278194947425e-09 
4.7443278194947425e-09 
4.7443278194947425e-09 
4.7443278194947425e-09 
4.7443278194947425e-09 
4.7443278194947425e-09 
4.7443278194947425e-09 
4.7443278194947425e-09 
4.7443278194947425e-09 
4.7443278194947425e-09 
4.7443278194947425e-09 
4.7443278194947425e-09 
4.7443278194947425e-09 
