1.204226718827115 
0.24345117111074333 
0.24345117111074333 
0.24345117111074333 
0.11585260496527672 
0.11585260496527672 
0.11585260496527672 
0.046417686246474243 
0.046417686246474243 
0.046417686246474243 
0.046417686246474243 
0.046417686246474243 
0.044130986378561055 
0.044130986378561055 
0.044130986378561055 
0.018801177031374183 
0.018801177031374183 
0.018801177031374183 
0.018801177031374183 
0.0014953994492037381 
0.0014953994492037381 
0.0014953994492037381 
0.0014953994492037381 
0.0014953994492037381 
0.0014953994492037381 
0.0014953994492037381 
0.0014953994492037381 
0.0014953994492037381 
0.0014953994492037381 
0.0014953994492037381 
0.0014953994492037381 
0.0014953994492037381 
0.0014953994492037381 
0.0014953994492037381 
0.0014953994492037381 
0.0014953994492037381 
0.0014953994492037381 
0.00027018045422610992 
0.00027018045422610992 
0.00027018045422610992 
0.00027018045422610992 
0.00027018045422610992 
0.00027018045422610992 
0.00027018045422610992 
0.00027018045422610992 
0.00027018045422610992 
0.00027018045422610992 
0.00027018045422610992 
0.00027018045422610992 
0.00027018045422610992 
0.00027018045422610992 
0.00027018045422610992 
0.00027018045422610992 
0.00027018045422610992 
0.00027018045422610992 
0.00016169427532464198 
0.00016169427532464198 
0.00016169427532464198 
0.00016169427532464198 
0.00016169427532464198 
0.00016169427532464198 
0.00016169427532464198 
0.00016169427532464198 
0.00016169427532464198 
0.00016169427532464198 
0.00016169427532464198 
0.00016169427532464198 
0.00016169427532464198 
0.00016169427532464198 
0.00016169427532464198 
0.00016169427532464198 
0.00016169427532464198 
0.00016169427532464198 
0.00016169427532464198 
0.00016169427532464198 
0.00016169427532464198 
0.00016169427532464198 
0.00016169427532464198 
0.00016169427532464198 
0.00013041077097075693 
5.3177950009475339e-05 
5.3177950009475339e-05 
5.3177950009475339e-05 
5.3177950009475339e-05 
5.3177950009475339e-05 
5.3177950009475339e-05 
5.3177950009475339e-05 
4.532843995364022e-05 
4.532843995364022e-05 
4.532843995364022e-05 
4.532843995364022e-05 
4.532843995364022e-05 
4.532843995364022e-05 
4.532843995364022e-05 
4.532843995364022e-05 
4.532843995364022e-05 
4.532843995364022e-05 
3.891846260584142e-05 
3.891846260584142e-05 
3.891846260584142e-05 
3.891846260584142e-05 
3.891846260584142e-05 
3.891846260584142e-05 
3.891846260584142e-05 
2.8485680183654161e-05 
5.0530110318192101e-07 
5.0530110318192101e-07 
5.0530110318192101e-07 
5.0530110318192101e-07 
5.0530110318192101e-07 
5.0530110318192101e-07 
5.0530110318192101e-07 
5.0530110318192101e-07 
5.0530110318192101e-07 
5.0530110318192101e-07 
5.0530110318192101e-07 
5.0530110318192101e-07 
5.0530110318192101e-07 
5.0530110318192101e-07 
5.0530110318192101e-07 
5.0530110318192101e-07 
5.0530110318192101e-07 
5.0530110318192101e-07 
5.0530110318192101e-07 
5.0530110318192101e-07 
5.0530110318192101e-07 
5.0530110318192101e-07 
5.0530110318192101e-07 
5.0530110318192101e-07 
5.0530110318192101e-07 
5.0530110318192101e-07 
5.0530110318192101e-07 
5.0530110318192101e-07 
5.0530110318192101e-07 
5.0530110318192101e-07 
5.0530110318192101e-07 
5.0530110318192101e-07 
3.6260066793580847e-07 
3.6260066793580847e-07 
3.6260066793580847e-07 
3.6260066793580847e-07 
3.6260066793580847e-07 
3.6260066793580847e-07 
3.6260066793580847e-07 
3.6260066793580847e-07 
3.6260066793580847e-07 
3.6260066793580847e-07 
3.6260066793580847e-07 
3.6260066793580847e-07 
3.6260066793580847e-07 
3.6260066793580847e-07 
3.6260066793580847e-07 
3.6260066793580847e-07 
3.6260066793580847e-07 
3.6260066793580847e-07 
3.6260066793580847e-07 
3.6260066793580847e-07 
3.6260066793580847e-07 
3.6260066793580847e-07 
3.6260066793580847e-07 
3.6260066793580847e-07 
3.6260066793580847e-07 
1.8652639910410329e-07 
1.8652639910410329e-07 
1.8652639910410329e-07 
1.8652639910410329e-07 
1.8652639910410329e-07 
1.8652639910410329e-07 
1.8652639910410329e-07 
9.5503275288066902e-08 
9.5503275288066902e-08 
9.5503275288066902e-08 
9.5503275288066902e-08 
9.5503275288066902e-08 
9.5503275288066902e-08 
9.5503275288066902e-08 
4.0016352342853168e-08 
4.0016352342853168e-08 
4.0016352342853168e-08 
4.0016352342853168e-08 
4.0016352342853168e-08 
4.0016352342853168e-08 
4.0016352342853168e-08 
2.1641594960541966e-08 
2.1641594960541966e-08 
2.1641594960541966e-08 
2.1641594960541966e-08 
2.1641594960541966e-08 
2.1641594960541966e-08 
2.1641594960541966e-08 
1.6192712726237346e-08 
3.9488831093947852e-09 
3.9488831093947852e-09 
3.9488831093947852e-09 
3.9488831093947852e-09 
3.9488831093947852e-09 
3.9488831093947852e-09 
3.9488831093947852e-09 
2.0604030703808007e-09 
2.0604030703808007e-09 
2.0604030703808007e-09 
2.0604030703808007e-09 
2.0604030703808007e-09 
2.0604030703808007e-09 
2.0604030703808007e-09 
1.5335267500304894e-09 
1.5335267500304894e-09 
1.5335267500304894e-09 
1.5335267500304894e-09 
1.5335267500304894e-09 
1.5335267500304894e-09 
1.5335267500304894e-09 
7.3885830786935003e-10 
7.3885830786935003e-10 
7.3885830786935003e-10 
7.3885830786935003e-10 
7.3885830786935003e-10 
7.3885830786935003e-10 
7.3885830786935003e-10 
4.2755576856734478e-10 
4.2755576856734478e-10 
4.2755576856734478e-10 
4.2755576856734478e-10 
4.2755576856734478e-10 
4.2755576856734478e-10 
4.2755576856734478e-10 
3.2788916026760262e-10 
3.2788916026760262e-10 
3.2788916026760262e-10 
3.2788916026760262e-10 
3.2788916026760262e-10 
3.2788916026760262e-10 
3.2788916026760262e-10 
3.0956981422747276e-10 
3.0956981422747276e-10 
3.0956981422747276e-10 
3.0956981422747276e-10 
3.0956981422747276e-10 
3.0956981422747276e-10 
3.0956981422747276e-10 
2.9349001007261677e-10 
2.9349001007261677e-10 
2.9349001007261677e-10 
2.9349001007261677e-10 
2.9349001007261677e-10 
2.067997995069959e-10 
2.067997995069959e-10 
2.067997995069959e-10 
1.8889501074426107e-10 
1.8889501074426107e-10 
1.8889501074426107e-10 
1.8889501074426107e-10 
1.8889501074426107e-10 
1.8889501074426107e-10 
1.8889501074426107e-10 
1.8889501074426107e-10 
1.8889501074426107e-10 
1.8889501074426107e-10 
1.8889501074426107e-10 
1.8889501074426107e-10 
1.8889501074426107e-10 
1.8168300197629605e-10 
1.8168300197629605e-10 
1.8168300197629605e-10 
1.8168300197629605e-10 
1.8168300197629605e-10 
1.8168300197629605e-10 
1.8168300197629605e-10 
1.8168300197629605e-10 
1.8168300197629605e-10 
1.8168300197629605e-10 
1.8168300197629605e-10 
1.8168300197629605e-10 
1.8168300197629605e-10 
1.8168300197629605e-10 
1.8168300197629605e-10 
1.8168300197629605e-10 
1.8168300197629605e-10 
1.8168300197629605e-10 
1.8168300197629605e-10 
1.8168300197629605e-10 
1.8168300197629605e-10 
1.8168300197629605e-10 
1.8168300197629605e-10 
1.8168300197629605e-10 
1.8168300197629605e-10 
1.8168300197629605e-10 
1.8168300197629605e-10 
1.8168300197629605e-10 
1.8168300197629605e-10 
1.8168300197629605e-10 
1.8168300197629605e-10 
1.8168300197629605e-10 
1.8168300197629605e-10 
1.8168300197629605e-10 
1.8168300197629605e-10 
1.8168300197629605e-10 
1.8168300197629605e-10 
1.8168300197629605e-10 
1.8168300197629605e-10 
1.8168300197629605e-10 
1.8168300197629605e-10 
1.8168300197629605e-10 
1.8168300197629605e-10 
1.8168300197629605e-10 
1.8168300197629605e-10 
1.8168300197629605e-10 
1.8168300197629605e-10 
1.8168300197629605e-10 
1.8168300197629605e-10 
1.8168300197629605e-10 
1.8168300197629605e-10 
1.8168300197629605e-10 
1.8168300197629605e-10 
1.8168300197629605e-10 
1.8168300197629605e-10 
1.8168300197629605e-10 
1.8168300197629605e-10 
1.8168300197629605e-10 
1.8168300197629605e-10 
1.8168300197629605e-10 
1.8168300197629605e-10 
1.8168300197629605e-10 
1.8168300197629605e-10 
1.8168300197629605e-10 
1.8168300197629605e-10 
1.8168300197629605e-10 
1.8168300197629605e-10 
1.8168300197629605e-10 
1.8168300197629605e-10 
1.8168300197629605e-10 
1.8168300197629605e-10 
1.8168300197629605e-10 
1.8168300197629605e-10 
1.8168300197629605e-10 
1.8168300197629605e-10 
1.8168300197629605e-10 
1.8168300197629605e-10 
1.8168300197629605e-10 
1.8168300197629605e-10 
1.8168300197629605e-10 
1.8168300197629605e-10 
1.8168300197629605e-10 
1.8168300197629605e-10 
1.8168300197629605e-10 
1.8168300197629605e-10 
1.8168300197629605e-10 
1.8168300197629605e-10 
1.8168300197629605e-10 
1.8168300197629605e-10 
1.8168300197629605e-10 
1.8168300197629605e-10 
1.8168300197629605e-10 
1.8168300197629605e-10 
1.8168300197629605e-10 
1.8168300197629605e-10 
1.8168300197629605e-10 
1.8168300197629605e-10 
1.8168300197629605e-10 
1.8168300197629605e-10 
1.8168300197629605e-10 
1.8168300197629605e-10 
1.8168300197629605e-10 
1.8168300197629605e-10 
1.8168300197629605e-10 
1.8168300197629605e-10 
1.8168300197629605e-10 
1.8168300197629605e-10 
1.8168300197629605e-10 
1.8168300197629605e-10 
1.8168300197629605e-10 
1.8168300197629605e-10 
1.8168300197629605e-10 
1.8168300197629605e-10 
1.8168300197629605e-10 
1.8168300197629605e-10 
1.8168300197629605e-10 
1.8168300197629605e-10 
1.8168300197629605e-10 
1.8168300197629605e-10 
1.8168300197629605e-10 
1.8168300197629605e-10 
1.8168300197629605e-10 
1.8168300197629605e-10 
1.8168300197629605e-10 
1.8168300197629605e-10 
1.8168300197629605e-10 
1.8168300197629605e-10 
1.8168300197629605e-10 
1.8168300197629605e-10 
1.8168300197629605e-10 
1.8168300197629605e-10 
1.8168300197629605e-10 
1.8168300197629605e-10 
1.8168300197629605e-10 
1.8168300197629605e-10 
1.8168300197629605e-10 
1.8168300197629605e-10 
1.8168300197629605e-10 
1.8168300197629605e-10 
1.8168300197629605e-10 
1.8168300197629605e-10 
1.8168300197629605e-10 
1.8168300197629605e-10 
1.8168300197629605e-10 
1.8168300197629605e-10 
1.8168300197629605e-10 
1.8168300197629605e-10 
1.8168300197629605e-10 
1.8168300197629605e-10 
1.8168300197629605e-10 
1.8168300197629605e-10 
1.8168300197629605e-10 
1.8168300197629605e-10 
1.8168300197629605e-10 
1.8168300197629605e-10 
1.8168300197629605e-10 
1.8168300197629605e-10 
1.8168300197629605e-10 
1.8168300197629605e-10 
1.8168300197629605e-10 
1.8168300197629605e-10 
1.8168300197629605e-10 
1.8168300197629605e-10 
1.8168300197629605e-10 
1.8168300197629605e-10 
1.8168300197629605e-10 
1.8168300197629605e-10 
1.8168300197629605e-10 
1.8168300197629605e-10 
1.8168300197629605e-10 
1.8168300197629605e-10 
1.8168300197629605e-10 
1.8168300197629605e-10 
1.8168300197629605e-10 
1.8168300197629605e-10 
1.8168300197629605e-10 
1.8168300197629605e-10 
1.8168300197629605e-10 
1.8168300197629605e-10 
1.8168300197629605e-10 
1.8168300197629605e-10 
1.8168300197629605e-10 
1.8168300197629605e-10 
1.8168300197629605e-10 
1.8168300197629605e-10 
1.8168300197629605e-10 
1.8168300197629605e-10 
1.8168300197629605e-10 
1.8168300197629605e-10 
1.8168300197629605e-10 
1.8168300197629605e-10 
1.8168300197629605e-10 
1.8168300197629605e-10 
1.8168300197629605e-10 
1.8168300197629605e-10 
1.8168300197629605e-10 
1.8168300197629605e-10 
1.8168300197629605e-10 
1.8168300197629605e-10 
1.8168300197629605e-10 
1.8168300197629605e-10 
1.8168300197629605e-10 
1.8168300197629605e-10 
1.8168300197629605e-10 
1.8168300197629605e-10 
1.8168300197629605e-10 
1.8168300197629605e-10 
1.8168300197629605e-10 
1.8168300197629605e-10 
1.8168300197629605e-10 
1.8168300197629605e-10 
1.8168300197629605e-10 
1.8168300197629605e-10 
1.8168300197629605e-10 
1.8168300197629605e-10 
1.8168300197629605e-10 
1.8168300197629605e-10 
1.8168300197629605e-10 
1.8168300197629605e-10 
1.8168300197629605e-10 
1.8168300197629605e-10 
1.8168300197629605e-10 
1.8168300197629605e-10 
1.8168300197629605e-10 
1.8168300197629605e-10 
1.8168300197629605e-10 
1.8168300197629605e-10 
1.8168300197629605e-10 
1.8168300197629605e-10 
1.8168300197629605e-10 
1.8168300197629605e-10 
1.8168300197629605e-10 
1.8168300197629605e-10 
1.8168300197629605e-10 
1.8168300197629605e-10 
1.8168300197629605e-10 
1.8168300197629605e-10 
1.8168300197629605e-10 
1.8168300197629605e-10 
1.8168300197629605e-10 
1.8168300197629605e-10 
1.8168300197629605e-10 
1.8168300197629605e-10 
1.8168300197629605e-10 
1.8168300197629605e-10 
1.8168300197629605e-10 
1.8168300197629605e-10 
1.8168300197629605e-10 
1.8168300197629605e-10 
1.8168300197629605e-10 
1.8168300197629605e-10 
1.8168300197629605e-10 
1.8168300197629605e-10 
1.8168300197629605e-10 
1.8168300197629605e-10 
1.8168300197629605e-10 
1.8168300197629605e-10 
1.8168300197629605e-10 
1.8168300197629605e-10 
1.8168300197629605e-10 
1.8168300197629605e-10 
1.8168300197629605e-10 
1.8168300197629605e-10 
1.8168300197629605e-10 
1.8168300197629605e-10 
1.8168300197629605e-10 
1.8168300197629605e-10 
1.8168300197629605e-10 
1.8168300197629605e-10 
1.8168300197629605e-10 
1.8168300197629605e-10 
1.8168300197629605e-10 
1.8168300197629605e-10 
1.8168300197629605e-10 
1.8168300197629605e-10 
1.8168300197629605e-10 
1.8168300197629605e-10 
1.8168300197629605e-10 
1.8168300197629605e-10 
1.8168300197629605e-10 
1.8168300197629605e-10 
1.8168300197629605e-10 
1.8168300197629605e-10 
1.8168300197629605e-10 
1.8168300197629605e-10 
1.8168300197629605e-10 
1.8168300197629605e-10 
1.8168300197629605e-10 
1.8168300197629605e-10 
1.8168300197629605e-10 
1.8168300197629605e-10 
1.8168300197629605e-10 
1.8168300197629605e-10 
1.8168300197629605e-10 
1.8168300197629605e-10 
1.8168300197629605e-10 
1.8168300197629605e-10 
1.8168300197629605e-10 
1.8168300197629605e-10 
1.8168300197629605e-10 
1.8168300197629605e-10 
1.8168300197629605e-10 
1.8168300197629605e-10 
1.8168300197629605e-10 
1.8168300197629605e-10 
1.8168300197629605e-10 
1.8168300197629605e-10 
1.8168300197629605e-10 
1.8168300197629605e-10 
1.8168300197629605e-10 
1.8168300197629605e-10 
1.8168300197629605e-10 
1.8168300197629605e-10 
1.8168300197629605e-10 
1.8168300197629605e-10 
1.8168300197629605e-10 
1.8168300197629605e-10 
1.8168300197629605e-10 
1.8168300197629605e-10 
1.8168300197629605e-10 
1.8168300197629605e-10 
1.8168300197629605e-10 
1.8168300197629605e-10 
1.8168300197629605e-10 
1.8168300197629605e-10 
1.8168300197629605e-10 
1.8168300197629605e-10 
1.8168300197629605e-10 
1.8168300197629605e-10 
1.8168300197629605e-10 
1.8168300197629605e-10 
1.8168300197629605e-10 
1.8168300197629605e-10 
1.8168300197629605e-10 
1.8168300197629605e-10 
1.8168300197629605e-10 
1.8168300197629605e-10 
1.8168300197629605e-10 
1.8168300197629605e-10 
1.8168300197629605e-10 
1.8168300197629605e-10 
1.8168300197629605e-10 
1.8168300197629605e-10 
1.8168300197629605e-10 
1.8168300197629605e-10 
1.8168300197629605e-10 
1.8168300197629605e-10 
1.8168300197629605e-10 
1.8168300197629605e-10 
1.8168300197629605e-10 
1.8168300197629605e-10 
1.8168300197629605e-10 
1.8168300197629605e-10 
1.8168300197629605e-10 
1.8168300197629605e-10 
1.8168300197629605e-10 
1.8168300197629605e-10 
1.8168300197629605e-10 
1.8168300197629605e-10 
1.8168300197629605e-10 
1.8168300197629605e-10 
1.8168300197629605e-10 
1.8168300197629605e-10 
1.8168300197629605e-10 
1.8168300197629605e-10 
1.8168300197629605e-10 
1.8168300197629605e-10 
1.8168300197629605e-10 
1.8168300197629605e-10 
1.8168300197629605e-10 
1.8168300197629605e-10 
1.8168300197629605e-10 
1.8168300197629605e-10 
1.8168300197629605e-10 
1.8168300197629605e-10 
1.8168300197629605e-10 
1.8168300197629605e-10 
1.8168300197629605e-10 
1.8168300197629605e-10 
1.8168300197629605e-10 
1.8168300197629605e-10 
1.8168300197629605e-10 
1.8168300197629605e-10 
1.8168300197629605e-10 
1.8168300197629605e-10 
1.8168300197629605e-10 
1.8168300197629605e-10 
1.8168300197629605e-10 
1.8168300197629605e-10 
1.8168300197629605e-10 
1.8168300197629605e-10 
1.8168300197629605e-10 
1.8168300197629605e-10 
1.8168300197629605e-10 
1.8168300197629605e-10 
1.8168300197629605e-10 
1.8168300197629605e-10 
1.8168300197629605e-10 
1.8168300197629605e-10 
1.8168300197629605e-10 
1.8168300197629605e-10 
1.8168300197629605e-10 
1.8168300197629605e-10 
1.8168300197629605e-10 
1.8168300197629605e-10 
1.8168300197629605e-10 
1.8168300197629605e-10 
1.8168300197629605e-10 
1.8168300197629605e-10 
1.8168300197629605e-10 
1.8168300197629605e-10 
1.8168300197629605e-10 
1.8168300197629605e-10 
1.8168300197629605e-10 
1.8168300197629605e-10 
1.8168300197629605e-10 
1.8168300197629605e-10 
1.8168300197629605e-10 
1.8168300197629605e-10 
1.8168300197629605e-10 
1.8168300197629605e-10 
1.8168300197629605e-10 
1.8168300197629605e-10 
1.8168300197629605e-10 
1.8168300197629605e-10 
1.8168300197629605e-10 
1.8168300197629605e-10 
1.8168300197629605e-10 
1.8168300197629605e-10 
1.8168300197629605e-10 
1.8168300197629605e-10 
1.8168300197629605e-10 
1.8168300197629605e-10 
1.8168300197629605e-10 
1.8168300197629605e-10 
1.8168300197629605e-10 
1.8168300197629605e-10 
1.8168300197629605e-10 
1.8168300197629605e-10 
1.8168300197629605e-10 
1.8168300197629605e-10 
1.8168300197629605e-10 
1.8168300197629605e-10 
1.8168300197629605e-10 
1.8168300197629605e-10 
1.8168300197629605e-10 
1.8168300197629605e-10 
1.8168300197629605e-10 
1.8168300197629605e-10 
1.8168300197629605e-10 
1.8168300197629605e-10 
1.8168300197629605e-10 
1.8168300197629605e-10 
1.8168300197629605e-10 
1.8168300197629605e-10 
1.8168300197629605e-10 
1.8168300197629605e-10 
1.8168300197629605e-10 
1.8168300197629605e-10 
1.8168300197629605e-10 
1.8168300197629605e-10 
1.8168300197629605e-10 
1.8168300197629605e-10 
1.8168300197629605e-10 
1.8168300197629605e-10 
1.8168300197629605e-10 
1.8168300197629605e-10 
1.8168300197629605e-10 
1.8168300197629605e-10 
1.8168300197629605e-10 
1.8168300197629605e-10 
1.8168300197629605e-10 
1.8168300197629605e-10 
1.8168300197629605e-10 
1.8168300197629605e-10 
1.8168300197629605e-10 
1.8168300197629605e-10 
1.8168300197629605e-10 
1.8168300197629605e-10 
1.8168300197629605e-10 
1.8168300197629605e-10 
1.8168300197629605e-10 
1.8168300197629605e-10 
1.8168300197629605e-10 
1.8168300197629605e-10 
1.8168300197629605e-10 
1.8168300197629605e-10 
1.8168300197629605e-10 
1.8168300197629605e-10 
1.8168300197629605e-10 
1.8168300197629605e-10 
1.8168300197629605e-10 
1.8168300197629605e-10 
1.8168300197629605e-10 
1.8168300197629605e-10 
1.8168300197629605e-10 
1.8168300197629605e-10 
1.8168300197629605e-10 
1.8168300197629605e-10 
1.8168300197629605e-10 
1.8168300197629605e-10 
1.8168300197629605e-10 
1.8168300197629605e-10 
1.8168300197629605e-10 
1.8168300197629605e-10 
1.8168300197629605e-10 
1.8168300197629605e-10 
1.8168300197629605e-10 
1.8168300197629605e-10 
1.8168300197629605e-10 
1.8168300197629605e-10 
1.8168300197629605e-10 
1.8168300197629605e-10 
1.8168300197629605e-10 
1.8168300197629605e-10 
1.8168300197629605e-10 
1.8168300197629605e-10 
1.8168300197629605e-10 
1.8168300197629605e-10 
1.8168300197629605e-10 
1.8168300197629605e-10 
1.8168300197629605e-10 
1.8168300197629605e-10 
1.8168300197629605e-10 
1.8168300197629605e-10 
1.8168300197629605e-10 
1.8168300197629605e-10 
1.8168300197629605e-10 
1.8168300197629605e-10 
1.8168300197629605e-10 
1.8168300197629605e-10 
1.8168300197629605e-10 
1.8168300197629605e-10 
1.8168300197629605e-10 
1.8168300197629605e-10 
1.8168300197629605e-10 
1.8168300197629605e-10 
1.8168300197629605e-10 
1.8168300197629605e-10 
1.8168300197629605e-10 
1.8168300197629605e-10 
1.8168300197629605e-10 
1.8168300197629605e-10 
1.8168300197629605e-10 
1.8168300197629605e-10 
1.8168300197629605e-10 
1.8168300197629605e-10 
1.8168300197629605e-10 
1.8168300197629605e-10 
1.8168300197629605e-10 
1.8168300197629605e-10 
1.8168300197629605e-10 
1.8168300197629605e-10 
1.8168300197629605e-10 
1.8168300197629605e-10 
1.8168300197629605e-10 
1.8168300197629605e-10 
1.8168300197629605e-10 
1.8168300197629605e-10 
1.8168300197629605e-10 
1.8168300197629605e-10 
1.8168300197629605e-10 
1.8168300197629605e-10 
1.8168300197629605e-10 
1.8168300197629605e-10 
1.8168300197629605e-10 
1.8168300197629605e-10 
1.8168300197629605e-10 
1.8168300197629605e-10 
1.8168300197629605e-10 
1.8168300197629605e-10 
1.8168300197629605e-10 
1.8168300197629605e-10 
1.8168300197629605e-10 
1.8168300197629605e-10 
1.8168300197629605e-10 
1.8168300197629605e-10 
1.8168300197629605e-10 
1.8168300197629605e-10 
1.8168300197629605e-10 
1.8168300197629605e-10 
1.8168300197629605e-10 
1.8168300197629605e-10 
1.8168300197629605e-10 
1.8168300197629605e-10 
1.8168300197629605e-10 
1.8168300197629605e-10 
1.8168300197629605e-10 
1.8168300197629605e-10 
1.8168300197629605e-10 
1.8168300197629605e-10 
1.8168300197629605e-10 
1.8168300197629605e-10 
1.8168300197629605e-10 
1.8168300197629605e-10 
1.8168300197629605e-10 
1.8168300197629605e-10 
1.8168300197629605e-10 
1.8168300197629605e-10 
1.8168300197629605e-10 
1.8168300197629605e-10 
1.8168300197629605e-10 
1.8168300197629605e-10 
1.8168300197629605e-10 
1.8168300197629605e-10 
1.8168300197629605e-10 
1.8168300197629605e-10 
1.8168300197629605e-10 
1.8168300197629605e-10 
1.8168300197629605e-10 
1.8168300197629605e-10 
1.8168300197629605e-10 
1.8168300197629605e-10 
1.8168300197629605e-10 
1.8168300197629605e-10 
1.8168300197629605e-10 
1.8168300197629605e-10 
1.8168300197629605e-10 
1.8168300197629605e-10 
1.8168300197629605e-10 
1.8168300197629605e-10 
1.8168300197629605e-10 
1.8168300197629605e-10 
1.8168300197629605e-10 
1.8168300197629605e-10 
1.8168300197629605e-10 
1.8168300197629605e-10 
1.8168300197629605e-10 
1.8168300197629605e-10 
1.8168300197629605e-10 
1.8168300197629605e-10 
1.8168300197629605e-10 
1.8168300197629605e-10 
1.8168300197629605e-10 
1.8168300197629605e-10 
1.8168300197629605e-10 
1.8168300197629605e-10 
1.8168300197629605e-10 
1.8168300197629605e-10 
1.8168300197629605e-10 
1.8168300197629605e-10 
1.8168300197629605e-10 
1.8168300197629605e-10 
1.8168300197629605e-10 
1.8168300197629605e-10 
1.8168300197629605e-10 
1.8168300197629605e-10 
1.8168300197629605e-10 
1.8168300197629605e-10 
1.8168300197629605e-10 
1.8168300197629605e-10 
1.8168300197629605e-10 
1.8168300197629605e-10 
1.8168300197629605e-10 
1.8168300197629605e-10 
1.8168300197629605e-10 
1.8168300197629605e-10 
1.8168300197629605e-10 
1.8168300197629605e-10 
1.8168300197629605e-10 
1.8168300197629605e-10 
1.8168300197629605e-10 
1.8168300197629605e-10 
1.8168300197629605e-10 
1.8168300197629605e-10 
1.8168300197629605e-10 
1.8168300197629605e-10 
1.8168300197629605e-10 
1.8168300197629605e-10 
1.8168300197629605e-10 
1.8168300197629605e-10 
1.8168300197629605e-10 
1.8168300197629605e-10 
1.8168300197629605e-10 
1.8168300197629605e-10 
1.8168300197629605e-10 
1.8168300197629605e-10 
1.8168300197629605e-10 
1.8168300197629605e-10 
1.8168300197629605e-10 
1.8168300197629605e-10 
1.8168300197629605e-10 
1.8168300197629605e-10 
1.8168300197629605e-10 
1.8168300197629605e-10 
1.8168300197629605e-10 
1.8168300197629605e-10 
1.8168300197629605e-10 
1.8168300197629605e-10 
1.8168300197629605e-10 
1.8168300197629605e-10 
1.8168300197629605e-10 
1.8168300197629605e-10 
1.8168300197629605e-10 
1.8168300197629605e-10 
1.8168300197629605e-10 
1.8168300197629605e-10 
1.8168300197629605e-10 
1.8168300197629605e-10 
1.8168300197629605e-10 
1.8168300197629605e-10 
1.8168300197629605e-10 
1.8168300197629605e-10 
1.8168300197629605e-10 
1.8168300197629605e-10 
1.8168300197629605e-10 
1.8168300197629605e-10 
1.8168300197629605e-10 
1.8168300197629605e-10 
1.8168300197629605e-10 
1.8168300197629605e-10 
1.8168300197629605e-10 
1.8168300197629605e-10 
1.8168300197629605e-10 
1.8168300197629605e-10 
1.8168300197629605e-10 
1.8168300197629605e-10 
1.8168300197629605e-10 
1.8168300197629605e-10 
1.8168300197629605e-10 
1.8168300197629605e-10 
1.8168300197629605e-10 
1.8168300197629605e-10 
1.8168300197629605e-10 
1.8168300197629605e-10 
1.8168300197629605e-10 
1.8168300197629605e-10 
1.8168300197629605e-10 
1.8168300197629605e-10 
1.8168300197629605e-10 
1.8168300197629605e-10 
1.8168300197629605e-10 
1.8168300197629605e-10 
1.8168300197629605e-10 
1.8168300197629605e-10 
1.8168300197629605e-10 
1.8168300197629605e-10 
1.8168300197629605e-10 
1.8168300197629605e-10 
