0.096028088333354134 
0.096028088333354134 
0.096028088333354134 
0.096028088333354134 
0.096028088333354134 
0.026395764450193662 
0.026395764450193662 
0.0032819434773577968 
0.0032819434773577968 
0.0032819434773577968 
0.0032819434773577968 
0.0032819434773577968 
0.0032819434773577968 
0.0032819434773577968 
0.0012686853609549162 
0.0012686853609549162 
0.0012686853609549162 
0.0012686853609549162 
0.0012686853609549162 
0.0012686853609549162 
0.0012686853609549162 
0.0012686853609549162 
0.0012686853609549162 
0.0012686853609549162 
0.0012686853609549162 
0.0012686853609549162 
0.0012686853609549162 
0.0012686853609549162 
0.0012686853609549162 
0.0012686853609549162 
0.0012686853609549162 
0.0012686853609549162 
0.00065146363489414856 
0.00065146363489414856 
0.00065146363489414856 
0.00065146363489414856 
0.00065146363489414856 
0.00065146363489414856 
0.00065146363489414856 
0.00065146363489414856 
0.00065146363489414856 
0.00065146363489414856 
0.00065146363489414856 
0.00065146363489414856 
0.00065146363489414856 
0.00065146363489414856 
0.00065146363489414856 
0.00065146363489414856 
0.00065146363489414856 
0.00065146363489414856 
0.00025503560843139671 
0.00025503560843139671 
0.00025503560843139671 
0.00025503560843139671 
0.00024562634968091463 
0.00024562634968091463 
0.00024562634968091463 
0.00024562634968091463 
0.00021062397716674873 
0.00021062397716674873 
0.00021062397716674873 
0.00021062397716674873 
0.00020109314542017832 
0.00020109314542017832 
0.00020109314542017832 
0.00020109314542017832 
0.00017147348247333386 
0.00017147348247333386 
0.00017147348247333386 
0.00017147348247333386 
0.00016241143213688097 
0.00016241143213688097 
4.9522630109601054e-06 
4.9522630109601054e-06 
4.9522630109601054e-06 
4.9522630109601054e-06 
4.9522630109601054e-06 
4.9522630109601054e-06 
4.9522630109601054e-06 
4.9522630109601054e-06 
4.9522630109601054e-06 
4.9522630109601054e-06 
4.9522630109601054e-06 
4.9522630109601054e-06 
4.9522630109601054e-06 
4.9522630109601054e-06 
5.069751486739581e-07 
5.069751486739581e-07 
5.069751486739581e-07 
5.069751486739581e-07 
5.069751486739581e-07 
5.069751486739581e-07 
5.069751486739581e-07 
5.069751486739581e-07 
5.069751486739581e-07 
5.069751486739581e-07 
5.069751486739581e-07 
5.069751486739581e-07 
5.069751486739581e-07 
5.069751486739581e-07 
5.069751486739581e-07 
5.069751486739581e-07 
5.069751486739581e-07 
5.069751486739581e-07 
5.069751486739581e-07 
5.069751486739581e-07 
5.069751486739581e-07 
5.069751486739581e-07 
5.069751486739581e-07 
5.069751486739581e-07 
5.069751486739581e-07 
5.069751486739581e-07 
5.069751486739581e-07 
5.069751486739581e-07 
5.069751486739581e-07 
5.069751486739581e-07 
5.069751486739581e-07 
5.069751486739581e-07 
5.069751486739581e-07 
5.069751486739581e-07 
5.069751486739581e-07 
5.069751486739581e-07 
5.069751486739581e-07 
5.069751486739581e-07 
5.069751486739581e-07 
5.069751486739581e-07 
5.069751486739581e-07 
5.069751486739581e-07 
5.069751486739581e-07 
5.069751486739581e-07 
5.069751486739581e-07 
5.069751486739581e-07 
5.069751486739581e-07 
5.069751486739581e-07 
2.2608591349085758e-07 
2.2608591349085758e-07 
2.2608591349085758e-07 
2.2608591349085758e-07 
2.2608591349085758e-07 
2.2608591349085758e-07 
2.2608591349085758e-07 
2.1235580031586284e-07 
2.1235580031586284e-07 
1.1183150310391215e-07 
1.1183150310391215e-07 
1.1183150310391215e-07 
1.1183150310391215e-07 
1.1183150310391215e-07 
1.1183150310391215e-07 
1.1183150310391215e-07 
7.1516691002452659e-08 
7.1516691002452659e-08 
7.1516691002452659e-08 
7.1516691002452659e-08 
7.1516691002452659e-08 
7.1516691002452659e-08 
7.1516691002452659e-08 
7.1516691002452659e-08 
7.1516691002452659e-08 
7.1516691002452659e-08 
7.1516691002452659e-08 
7.1516691002452659e-08 
7.1516691002452659e-08 
7.1516691002452659e-08 
7.1516691002452659e-08 
3.5855507331659819e-08 
3.5855507331659819e-08 
3.5855507331659819e-08 
3.5855507331659819e-08 
3.5855507331659819e-08 
3.3946295531158663e-09 
3.3946295531158663e-09 
3.3946295531158663e-09 
3.3946295531158663e-09 
3.3946295531158663e-09 
3.3946295531158663e-09 
3.3946295531158663e-09 
1.4702380085898298e-09 
1.4702380085898298e-09 
1.4702380085898298e-09 
1.4702380085898298e-09 
1.4702380085898298e-09 
1.4702380085898298e-09 
1.4702380085898298e-09 
1.4702380085898298e-09 
1.4702380085898298e-09 
1.4702380085898298e-09 
1.4702380085898298e-09 
1.4702380085898298e-09 
1.4702380085898298e-09 
1.4702380085898298e-09 
1.4702380085898298e-09 
1.4702380085898298e-09 
1.4702380085898298e-09 
1.4702380085898298e-09 
1.4702380085898298e-09 
1.4702380085898298e-09 
1.4702380085898298e-09 
1.4702380085898298e-09 
1.4702380085898298e-09 
1.4702380085898298e-09 
1.4702380085898298e-09 
1.4702380085898298e-09 
1.4702380085898298e-09 
1.4702380085898298e-09 
1.4702380085898298e-09 
1.4702380085898298e-09 
1.4702380085898298e-09 
1.4702380085898298e-09 
1.4702380085898298e-09 
1.4702380085898298e-09 
1.4702380085898298e-09 
1.4702380085898298e-09 
1.4702380085898298e-09 
1.1269009585131445e-09 
1.1269009585131445e-09 
7.094997259882303e-10 
3.7571638566018339e-10 
1.460952052759242e-10 
6.0750153751576383e-11 
6.0750153751576383e-11 
6.0750153751576383e-11 
6.0750153751576383e-11 
3.3919735214281053e-11 
2.6164540281501599e-11 
2.6164540281501599e-11 
2.6164540281501599e-11 
2.3838915022670461e-11 
2.3838915022670461e-11 
2.3838915022670461e-11 
5.3849250505979778e-12 
5.3849250505979778e-12 
5.3849250505979778e-12 
5.3849250505979778e-12 
5.3849250505979778e-12 
5.3849250505979778e-12 
5.3849250505979778e-12 
2.6709548002389423e-13 
2.6709548002389423e-13 
2.6709548002389423e-13 
2.6709548002389423e-13 
2.6709548002389423e-13 
2.6709548002389423e-13 
2.6709548002389423e-13 
2.6709548002389423e-13 
2.6709548002389423e-13 
2.6709548002389423e-13 
2.6709548002389423e-13 
2.6709548002389423e-13 
2.6709548002389423e-13 
2.2502542136180462e-13 
2.2502542136180462e-13 
2.2502542136180462e-13 
2.2502542136180462e-13 
2.2502542136180462e-13 
2.2502542136180462e-13 
2.2502542136180462e-13 
2.2502542136180462e-13 
2.2502542136180462e-13 
2.2502542136180462e-13 
2.2502542136180462e-13 
2.2502542136180462e-13 
2.2502542136180462e-13 
2.2502542136180462e-13 
2.2502542136180462e-13 
2.2502542136180462e-13 
2.2502542136180462e-13 
2.2502542136180462e-13 
2.2502542136180462e-13 
2.2502542136180462e-13 
2.2502542136180462e-13 
2.2502542136180462e-13 
2.2502542136180462e-13 
2.2502542136180462e-13 
2.2502542136180462e-13 
2.2502542136180462e-13 
2.2502542136180462e-13 
2.2502542136180462e-13 
2.2502542136180462e-13 
2.2502542136180462e-13 
2.2502542136180462e-13 
2.2502542136180462e-13 
2.2502542136180462e-13 
2.2502542136180462e-13 
2.2502542136180462e-13 
2.2502542136180462e-13 
2.2502542136180462e-13 
2.2502542136180462e-13 
2.2502542136180462e-13 
2.2502542136180462e-13 
2.2502542136180462e-13 
2.2502542136180462e-13 
2.2502542136180462e-13 
2.2502542136180462e-13 
2.2502542136180462e-13 
2.2502542136180462e-13 
2.2502542136180462e-13 
2.2502542136180462e-13 
2.2502542136180462e-13 
2.2502542136180462e-13 
2.2502542136180462e-13 
2.2502542136180462e-13 
2.2502542136180462e-13 
2.2502542136180462e-13 
2.2502542136180462e-13 
2.2502542136180462e-13 
2.2502542136180462e-13 
2.2502542136180462e-13 
2.2502542136180462e-13 
2.2502542136180462e-13 
2.2502542136180462e-13 
2.2502542136180462e-13 
2.2502542136180462e-13 
2.2502542136180462e-13 
2.2502542136180462e-13 
2.2502542136180462e-13 
2.2502542136180462e-13 
2.2502542136180462e-13 
2.2502542136180462e-13 
2.2502542136180462e-13 
2.2502542136180462e-13 
2.2502542136180462e-13 
2.2502542136180462e-13 
2.2502542136180462e-13 
2.2502542136180462e-13 
2.2502542136180462e-13 
2.2502542136180462e-13 
2.2502542136180462e-13 
2.2502542136180462e-13 
2.2502542136180462e-13 
2.2502542136180462e-13 
2.2502542136180462e-13 
2.2502542136180462e-13 
2.2502542136180462e-13 
2.2502542136180462e-13 
2.2502542136180462e-13 
2.2502542136180462e-13 
2.2502542136180462e-13 
2.2502542136180462e-13 
2.2502542136180462e-13 
2.2502542136180462e-13 
2.2502542136180462e-13 
2.2502542136180462e-13 
2.2502542136180462e-13 
2.2502542136180462e-13 
2.2502542136180462e-13 
2.2502542136180462e-13 
2.2502542136180462e-13 
2.2502542136180462e-13 
2.2502542136180462e-13 
2.2502542136180462e-13 
2.2502542136180462e-13 
2.2502542136180462e-13 
2.2502542136180462e-13 
2.2502542136180462e-13 
2.2502542136180462e-13 
2.2502542136180462e-13 
2.2502542136180462e-13 
2.2502542136180462e-13 
2.2502542136180462e-13 
2.2502542136180462e-13 
2.2502542136180462e-13 
2.2502542136180462e-13 
2.2502542136180462e-13 
2.2502542136180462e-13 
2.2502542136180462e-13 
2.2502542136180462e-13 
2.2502542136180462e-13 
2.2502542136180462e-13 
2.2502542136180462e-13 
2.2502542136180462e-13 
2.2502542136180462e-13 
2.2502542136180462e-13 
2.2502542136180462e-13 
2.2502542136180462e-13 
2.2502542136180462e-13 
2.2502542136180462e-13 
2.2502542136180462e-13 
2.2502542136180462e-13 
2.2502542136180462e-13 
2.2502542136180462e-13 
2.2502542136180462e-13 
2.2502542136180462e-13 
2.2502542136180462e-13 
2.2502542136180462e-13 
2.2502542136180462e-13 
2.2502542136180462e-13 
2.2502542136180462e-13 
2.2502542136180462e-13 
2.2502542136180462e-13 
2.2502542136180462e-13 
2.2502542136180462e-13 
2.2502542136180462e-13 
2.2502542136180462e-13 
2.2502542136180462e-13 
2.2502542136180462e-13 
2.2502542136180462e-13 
2.2502542136180462e-13 
2.2502542136180462e-13 
2.2502542136180462e-13 
2.2502542136180462e-13 
2.2502542136180462e-13 
2.2502542136180462e-13 
2.2502542136180462e-13 
2.2502542136180462e-13 
2.2502542136180462e-13 
2.2502542136180462e-13 
2.2502542136180462e-13 
2.2502542136180462e-13 
2.2502542136180462e-13 
2.2502542136180462e-13 
2.2502542136180462e-13 
2.2502542136180462e-13 
2.2502542136180462e-13 
2.2502542136180462e-13 
2.2502542136180462e-13 
2.2502542136180462e-13 
2.2502542136180462e-13 
2.2502542136180462e-13 
2.2502542136180462e-13 
2.2502542136180462e-13 
2.2502542136180462e-13 
2.2502542136180462e-13 
2.2502542136180462e-13 
2.2502542136180462e-13 
2.2502542136180462e-13 
2.2502542136180462e-13 
2.2502542136180462e-13 
2.2502542136180462e-13 
2.2502542136180462e-13 
2.2502542136180462e-13 
2.2502542136180462e-13 
2.2502542136180462e-13 
2.2502542136180462e-13 
2.2502542136180462e-13 
2.2502542136180462e-13 
2.2502542136180462e-13 
2.2502542136180462e-13 
2.2502542136180462e-13 
2.2502542136180462e-13 
2.2502542136180462e-13 
2.2502542136180462e-13 
2.2502542136180462e-13 
2.2502542136180462e-13 
2.2502542136180462e-13 
2.2502542136180462e-13 
2.2502542136180462e-13 
2.2502542136180462e-13 
2.2502542136180462e-13 
2.2502542136180462e-13 
2.2502542136180462e-13 
2.2502542136180462e-13 
2.2502542136180462e-13 
2.2502542136180462e-13 
2.2502542136180462e-13 
2.2502542136180462e-13 
2.2502542136180462e-13 
2.2502542136180462e-13 
2.2502542136180462e-13 
2.2502542136180462e-13 
2.2502542136180462e-13 
2.2502542136180462e-13 
2.2502542136180462e-13 
2.2502542136180462e-13 
2.2502542136180462e-13 
2.2502542136180462e-13 
2.2502542136180462e-13 
2.2502542136180462e-13 
2.2502542136180462e-13 
2.2502542136180462e-13 
2.2502542136180462e-13 
2.2502542136180462e-13 
2.2502542136180462e-13 
2.2502542136180462e-13 
2.2502542136180462e-13 
2.2502542136180462e-13 
2.2502542136180462e-13 
2.2502542136180462e-13 
2.2502542136180462e-13 
2.2502542136180462e-13 
2.2502542136180462e-13 
2.2502542136180462e-13 
2.2502542136180462e-13 
2.2502542136180462e-13 
2.2502542136180462e-13 
2.2502542136180462e-13 
2.2502542136180462e-13 
2.2502542136180462e-13 
2.2502542136180462e-13 
2.2502542136180462e-13 
2.2502542136180462e-13 
2.2502542136180462e-13 
2.2502542136180462e-13 
2.2502542136180462e-13 
2.2502542136180462e-13 
2.2502542136180462e-13 
2.2502542136180462e-13 
2.2502542136180462e-13 
2.2502542136180462e-13 
2.2502542136180462e-13 
2.2502542136180462e-13 
2.2502542136180462e-13 
2.2502542136180462e-13 
2.2502542136180462e-13 
2.2502542136180462e-13 
2.2502542136180462e-13 
2.2502542136180462e-13 
2.2502542136180462e-13 
2.2502542136180462e-13 
2.2502542136180462e-13 
2.2502542136180462e-13 
2.2502542136180462e-13 
2.2502542136180462e-13 
2.2502542136180462e-13 
2.2502542136180462e-13 
2.2502542136180462e-13 
2.2502542136180462e-13 
2.2502542136180462e-13 
2.2502542136180462e-13 
2.2502542136180462e-13 
2.2502542136180462e-13 
2.2502542136180462e-13 
2.2502542136180462e-13 
2.2502542136180462e-13 
2.2502542136180462e-13 
2.2502542136180462e-13 
2.2502542136180462e-13 
2.2502542136180462e-13 
2.2502542136180462e-13 
2.2502542136180462e-13 
2.2502542136180462e-13 
2.2502542136180462e-13 
2.2502542136180462e-13 
2.2502542136180462e-13 
2.2502542136180462e-13 
2.2502542136180462e-13 
2.2502542136180462e-13 
2.2502542136180462e-13 
2.2502542136180462e-13 
2.2502542136180462e-13 
2.2502542136180462e-13 
2.2502542136180462e-13 
2.2502542136180462e-13 
2.2502542136180462e-13 
2.2502542136180462e-13 
2.2502542136180462e-13 
2.2502542136180462e-13 
2.2502542136180462e-13 
2.2502542136180462e-13 
2.2502542136180462e-13 
2.2502542136180462e-13 
2.2502542136180462e-13 
2.2502542136180462e-13 
2.2502542136180462e-13 
2.2502542136180462e-13 
2.2502542136180462e-13 
2.2502542136180462e-13 
2.2502542136180462e-13 
2.2502542136180462e-13 
2.2502542136180462e-13 
2.2502542136180462e-13 
2.2502542136180462e-13 
2.2502542136180462e-13 
2.2502542136180462e-13 
2.2502542136180462e-13 
2.2502542136180462e-13 
2.2502542136180462e-13 
2.2502542136180462e-13 
2.2502542136180462e-13 
2.2502542136180462e-13 
2.2502542136180462e-13 
2.2502542136180462e-13 
2.2502542136180462e-13 
2.2502542136180462e-13 
2.2502542136180462e-13 
2.2502542136180462e-13 
2.2502542136180462e-13 
2.2502542136180462e-13 
2.2502542136180462e-13 
2.2502542136180462e-13 
2.2502542136180462e-13 
2.2502542136180462e-13 
2.2502542136180462e-13 
2.2502542136180462e-13 
2.2502542136180462e-13 
2.2502542136180462e-13 
2.2502542136180462e-13 
2.2502542136180462e-13 
2.2502542136180462e-13 
2.2502542136180462e-13 
2.2502542136180462e-13 
2.2502542136180462e-13 
2.2502542136180462e-13 
2.2502542136180462e-13 
2.2502542136180462e-13 
2.2502542136180462e-13 
2.2502542136180462e-13 
2.2502542136180462e-13 
2.2502542136180462e-13 
2.2502542136180462e-13 
2.2502542136180462e-13 
2.2502542136180462e-13 
2.2502542136180462e-13 
2.2502542136180462e-13 
2.2502542136180462e-13 
2.2502542136180462e-13 
2.2502542136180462e-13 
2.2502542136180462e-13 
2.2502542136180462e-13 
2.2502542136180462e-13 
2.2502542136180462e-13 
2.2502542136180462e-13 
2.2502542136180462e-13 
2.2502542136180462e-13 
2.2502542136180462e-13 
2.2502542136180462e-13 
2.2502542136180462e-13 
2.2502542136180462e-13 
2.2502542136180462e-13 
2.2502542136180462e-13 
2.2502542136180462e-13 
2.2502542136180462e-13 
2.2502542136180462e-13 
2.2502542136180462e-13 
2.2502542136180462e-13 
2.2502542136180462e-13 
2.2502542136180462e-13 
2.2502542136180462e-13 
2.2502542136180462e-13 
2.2502542136180462e-13 
2.2502542136180462e-13 
2.2502542136180462e-13 
2.2502542136180462e-13 
2.2502542136180462e-13 
2.2502542136180462e-13 
2.2502542136180462e-13 
2.2502542136180462e-13 
2.2502542136180462e-13 
2.2502542136180462e-13 
2.2502542136180462e-13 
2.2502542136180462e-13 
2.2502542136180462e-13 
2.2502542136180462e-13 
2.2502542136180462e-13 
2.2502542136180462e-13 
2.2502542136180462e-13 
2.2502542136180462e-13 
2.2502542136180462e-13 
2.2502542136180462e-13 
2.2502542136180462e-13 
2.2502542136180462e-13 
2.2502542136180462e-13 
2.2502542136180462e-13 
2.2502542136180462e-13 
2.2502542136180462e-13 
2.2502542136180462e-13 
2.2502542136180462e-13 
2.2502542136180462e-13 
2.2502542136180462e-13 
2.2502542136180462e-13 
2.2502542136180462e-13 
2.2502542136180462e-13 
2.2502542136180462e-13 
2.2502542136180462e-13 
2.2502542136180462e-13 
2.2502542136180462e-13 
2.2502542136180462e-13 
2.2502542136180462e-13 
2.2502542136180462e-13 
2.2502542136180462e-13 
2.2502542136180462e-13 
2.2502542136180462e-13 
2.2502542136180462e-13 
2.2502542136180462e-13 
2.2502542136180462e-13 
2.2502542136180462e-13 
2.2502542136180462e-13 
2.2502542136180462e-13 
2.2502542136180462e-13 
2.2502542136180462e-13 
2.2502542136180462e-13 
2.2502542136180462e-13 
2.2502542136180462e-13 
2.2502542136180462e-13 
2.2502542136180462e-13 
2.2502542136180462e-13 
2.2502542136180462e-13 
2.2502542136180462e-13 
2.2502542136180462e-13 
2.2502542136180462e-13 
2.2502542136180462e-13 
2.2502542136180462e-13 
2.2502542136180462e-13 
2.2502542136180462e-13 
2.2502542136180462e-13 
2.2502542136180462e-13 
2.2502542136180462e-13 
2.2502542136180462e-13 
2.2502542136180462e-13 
2.2502542136180462e-13 
2.2502542136180462e-13 
2.2502542136180462e-13 
2.2502542136180462e-13 
2.2502542136180462e-13 
2.2502542136180462e-13 
2.2502542136180462e-13 
2.2502542136180462e-13 
2.2502542136180462e-13 
2.2502542136180462e-13 
2.2502542136180462e-13 
2.2502542136180462e-13 
2.2502542136180462e-13 
2.2502542136180462e-13 
2.2502542136180462e-13 
2.2502542136180462e-13 
2.2502542136180462e-13 
2.2502542136180462e-13 
2.2502542136180462e-13 
2.2502542136180462e-13 
2.2502542136180462e-13 
2.2502542136180462e-13 
2.2502542136180462e-13 
2.2502542136180462e-13 
2.2502542136180462e-13 
2.2502542136180462e-13 
2.2502542136180462e-13 
2.2502542136180462e-13 
2.2502542136180462e-13 
2.2502542136180462e-13 
2.2502542136180462e-13 
2.2502542136180462e-13 
2.2502542136180462e-13 
2.2502542136180462e-13 
2.2502542136180462e-13 
2.2502542136180462e-13 
2.2502542136180462e-13 
2.2502542136180462e-13 
2.2502542136180462e-13 
2.2502542136180462e-13 
2.2502542136180462e-13 
2.2502542136180462e-13 
2.2502542136180462e-13 
2.2502542136180462e-13 
2.2502542136180462e-13 
2.2502542136180462e-13 
2.2502542136180462e-13 
2.2502542136180462e-13 
2.2502542136180462e-13 
2.2502542136180462e-13 
2.2502542136180462e-13 
2.2502542136180462e-13 
2.2502542136180462e-13 
2.2502542136180462e-13 
2.2502542136180462e-13 
2.2502542136180462e-13 
2.2502542136180462e-13 
2.2502542136180462e-13 
2.2502542136180462e-13 
2.2502542136180462e-13 
2.2502542136180462e-13 
2.2502542136180462e-13 
2.2502542136180462e-13 
2.2502542136180462e-13 
2.2502542136180462e-13 
2.2502542136180462e-13 
2.2502542136180462e-13 
2.2502542136180462e-13 
2.2502542136180462e-13 
2.2502542136180462e-13 
2.2502542136180462e-13 
2.2502542136180462e-13 
2.2502542136180462e-13 
2.2502542136180462e-13 
2.2502542136180462e-13 
2.2502542136180462e-13 
2.2502542136180462e-13 
2.2502542136180462e-13 
2.2502542136180462e-13 
2.2502542136180462e-13 
2.2502542136180462e-13 
2.2502542136180462e-13 
2.2502542136180462e-13 
2.2502542136180462e-13 
2.2502542136180462e-13 
2.2502542136180462e-13 
2.2502542136180462e-13 
2.2502542136180462e-13 
2.2502542136180462e-13 
2.2502542136180462e-13 
2.2502542136180462e-13 
2.2502542136180462e-13 
2.2502542136180462e-13 
2.2502542136180462e-13 
2.2502542136180462e-13 
2.2502542136180462e-13 
2.2502542136180462e-13 
2.2502542136180462e-13 
2.2502542136180462e-13 
2.2502542136180462e-13 
2.2502542136180462e-13 
2.2502542136180462e-13 
2.2502542136180462e-13 
2.2502542136180462e-13 
2.2502542136180462e-13 
2.2502542136180462e-13 
2.2502542136180462e-13 
2.2502542136180462e-13 
2.2502542136180462e-13 
2.2502542136180462e-13 
2.2502542136180462e-13 
2.2502542136180462e-13 
2.2502542136180462e-13 
2.2502542136180462e-13 
2.2502542136180462e-13 
2.2502542136180462e-13 
2.2502542136180462e-13 
2.2502542136180462e-13 
2.2502542136180462e-13 
2.2502542136180462e-13 
2.2502542136180462e-13 
2.2502542136180462e-13 
2.2502542136180462e-13 
2.2502542136180462e-13 
2.2502542136180462e-13 
2.2502542136180462e-13 
2.2502542136180462e-13 
2.2502542136180462e-13 
2.2502542136180462e-13 
2.2502542136180462e-13 
2.2502542136180462e-13 
2.2502542136180462e-13 
2.2502542136180462e-13 
2.2502542136180462e-13 
2.2502542136180462e-13 
2.2502542136180462e-13 
2.2502542136180462e-13 
2.2502542136180462e-13 
2.2502542136180462e-13 
2.2502542136180462e-13 
2.2502542136180462e-13 
2.2502542136180462e-13 
2.2502542136180462e-13 
2.2502542136180462e-13 
2.2502542136180462e-13 
2.2502542136180462e-13 
2.2502542136180462e-13 
2.2502542136180462e-13 
2.2502542136180462e-13 
2.2502542136180462e-13 
2.2502542136180462e-13 
2.2502542136180462e-13 
2.2502542136180462e-13 
2.2502542136180462e-13 
2.2502542136180462e-13 
2.2502542136180462e-13 
2.2502542136180462e-13 
2.2502542136180462e-13 
2.2502542136180462e-13 
2.2502542136180462e-13 
2.2502542136180462e-13 
2.2502542136180462e-13 
2.2502542136180462e-13 
2.2502542136180462e-13 
2.2502542136180462e-13 
2.2502542136180462e-13 
2.2502542136180462e-13 
2.2502542136180462e-13 
2.2502542136180462e-13 
2.2502542136180462e-13 
2.2502542136180462e-13 
2.2502542136180462e-13 
2.2502542136180462e-13 
2.2502542136180462e-13 
2.2502542136180462e-13 
2.2502542136180462e-13 
2.2502542136180462e-13 
2.2502542136180462e-13 
2.2502542136180462e-13 
2.2502542136180462e-13 
2.2502542136180462e-13 
2.2502542136180462e-13 
2.2502542136180462e-13 
2.2502542136180462e-13 
2.2502542136180462e-13 
2.2502542136180462e-13 
2.2502542136180462e-13 
2.2502542136180462e-13 
2.2502542136180462e-13 
2.2502542136180462e-13 
2.2502542136180462e-13 
2.2502542136180462e-13 
2.2502542136180462e-13 
2.2502542136180462e-13 
2.2502542136180462e-13 
2.2502542136180462e-13 
2.2502542136180462e-13 
2.2502542136180462e-13 
2.2502542136180462e-13 
2.2502542136180462e-13 
2.2502542136180462e-13 
2.2502542136180462e-13 
2.2502542136180462e-13 
2.2502542136180462e-13 
2.2502542136180462e-13 
2.2502542136180462e-13 
2.2502542136180462e-13 
2.2502542136180462e-13 
2.2502542136180462e-13 
2.2502542136180462e-13 
2.2502542136180462e-13 
2.2502542136180462e-13 
2.2502542136180462e-13 
2.2502542136180462e-13 
2.2502542136180462e-13 
2.2502542136180462e-13 
2.2502542136180462e-13 
2.2502542136180462e-13 
2.2502542136180462e-13 
2.2502542136180462e-13 
2.2502542136180462e-13 
2.2502542136180462e-13 
2.2502542136180462e-13 
2.2502542136180462e-13 
2.2502542136180462e-13 
2.2502542136180462e-13 
2.2502542136180462e-13 
2.2502542136180462e-13 
2.2502542136180462e-13 
2.2502542136180462e-13 
2.2502542136180462e-13 
2.2502542136180462e-13 
2.2502542136180462e-13 
2.2502542136180462e-13 
2.2502542136180462e-13 
2.2502542136180462e-13 
2.2502542136180462e-13 
2.2502542136180462e-13 
2.2502542136180462e-13 
2.2502542136180462e-13 
2.2502542136180462e-13 
2.2502542136180462e-13 
2.2502542136180462e-13 
2.2502542136180462e-13 
2.2502542136180462e-13 
2.2502542136180462e-13 
2.2502542136180462e-13 
2.2502542136180462e-13 
2.2502542136180462e-13 
2.2502542136180462e-13 
2.2502542136180462e-13 
2.2502542136180462e-13 
2.2502542136180462e-13 
2.2502542136180462e-13 
2.2502542136180462e-13 
2.2502542136180462e-13 
2.2502542136180462e-13 
2.2502542136180462e-13 
2.2502542136180462e-13 
2.2502542136180462e-13 
2.2502542136180462e-13 
2.2502542136180462e-13 
2.2502542136180462e-13 
2.2502542136180462e-13 
2.2502542136180462e-13 
2.2502542136180462e-13 
2.2502542136180462e-13 
2.2502542136180462e-13 
2.2502542136180462e-13 
2.2502542136180462e-13 
2.2502542136180462e-13 
2.2502542136180462e-13 
2.2502542136180462e-13 
2.2502542136180462e-13 
2.2502542136180462e-13 
2.2502542136180462e-13 
2.2502542136180462e-13 
2.2502542136180462e-13 
2.2502542136180462e-13 
2.2502542136180462e-13 
2.2502542136180462e-13 
2.2502542136180462e-13 
2.2502542136180462e-13 
2.2502542136180462e-13 
2.2502542136180462e-13 
2.2502542136180462e-13 
2.2502542136180462e-13 
2.2502542136180462e-13 
2.2502542136180462e-13 
2.2502542136180462e-13 
2.2502542136180462e-13 
2.2502542136180462e-13 
2.2502542136180462e-13 
2.2502542136180462e-13 
2.2502542136180462e-13 
2.2502542136180462e-13 
2.2502542136180462e-13 
2.2502542136180462e-13 
2.2502542136180462e-13 
2.2502542136180462e-13 
2.2502542136180462e-13 
