0.99364079603131938 
0.0086474423105229459 
0.0086474423105229459 
0.0086474423105229459 
0.0086474423105229459 
0.0086474423105229459 
0.0086474423105229459 
0.0086474423105229459 
0.0086474423105229459 
0.0086474423105229459 
0.0086474423105229459 
0.0086474423105229459 
0.0086474423105229459 
0.0086474423105229459 
0.0086474423105229459 
0.0086474423105229459 
0.0052752971138766425 
0.0052752971138766425 
0.0052752971138766425 
0.0030438137673931553 
0.0030438137673931553 
0.0030438137673931553 
0.0030438137673931553 
0.0030438137673931553 
0.0030438137673931553 
0.0030438137673931553 
0.0030438137673931553 
0.0028693974836720981 
0.0028693974836720981 
0.0028693974836720981 
0.0028693974836720981 
0.0028693974836720981 
0.0028693974836720981 
0.0028693974836720981 
0.0028693974836720981 
0.0028693974836720981 
0.0028693974836720981 
0.0028693974836720981 
1.8681875889381416e-05 
1.8681875889381416e-05 
1.8681875889381416e-05 
1.8681875889381416e-05 
1.8681875889381416e-05 
1.8681875889381416e-05 
1.8681875889381416e-05 
1.8681875889381416e-05 
1.8681875889381416e-05 
1.8681875889381416e-05 
1.8681875889381416e-05 
1.8681875889381416e-05 
1.8681875889381416e-05 
1.8681875889381416e-05 
1.8681875889381416e-05 
1.8681875889381416e-05 
1.8681875889381416e-05 
1.8681875889381416e-05 
1.8681875889381416e-05 
1.8681875889381416e-05 
1.8681875889381416e-05 
1.8681875889381416e-05 
1.8681875889381416e-05 
1.8681875889381416e-05 
1.8681875889381416e-05 
1.8681875889381416e-05 
1.8681875889381416e-05 
1.8681875889381416e-05 
1.8681875889381416e-05 
1.8681875889381416e-05 
1.8681875889381416e-05 
1.8681875889381416e-05 
1.8681875889381416e-05 
1.8681875889381416e-05 
1.8681875889381416e-05 
1.8681875889381416e-05 
1.8681875889381416e-05 
1.8681875889381416e-05 
1.8681875889381416e-05 
1.8681875889381416e-05 
1.8681875889381416e-05 
1.8681875889381416e-05 
1.8681875889381416e-05 
1.8681875889381416e-05 
1.8681875889381416e-05 
1.8681875889381416e-05 
1.8681875889381416e-05 
1.8681875889381416e-05 
1.8681875889381416e-05 
1.8681875889381416e-05 
1.8681875889381416e-05 
1.8681875889381416e-05 
1.8681875889381416e-05 
1.8681875889381416e-05 
1.8681875889381416e-05 
1.8681875889381416e-05 
1.8681875889381416e-05 
1.8681875889381416e-05 
1.8681875889381416e-05 
1.8681875889381416e-05 
1.8681875889381416e-05 
1.8681875889381416e-05 
1.8681875889381416e-05 
1.8681875889381416e-05 
1.8681875889381416e-05 
1.8681875889381416e-05 
1.8292497490079995e-06 
1.8292497490079995e-06 
1.8292497490079995e-06 
1.8292497490079995e-06 
1.8292497490079995e-06 
1.8292497490079995e-06 
1.8292497490079995e-06 
1.8292497490079995e-06 
1.8292497490079995e-06 
1.8292497490079995e-06 
1.8292497490079995e-06 
1.8292497490079995e-06 
1.8292497490079995e-06 
1.8292497490079995e-06 
1.8292497490079995e-06 
1.8292497490079995e-06 
1.8292497490079995e-06 
1.8292497490079995e-06 
1.8292497490079995e-06 
1.8292497490079995e-06 
1.8292497490079995e-06 
1.8292497490079995e-06 
1.8292497490079995e-06 
1.8292497490079995e-06 
1.8292497490079995e-06 
1.8292497490079995e-06 
1.8292497490079995e-06 
1.8292497490079995e-06 
5.2369836500698597e-07 
5.2369836500698597e-07 
5.2369836500698597e-07 
5.2369836500698597e-07 
1.6094888144468911e-07 
1.6094888144468911e-07 
1.6094888144468911e-07 
1.6094888144468911e-07 
1.6094888144468911e-07 
1.6094888144468911e-07 
1.6094888144468911e-07 
1.6094888144468911e-07 
2.9283427349646729e-08 
2.9283427349646729e-08 
2.9283427349646729e-08 
2.9283427349646729e-08 
2.9283427349646729e-08 
2.9283427349646729e-08 
2.9283427349646729e-08 
2.9283427349646729e-08 
2.9283427349646729e-08 
2.9283427349646729e-08 
2.9283427349646729e-08 
2.9283427349646729e-08 
2.9283427349646729e-08 
2.9283427349646729e-08 
2.9283427349646729e-08 
2.9283427349646729e-08 
2.9283427349646729e-08 
2.9283427349646729e-08 
2.9283427349646729e-08 
2.9283427349646729e-08 
2.9283427349646729e-08 
2.9283427349646729e-08 
2.9283427349646729e-08 
2.9283427349646729e-08 
2.9283427349646729e-08 
2.9283427349646729e-08 
2.9283427349646729e-08 
2.9283427349646729e-08 
2.9283427349646729e-08 
2.2922830744676048e-08 
2.2922830744676048e-08 
2.2922830744676048e-08 
2.2922830744676048e-08 
2.2922830744676048e-08 
2.2922830744676048e-08 
2.2922830744676048e-08 
1.887303979763999e-08 
1.602299570802046e-08 
1.602299570802046e-08 
1.6538338476479453e-09 
1.6538338476479453e-09 
1.6538338476479453e-09 
1.6538338476479453e-09 
1.6538338476479453e-09 
1.6538338476479453e-09 
1.6538338476479453e-09 
1.6538338476479453e-09 
1.6538338476479453e-09 
1.6538338476479453e-09 
1.6538338476479453e-09 
1.6538338476479453e-09 
1.6538338476479453e-09 
1.6538338476479453e-09 
1.6538338476479453e-09 
1.6538338476479453e-09 
1.6538338476479453e-09 
1.6538338476479453e-09 
1.6538338476479453e-09 
1.6538338476479453e-09 
1.6538338476479453e-09 
5.7992333157841358e-10 
5.7992333157841358e-10 
5.7992333157841358e-10 
5.7992333157841358e-10 
5.7992333157841358e-10 
5.7992333157841358e-10 
5.7992333157841358e-10 
4.0189152006320228e-10 
4.0189152006320228e-10 
4.0189152006320228e-10 
4.0189152006320228e-10 
4.0189152006320228e-10 
4.0189152006320228e-10 
4.0189152006320228e-10 
3.6565972472146768e-10 
3.6565972472146768e-10 
3.6565972472146768e-10 
3.6565972472146768e-10 
3.6565972472146768e-10 
3.6565972472146768e-10 
3.6565972472146768e-10 
3.6565972472146768e-10 
3.6565972472146768e-10 
3.6565972472146768e-10 
3.6565972472146768e-10 
3.4153124772728916e-10 
2.732025716767339e-10 
1.3032575019167325e-11 
1.3032575019167325e-11 
1.3032575019167325e-11 
1.3032575019167325e-11 
1.3032575019167325e-11 
1.3032575019167325e-11 
1.3032575019167325e-11 
1.3032575019167325e-11 
2.2229995622069509e-12 
2.2229995622069509e-12 
2.2229995622069509e-12 
2.2229995622069509e-12 
2.2229995622069509e-12 
2.2229995622069509e-12 
2.2229995622069509e-12 
1.851407915864911e-12 
1.7371659666309824e-12 
1.7371659666309824e-12 
1.7371659666309824e-12 
1.7371659666309824e-12 
1.7371659666309824e-12 
1.7371659666309824e-12 
1.7371659666309824e-12 
1.7371659666309824e-12 
1.7371659666309824e-12 
1.7371659666309824e-12 
1.7371659666309824e-12 
1.7371659666309824e-12 
1.7371659666309824e-12 
1.7371659666309824e-12 
1.7371659666309824e-12 
1.7371659666309824e-12 
1.7371659666309824e-12 
1.7371659666309824e-12 
1.7371659666309824e-12 
1.7371659666309824e-12 
1.7371659666309824e-12 
1.7371659666309824e-12 
1.7371659666309824e-12 
1.7371659666309824e-12 
1.7371659666309824e-12 
1.7371659666309824e-12 
1.7371659666309824e-12 
1.7371659666309824e-12 
1.7371659666309824e-12 
1.7371659666309824e-12 
1.7371659666309824e-12 
1.7371659666309824e-12 
1.7371659666309824e-12 
1.7371659666309824e-12 
1.7371659666309824e-12 
1.7371659666309824e-12 
1.7371659666309824e-12 
1.7371659666309824e-12 
1.7371659666309824e-12 
1.7371659666309824e-12 
1.7371659666309824e-12 
1.7371659666309824e-12 
1.7371659666309824e-12 
1.7371659666309824e-12 
1.7371659666309824e-12 
1.7371659666309824e-12 
1.7371659666309824e-12 
1.7371659666309824e-12 
1.7371659666309824e-12 
1.7371659666309824e-12 
1.7371659666309824e-12 
1.7371659666309824e-12 
1.7371659666309824e-12 
1.7371659666309824e-12 
1.7371659666309824e-12 
1.7371659666309824e-12 
1.7371659666309824e-12 
1.7371659666309824e-12 
1.7371659666309824e-12 
1.7371659666309824e-12 
1.7371659666309824e-12 
1.7371659666309824e-12 
1.7371659666309824e-12 
1.7371659666309824e-12 
1.7371659666309824e-12 
1.7371659666309824e-12 
1.7371659666309824e-12 
1.7371659666309824e-12 
1.7371659666309824e-12 
1.7371659666309824e-12 
1.7371659666309824e-12 
1.7371659666309824e-12 
1.7371659666309824e-12 
1.7371659666309824e-12 
1.7371659666309824e-12 
1.7371659666309824e-12 
1.7371659666309824e-12 
1.7371659666309824e-12 
1.7371659666309824e-12 
1.7371659666309824e-12 
1.7371659666309824e-12 
1.7371659666309824e-12 
1.7371659666309824e-12 
1.7371659666309824e-12 
1.7371659666309824e-12 
1.7371659666309824e-12 
1.7371659666309824e-12 
1.7371659666309824e-12 
1.7371659666309824e-12 
1.7371659666309824e-12 
1.7371659666309824e-12 
1.7371659666309824e-12 
1.7371659666309824e-12 
1.7371659666309824e-12 
1.7371659666309824e-12 
1.7371659666309824e-12 
1.7371659666309824e-12 
1.7371659666309824e-12 
1.7371659666309824e-12 
1.7371659666309824e-12 
1.7371659666309824e-12 
1.7371659666309824e-12 
1.7371659666309824e-12 
1.7371659666309824e-12 
1.7371659666309824e-12 
1.7371659666309824e-12 
1.7371659666309824e-12 
1.7371659666309824e-12 
1.7371659666309824e-12 
1.7371659666309824e-12 
1.7371659666309824e-12 
1.7371659666309824e-12 
1.7371659666309824e-12 
1.7371659666309824e-12 
1.7371659666309824e-12 
1.7371659666309824e-12 
1.7371659666309824e-12 
1.7371659666309824e-12 
1.7371659666309824e-12 
1.7371659666309824e-12 
1.7371659666309824e-12 
1.7371659666309824e-12 
1.7371659666309824e-12 
1.7371659666309824e-12 
1.7371659666309824e-12 
1.7371659666309824e-12 
1.7371659666309824e-12 
1.7371659666309824e-12 
1.7371659666309824e-12 
1.7371659666309824e-12 
1.7371659666309824e-12 
1.7371659666309824e-12 
1.7371659666309824e-12 
1.7371659666309824e-12 
1.7371659666309824e-12 
1.7371659666309824e-12 
1.7371659666309824e-12 
1.7371659666309824e-12 
1.7371659666309824e-12 
1.7371659666309824e-12 
1.7371659666309824e-12 
1.7371659666309824e-12 
1.7371659666309824e-12 
1.7371659666309824e-12 
1.7371659666309824e-12 
1.7371659666309824e-12 
1.7371659666309824e-12 
1.7371659666309824e-12 
1.7371659666309824e-12 
1.7371659666309824e-12 
1.7371659666309824e-12 
1.7371659666309824e-12 
1.7371659666309824e-12 
1.7371659666309824e-12 
1.7371659666309824e-12 
1.7371659666309824e-12 
1.7371659666309824e-12 
1.7371659666309824e-12 
1.7371659666309824e-12 
1.7371659666309824e-12 
1.7371659666309824e-12 
1.7371659666309824e-12 
1.7371659666309824e-12 
1.7371659666309824e-12 
1.7371659666309824e-12 
1.7371659666309824e-12 
1.7371659666309824e-12 
1.7371659666309824e-12 
1.7371659666309824e-12 
1.7371659666309824e-12 
1.7371659666309824e-12 
1.7371659666309824e-12 
1.7371659666309824e-12 
1.7371659666309824e-12 
1.7371659666309824e-12 
1.7371659666309824e-12 
1.7371659666309824e-12 
1.7371659666309824e-12 
1.7371659666309824e-12 
1.7371659666309824e-12 
1.7371659666309824e-12 
1.7371659666309824e-12 
1.7371659666309824e-12 
1.7371659666309824e-12 
1.7371659666309824e-12 
1.7371659666309824e-12 
1.7371659666309824e-12 
1.7371659666309824e-12 
1.7371659666309824e-12 
1.7371659666309824e-12 
1.7371659666309824e-12 
1.7371659666309824e-12 
1.7371659666309824e-12 
1.7371659666309824e-12 
1.7371659666309824e-12 
1.7371659666309824e-12 
1.7371659666309824e-12 
1.7371659666309824e-12 
1.7371659666309824e-12 
1.7371659666309824e-12 
1.7371659666309824e-12 
1.7371659666309824e-12 
1.7371659666309824e-12 
1.7371659666309824e-12 
1.7371659666309824e-12 
1.7371659666309824e-12 
1.7371659666309824e-12 
1.7371659666309824e-12 
1.7371659666309824e-12 
1.7371659666309824e-12 
1.7371659666309824e-12 
1.7371659666309824e-12 
1.7371659666309824e-12 
1.7371659666309824e-12 
1.7371659666309824e-12 
1.7371659666309824e-12 
1.7371659666309824e-12 
1.7371659666309824e-12 
1.7371659666309824e-12 
1.7371659666309824e-12 
1.7371659666309824e-12 
1.7371659666309824e-12 
1.7371659666309824e-12 
1.7371659666309824e-12 
1.7371659666309824e-12 
1.7371659666309824e-12 
1.7371659666309824e-12 
1.7371659666309824e-12 
1.7371659666309824e-12 
1.7371659666309824e-12 
1.7371659666309824e-12 
1.7371659666309824e-12 
1.7371659666309824e-12 
1.7371659666309824e-12 
1.7371659666309824e-12 
1.7371659666309824e-12 
1.7371659666309824e-12 
1.7371659666309824e-12 
1.7371659666309824e-12 
1.7371659666309824e-12 
1.7371659666309824e-12 
1.7371659666309824e-12 
1.7371659666309824e-12 
1.7371659666309824e-12 
1.7371659666309824e-12 
1.7371659666309824e-12 
1.7371659666309824e-12 
1.7371659666309824e-12 
1.7371659666309824e-12 
1.7371659666309824e-12 
1.7371659666309824e-12 
1.7371659666309824e-12 
1.7371659666309824e-12 
1.7371659666309824e-12 
1.7371659666309824e-12 
1.7371659666309824e-12 
1.7371659666309824e-12 
1.7371659666309824e-12 
1.7371659666309824e-12 
1.7371659666309824e-12 
1.7371659666309824e-12 
1.7371659666309824e-12 
1.7371659666309824e-12 
1.7371659666309824e-12 
1.7371659666309824e-12 
1.7371659666309824e-12 
1.7371659666309824e-12 
1.7371659666309824e-12 
1.7371659666309824e-12 
1.7371659666309824e-12 
1.7371659666309824e-12 
1.7371659666309824e-12 
1.7371659666309824e-12 
1.7371659666309824e-12 
1.7371659666309824e-12 
1.7371659666309824e-12 
1.7371659666309824e-12 
1.7371659666309824e-12 
1.7371659666309824e-12 
1.7371659666309824e-12 
1.7371659666309824e-12 
1.7371659666309824e-12 
1.7371659666309824e-12 
1.7371659666309824e-12 
1.7371659666309824e-12 
1.7371659666309824e-12 
1.7371659666309824e-12 
1.7371659666309824e-12 
1.7371659666309824e-12 
1.7371659666309824e-12 
1.7371659666309824e-12 
1.7371659666309824e-12 
1.7371659666309824e-12 
1.7371659666309824e-12 
1.7371659666309824e-12 
1.7371659666309824e-12 
1.7371659666309824e-12 
1.7371659666309824e-12 
1.7371659666309824e-12 
1.7371659666309824e-12 
1.7371659666309824e-12 
1.7371659666309824e-12 
1.7371659666309824e-12 
1.7371659666309824e-12 
1.7371659666309824e-12 
1.7371659666309824e-12 
1.7371659666309824e-12 
1.7371659666309824e-12 
1.7371659666309824e-12 
1.7371659666309824e-12 
1.7371659666309824e-12 
1.7371659666309824e-12 
1.7371659666309824e-12 
1.7371659666309824e-12 
1.7371659666309824e-12 
1.7371659666309824e-12 
1.7371659666309824e-12 
1.7371659666309824e-12 
1.7371659666309824e-12 
1.7371659666309824e-12 
1.7371659666309824e-12 
1.7371659666309824e-12 
1.7371659666309824e-12 
1.7371659666309824e-12 
1.7371659666309824e-12 
1.7371659666309824e-12 
1.7371659666309824e-12 
1.7371659666309824e-12 
1.7371659666309824e-12 
1.7371659666309824e-12 
1.7371659666309824e-12 
1.7371659666309824e-12 
1.7371659666309824e-12 
1.7371659666309824e-12 
1.7371659666309824e-12 
1.7371659666309824e-12 
1.7371659666309824e-12 
1.7371659666309824e-12 
1.7371659666309824e-12 
1.7371659666309824e-12 
1.7371659666309824e-12 
1.7371659666309824e-12 
1.7371659666309824e-12 
1.7371659666309824e-12 
1.7371659666309824e-12 
1.7371659666309824e-12 
1.7371659666309824e-12 
1.7371659666309824e-12 
1.7371659666309824e-12 
1.7371659666309824e-12 
1.7371659666309824e-12 
1.7371659666309824e-12 
1.7371659666309824e-12 
1.7371659666309824e-12 
1.7371659666309824e-12 
1.7371659666309824e-12 
1.7371659666309824e-12 
1.7371659666309824e-12 
1.7371659666309824e-12 
1.7371659666309824e-12 
1.7371659666309824e-12 
1.7371659666309824e-12 
1.7371659666309824e-12 
1.7371659666309824e-12 
1.7371659666309824e-12 
1.7371659666309824e-12 
1.7371659666309824e-12 
1.7371659666309824e-12 
1.7371659666309824e-12 
1.7371659666309824e-12 
1.7371659666309824e-12 
1.7371659666309824e-12 
1.7371659666309824e-12 
1.7371659666309824e-12 
1.7371659666309824e-12 
1.7371659666309824e-12 
1.7371659666309824e-12 
1.7371659666309824e-12 
1.7371659666309824e-12 
1.7371659666309824e-12 
1.7371659666309824e-12 
1.7371659666309824e-12 
1.7371659666309824e-12 
1.7371659666309824e-12 
1.7371659666309824e-12 
1.7371659666309824e-12 
1.7371659666309824e-12 
1.7371659666309824e-12 
1.7371659666309824e-12 
1.7371659666309824e-12 
1.7371659666309824e-12 
1.7371659666309824e-12 
1.7371659666309824e-12 
1.7371659666309824e-12 
1.7371659666309824e-12 
1.7371659666309824e-12 
1.7371659666309824e-12 
1.7371659666309824e-12 
1.7371659666309824e-12 
1.7371659666309824e-12 
1.7371659666309824e-12 
1.7371659666309824e-12 
1.7371659666309824e-12 
1.7371659666309824e-12 
1.7371659666309824e-12 
1.7371659666309824e-12 
1.7371659666309824e-12 
1.7371659666309824e-12 
1.7371659666309824e-12 
1.7371659666309824e-12 
1.7371659666309824e-12 
1.7371659666309824e-12 
1.7371659666309824e-12 
1.7371659666309824e-12 
1.7371659666309824e-12 
1.7371659666309824e-12 
1.7371659666309824e-12 
1.7371659666309824e-12 
1.7371659666309824e-12 
1.7371659666309824e-12 
1.7371659666309824e-12 
1.7371659666309824e-12 
1.7371659666309824e-12 
1.7371659666309824e-12 
1.7371659666309824e-12 
1.7371659666309824e-12 
1.7371659666309824e-12 
1.7371659666309824e-12 
1.7371659666309824e-12 
1.7371659666309824e-12 
1.7371659666309824e-12 
1.7371659666309824e-12 
1.7371659666309824e-12 
1.7371659666309824e-12 
1.7371659666309824e-12 
1.7371659666309824e-12 
1.7371659666309824e-12 
1.7371659666309824e-12 
1.7371659666309824e-12 
1.7371659666309824e-12 
1.7371659666309824e-12 
1.7371659666309824e-12 
1.7371659666309824e-12 
1.7371659666309824e-12 
1.7371659666309824e-12 
1.7371659666309824e-12 
1.7371659666309824e-12 
1.7371659666309824e-12 
1.7371659666309824e-12 
1.7371659666309824e-12 
1.7371659666309824e-12 
1.7371659666309824e-12 
1.7371659666309824e-12 
1.7371659666309824e-12 
1.7371659666309824e-12 
1.7371659666309824e-12 
1.7371659666309824e-12 
1.7371659666309824e-12 
1.7371659666309824e-12 
1.7371659666309824e-12 
1.7371659666309824e-12 
1.7371659666309824e-12 
1.7371659666309824e-12 
1.7371659666309824e-12 
1.7371659666309824e-12 
1.7371659666309824e-12 
1.7371659666309824e-12 
1.7371659666309824e-12 
1.7371659666309824e-12 
1.7371659666309824e-12 
1.7371659666309824e-12 
1.7371659666309824e-12 
1.7371659666309824e-12 
1.7371659666309824e-12 
1.7371659666309824e-12 
1.7371659666309824e-12 
1.7371659666309824e-12 
1.7371659666309824e-12 
1.7371659666309824e-12 
1.7371659666309824e-12 
1.7371659666309824e-12 
1.7371659666309824e-12 
1.7371659666309824e-12 
1.7371659666309824e-12 
1.7371659666309824e-12 
1.7371659666309824e-12 
1.7371659666309824e-12 
1.7371659666309824e-12 
1.7371659666309824e-12 
1.7371659666309824e-12 
1.7371659666309824e-12 
1.7371659666309824e-12 
1.7371659666309824e-12 
1.7371659666309824e-12 
1.7371659666309824e-12 
1.7371659666309824e-12 
1.7371659666309824e-12 
1.7371659666309824e-12 
1.7371659666309824e-12 
1.7371659666309824e-12 
1.7371659666309824e-12 
1.7371659666309824e-12 
1.7371659666309824e-12 
1.7371659666309824e-12 
1.7371659666309824e-12 
1.7371659666309824e-12 
1.7371659666309824e-12 
1.7371659666309824e-12 
1.7371659666309824e-12 
1.7371659666309824e-12 
1.7371659666309824e-12 
1.7371659666309824e-12 
1.7371659666309824e-12 
1.7371659666309824e-12 
1.7371659666309824e-12 
1.7371659666309824e-12 
1.7371659666309824e-12 
1.7371659666309824e-12 
1.7371659666309824e-12 
1.7371659666309824e-12 
1.7371659666309824e-12 
1.7371659666309824e-12 
1.7371659666309824e-12 
1.7371659666309824e-12 
1.7371659666309824e-12 
1.7371659666309824e-12 
1.7371659666309824e-12 
1.7371659666309824e-12 
1.7371659666309824e-12 
1.7371659666309824e-12 
1.7371659666309824e-12 
1.7371659666309824e-12 
1.7371659666309824e-12 
1.7371659666309824e-12 
1.7371659666309824e-12 
1.7371659666309824e-12 
1.7371659666309824e-12 
1.7371659666309824e-12 
1.7371659666309824e-12 
1.7371659666309824e-12 
1.7371659666309824e-12 
1.7371659666309824e-12 
1.7371659666309824e-12 
1.7371659666309824e-12 
1.7371659666309824e-12 
1.7371659666309824e-12 
1.7371659666309824e-12 
1.7371659666309824e-12 
1.7371659666309824e-12 
1.7371659666309824e-12 
1.7371659666309824e-12 
1.7371659666309824e-12 
1.7371659666309824e-12 
1.7371659666309824e-12 
1.7371659666309824e-12 
1.7371659666309824e-12 
1.7371659666309824e-12 
1.7371659666309824e-12 
1.7371659666309824e-12 
1.7371659666309824e-12 
1.7371659666309824e-12 
1.7371659666309824e-12 
1.7371659666309824e-12 
1.7371659666309824e-12 
1.7371659666309824e-12 
1.7371659666309824e-12 
1.7371659666309824e-12 
1.7371659666309824e-12 
1.7371659666309824e-12 
1.7371659666309824e-12 
1.7371659666309824e-12 
1.7371659666309824e-12 
1.7371659666309824e-12 
1.7371659666309824e-12 
1.7371659666309824e-12 
1.7371659666309824e-12 
1.7371659666309824e-12 
1.7371659666309824e-12 
1.7371659666309824e-12 
1.7371659666309824e-12 
1.7371659666309824e-12 
1.7371659666309824e-12 
1.7371659666309824e-12 
1.7371659666309824e-12 
1.7371659666309824e-12 
1.7371659666309824e-12 
1.7371659666309824e-12 
1.7371659666309824e-12 
1.7371659666309824e-12 
1.7371659666309824e-12 
1.7371659666309824e-12 
1.7371659666309824e-12 
1.7371659666309824e-12 
1.7371659666309824e-12 
1.7371659666309824e-12 
1.7371659666309824e-12 
1.7371659666309824e-12 
1.7371659666309824e-12 
1.7371659666309824e-12 
1.7371659666309824e-12 
1.7371659666309824e-12 
1.7371659666309824e-12 
1.7371659666309824e-12 
1.7371659666309824e-12 
1.7371659666309824e-12 
1.7371659666309824e-12 
1.7371659666309824e-12 
1.7371659666309824e-12 
1.7371659666309824e-12 
1.7371659666309824e-12 
1.7371659666309824e-12 
1.7371659666309824e-12 
1.7371659666309824e-12 
1.7371659666309824e-12 
1.7371659666309824e-12 
1.7371659666309824e-12 
1.7371659666309824e-12 
1.7371659666309824e-12 
1.7371659666309824e-12 
1.7371659666309824e-12 
1.7371659666309824e-12 
1.7371659666309824e-12 
1.7371659666309824e-12 
1.7371659666309824e-12 
1.7371659666309824e-12 
1.7371659666309824e-12 
1.7371659666309824e-12 
1.7371659666309824e-12 
1.7371659666309824e-12 
1.7371659666309824e-12 
1.7371659666309824e-12 
1.7371659666309824e-12 
1.7371659666309824e-12 
1.7371659666309824e-12 
1.7371659666309824e-12 
1.7371659666309824e-12 
1.7371659666309824e-12 
1.7371659666309824e-12 
1.7371659666309824e-12 
1.7371659666309824e-12 
1.7371659666309824e-12 
1.7371659666309824e-12 
1.7371659666309824e-12 
1.7371659666309824e-12 
1.7371659666309824e-12 
1.7371659666309824e-12 
1.7371659666309824e-12 
1.7371659666309824e-12 
1.7371659666309824e-12 
1.7371659666309824e-12 
1.7371659666309824e-12 
1.7371659666309824e-12 
1.7371659666309824e-12 
1.7371659666309824e-12 
1.7371659666309824e-12 
1.7371659666309824e-12 
1.7371659666309824e-12 
1.7371659666309824e-12 
1.7371659666309824e-12 
1.7371659666309824e-12 
1.7371659666309824e-12 
1.7371659666309824e-12 
1.7371659666309824e-12 
1.7371659666309824e-12 
1.7371659666309824e-12 
1.7371659666309824e-12 
1.7371659666309824e-12 
1.7371659666309824e-12 
1.7371659666309824e-12 
1.7371659666309824e-12 
1.7371659666309824e-12 
1.7371659666309824e-12 
1.7371659666309824e-12 
1.7371659666309824e-12 
1.7371659666309824e-12 
1.7371659666309824e-12 
1.7371659666309824e-12 
1.7371659666309824e-12 
1.7371659666309824e-12 
1.7371659666309824e-12 
1.7371659666309824e-12 
1.7371659666309824e-12 
1.7371659666309824e-12 
1.7371659666309824e-12 
1.7371659666309824e-12 
1.7371659666309824e-12 
1.7371659666309824e-12 
1.7371659666309824e-12 
1.7371659666309824e-12 
1.7371659666309824e-12 
1.7371659666309824e-12 
1.7371659666309824e-12 
1.7371659666309824e-12 
1.7371659666309824e-12 
1.7371659666309824e-12 
1.7371659666309824e-12 
1.7371659666309824e-12 
1.7371659666309824e-12 
1.7371659666309824e-12 
1.7371659666309824e-12 
1.7371659666309824e-12 
1.7371659666309824e-12 
1.7371659666309824e-12 
1.7371659666309824e-12 
1.7371659666309824e-12 
1.7371659666309824e-12 
1.7371659666309824e-12 
1.7371659666309824e-12 
1.7371659666309824e-12 
1.7371659666309824e-12 
1.7371659666309824e-12 
1.7371659666309824e-12 
1.7371659666309824e-12 
1.7371659666309824e-12 
1.7371659666309824e-12 
1.7371659666309824e-12 
1.7371659666309824e-12 
1.7371659666309824e-12 
1.7371659666309824e-12 
1.7371659666309824e-12 
1.7371659666309824e-12 
1.7371659666309824e-12 
1.7371659666309824e-12 
1.7371659666309824e-12 
1.7371659666309824e-12 
1.7371659666309824e-12 
1.7371659666309824e-12 
1.7371659666309824e-12 
1.7371659666309824e-12 
1.7371659666309824e-12 
1.7371659666309824e-12 
1.7371659666309824e-12 
1.7371659666309824e-12 
1.7371659666309824e-12 
1.7371659666309824e-12 
1.7371659666309824e-12 
1.7371659666309824e-12 
1.7371659666309824e-12 
1.7371659666309824e-12 
1.7371659666309824e-12 
1.7371659666309824e-12 
1.7371659666309824e-12 
1.7371659666309824e-12 
1.7371659666309824e-12 
1.7371659666309824e-12 
1.7371659666309824e-12 
1.7371659666309824e-12 
1.7371659666309824e-12 
1.7371659666309824e-12 
1.7371659666309824e-12 
1.7371659666309824e-12 
1.7371659666309824e-12 
1.7371659666309824e-12 
