0.51390209343793558 
0.51390209343793558 
0.35241402743092776 
0.22128727519266933 
0.15110920111778869 
0.092397128030130449 
0.065044696465752949 
0.039022919402193268 
0.029137522939822635 
0.017404565800126726 
0.014245217593130355 
0.0087749842469989625 
0.0080471040003877725 
0.0053823344027524866 
0.0053625268219538169 
0.0041147899984337322 
0.0041070014758834983 
0.003718019175481313 
0.0036934300218650629 
0.0034969658028176642 
0.0034959725513810103 
0.0034248959461560258 
0.0034245810631815532 
0.0033912986840495263 
0.0033912986840495263 
0.0033807409744451844 
0.0033798151663133602 
0.0033660912136190824 
0.0033660912136190824 
0.0033617802778012074 
0.0033617456582540894 
0.0033596752526240392 
0.0033596752526240392 
0.003359282631388627 
0.003359282631388627 
0.0033592030858942135 
0.0033592030858942135 
0.0033592030858942135 
0.0033592030858942135 
0.0033592030858942135 
0.0033592030858942135 
0.0033592030858942135 
0.0033592030858942135 
0.0033592030858942135 
0.0033592030858942135 
0.0033592030858942135 
0.0033592030858942135 
0.0033592030858942135 
0.0033592030858942135 
0.0033592030858942135 
0.0033592030858942135 
0.0033592030858942135 
0.0033592030858942135 
0.0033592030858942135 
0.0033592030858942135 
0.0033592030858942135 
0.0033592030858942135 
0.0033592030858942135 
0.0033592030858942135 
0.0033592030858942135 
0.0033592030858942135 
0.0033592030858942135 
0.0033592030858942135 
0.0033592030858942135 
0.0033592030858942135 
0.0033592030858942135 
0.0033592030858942135 
0.0033592030858942135 
0.0033592030858942135 
0.0033592030858942135 
0.0033592030858942135 
0.0033592030858942135 
0.0033592030858942135 
0.0033592030858942135 
0.0033592030858942135 
0.0033592030858942135 
0.0033592030858942135 
0.0033592030858942135 
0.0033592030858942135 
0.0033592030858942135 
0.0033592030858942135 
0.0033592030858942135 
0.0033592030858942135 
0.0033592030858942135 
0.0033592030858942135 
0.0033592030858942135 
0.0033592030858942135 
0.0033592030858942135 
0.0033592030858942135 
0.0033592030858942135 
0.0033592030858942135 
0.0033592030858942135 
0.0033592030858942135 
0.0033592030858942135 
0.0033592030858942135 
0.0033592030858942135 
0.0033592030858942135 
0.0033592030858942135 
0.0033592030858942135 
0.0033592030858942135 
0.0033592030858942135 
0.0033592030858942135 
0.0033592030858942135 
0.0033592030858942135 
0.0033592030858942135 
0.0033592030858942135 
0.0033592030858942135 
0.0033592030858942135 
0.0033592030858942135 
0.0033592030858942135 
0.0033592030858942135 
0.0033592030858942135 
0.0033592030858942135 
0.0033592030858942135 
0.0033592030858942135 
0.0033592030858942135 
0.0033592030858942135 
0.0033592030858942135 
0.0033592030858942135 
0.0033592030858942135 
0.0033592030858942135 
0.0033592030858942135 
0.0033592030858942135 
0.0033592030858942135 
0.0033592030858942135 
0.0033592030858942135 
0.0033592030858942135 
0.0033592030858942135 
0.0033592030858942135 
0.0033592030858942135 
0.0033592030858942135 
0.0033592030858942135 
0.0033592030858942135 
0.0033592030858942135 
0.0033592030858942135 
0.0033592030858942135 
0.0033592030858942135 
0.0033592030858942135 
0.0033592030858942135 
0.0033592030858942135 
0.0033592030858942135 
0.0033592030858942135 
0.0033592030858942135 
0.0033592030858942135 
0.0033592030858942135 
0.0033592030858942135 
0.0033592030858942135 
0.0033592030858942135 
0.0033592030858942135 
0.0033592030858942135 
0.0033592030858942135 
0.0033592030858942135 
0.0033592030858942135 
0.0033592030858942135 
0.0033592030858942135 
0.0033592030858942135 
0.0033592030858942135 
0.0033592030858942135 
0.0033592030858942135 
0.0033592030858942135 
0.0033592030858942135 
0.0033592030858942135 
0.0033592030858942135 
0.0033592030858942135 
0.0033592030858942135 
0.0033592030858942135 
0.0033592030858942135 
0.0033592030858942135 
0.0033592030858942135 
0.0033592030858942135 
0.0033592030858942135 
0.0033592030858942135 
0.0033592030858942135 
0.0033592030858942135 
0.0033592030858942135 
0.0033592030858942135 
0.0033592030858942135 
0.0033592030858942135 
0.0033592030858942135 
0.0033592030858942135 
0.0033592030858942135 
0.0033592030858942135 
0.0033592030858942135 
0.0033592030858942135 
0.0033592030858942135 
0.0033592030858942135 
0.0033592030858942135 
0.0033592030858942135 
0.0033592030858942135 
0.0033592030858942135 
0.0033592030858942135 
0.0033592030858942135 
0.0033592030858942135 
0.0033592030858942135 
0.0033592030858942135 
0.0033592030858942135 
0.0033592030858942135 
0.0033592030858942135 
0.0033592030858942135 
0.0033592030858942135 
0.0033592030858942135 
0.0033592030858942135 
0.0033592030858942135 
0.0033592030858942135 
0.0033592030858942135 
0.0033592030858942135 
0.0033592030858942135 
0.0033592030858942135 
0.0033592030858942135 
0.0033592030858942135 
0.0033592030858942135 
0.0033592030858942135 
0.0033592030858942135 
0.0033592030858942135 
0.0033592030858942135 
0.0033592030858942135 
0.0033592030858942135 
0.0033592030858942135 
0.0033592030858942135 
0.0033592030858942135 
0.0033592030858942135 
0.0033592030858942135 
0.0033592030858942135 
0.0033592030858942135 
0.0033592030858942135 
0.0033592030858942135 
0.0033592030858942135 
0.0033592030858942135 
0.0033592030858942135 
0.0033592030858942135 
0.0033592030858942135 
0.0033592030858942135 
0.0033592030858942135 
0.0033592030858942135 
0.0033592030858942135 
0.0033592030858942135 
0.0033592030858942135 
0.0033592030858942135 
0.0033592030858942135 
0.0033592030858942135 
0.0033592030858942135 
0.0033592030858942135 
0.0033592030858942135 
0.0033592030858942135 
0.0033592030858942135 
0.0033592030858942135 
0.0033592030858942135 
0.0033592030858942135 
0.0033592030858942135 
0.0033592030858942135 
0.0033592030858942135 
0.0033592030858942135 
0.0033592030858942135 
0.0033592030858942135 
0.0033592030858942135 
0.0033592030858942135 
0.0033592030858942135 
0.0033592030858942135 
0.0033592030858942135 
0.0033592030858942135 
0.0033592030858942135 
0.0033592030858942135 
0.0033592030858942135 
0.0033592030858942135 
0.0033592030858942135 
0.0033592030858942135 
0.0033592030858942135 
0.0033592030858942135 
0.0033592030858942135 
0.0033592030858942135 
0.0033592030858942135 
0.0033592030858942135 
0.0033592030858942135 
0.0033592030858942135 
0.0033592030858942135 
0.0033592030858942135 
0.0033592030858942135 
0.0033592030858942135 
0.0033592030858942135 
0.0033592030858942135 
0.0033592030858942135 
0.0033592030858942135 
0.0033592030858942135 
0.0033592030858942135 
0.0033592030858942135 
0.0033592030858942135 
0.0033592030858942135 
0.0033592030858942135 
0.0033592030858942135 
0.0033592030858942135 
0.0033592030858942135 
0.0033592030858942135 
0.0033592030858942135 
0.0033592030858942135 
0.0033592030858942135 
0.0033592030858942135 
0.0033592030858942135 
0.0033592030858942135 
0.0033592030858942135 
0.0033592030858942135 
0.0033592030858942135 
0.0033592030858942135 
0.0033592030858942135 
0.0033592030858942135 
0.0033592030858942135 
0.0033592030858942135 
0.0033592030858942135 
0.0033592030858942135 
0.0033592030858942135 
0.0033592030858942135 
0.0033592030858942135 
0.0033592030858942135 
0.0033592030858942135 
0.0033592030858942135 
0.0033592030858942135 
0.0033592030858942135 
0.0033592030858942135 
0.0033592030858942135 
0.0033592030858942135 
0.0033592030858942135 
0.0033592030858942135 
0.0033592030858942135 
0.0033592030858942135 
0.0033592030858942135 
0.0033592030858942135 
0.0033592030858942135 
0.0033592030858942135 
0.0033592030858942135 
0.0033592030858942135 
0.0033592030858942135 
0.0033592030858942135 
0.0033592030858942135 
0.0033592030858942135 
0.0033592030858942135 
0.0033592030858942135 
0.0033592030858942135 
0.0033592030858942135 
0.0033592030858942135 
0.0033592030858942135 
0.0033592030858942135 
0.0033592030858942135 
0.0033592030858942135 
0.0033592030858942135 
0.0033592030858942135 
0.0033592030858942135 
0.0033592030858942135 
0.0033592030858942135 
0.0033592030858942135 
0.0033592030858942135 
0.0033592030858942135 
0.0033592030858942135 
0.0033592030858942135 
0.0033592030858942135 
0.0033592030858942135 
0.0033592030858942135 
0.0033592030858942135 
0.0033592030858942135 
0.0033592030858942135 
0.0033592030858942135 
0.0033592030858942135 
0.0033592030858942135 
0.0033592030858942135 
0.0033592030858942135 
0.0033592030858942135 
0.0033592030858942135 
0.0033592030858942135 
0.0033592030858942135 
0.0033592030858942135 
0.0033592030858942135 
0.0033592030858942135 
0.0033592030858942135 
0.0033592030858942135 
0.0033592030858942135 
0.0033592030858942135 
0.0033592030858942135 
0.0033592030858942135 
0.0033592030858942135 
0.0033592030858942135 
0.0033592030858942135 
0.0033592030858942135 
0.0033592030858942135 
0.0033592030858942135 
0.0033592030858942135 
0.0033592030858942135 
0.0033592030858942135 
0.0033592030858942135 
0.0033592030858942135 
0.0033592030858942135 
0.0033592030858942135 
0.0033592030858942135 
0.0033592030858942135 
0.0033592030858942135 
0.0033592030858942135 
0.0033592030858942135 
0.0033592030858942135 
0.0033592030858942135 
0.0033592030858942135 
0.0033592030858942135 
0.0033592030858942135 
0.0033592030858942135 
0.0033592030858942135 
0.0033592030858942135 
0.0033592030858942135 
0.0033592030858942135 
0.0033592030858942135 
0.0033592030858942135 
0.0033592030858942135 
0.0033592030858942135 
0.0033592030858942135 
0.0033592030858942135 
0.0033592030858942135 
0.0033592030858942135 
0.0033592030858942135 
0.0033592030858942135 
0.0033592030858942135 
0.0033592030858942135 
0.0033592030858942135 
0.0033592030858942135 
0.0033592030858942135 
0.0033592030858942135 
0.0033592030858942135 
0.0033592030858942135 
0.0033592030858942135 
0.0033592030858942135 
0.0033592030858942135 
0.0033592030858942135 
0.0033592030858942135 
0.0033592030858942135 
0.0033592030858942135 
0.0033592030858942135 
0.0033592030858942135 
0.0033592030858942135 
0.0033592030858942135 
0.0033592030858942135 
0.0033592030858942135 
0.0033592030858942135 
0.0033592030858942135 
0.0033592030858942135 
0.0033592030858942135 
0.0033592030858942135 
0.0033592030858942135 
0.0033592030858942135 
0.0033592030858942135 
0.0033592030858942135 
0.0033592030858942135 
0.0033592030858942135 
0.0033592030858942135 
0.0033592030858942135 
0.0033592030858942135 
0.0033592030858942135 
0.0033592030858942135 
0.0033592030858942135 
0.0033592030858942135 
0.0033592030858942135 
0.0033592030858942135 
0.0033592030858942135 
0.0033592030858942135 
0.0033592030858942135 
0.0033592030858942135 
0.0033592030858942135 
0.0033592030858942135 
0.0033592030858942135 
0.0033592030858942135 
0.0033592030858942135 
0.0033592030858942135 
0.0033592030858942135 
0.0033592030858942135 
0.0033592030858942135 
0.0033592030858942135 
0.0033592030858942135 
0.0033592030858942135 
0.0033592030858942135 
0.0033592030858942135 
0.0033592030858942135 
0.0033592030858942135 
0.0033592030858942135 
0.0033592030858942135 
0.0033592030858942135 
0.0033592030858942135 
0.0033592030858942135 
0.0033592030858942135 
0.0033592030858942135 
0.0033592030858942135 
0.0033592030858942135 
0.0033592030858942135 
0.0033592030858942135 
0.0033592030858942135 
0.0033592030858942135 
0.0033592030858942135 
0.0033592030858942135 
0.0033592030858942135 
0.0033592030858942135 
0.0033592030858942135 
0.0033592030858942135 
0.0033592030858942135 
0.0033592030858942135 
0.0033592030858942135 
0.0033592030858942135 
0.0033592030858942135 
0.0033592030858942135 
0.0033592030858942135 
0.0033592030858942135 
0.0033592030858942135 
0.0033592030858942135 
0.0033592030858942135 
0.0033592030858942135 
0.0033592030858942135 
0.0033592030858942135 
0.0033592030858942135 
0.0033592030858942135 
0.0033592030858942135 
0.0033592030858942135 
0.0033592030858942135 
0.0033592030858942135 
0.0033592030858942135 
0.0033592030858942135 
0.0033592030858942135 
0.0033592030858942135 
0.0033592030858942135 
0.0033592030858942135 
0.0033592030858942135 
0.0033592030858942135 
0.0033592030858942135 
0.0033592030858942135 
0.0033592030858942135 
0.0033592030858942135 
0.0033592030858942135 
0.0033592030858942135 
0.0033592030858942135 
0.0033592030858942135 
0.0033592030858942135 
0.0033592030858942135 
0.0033592030858942135 
0.0033592030858942135 
0.0033592030858942135 
0.0033592030858942135 
0.0033592030858942135 
0.0033592030858942135 
0.0033592030858942135 
0.0033592030858942135 
0.0033592030858942135 
0.0033592030858942135 
0.0033592030858942135 
0.0033592030858942135 
0.0033592030858942135 
0.0033592030858942135 
0.0033592030858942135 
0.0033592030858942135 
0.0033592030858942135 
0.0033592030858942135 
0.0033592030858942135 
0.0033592030858942135 
0.0033592030858942135 
0.0033592030858942135 
0.0033592030858942135 
0.0033592030858942135 
0.0033592030858942135 
0.0033592030858942135 
0.0033592030858942135 
0.0033592030858942135 
0.0033592030858942135 
0.0033592030858942135 
0.0033592030858942135 
0.0033592030858942135 
0.0033592030858942135 
0.0033592030858942135 
0.0033592030858942135 
0.0033592030858942135 
0.0033592030858942135 
0.0033592030858942135 
0.0033592030858942135 
0.0033592030858942135 
0.0033592030858942135 
0.0033592030858942135 
0.0033592030858942135 
0.0033592030858942135 
0.0033592030858942135 
0.0033592030858942135 
0.0033592030858942135 
0.0033592030858942135 
0.0033592030858942135 
0.0033592030858942135 
0.0033592030858942135 
0.0033592030858942135 
0.0033592030858942135 
0.0033592030858942135 
0.0033592030858942135 
0.0033592030858942135 
0.0033592030858942135 
0.0033592030858942135 
0.0033592030858942135 
0.0033592030858942135 
0.0033592030858942135 
0.0033592030858942135 
0.0033592030858942135 
0.0033592030858942135 
0.0033592030858942135 
0.0033592030858942135 
0.0033592030858942135 
0.0033592030858942135 
0.0033592030858942135 
0.0033592030858942135 
0.0033592030858942135 
0.0033592030858942135 
0.0033592030858942135 
0.0033592030858942135 
0.0033592030858942135 
0.0033592030858942135 
0.0033592030858942135 
0.0033592030858942135 
0.0033592030858942135 
0.0033592030858942135 
0.0033592030858942135 
0.0033592030858942135 
0.0033592030858942135 
0.0033592030858942135 
0.0033592030858942135 
0.0033592030858942135 
0.0033592030858942135 
0.0033592030858942135 
0.0033592030858942135 
0.0033592030858942135 
0.0033592030858942135 
0.0033592030858942135 
0.0033592030858942135 
0.0033592030858942135 
0.0033592030858942135 
0.0033592030858942135 
0.0033592030858942135 
0.0033592030858942135 
0.0033592030858942135 
0.0033592030858942135 
0.0033592030858942135 
0.0033592030858942135 
0.0033592030858942135 
0.0033592030858942135 
0.0033592030858942135 
0.0033592030858942135 
0.0033592030858942135 
0.0033592030858942135 
0.0033592030858942135 
0.0033592030858942135 
0.0033592030858942135 
0.0033592030858942135 
0.0033592030858942135 
0.0033592030858942135 
0.0033592030858942135 
0.0033592030858942135 
0.0033592030858942135 
0.0033592030858942135 
0.0033592030858942135 
0.0033592030858942135 
0.0033592030858942135 
0.0033592030858942135 
0.0033592030858942135 
0.0033592030858942135 
0.0033592030858942135 
0.0033592030858942135 
0.0033592030858942135 
0.0033592030858942135 
0.0033592030858942135 
0.0033592030858942135 
0.0033592030858942135 
0.0033592030858942135 
0.0033592030858942135 
0.0033592030858942135 
0.0033592030858942135 
0.0033592030858942135 
0.0033592030858942135 
0.0033592030858942135 
0.0033592030858942135 
0.0033592030858942135 
0.0033592030858942135 
0.0033592030858942135 
0.0033592030858942135 
0.0033592030858942135 
0.0033592030858942135 
0.0033592030858942135 
0.0033592030858942135 
0.0033592030858942135 
0.0033592030858942135 
0.0033592030858942135 
0.0033592030858942135 
0.0033592030858942135 
0.0033592030858942135 
0.0033592030858942135 
0.0033592030858942135 
0.0033592030858942135 
0.0033592030858942135 
0.0033592030858942135 
0.0033592030858942135 
0.0033592030858942135 
0.0033592030858942135 
0.0033592030858942135 
0.0033592030858942135 
0.0033592030858942135 
0.0033592030858942135 
0.0033592030858942135 
0.0033592030858942135 
0.0033592030858942135 
0.0033592030858942135 
0.0033592030858942135 
0.0033592030858942135 
0.0033592030858942135 
0.0033592030858942135 
0.0033592030858942135 
0.0033592030858942135 
0.0033592030858942135 
0.0033592030858942135 
0.0033592030858942135 
0.0033592030858942135 
0.0033592030858942135 
0.0033592030858942135 
0.0033592030858942135 
0.0033592030858942135 
0.0033592030858942135 
0.0033592030858942135 
0.0033592030858942135 
0.0033592030858942135 
0.0033592030858942135 
0.0033592030858942135 
0.0033592030858942135 
0.0033592030858942135 
0.0033592030858942135 
0.0033592030858942135 
0.0033592030858942135 
0.0033592030858942135 
0.0033592030858942135 
0.0033592030858942135 
0.0033592030858942135 
0.0033592030858942135 
0.0033592030858942135 
0.0033592030858942135 
0.0033592030858942135 
0.0033592030858942135 
0.0033592030858942135 
0.0033592030858942135 
0.0033592030858942135 
0.0033592030858942135 
0.0033592030858942135 
0.0033592030858942135 
0.0033592030858942135 
0.0033592030858942135 
0.0033592030858942135 
0.0033592030858942135 
0.0033592030858942135 
0.0033592030858942135 
0.0033592030858942135 
0.0033592030858942135 
0.0033592030858942135 
0.0033592030858942135 
0.0033592030858942135 
0.0033592030858942135 
0.0033592030858942135 
0.0033592030858942135 
0.0033592030858942135 
0.0033592030858942135 
0.0033592030858942135 
0.0033592030858942135 
0.0033592030858942135 
0.0033592030858942135 
0.0033592030858942135 
0.0033592030858942135 
0.0033592030858942135 
0.0033592030858942135 
0.0033592030858942135 
0.0033592030858942135 
0.0033592030858942135 
0.0033592030858942135 
0.0033592030858942135 
0.0033592030858942135 
0.0033592030858942135 
0.0033592030858942135 
0.0033592030858942135 
0.0033592030858942135 
0.0033592030858942135 
0.0033592030858942135 
0.0033592030858942135 
0.0033592030858942135 
0.0033592030858942135 
0.0033592030858942135 
0.0033592030858942135 
0.0033592030858942135 
0.0033592030858942135 
0.0033592030858942135 
0.0033592030858942135 
0.0033592030858942135 
0.0033592030858942135 
0.0033592030858942135 
0.0033592030858942135 
0.0033592030858942135 
0.0033592030858942135 
0.0033592030858942135 
0.0033592030858942135 
0.0033592030858942135 
0.0033592030858942135 
0.0033592030858942135 
0.0033592030858942135 
0.0033592030858942135 
0.0033592030858942135 
0.0033592030858942135 
0.0033592030858942135 
0.0033592030858942135 
0.0033592030858942135 
0.0033592030858942135 
0.0033592030858942135 
0.0033592030858942135 
0.0033592030858942135 
0.0033592030858942135 
0.0033592030858942135 
0.0033592030858942135 
0.0033592030858942135 
0.0033592030858942135 
0.0033592030858942135 
0.0033592030858942135 
0.0033592030858942135 
0.0033592030858942135 
0.0033592030858942135 
0.0033592030858942135 
0.0033592030858942135 
0.0033592030858942135 
0.0033592030858942135 
0.0033592030858942135 
0.0033592030858942135 
0.0033592030858942135 
0.0033592030858942135 
0.0033592030858942135 
0.0033592030858942135 
0.0033592030858942135 
0.0033592030858942135 
0.0033592030858942135 
0.0033592030858942135 
0.0033592030858942135 
0.0033592030858942135 
0.0033592030858942135 
0.0033592030858942135 
0.0033592030858942135 
0.0033592030858942135 
0.0033592030858942135 
0.0033592030858942135 
0.0033592030858942135 
0.0033592030858942135 
0.0033592030858942135 
0.0033592030858942135 
0.0033592030858942135 
0.0033592030858942135 
0.0033592030858942135 
0.0033592030858942135 
0.0033592030858942135 
0.0033592030858942135 
0.0033592030858942135 
0.0033592030858942135 
0.0033592030858942135 
0.0033592030858942135 
0.0033592030858942135 
0.0033592030858942135 
0.0033592030858942135 
0.0033592030858942135 
0.0033592030858942135 
0.0033592030858942135 
0.0033592030858942135 
0.0033592030858942135 
0.0033592030858942135 
0.0033592030858942135 
0.0033592030858942135 
0.0033592030858942135 
0.0033592030858942135 
0.0033592030858942135 
0.0033592030858942135 
0.0033592030858942135 
0.0033592030858942135 
0.0033592030858942135 
0.0033592030858942135 
0.0033592030858942135 
0.0033592030858942135 
0.0033592030858942135 
0.0033592030858942135 
0.0033592030858942135 
0.0033592030858942135 
0.0033592030858942135 
0.0033592030858942135 
0.0033592030858942135 
0.0033592030858942135 
0.0033592030858942135 
0.0033592030858942135 
0.0033592030858942135 
0.0033592030858942135 
0.0033592030858942135 
0.0033592030858942135 
0.0033592030858942135 
0.0033592030858942135 
0.0033592030858942135 
0.0033592030858942135 
0.0033592030858942135 
0.0033592030858942135 
0.0033592030858942135 
0.0033592030858942135 
0.0033592030858942135 
0.0033592030858942135 
0.0033592030858942135 
0.0033592030858942135 
0.0033592030858942135 
0.0033592030858942135 
0.0033592030858942135 
0.0033592030858942135 
0.0033592030858942135 
0.0033592030858942135 
0.0033592030858942135 
0.0033592030858942135 
0.0033592030858942135 
0.0033592030858942135 
0.0033592030858942135 
0.0033592030858942135 
0.0033592030858942135 
0.0033592030858942135 
0.0033592030858942135 
0.0033592030858942135 
0.0033592030858942135 
0.0033592030858942135 
0.0033592030858942135 
0.0033592030858942135 
0.0033592030858942135 
0.0033592030858942135 
0.0033592030858942135 
0.0033592030858942135 
0.0033592030858942135 
0.0033592030858942135 
0.0033592030858942135 
0.0033592030858942135 
0.0033592030858942135 
0.0033592030858942135 
0.0033592030858942135 
0.0033592030858942135 
0.0033592030858942135 
0.0033592030858942135 
0.0033592030858942135 
0.0033592030858942135 
0.0033592030858942135 
0.0033592030858942135 
0.0033592030858942135 
0.0033592030858942135 
0.0033592030858942135 
0.0033592030858942135 
0.0033592030858942135 
0.0033592030858942135 
0.0033592030858942135 
0.0033592030858942135 
0.0033592030858942135 
0.0033592030858942135 
0.0033592030858942135 
0.0033592030858942135 
0.0033592030858942135 
0.0033592030858942135 
0.0033592030858942135 
0.0033592030858942135 
0.0033592030858942135 
0.0033592030858942135 
0.0033592030858942135 
0.0033592030858942135 
0.0033592030858942135 
0.0033592030858942135 
0.0033592030858942135 
0.0033592030858942135 
0.0033592030858942135 
0.0033592030858942135 
0.0033592030858942135 
0.0033592030858942135 
0.0033592030858942135 
0.0033592030858942135 
0.0033592030858942135 
0.0033592030858942135 
0.0033592030858942135 
0.0033592030858942135 
0.0033592030858942135 
0.0033592030858942135 
0.0033592030858942135 
0.0033592030858942135 
0.0033592030858942135 
0.0033592030858942135 
0.0033592030858942135 
0.0033592030858942135 
0.0033592030858942135 
0.0033592030858942135 
0.0033592030858942135 
0.0033592030858942135 
0.0033592030858942135 
0.0033592030858942135 
0.0033592030858942135 
0.0033592030858942135 
0.0033592030858942135 
0.0033592030858942135 
0.0033592030858942135 
0.0033592030858942135 
0.0033592030858942135 
0.0033592030858942135 
0.0033592030858942135 
0.0033592030858942135 
0.0033592030858942135 
0.0033592030858942135 
0.0033592030858942135 
