0.92040177883356233 
0.51486687697276479 
0.51486687697276479 
0.076893690011183805 
0.076893690011183805 
0.076893690011183805 
0.076893690011183805 
0.076893690011183805 
0.039446756177469969 
0.039446756177469969 
0.039446756177469969 
0.039446756177469969 
0.039446756177469969 
0.039446756177469969 
0.039111948515291713 
0.031975645823611551 
0.031975645823611551 
0.031975645823611551 
0.031975645823611551 
0.031975645823611551 
0.031975645823611551 
0.031975645823611551 
0.031975645823611551 
0.031975645823611551 
0.031975645823611551 
0.031975645823611551 
0.031975645823611551 
0.031975645823611551 
0.031975645823611551 
0.031975645823611551 
0.031975645823611551 
0.031975645823611551 
0.031975645823611551 
0.031975645823611551 
0.031975645823611551 
0.031975645823611551 
0.031975645823611551 
0.031975645823611551 
0.031975645823611551 
0.031975645823611551 
0.031704730726797622 
0.031704730726797622 
0.031704730726797622 
0.030854496636163485 
0.030854496636163485 
0.030854496636163485 
0.030854496636163485 
0.029993693026958215 
0.029993693026958215 
0.029993693026958215 
0.029993693026958215 
0.029993693026958215 
0.029993693026958215 
0.029993693026958215 
0.028272430508337429 
0.02609534984618191 
0.025038917171789354 
0.023779200475537058 
0.023211568344031479 
0.021514311253482202 
0.020800984020097897 
0.018038624313310856 
0.016915167384016699 
0.016915167384016699 
0.016915167384016699 
0.016915167384016699 
0.016915167384016699 
0.016915167384016699 
0.016527535538628176 
0.016527535538628176 
0.016527535538628176 
0.016527535538628176 
0.016527535538628176 
0.016464725471663066 
0.016464725471663066 
0.016464725471663066 
0.016462173980835462 
0.016385423891945798 
0.015525916456190293 
0.015525916456190293 
0.015110034284943515 
0.015110034284943515 
0.015110034284943515 
0.015110034284943515 
0.014669082382923781 
0.014669082382923781 
0.014669082382923781 
0.014669082382923781 
0.014669082382923781 
0.014669082382923781 
0.014669082382923781 
0.014669082382923781 
0.014669082382923781 
0.014669082382923781 
0.014669082382923781 
0.014669082382923781 
0.014669082382923781 
0.014669082382923781 
0.014628735375958839 
0.014585486720593593 
0.014392435833521537 
0.014042877026540501 
0.01364381999942936 
0.013291565299321767 
0.01256251174418394 
0.011912707535103938 
0.011353429146053707 
0.010868468071768332 
0.010445101127239878 
0.010047057896923423 
0.0096429142841230001 
0.0093118634832695252 
0.0087287276809478384 
0.008161281877128156 
0.0076802996302684978 
0.0072693309447603169 
0.0069155796350806702 
0.0062245629643853176 
0.0058105283841915628 
0.0055299652318595901 
0.0049762088846855169 
0.0041797923341287029 
0.003512493594430198 
0.0030582539034665268 
0.0027527888056744759 
0.0021213965995476474 
0.001578149177509261 
0.0010929908687410416 
0.00078976359893981373 
0.00053634388460645113 
7.7304110982441096e-05 
2.7361819502764468e-05 
2.1910099394646683e-06 
2.1910099394646683e-06 
2.1910099394646683e-06 
2.1910099394646683e-06 
2.1910099394646683e-06 
2.1910099394646683e-06 
1.8145498483860915e-06 
3.766176653849415e-08 
3.766176653849415e-08 
3.766176653849415e-08 
3.766176653849415e-08 
3.766176653849415e-08 
3.766176653849415e-08 
3.766176653849415e-08 
3.766176653849415e-08 
3.766176653849415e-08 
3.766176653849415e-08 
3.766176653849415e-08 
3.766176653849415e-08 
3.766176653849415e-08 
1.9388190356286784e-09 
1.9388190356286784e-09 
1.9388190356286784e-09 
1.9388190356286784e-09 
1.9388190356286784e-09 
1.9388190356286784e-09 
1.9388190356286784e-09 
1.9388190356286784e-09 
1.9388190356286784e-09 
1.9388190356286784e-09 
1.9388190356286784e-09 
1.9388190356286784e-09 
1.9388190356286784e-09 
1.9388190356286784e-09 
1.9388190356286784e-09 
1.9388190356286784e-09 
1.9388190356286784e-09 
1.9388190356286784e-09 
1.9388190356286784e-09 
1.9388190356286784e-09 
1.9388190356286784e-09 
1.9388190356286784e-09 
1.9388190356286784e-09 
1.9388190356286784e-09 
1.9388190356286784e-09 
1.9388190356286784e-09 
1.9388190356286784e-09 
1.9388190356286784e-09 
1.9388190356286784e-09 
1.9388190356286784e-09 
1.9388190356286784e-09 
1.9388190356286784e-09 
1.9388190356286784e-09 
1.9388190356286784e-09 
1.9388190356286784e-09 
1.9388190356286784e-09 
1.9388190356286784e-09 
1.9388190356286784e-09 
1.9388190356286784e-09 
1.9388190356286784e-09 
1.9388190356286784e-09 
1.9388190356286784e-09 
1.9388190356286784e-09 
1.9388190356286784e-09 
1.9388190356286784e-09 
1.9388190356286784e-09 
1.5582537553513298e-09 
6.7512504823519889e-10 
6.7512504823519889e-10 
6.7512504823519889e-10 
6.7512504823519889e-10 
6.7512504823519889e-10 
6.7512504823519889e-10 
6.7512504823519889e-10 
4.738633368112192e-10 
4.738633368112192e-10 
4.738633368112192e-10 
4.738633368112192e-10 
4.738633368112192e-10 
4.738633368112192e-10 
4.6757865271891583e-10 
1.8858067763200629e-10 
1.8858067763200629e-10 
1.8858067763200629e-10 
1.8858067763200629e-10 
1.8858067763200629e-10 
1.8858067763200629e-10 
1.8274880211392095e-10 
1.3780326065371151e-10 
1.3780326065371151e-10 
1.3780326065371151e-10 
1.3780326065371151e-10 
1.3780326065371151e-10 
1.3780326065371151e-10 
8.8942498352577283e-11 
8.8942498352577283e-11 
8.8942498352577283e-11 
8.8942498352577283e-11 
6.4065177823802464e-11 
4.9923367388065424e-11 
4.9923367388065424e-11 
4.9923367388065424e-11 
4.9923367388065424e-11 
4.9923367388065424e-11 
4.9923367388065424e-11 
4.9901710369472876e-12 
4.9901710369472876e-12 
4.9901710369472876e-12 
4.9901710369472876e-12 
4.9901710369472876e-12 
4.9901710369472876e-12 
4.9901710369472876e-12 
4.9901710369472876e-12 
4.9901710369472876e-12 
4.9901710369472876e-12 
4.9901710369472876e-12 
1.7468934436333865e-12 
1.7468934436333865e-12 
1.7468934436333865e-12 
1.7468934436333865e-12 
1.7468934436333865e-12 
1.7468934436333865e-12 
1.7468934436333865e-12 
1.7468934436333865e-12 
6.6202332531503327e-13 
6.6202332531503327e-13 
6.6202332531503327e-13 
6.6202332531503327e-13 
6.6202332531503327e-13 
6.6202332531503327e-13 
6.6202332531503327e-13 
6.6202332531503327e-13 
6.6202332531503327e-13 
6.6202332531503327e-13 
6.6202332531503327e-13 
6.6202332531503327e-13 
6.6202332531503327e-13 
6.6202332531503327e-13 
6.6202332531503327e-13 
6.6202332531503327e-13 
6.6202332531503327e-13 
6.6202332531503327e-13 
6.6202332531503327e-13 
6.6202332531503327e-13 
6.6202332531503327e-13 
6.6202332531503327e-13 
6.6202332531503327e-13 
6.6202332531503327e-13 
6.6202332531503327e-13 
6.6202332531503327e-13 
6.6202332531503327e-13 
6.6202332531503327e-13 
6.6202332531503327e-13 
6.6202332531503327e-13 
6.6202332531503327e-13 
6.6202332531503327e-13 
6.6202332531503327e-13 
6.6202332531503327e-13 
6.6202332531503327e-13 
6.6202332531503327e-13 
6.6202332531503327e-13 
6.6202332531503327e-13 
6.6202332531503327e-13 
6.6202332531503327e-13 
6.6202332531503327e-13 
6.6202332531503327e-13 
6.6202332531503327e-13 
6.6202332531503327e-13 
6.6202332531503327e-13 
6.6202332531503327e-13 
6.6202332531503327e-13 
6.6202332531503327e-13 
6.6202332531503327e-13 
6.6202332531503327e-13 
6.6202332531503327e-13 
6.6202332531503327e-13 
6.6202332531503327e-13 
6.6202332531503327e-13 
6.6202332531503327e-13 
6.6202332531503327e-13 
6.6202332531503327e-13 
6.6202332531503327e-13 
6.6202332531503327e-13 
6.6202332531503327e-13 
6.6202332531503327e-13 
6.6202332531503327e-13 
6.6202332531503327e-13 
6.6202332531503327e-13 
6.6202332531503327e-13 
6.6202332531503327e-13 
6.6202332531503327e-13 
6.6202332531503327e-13 
6.6202332531503327e-13 
6.6202332531503327e-13 
6.6202332531503327e-13 
6.6202332531503327e-13 
6.6202332531503327e-13 
6.6202332531503327e-13 
6.6202332531503327e-13 
6.6202332531503327e-13 
6.6202332531503327e-13 
6.6202332531503327e-13 
6.6202332531503327e-13 
6.6202332531503327e-13 
6.6202332531503327e-13 
6.6202332531503327e-13 
6.6202332531503327e-13 
6.6202332531503327e-13 
6.6202332531503327e-13 
6.6202332531503327e-13 
6.6202332531503327e-13 
6.6202332531503327e-13 
6.6202332531503327e-13 
6.6202332531503327e-13 
6.6202332531503327e-13 
6.6202332531503327e-13 
6.6202332531503327e-13 
6.6202332531503327e-13 
6.6202332531503327e-13 
6.6202332531503327e-13 
6.6202332531503327e-13 
6.6202332531503327e-13 
6.6202332531503327e-13 
6.6202332531503327e-13 
6.6202332531503327e-13 
6.6202332531503327e-13 
6.6202332531503327e-13 
6.6202332531503327e-13 
6.6202332531503327e-13 
6.6202332531503327e-13 
6.6202332531503327e-13 
6.6202332531503327e-13 
6.6202332531503327e-13 
6.6202332531503327e-13 
6.6202332531503327e-13 
6.6202332531503327e-13 
6.6202332531503327e-13 
6.6202332531503327e-13 
6.6202332531503327e-13 
6.6202332531503327e-13 
6.6202332531503327e-13 
6.6202332531503327e-13 
6.6202332531503327e-13 
6.6202332531503327e-13 
6.6202332531503327e-13 
6.6202332531503327e-13 
6.6202332531503327e-13 
6.6202332531503327e-13 
6.6202332531503327e-13 
6.6202332531503327e-13 
6.6202332531503327e-13 
6.6202332531503327e-13 
6.6202332531503327e-13 
6.6202332531503327e-13 
6.6202332531503327e-13 
6.6202332531503327e-13 
6.6202332531503327e-13 
6.6202332531503327e-13 
6.6202332531503327e-13 
6.6202332531503327e-13 
6.6202332531503327e-13 
6.6202332531503327e-13 
6.6202332531503327e-13 
6.6202332531503327e-13 
6.6202332531503327e-13 
6.6202332531503327e-13 
6.6202332531503327e-13 
6.6202332531503327e-13 
6.6202332531503327e-13 
6.6202332531503327e-13 
6.6202332531503327e-13 
6.6202332531503327e-13 
6.6202332531503327e-13 
6.6202332531503327e-13 
6.6202332531503327e-13 
6.6202332531503327e-13 
6.6202332531503327e-13 
6.6202332531503327e-13 
6.6202332531503327e-13 
6.6202332531503327e-13 
6.6202332531503327e-13 
6.6202332531503327e-13 
6.6202332531503327e-13 
6.6202332531503327e-13 
6.6202332531503327e-13 
6.6202332531503327e-13 
6.6202332531503327e-13 
6.6202332531503327e-13 
6.6202332531503327e-13 
6.6202332531503327e-13 
6.6202332531503327e-13 
6.6202332531503327e-13 
6.6202332531503327e-13 
6.6202332531503327e-13 
6.6202332531503327e-13 
6.6202332531503327e-13 
6.6202332531503327e-13 
6.6202332531503327e-13 
6.6202332531503327e-13 
6.6202332531503327e-13 
6.6202332531503327e-13 
6.6202332531503327e-13 
6.6202332531503327e-13 
6.6202332531503327e-13 
6.6202332531503327e-13 
6.6202332531503327e-13 
6.6202332531503327e-13 
6.6202332531503327e-13 
6.6202332531503327e-13 
6.6202332531503327e-13 
6.6202332531503327e-13 
6.6202332531503327e-13 
6.6202332531503327e-13 
6.6202332531503327e-13 
6.6202332531503327e-13 
6.6202332531503327e-13 
6.6202332531503327e-13 
6.6202332531503327e-13 
6.6202332531503327e-13 
6.6202332531503327e-13 
6.6202332531503327e-13 
6.6202332531503327e-13 
6.6202332531503327e-13 
6.6202332531503327e-13 
6.6202332531503327e-13 
6.6202332531503327e-13 
6.6202332531503327e-13 
6.6202332531503327e-13 
6.6202332531503327e-13 
6.6202332531503327e-13 
6.6202332531503327e-13 
6.6202332531503327e-13 
6.6202332531503327e-13 
6.6202332531503327e-13 
6.6202332531503327e-13 
6.6202332531503327e-13 
6.6202332531503327e-13 
6.6202332531503327e-13 
6.6202332531503327e-13 
6.6202332531503327e-13 
6.6202332531503327e-13 
6.6202332531503327e-13 
6.6202332531503327e-13 
6.6202332531503327e-13 
6.6202332531503327e-13 
6.6202332531503327e-13 
6.6202332531503327e-13 
6.6202332531503327e-13 
6.6202332531503327e-13 
6.6202332531503327e-13 
6.6202332531503327e-13 
6.6202332531503327e-13 
6.6202332531503327e-13 
6.6202332531503327e-13 
6.6202332531503327e-13 
6.6202332531503327e-13 
6.6202332531503327e-13 
6.6202332531503327e-13 
6.6202332531503327e-13 
6.6202332531503327e-13 
6.6202332531503327e-13 
6.6202332531503327e-13 
6.6202332531503327e-13 
6.6202332531503327e-13 
6.6202332531503327e-13 
6.6202332531503327e-13 
6.6202332531503327e-13 
6.6202332531503327e-13 
6.6202332531503327e-13 
6.6202332531503327e-13 
6.6202332531503327e-13 
6.6202332531503327e-13 
6.6202332531503327e-13 
6.6202332531503327e-13 
6.6202332531503327e-13 
6.6202332531503327e-13 
6.6202332531503327e-13 
6.6202332531503327e-13 
6.6202332531503327e-13 
6.6202332531503327e-13 
6.6202332531503327e-13 
6.6202332531503327e-13 
6.6202332531503327e-13 
6.6202332531503327e-13 
6.6202332531503327e-13 
6.6202332531503327e-13 
6.6202332531503327e-13 
6.6202332531503327e-13 
6.6202332531503327e-13 
6.6202332531503327e-13 
6.6202332531503327e-13 
6.6202332531503327e-13 
6.6202332531503327e-13 
6.6202332531503327e-13 
6.6202332531503327e-13 
6.6202332531503327e-13 
6.6202332531503327e-13 
6.6202332531503327e-13 
6.6202332531503327e-13 
6.6202332531503327e-13 
6.6202332531503327e-13 
6.6202332531503327e-13 
6.6202332531503327e-13 
6.6202332531503327e-13 
6.6202332531503327e-13 
6.6202332531503327e-13 
6.6202332531503327e-13 
6.6202332531503327e-13 
6.6202332531503327e-13 
6.6202332531503327e-13 
6.6202332531503327e-13 
6.6202332531503327e-13 
6.6202332531503327e-13 
6.6202332531503327e-13 
6.6202332531503327e-13 
6.6202332531503327e-13 
6.6202332531503327e-13 
6.6202332531503327e-13 
6.6202332531503327e-13 
6.6202332531503327e-13 
6.6202332531503327e-13 
6.6202332531503327e-13 
6.6202332531503327e-13 
6.6202332531503327e-13 
6.6202332531503327e-13 
6.6202332531503327e-13 
6.6202332531503327e-13 
6.6202332531503327e-13 
6.6202332531503327e-13 
6.6202332531503327e-13 
6.6202332531503327e-13 
6.6202332531503327e-13 
6.6202332531503327e-13 
6.6202332531503327e-13 
6.6202332531503327e-13 
6.6202332531503327e-13 
6.6202332531503327e-13 
6.6202332531503327e-13 
6.6202332531503327e-13 
6.6202332531503327e-13 
6.6202332531503327e-13 
6.6202332531503327e-13 
6.6202332531503327e-13 
6.6202332531503327e-13 
6.6202332531503327e-13 
6.6202332531503327e-13 
6.6202332531503327e-13 
6.6202332531503327e-13 
6.6202332531503327e-13 
6.6202332531503327e-13 
6.6202332531503327e-13 
6.6202332531503327e-13 
6.6202332531503327e-13 
6.6202332531503327e-13 
6.6202332531503327e-13 
6.6202332531503327e-13 
6.6202332531503327e-13 
6.6202332531503327e-13 
6.6202332531503327e-13 
6.6202332531503327e-13 
6.6202332531503327e-13 
6.6202332531503327e-13 
6.6202332531503327e-13 
6.6202332531503327e-13 
6.6202332531503327e-13 
6.6202332531503327e-13 
6.6202332531503327e-13 
6.6202332531503327e-13 
6.6202332531503327e-13 
6.6202332531503327e-13 
6.6202332531503327e-13 
6.6202332531503327e-13 
6.6202332531503327e-13 
6.6202332531503327e-13 
6.6202332531503327e-13 
6.6202332531503327e-13 
6.6202332531503327e-13 
6.6202332531503327e-13 
6.6202332531503327e-13 
6.6202332531503327e-13 
6.6202332531503327e-13 
6.6202332531503327e-13 
6.6202332531503327e-13 
6.6202332531503327e-13 
6.6202332531503327e-13 
6.6202332531503327e-13 
6.6202332531503327e-13 
6.6202332531503327e-13 
6.6202332531503327e-13 
6.6202332531503327e-13 
6.6202332531503327e-13 
6.6202332531503327e-13 
6.6202332531503327e-13 
6.6202332531503327e-13 
6.6202332531503327e-13 
6.6202332531503327e-13 
6.6202332531503327e-13 
6.6202332531503327e-13 
6.6202332531503327e-13 
6.6202332531503327e-13 
6.6202332531503327e-13 
6.6202332531503327e-13 
6.6202332531503327e-13 
6.6202332531503327e-13 
6.6202332531503327e-13 
6.6202332531503327e-13 
6.6202332531503327e-13 
6.6202332531503327e-13 
6.6202332531503327e-13 
6.6202332531503327e-13 
6.6202332531503327e-13 
6.6202332531503327e-13 
6.6202332531503327e-13 
6.6202332531503327e-13 
6.6202332531503327e-13 
6.6202332531503327e-13 
6.6202332531503327e-13 
6.6202332531503327e-13 
6.6202332531503327e-13 
6.6202332531503327e-13 
6.6202332531503327e-13 
6.6202332531503327e-13 
6.6202332531503327e-13 
6.6202332531503327e-13 
6.6202332531503327e-13 
6.6202332531503327e-13 
6.6202332531503327e-13 
6.6202332531503327e-13 
6.6202332531503327e-13 
6.6202332531503327e-13 
6.6202332531503327e-13 
6.6202332531503327e-13 
6.6202332531503327e-13 
6.6202332531503327e-13 
6.6202332531503327e-13 
6.6202332531503327e-13 
6.6202332531503327e-13 
6.6202332531503327e-13 
6.6202332531503327e-13 
6.6202332531503327e-13 
6.6202332531503327e-13 
6.6202332531503327e-13 
6.6202332531503327e-13 
6.6202332531503327e-13 
6.6202332531503327e-13 
6.6202332531503327e-13 
6.6202332531503327e-13 
6.6202332531503327e-13 
6.6202332531503327e-13 
6.6202332531503327e-13 
6.6202332531503327e-13 
6.6202332531503327e-13 
6.6202332531503327e-13 
6.6202332531503327e-13 
6.6202332531503327e-13 
6.6202332531503327e-13 
6.6202332531503327e-13 
6.6202332531503327e-13 
6.6202332531503327e-13 
6.6202332531503327e-13 
6.6202332531503327e-13 
6.6202332531503327e-13 
6.6202332531503327e-13 
6.6202332531503327e-13 
6.6202332531503327e-13 
6.6202332531503327e-13 
6.6202332531503327e-13 
6.6202332531503327e-13 
6.6202332531503327e-13 
6.6202332531503327e-13 
6.6202332531503327e-13 
6.6202332531503327e-13 
6.6202332531503327e-13 
6.6202332531503327e-13 
6.6202332531503327e-13 
6.6202332531503327e-13 
6.6202332531503327e-13 
6.6202332531503327e-13 
6.6202332531503327e-13 
6.6202332531503327e-13 
6.6202332531503327e-13 
6.6202332531503327e-13 
6.6202332531503327e-13 
6.6202332531503327e-13 
6.6202332531503327e-13 
6.6202332531503327e-13 
6.6202332531503327e-13 
6.6202332531503327e-13 
6.6202332531503327e-13 
6.6202332531503327e-13 
6.6202332531503327e-13 
6.6202332531503327e-13 
6.6202332531503327e-13 
6.6202332531503327e-13 
6.6202332531503327e-13 
6.6202332531503327e-13 
6.6202332531503327e-13 
6.6202332531503327e-13 
6.6202332531503327e-13 
6.6202332531503327e-13 
6.6202332531503327e-13 
6.6202332531503327e-13 
6.6202332531503327e-13 
6.6202332531503327e-13 
6.6202332531503327e-13 
6.6202332531503327e-13 
6.6202332531503327e-13 
6.6202332531503327e-13 
6.6202332531503327e-13 
6.6202332531503327e-13 
6.6202332531503327e-13 
6.6202332531503327e-13 
6.6202332531503327e-13 
6.6202332531503327e-13 
6.6202332531503327e-13 
6.6202332531503327e-13 
6.6202332531503327e-13 
6.6202332531503327e-13 
6.6202332531503327e-13 
6.6202332531503327e-13 
6.6202332531503327e-13 
6.6202332531503327e-13 
6.6202332531503327e-13 
6.6202332531503327e-13 
6.6202332531503327e-13 
6.6202332531503327e-13 
6.6202332531503327e-13 
6.6202332531503327e-13 
6.6202332531503327e-13 
6.6202332531503327e-13 
6.6202332531503327e-13 
6.6202332531503327e-13 
6.6202332531503327e-13 
6.6202332531503327e-13 
6.6202332531503327e-13 
6.6202332531503327e-13 
6.6202332531503327e-13 
6.6202332531503327e-13 
6.6202332531503327e-13 
6.6202332531503327e-13 
6.6202332531503327e-13 
6.6202332531503327e-13 
6.6202332531503327e-13 
6.6202332531503327e-13 
6.6202332531503327e-13 
6.6202332531503327e-13 
6.6202332531503327e-13 
6.6202332531503327e-13 
6.6202332531503327e-13 
6.6202332531503327e-13 
6.6202332531503327e-13 
6.6202332531503327e-13 
6.6202332531503327e-13 
6.6202332531503327e-13 
6.6202332531503327e-13 
6.6202332531503327e-13 
6.6202332531503327e-13 
6.6202332531503327e-13 
6.6202332531503327e-13 
6.6202332531503327e-13 
6.6202332531503327e-13 
6.6202332531503327e-13 
6.6202332531503327e-13 
6.6202332531503327e-13 
6.6202332531503327e-13 
6.6202332531503327e-13 
6.6202332531503327e-13 
6.6202332531503327e-13 
6.6202332531503327e-13 
6.6202332531503327e-13 
6.6202332531503327e-13 
6.6202332531503327e-13 
6.6202332531503327e-13 
6.6202332531503327e-13 
6.6202332531503327e-13 
6.6202332531503327e-13 
6.6202332531503327e-13 
6.6202332531503327e-13 
6.6202332531503327e-13 
6.6202332531503327e-13 
6.6202332531503327e-13 
6.6202332531503327e-13 
6.6202332531503327e-13 
6.6202332531503327e-13 
6.6202332531503327e-13 
6.6202332531503327e-13 
6.6202332531503327e-13 
6.6202332531503327e-13 
6.6202332531503327e-13 
6.6202332531503327e-13 
6.6202332531503327e-13 
6.6202332531503327e-13 
6.6202332531503327e-13 
6.6202332531503327e-13 
6.6202332531503327e-13 
6.6202332531503327e-13 
6.6202332531503327e-13 
6.6202332531503327e-13 
6.6202332531503327e-13 
6.6202332531503327e-13 
6.6202332531503327e-13 
6.6202332531503327e-13 
6.6202332531503327e-13 
6.6202332531503327e-13 
6.6202332531503327e-13 
6.6202332531503327e-13 
6.6202332531503327e-13 
6.6202332531503327e-13 
6.6202332531503327e-13 
6.6202332531503327e-13 
6.6202332531503327e-13 
6.6202332531503327e-13 
6.6202332531503327e-13 
6.6202332531503327e-13 
6.6202332531503327e-13 
6.6202332531503327e-13 
6.6202332531503327e-13 
6.6202332531503327e-13 
6.6202332531503327e-13 
6.6202332531503327e-13 
6.6202332531503327e-13 
6.6202332531503327e-13 
6.6202332531503327e-13 
6.6202332531503327e-13 
6.6202332531503327e-13 
6.6202332531503327e-13 
6.6202332531503327e-13 
6.6202332531503327e-13 
6.6202332531503327e-13 
6.6202332531503327e-13 
6.6202332531503327e-13 
6.6202332531503327e-13 
6.6202332531503327e-13 
6.6202332531503327e-13 
6.6202332531503327e-13 
6.6202332531503327e-13 
6.6202332531503327e-13 
6.6202332531503327e-13 
6.6202332531503327e-13 
6.6202332531503327e-13 
6.6202332531503327e-13 
6.6202332531503327e-13 
6.6202332531503327e-13 
6.6202332531503327e-13 
6.6202332531503327e-13 
6.6202332531503327e-13 
6.6202332531503327e-13 
6.6202332531503327e-13 
6.6202332531503327e-13 
6.6202332531503327e-13 
6.6202332531503327e-13 
6.6202332531503327e-13 
6.6202332531503327e-13 
6.6202332531503327e-13 
6.6202332531503327e-13 
6.6202332531503327e-13 
6.6202332531503327e-13 
6.6202332531503327e-13 
6.6202332531503327e-13 
6.6202332531503327e-13 
6.6202332531503327e-13 
6.6202332531503327e-13 
6.6202332531503327e-13 
6.6202332531503327e-13 
6.6202332531503327e-13 
6.6202332531503327e-13 
6.6202332531503327e-13 
6.6202332531503327e-13 
6.6202332531503327e-13 
6.6202332531503327e-13 
6.6202332531503327e-13 
6.6202332531503327e-13 
6.6202332531503327e-13 
6.6202332531503327e-13 
6.6202332531503327e-13 
6.6202332531503327e-13 
6.6202332531503327e-13 
6.6202332531503327e-13 
6.6202332531503327e-13 
6.6202332531503327e-13 
6.6202332531503327e-13 
6.6202332531503327e-13 
6.6202332531503327e-13 
6.6202332531503327e-13 
6.6202332531503327e-13 
6.6202332531503327e-13 
6.6202332531503327e-13 
6.6202332531503327e-13 
6.6202332531503327e-13 
6.6202332531503327e-13 
6.6202332531503327e-13 
6.6202332531503327e-13 
6.6202332531503327e-13 
6.6202332531503327e-13 
6.6202332531503327e-13 
6.6202332531503327e-13 
6.6202332531503327e-13 
6.6202332531503327e-13 
6.6202332531503327e-13 
6.6202332531503327e-13 
6.6202332531503327e-13 
6.6202332531503327e-13 
6.6202332531503327e-13 
6.6202332531503327e-13 
6.6202332531503327e-13 
6.6202332531503327e-13 
6.6202332531503327e-13 
6.6202332531503327e-13 
6.6202332531503327e-13 
6.6202332531503327e-13 
6.6202332531503327e-13 
6.6202332531503327e-13 
6.6202332531503327e-13 
6.6202332531503327e-13 
6.6202332531503327e-13 
6.6202332531503327e-13 
6.6202332531503327e-13 
6.6202332531503327e-13 
6.6202332531503327e-13 
6.6202332531503327e-13 
6.6202332531503327e-13 
6.6202332531503327e-13 
6.6202332531503327e-13 
6.6202332531503327e-13 
6.6202332531503327e-13 
6.6202332531503327e-13 
6.6202332531503327e-13 
6.6202332531503327e-13 
6.6202332531503327e-13 
6.6202332531503327e-13 
6.6202332531503327e-13 
6.6202332531503327e-13 
6.6202332531503327e-13 
6.6202332531503327e-13 
6.6202332531503327e-13 
6.6202332531503327e-13 
6.6202332531503327e-13 
6.6202332531503327e-13 
6.6202332531503327e-13 
6.6202332531503327e-13 
6.6202332531503327e-13 
6.6202332531503327e-13 
6.6202332531503327e-13 
6.6202332531503327e-13 
6.6202332531503327e-13 
6.6202332531503327e-13 
6.6202332531503327e-13 
6.6202332531503327e-13 
6.6202332531503327e-13 
6.6202332531503327e-13 
6.6202332531503327e-13 
6.6202332531503327e-13 
6.6202332531503327e-13 
6.6202332531503327e-13 
6.6202332531503327e-13 
6.6202332531503327e-13 
6.6202332531503327e-13 
6.6202332531503327e-13 
6.6202332531503327e-13 
6.6202332531503327e-13 
6.6202332531503327e-13 
6.6202332531503327e-13 
6.6202332531503327e-13 
6.6202332531503327e-13 
6.6202332531503327e-13 
6.6202332531503327e-13 
6.6202332531503327e-13 
6.6202332531503327e-13 
