0.6873116530160438 
0.67931451102864671 
0.67314267033387121 
0.66880930154375007 
0.66632540856283706 
0.66569980723300881 
0.66569980723300881 
0.66569980723300881 
0.66569980723300881 
0.66569455743910388 
0.66569455743910388 
0.66569455743910388 
0.66569455743910388 
0.66569455743910388 
0.66569455743910388 
0.66569455743910388 
0.66569455743910388 
0.66569455743910388 
0.66569455743910388 
0.66569455743910388 
0.66568968588537236 
0.66568968588537236 
0.66568968588537236 
0.66568968588537236 
0.66568968588537236 
0.66568968588537236 
0.62968915554848881 
0.59430141639430267 
0.56087236883452141 
0.52948673877034425 
0.50022444280736722 
0.47316038697159135 
0.44836427804286638 
0.42590044798087912 
0.40582769188580281 
0.38819911990165978 
0.37306202343532935 
0.36045775602808461 
0.35042162917965114 
0.34298282338711428 
0.33816431462270113 
0.33598281643558081 
0.31932474043813874 
0.28959644087359149 
0.26229767116122038 
0.23745618741770114 
0.21509614410138111 
0.19523806372899122 
0.17789881269919106 
0.16309158325725681 
0.15082588162449106 
0.14097641489804613 
0.13172762110510194 
0.12495943488070005 
0.11145198193069328 
0.095798681302312505 
0.081115414238463135 
0.067810626792164208 
0.053670326579430716 
0.038239636543329292 
0.025415638532237383 
0.015214663624537383 
0.0076496179221715588 
0.0027299640871322195 
0.00046170792377875358 
0.00032228658342425831 
0.00032228658342425831 
0.00015834458138186402 
0.00015834458138186402 
0.00015834458138186402 
0.00015834458138186402 
0.00014814666729801029 
2.5856983631999952e-06 
2.5856983631999952e-06 
2.5856983631999952e-06 
2.5856983631999952e-06 
2.5856983631999952e-06 
2.5856983631999952e-06 
2.5856983631999952e-06 
2.5856983631999952e-06 
2.5856983631999952e-06 
2.5856983631999952e-06 
2.5856983631999952e-06 
2.5856983631999952e-06 
2.5856983631999952e-06 
2.5856983631999952e-06 
7.9593033841529603e-07 
7.9593033841529603e-07 
7.9593033841529603e-07 
7.9593033841529603e-07 
7.9593033841529603e-07 
7.9593033841529603e-07 
6.1276087148787184e-07 
6.1276087148787184e-07 
6.1276087148787184e-07 
6.1276087148787184e-07 
6.1276087148787184e-07 
6.1276087148787184e-07 
6.1276087148787184e-07 
6.1276087148787184e-07 
6.1276087148787184e-07 
6.1276087148787184e-07 
6.1276087148787184e-07 
6.1276087148787184e-07 
6.1276087148787184e-07 
6.1276087148787184e-07 
6.1276087148787184e-07 
6.1276087148787184e-07 
6.1276087148787184e-07 
6.1276087148787184e-07 
6.1276087148787184e-07 
6.1276087148787184e-07 
6.1276087148787184e-07 
6.1276087148787184e-07 
6.1276087148787184e-07 
6.1276087148787184e-07 
6.1276087148787184e-07 
6.1276087148787184e-07 
6.1276087148787184e-07 
6.1276087148787184e-07 
6.1276087148787184e-07 
6.1276087148787184e-07 
6.1276087148787184e-07 
6.1276087148787184e-07 
6.1276087148787184e-07 
6.1276087148787184e-07 
6.1276087148787184e-07 
6.1276087148787184e-07 
6.1276087148787184e-07 
6.1276087148787184e-07 
6.1276087148787184e-07 
6.1276087148787184e-07 
6.1276087148787184e-07 
6.1276087148787184e-07 
6.1276087148787184e-07 
6.1276087148787184e-07 
6.1276087148787184e-07 
6.1276087148787184e-07 
6.1276087148787184e-07 
6.1276087148787184e-07 
6.1276087148787184e-07 
6.1276087148787184e-07 
6.1276087148787184e-07 
6.1276087148787184e-07 
6.1276087148787184e-07 
6.1276087148787184e-07 
6.1276087148787184e-07 
6.1276087148787184e-07 
6.1276087148787184e-07 
6.1276087148787184e-07 
6.1276087148787184e-07 
6.1276087148787184e-07 
6.1276087148787184e-07 
6.1276087148787184e-07 
6.1276087148787184e-07 
6.1276087148787184e-07 
6.1276087148787184e-07 
6.1276087148787184e-07 
6.1276087148787184e-07 
6.1276087148787184e-07 
6.1276087148787184e-07 
6.1276087148787184e-07 
6.1276087148787184e-07 
6.1276087148787184e-07 
6.1276087148787184e-07 
6.1276087148787184e-07 
6.1276087148787184e-07 
6.1276087148787184e-07 
6.1276087148787184e-07 
6.1276087148787184e-07 
6.1276087148787184e-07 
6.1276087148787184e-07 
6.1276087148787184e-07 
6.1276087148787184e-07 
6.1276087148787184e-07 
6.1276087148787184e-07 
6.1276087148787184e-07 
6.1276087148787184e-07 
6.1276087148787184e-07 
6.1276087148787184e-07 
6.1276087148787184e-07 
6.1276087148787184e-07 
6.1276087148787184e-07 
6.1276087148787184e-07 
6.1276087148787184e-07 
6.1276087148787184e-07 
6.1276087148787184e-07 
6.1276087148787184e-07 
6.1276087148787184e-07 
6.1276087148787184e-07 
6.1276087148787184e-07 
6.1276087148787184e-07 
6.1276087148787184e-07 
6.1276087148787184e-07 
6.1276087148787184e-07 
6.1276087148787184e-07 
6.1276087148787184e-07 
6.1276087148787184e-07 
6.1276087148787184e-07 
6.1276087148787184e-07 
6.1276087148787184e-07 
6.1276087148787184e-07 
6.1276087148787184e-07 
4.1495922376011407e-07 
4.1495922376011407e-07 
4.1495922376011407e-07 
3.780657364949036e-08 
3.780657364949036e-08 
3.780657364949036e-08 
3.780657364949036e-08 
3.780657364949036e-08 
3.780657364949036e-08 
3.780657364949036e-08 
3.780657364949036e-08 
3.780657364949036e-08 
3.780657364949036e-08 
3.780657364949036e-08 
3.780657364949036e-08 
3.780657364949036e-08 
3.780657364949036e-08 
3.780657364949036e-08 
3.780657364949036e-08 
3.780657364949036e-08 
3.780657364949036e-08 
3.780657364949036e-08 
3.780657364949036e-08 
3.780657364949036e-08 
3.780657364949036e-08 
3.780657364949036e-08 
3.780657364949036e-08 
3.780657364949036e-08 
3.780657364949036e-08 
3.780657364949036e-08 
3.780657364949036e-08 
3.780657364949036e-08 
3.780657364949036e-08 
3.780657364949036e-08 
3.780657364949036e-08 
3.780657364949036e-08 
3.780657364949036e-08 
3.780657364949036e-08 
3.780657364949036e-08 
3.780657364949036e-08 
3.780657364949036e-08 
3.780657364949036e-08 
3.780657364949036e-08 
3.780657364949036e-08 
3.780657364949036e-08 
3.780657364949036e-08 
3.780657364949036e-08 
3.780657364949036e-08 
3.780657364949036e-08 
3.780657364949036e-08 
3.780657364949036e-08 
3.780657364949036e-08 
3.780657364949036e-08 
3.780657364949036e-08 
3.780657364949036e-08 
3.780657364949036e-08 
3.780657364949036e-08 
3.780657364949036e-08 
3.780657364949036e-08 
3.780657364949036e-08 
3.780657364949036e-08 
3.780657364949036e-08 
3.780657364949036e-08 
3.780657364949036e-08 
3.780657364949036e-08 
3.780657364949036e-08 
3.780657364949036e-08 
3.780657364949036e-08 
3.780657364949036e-08 
3.780657364949036e-08 
3.780657364949036e-08 
3.780657364949036e-08 
3.780657364949036e-08 
3.780657364949036e-08 
3.780657364949036e-08 
3.780657364949036e-08 
3.780657364949036e-08 
3.780657364949036e-08 
3.780657364949036e-08 
3.780657364949036e-08 
3.780657364949036e-08 
3.780657364949036e-08 
3.780657364949036e-08 
3.780657364949036e-08 
3.780657364949036e-08 
3.780657364949036e-08 
3.780657364949036e-08 
3.780657364949036e-08 
3.780657364949036e-08 
3.780657364949036e-08 
3.780657364949036e-08 
3.780657364949036e-08 
3.780657364949036e-08 
3.780657364949036e-08 
9.9333992142902616e-09 
9.9333992142902616e-09 
9.9333992142902616e-09 
9.9333992142902616e-09 
9.9333992142902616e-09 
9.9333992142902616e-09 
9.9333992142902616e-09 
9.9333992142902616e-09 
9.9333992142902616e-09 
9.9333992142902616e-09 
9.9333992142902616e-09 
9.9333992142902616e-09 
9.9333992142902616e-09 
9.9333992142902616e-09 
9.9333992142902616e-09 
9.9333992142902616e-09 
9.9333992142902616e-09 
9.9333992142902616e-09 
9.9333992142902616e-09 
9.9333992142902616e-09 
9.9333992142902616e-09 
9.9333992142902616e-09 
9.9333992142902616e-09 
9.9333992142902616e-09 
9.9333992142902616e-09 
9.9333992142902616e-09 
9.9333992142902616e-09 
9.9333992142902616e-09 
9.9333992142902616e-09 
9.9333992142902616e-09 
9.9333992142902616e-09 
9.9333992142902616e-09 
9.9333992142902616e-09 
9.9333992142902616e-09 
9.9333992142902616e-09 
9.9333992142902616e-09 
9.9333992142902616e-09 
9.9333992142902616e-09 
9.9333992142902616e-09 
9.9333992142902616e-09 
9.9333992142902616e-09 
9.9333992142902616e-09 
9.9333992142902616e-09 
9.9333992142902616e-09 
9.9333992142902616e-09 
9.9333992142902616e-09 
9.9333992142902616e-09 
9.9333992142902616e-09 
9.9333992142902616e-09 
9.9333992142902616e-09 
9.9333992142902616e-09 
9.9333992142902616e-09 
9.9333992142902616e-09 
9.9333992142902616e-09 
9.9333992142902616e-09 
9.9333992142902616e-09 
9.9333992142902616e-09 
9.9333992142902616e-09 
9.9333992142902616e-09 
9.9333992142902616e-09 
9.9333992142902616e-09 
9.9333992142902616e-09 
9.9333992142902616e-09 
9.9333992142902616e-09 
9.9333992142902616e-09 
9.9333992142902616e-09 
9.9333992142902616e-09 
9.9333992142902616e-09 
9.9333992142902616e-09 
9.9333992142902616e-09 
9.9333992142902616e-09 
9.9333992142902616e-09 
9.9333992142902616e-09 
9.9333992142902616e-09 
9.9333992142902616e-09 
9.9333992142902616e-09 
9.9333992142902616e-09 
9.9333992142902616e-09 
9.9333992142902616e-09 
9.9333992142902616e-09 
9.9333992142902616e-09 
9.9333992142902616e-09 
9.9333992142902616e-09 
9.9333992142902616e-09 
9.9333992142902616e-09 
9.9333992142902616e-09 
9.9333992142902616e-09 
9.9333992142902616e-09 
9.9333992142902616e-09 
9.9333992142902616e-09 
9.9333992142902616e-09 
9.9333992142902616e-09 
9.9333992142902616e-09 
9.9333992142902616e-09 
9.9333992142902616e-09 
9.9333992142902616e-09 
9.9333992142902616e-09 
9.9333992142902616e-09 
9.9333992142902616e-09 
9.9333992142902616e-09 
9.9333992142902616e-09 
9.9333992142902616e-09 
9.9333992142902616e-09 
9.9333992142902616e-09 
9.9333992142902616e-09 
9.9333992142902616e-09 
9.9333992142902616e-09 
9.9333992142902616e-09 
9.9333992142902616e-09 
9.9333992142902616e-09 
9.9333992142902616e-09 
9.9333992142902616e-09 
9.9333992142902616e-09 
9.9333992142902616e-09 
9.9333992142902616e-09 
9.9333992142902616e-09 
9.9333992142902616e-09 
9.9333992142902616e-09 
9.9333992142902616e-09 
9.9333992142902616e-09 
9.9333992142902616e-09 
9.9333992142902616e-09 
9.9333992142902616e-09 
9.9333992142902616e-09 
9.9333992142902616e-09 
9.9333992142902616e-09 
9.9333992142902616e-09 
9.9333992142902616e-09 
9.9333992142902616e-09 
9.9333992142902616e-09 
9.9333992142902616e-09 
9.9333992142902616e-09 
9.9333992142902616e-09 
9.9333992142902616e-09 
9.9333992142902616e-09 
9.9333992142902616e-09 
9.9333992142902616e-09 
9.9333992142902616e-09 
9.9333992142902616e-09 
9.9333992142902616e-09 
9.9333992142902616e-09 
9.9333992142902616e-09 
9.9333992142902616e-09 
9.9333992142902616e-09 
9.9333992142902616e-09 
9.9333992142902616e-09 
9.9333992142902616e-09 
9.9333992142902616e-09 
9.9333992142902616e-09 
9.9333992142902616e-09 
9.9333992142902616e-09 
9.9333992142902616e-09 
9.9333992142902616e-09 
9.9333992142902616e-09 
9.9333992142902616e-09 
9.9333992142902616e-09 
9.9333992142902616e-09 
9.9333992142902616e-09 
9.9333992142902616e-09 
9.9333992142902616e-09 
9.9333992142902616e-09 
9.9333992142902616e-09 
9.9333992142902616e-09 
9.9333992142902616e-09 
9.9333992142902616e-09 
9.9333992142902616e-09 
9.9333992142902616e-09 
9.9333992142902616e-09 
9.9333992142902616e-09 
9.9333992142902616e-09 
9.9333992142902616e-09 
9.9333992142902616e-09 
9.9333992142902616e-09 
9.9333992142902616e-09 
9.9333992142902616e-09 
9.9333992142902616e-09 
9.9333992142902616e-09 
9.9333992142902616e-09 
9.9333992142902616e-09 
9.9333992142902616e-09 
9.9333992142902616e-09 
9.9333992142902616e-09 
9.9333992142902616e-09 
9.9333992142902616e-09 
9.9333992142902616e-09 
9.9333992142902616e-09 
9.9333992142902616e-09 
9.9333992142902616e-09 
9.9333992142902616e-09 
9.9333992142902616e-09 
9.9333992142902616e-09 
9.9333992142902616e-09 
9.9333992142902616e-09 
9.9333992142902616e-09 
9.9333992142902616e-09 
9.9333992142902616e-09 
9.9333992142902616e-09 
9.9333992142902616e-09 
9.9333992142902616e-09 
9.9333992142902616e-09 
9.9333992142902616e-09 
9.9333992142902616e-09 
9.9333992142902616e-09 
9.9333992142902616e-09 
9.9333992142902616e-09 
9.9333992142902616e-09 
9.9333992142902616e-09 
9.9333992142902616e-09 
9.9333992142902616e-09 
9.9333992142902616e-09 
9.9333992142902616e-09 
9.9333992142902616e-09 
9.9333992142902616e-09 
9.9333992142902616e-09 
9.9333992142902616e-09 
9.9333992142902616e-09 
9.9333992142902616e-09 
9.9333992142902616e-09 
9.9333992142902616e-09 
9.9333992142902616e-09 
9.9333992142902616e-09 
9.9333992142902616e-09 
9.9333992142902616e-09 
9.9333992142902616e-09 
9.9333992142902616e-09 
9.9333992142902616e-09 
9.9333992142902616e-09 
9.9333992142902616e-09 
9.9333992142902616e-09 
9.9333992142902616e-09 
9.9333992142902616e-09 
9.9333992142902616e-09 
9.9333992142902616e-09 
9.9333992142902616e-09 
9.9333992142902616e-09 
9.9333992142902616e-09 
9.9333992142902616e-09 
9.9333992142902616e-09 
9.9333992142902616e-09 
9.9333992142902616e-09 
9.9333992142902616e-09 
9.9333992142902616e-09 
9.9333992142902616e-09 
9.9333992142902616e-09 
9.9333992142902616e-09 
9.9333992142902616e-09 
9.9333992142902616e-09 
9.9333992142902616e-09 
9.9333992142902616e-09 
9.9333992142902616e-09 
9.9333992142902616e-09 
9.9333992142902616e-09 
9.9333992142902616e-09 
9.9333992142902616e-09 
9.9333992142902616e-09 
9.9333992142902616e-09 
9.9333992142902616e-09 
9.9333992142902616e-09 
9.9333992142902616e-09 
9.9333992142902616e-09 
9.9333992142902616e-09 
9.9333992142902616e-09 
9.9333992142902616e-09 
9.9333992142902616e-09 
9.9333992142902616e-09 
9.9333992142902616e-09 
9.9333992142902616e-09 
9.9333992142902616e-09 
9.9333992142902616e-09 
9.9333992142902616e-09 
9.9333992142902616e-09 
9.9333992142902616e-09 
9.9333992142902616e-09 
9.9333992142902616e-09 
9.9333992142902616e-09 
9.9333992142902616e-09 
9.9333992142902616e-09 
9.9333992142902616e-09 
9.9333992142902616e-09 
9.9333992142902616e-09 
9.9333992142902616e-09 
9.9333992142902616e-09 
9.9333992142902616e-09 
9.9333992142902616e-09 
9.9333992142902616e-09 
9.9333992142902616e-09 
9.9333992142902616e-09 
9.9333992142902616e-09 
9.9333992142902616e-09 
9.9333992142902616e-09 
9.9333992142902616e-09 
9.9333992142902616e-09 
9.9333992142902616e-09 
9.9333992142902616e-09 
9.9333992142902616e-09 
9.9333992142902616e-09 
9.9333992142902616e-09 
9.9333992142902616e-09 
9.9333992142902616e-09 
9.9333992142902616e-09 
9.9333992142902616e-09 
9.9333992142902616e-09 
9.9333992142902616e-09 
9.9333992142902616e-09 
9.9333992142902616e-09 
9.9333992142902616e-09 
9.9333992142902616e-09 
9.9333992142902616e-09 
9.9333992142902616e-09 
9.9333992142902616e-09 
9.9333992142902616e-09 
9.9333992142902616e-09 
9.9333992142902616e-09 
9.9333992142902616e-09 
9.9333992142902616e-09 
9.9333992142902616e-09 
9.9333992142902616e-09 
9.9333992142902616e-09 
9.9333992142902616e-09 
9.9333992142902616e-09 
9.9333992142902616e-09 
9.9333992142902616e-09 
9.9333992142902616e-09 
9.9333992142902616e-09 
9.9333992142902616e-09 
9.9333992142902616e-09 
9.9333992142902616e-09 
9.9333992142902616e-09 
9.9333992142902616e-09 
9.9333992142902616e-09 
9.9333992142902616e-09 
9.9333992142902616e-09 
9.9333992142902616e-09 
9.9333992142902616e-09 
9.9333992142902616e-09 
9.9333992142902616e-09 
9.9333992142902616e-09 
9.9333992142902616e-09 
9.9333992142902616e-09 
9.9333992142902616e-09 
9.9333992142902616e-09 
9.9333992142902616e-09 
9.9333992142902616e-09 
9.9333992142902616e-09 
9.9333992142902616e-09 
9.9333992142902616e-09 
9.9333992142902616e-09 
9.9333992142902616e-09 
9.9333992142902616e-09 
9.9333992142902616e-09 
9.9333992142902616e-09 
9.9333992142902616e-09 
9.9333992142902616e-09 
9.9333992142902616e-09 
9.9333992142902616e-09 
9.9333992142902616e-09 
9.9333992142902616e-09 
9.9333992142902616e-09 
9.9333992142902616e-09 
9.9333992142902616e-09 
9.9333992142902616e-09 
9.9333992142902616e-09 
9.9333992142902616e-09 
9.9333992142902616e-09 
9.9333992142902616e-09 
9.9333992142902616e-09 
9.9333992142902616e-09 
9.9333992142902616e-09 
9.9333992142902616e-09 
9.9333992142902616e-09 
9.9333992142902616e-09 
9.9333992142902616e-09 
9.9333992142902616e-09 
9.9333992142902616e-09 
9.9333992142902616e-09 
9.9333992142902616e-09 
9.9333992142902616e-09 
9.9333992142902616e-09 
9.9333992142902616e-09 
9.9333992142902616e-09 
9.9333992142902616e-09 
9.9333992142902616e-09 
9.9333992142902616e-09 
9.9333992142902616e-09 
9.9333992142902616e-09 
9.9333992142902616e-09 
9.9333992142902616e-09 
9.9333992142902616e-09 
9.9333992142902616e-09 
9.9333992142902616e-09 
9.9333992142902616e-09 
9.9333992142902616e-09 
9.9333992142902616e-09 
9.9333992142902616e-09 
9.9333992142902616e-09 
9.9333992142902616e-09 
9.9333992142902616e-09 
9.9333992142902616e-09 
9.9333992142902616e-09 
9.9333992142902616e-09 
9.9333992142902616e-09 
9.9333992142902616e-09 
9.9333992142902616e-09 
9.9333992142902616e-09 
9.9333992142902616e-09 
9.9333992142902616e-09 
9.9333992142902616e-09 
9.9333992142902616e-09 
9.9333992142902616e-09 
9.9333992142902616e-09 
9.9333992142902616e-09 
9.9333992142902616e-09 
9.9333992142902616e-09 
9.9333992142902616e-09 
9.9333992142902616e-09 
9.9333992142902616e-09 
9.9333992142902616e-09 
9.9333992142902616e-09 
9.9333992142902616e-09 
9.9333992142902616e-09 
9.9333992142902616e-09 
9.9333992142902616e-09 
9.9333992142902616e-09 
9.9333992142902616e-09 
9.9333992142902616e-09 
9.9333992142902616e-09 
9.9333992142902616e-09 
9.9333992142902616e-09 
9.9333992142902616e-09 
9.9333992142902616e-09 
9.9333992142902616e-09 
9.9333992142902616e-09 
9.9333992142902616e-09 
9.9333992142902616e-09 
9.9333992142902616e-09 
9.9333992142902616e-09 
9.9333992142902616e-09 
9.9333992142902616e-09 
9.9333992142902616e-09 
9.9333992142902616e-09 
9.9333992142902616e-09 
9.9333992142902616e-09 
9.9333992142902616e-09 
9.9333992142902616e-09 
9.1196683538186107e-09 
9.1196683538186107e-09 
9.1196683538186107e-09 
9.1196683538186107e-09 
9.1196683538186107e-09 
9.1196683538186107e-09 
9.1196683538186107e-09 
9.1196683538186107e-09 
9.1196683538186107e-09 
9.1196683538186107e-09 
9.1196683538186107e-09 
9.1196683538186107e-09 
9.1196683538186107e-09 
9.1196683538186107e-09 
9.1196683538186107e-09 
9.1196683538186107e-09 
9.1196683538186107e-09 
9.1196683538186107e-09 
9.1196683538186107e-09 
9.1196683538186107e-09 
9.1196683538186107e-09 
9.1196683538186107e-09 
9.1196683538186107e-09 
9.1196683538186107e-09 
9.1196683538186107e-09 
9.1196683538186107e-09 
9.1196683538186107e-09 
9.1196683538186107e-09 
9.1196683538186107e-09 
9.1196683538186107e-09 
9.1196683538186107e-09 
9.1196683538186107e-09 
9.1196683538186107e-09 
9.1196683538186107e-09 
9.1196683538186107e-09 
9.1196683538186107e-09 
9.1196683538186107e-09 
9.1196683538186107e-09 
9.1196683538186107e-09 
9.1196683538186107e-09 
9.1196683538186107e-09 
9.1196683538186107e-09 
9.1196683538186107e-09 
9.1196683538186107e-09 
9.1196683538186107e-09 
9.1196683538186107e-09 
9.1196683538186107e-09 
9.1196683538186107e-09 
9.1196683538186107e-09 
9.1196683538186107e-09 
9.1196683538186107e-09 
9.1196683538186107e-09 
9.1196683538186107e-09 
9.1196683538186107e-09 
9.1196683538186107e-09 
9.1196683538186107e-09 
9.1196683538186107e-09 
9.1196683538186107e-09 
9.1196683538186107e-09 
9.1196683538186107e-09 
9.1196683538186107e-09 
9.1196683538186107e-09 
9.1196683538186107e-09 
9.1196683538186107e-09 
9.1196683538186107e-09 
9.1196683538186107e-09 
9.1196683538186107e-09 
9.1196683538186107e-09 
9.1196683538186107e-09 
9.1196683538186107e-09 
9.1196683538186107e-09 
9.1196683538186107e-09 
9.1196683538186107e-09 
9.1196683538186107e-09 
9.1196683538186107e-09 
9.1196683538186107e-09 
9.1196683538186107e-09 
9.1196683538186107e-09 
9.1196683538186107e-09 
9.1196683538186107e-09 
9.1196683538186107e-09 
9.1196683538186107e-09 
9.1196683538186107e-09 
9.1196683538186107e-09 
9.1196683538186107e-09 
9.1196683538186107e-09 
9.1196683538186107e-09 
9.1196683538186107e-09 
9.1196683538186107e-09 
9.1196683538186107e-09 
9.1196683538186107e-09 
9.1196683538186107e-09 
9.1196683538186107e-09 
9.1196683538186107e-09 
9.1196683538186107e-09 
9.1196683538186107e-09 
9.1196683538186107e-09 
9.1196683538186107e-09 
9.1196683538186107e-09 
9.1196683538186107e-09 
9.1196683538186107e-09 
9.1196683538186107e-09 
9.1196683538186107e-09 
9.1196683538186107e-09 
9.1196683538186107e-09 
9.1196683538186107e-09 
9.1196683538186107e-09 
9.1196683538186107e-09 
9.1196683538186107e-09 
9.1196683538186107e-09 
9.1196683538186107e-09 
9.1196683538186107e-09 
9.1196683538186107e-09 
9.1196683538186107e-09 
9.1196683538186107e-09 
9.1196683538186107e-09 
9.1196683538186107e-09 
9.1196683538186107e-09 
9.1196683538186107e-09 
9.1196683538186107e-09 
9.1196683538186107e-09 
9.1196683538186107e-09 
9.1196683538186107e-09 
9.1196683538186107e-09 
9.1196683538186107e-09 
9.1196683538186107e-09 
9.1196683538186107e-09 
9.1196683538186107e-09 
9.1196683538186107e-09 
9.1196683538186107e-09 
9.1196683538186107e-09 
9.1196683538186107e-09 
9.1196683538186107e-09 
9.1196683538186107e-09 
9.1196683538186107e-09 
9.1196683538186107e-09 
9.1196683538186107e-09 
9.1196683538186107e-09 
9.1196683538186107e-09 
9.1196683538186107e-09 
9.1196683538186107e-09 
9.1196683538186107e-09 
9.1196683538186107e-09 
9.1196683538186107e-09 
9.1196683538186107e-09 
9.1196683538186107e-09 
9.1196683538186107e-09 
9.1196683538186107e-09 
9.1196683538186107e-09 
9.1196683538186107e-09 
9.1196683538186107e-09 
9.1196683538186107e-09 
9.1196683538186107e-09 
9.1196683538186107e-09 
9.1196683538186107e-09 
9.1196683538186107e-09 
9.1196683538186107e-09 
9.1196683538186107e-09 
9.1196683538186107e-09 
9.1196683538186107e-09 
9.1196683538186107e-09 
9.1196683538186107e-09 
9.1196683538186107e-09 
9.1196683538186107e-09 
9.1196683538186107e-09 
9.1196683538186107e-09 
9.1196683538186107e-09 
9.1196683538186107e-09 
9.1196683538186107e-09 
9.1196683538186107e-09 
9.1196683538186107e-09 
9.1196683538186107e-09 
9.1196683538186107e-09 
9.1196683538186107e-09 
9.1196683538186107e-09 
9.1196683538186107e-09 
9.1196683538186107e-09 
9.1196683538186107e-09 
9.1196683538186107e-09 
1.3488070660372387e-09 
1.3488070660372387e-09 
1.3488070660372387e-09 
1.3488070660372387e-09 
1.3488070660372387e-09 
1.3488070660372387e-09 
1.3488070660372387e-09 
1.3488070660372387e-09 
1.3488070660372387e-09 
1.3488070660372387e-09 
1.3488070660372387e-09 
1.3488070660372387e-09 
1.3488070660372387e-09 
1.3488070660372387e-09 
1.3488070660372387e-09 
1.3488070660372387e-09 
1.3488070660372387e-09 
1.3488070660372387e-09 
1.3488070660372387e-09 
1.3488070660372387e-09 
1.3488070660372387e-09 
1.3488070660372387e-09 
1.3488070660372387e-09 
1.3488070660372387e-09 
1.3488070660372387e-09 
1.3488070660372387e-09 
1.3488070660372387e-09 
1.3488070660372387e-09 
1.3488070660372387e-09 
1.3488070660372387e-09 
1.3488070660372387e-09 
1.3488070660372387e-09 
1.3488070660372387e-09 
1.3488070660372387e-09 
1.3488070660372387e-09 
1.3488070660372387e-09 
1.3488070660372387e-09 
1.3488070660372387e-09 
1.3488070660372387e-09 
1.3488070660372387e-09 
1.3488070660372387e-09 
1.3488070660372387e-09 
1.3488070660372387e-09 
8.2819306967962802e-12 
8.2819306967962802e-12 
8.2819306967962802e-12 
8.2819306967962802e-12 
8.2819306967962802e-12 
8.2819306967962802e-12 
8.2819306967962802e-12 
8.2819306967962802e-12 
8.2819306967962802e-12 
8.2819306967962802e-12 
8.2819306967962802e-12 
8.2819306967962802e-12 
8.2819306967962802e-12 
8.2819306967962802e-12 
8.2819306967962802e-12 
8.2819306967962802e-12 
8.2819306967962802e-12 
8.2819306967962802e-12 
8.2819306967962802e-12 
8.2819306967962802e-12 
8.2819306967962802e-12 
8.2819306967962802e-12 
8.2819306967962802e-12 
8.2819306967962802e-12 
8.2819306967962802e-12 
8.2819306967962802e-12 
8.2819306967962802e-12 
8.2819306967962802e-12 
8.2819306967962802e-12 
8.2819306967962802e-12 
8.2819306967962802e-12 
8.2819306967962802e-12 
8.2819306967962802e-12 
8.2819306967962802e-12 
8.2819306967962802e-12 
8.2819306967962802e-12 
8.2819306967962802e-12 
