0.27394620241592216 
0.14589360374069338 
0.091603899209329764 
0.089211747426343746 
0.056775926359705076 
0.056775926359705076 
0.044151915110459683 
0.028678767894074197 
0.013205389009537827 
0.0085184055550285853 
0.0085184055550285853 
0.0014699814028279468 
0.0014699814028279468 
0.0014699814028279468 
0.0014699814028279468 
0.0002943368182408701 
0.0002943368182408701 
0.0002943368182408701 
0.0002943368182408701 
0.0002943368182408701 
0.0002943368182408701 
0.0002943368182408701 
0.0002943368182408701 
0.0002943368182408701 
0.0002943368182408701 
0.0002943368182408701 
0.0002943368182408701 
0.0002943368182408701 
0.0002943368182408701 
0.0002943368182408701 
0.0002943368182408701 
0.0002943368182408701 
0.0002943368182408701 
0.0002943368182408701 
0.0002943368182408701 
0.0002943368182408701 
0.0002943368182408701 
0.0002943368182408701 
0.0002943368182408701 
0.0002943368182408701 
0.0002943368182408701 
7.0702446190451518e-05 
7.0702446190451518e-05 
7.0702446190451518e-05 
7.0702446190451518e-05 
7.0702446190451518e-05 
7.0702446190451518e-05 
7.0702446190451518e-05 
8.0477899168096556e-06 
8.0477899168096556e-06 
8.0477899168096556e-06 
8.0477899168096556e-06 
8.0477899168096556e-06 
8.0477899168096556e-06 
8.0477899168096556e-06 
8.0477899168096556e-06 
8.0477899168096556e-06 
8.0477899168096556e-06 
8.0477899168096556e-06 
8.0477899168096556e-06 
8.0477899168096556e-06 
8.0477899168096556e-06 
8.0477899168096556e-06 
8.0477899168096556e-06 
8.0477899168096556e-06 
8.0477899168096556e-06 
8.0477899168096556e-06 
8.0477899168096556e-06 
8.0477899168096556e-06 
8.0477899168096556e-06 
8.0477899168096556e-06 
8.0477899168096556e-06 
8.0477899168096556e-06 
7.9396588463787054e-06 
7.9396588463787054e-06 
7.9396588463787054e-06 
7.9396588463787054e-06 
7.9396588463787054e-06 
7.9396588463787054e-06 
7.9396588463787054e-06 
7.9396588463787054e-06 
7.9396588463787054e-06 
7.9396588463787054e-06 
7.9396588463787054e-06 
7.9396588463787054e-06 
7.9396588463787054e-06 
7.9396588463787054e-06 
7.9396588463787054e-06 
7.9396588463787054e-06 
7.9396588463787054e-06 
7.9396588463787054e-06 
7.9396588463787054e-06 
7.9396588463787054e-06 
7.9396588463787054e-06 
7.9396588463787054e-06 
7.9396588463787054e-06 
7.9396588463787054e-06 
7.9396588463787054e-06 
7.9396588463787054e-06 
7.9396588463787054e-06 
7.9396588463787054e-06 
7.9396588463787054e-06 
7.9396588463787054e-06 
7.9396588463787054e-06 
7.9396588463787054e-06 
5.7766076689835799e-06 
5.7766076689835799e-06 
5.7766076689835799e-06 
5.7766076689835799e-06 
5.7766076689835799e-06 
5.7766076689835799e-06 
5.7766076689835799e-06 
5.7766076689835799e-06 
5.7766076689835799e-06 
5.7766076689835799e-06 
5.7766076689835799e-06 
5.7766076689835799e-06 
5.7766076689835799e-06 
5.7766076689835799e-06 
5.7766076689835799e-06 
5.7766076689835799e-06 
5.7766076689835799e-06 
5.7766076689835799e-06 
5.7766076689835799e-06 
5.7766076689835799e-06 
5.7766076689835799e-06 
5.7364132324266848e-06 
5.6917340569562214e-06 
5.6917340569562214e-06 
5.6917340569562214e-06 
5.6917340569562214e-06 
5.2323711217105995e-06 
5.2323711217105995e-06 
5.2323711217105995e-06 
5.2323711217105995e-06 
2.2077275996235102e-07 
2.2077275996235102e-07 
2.2077275996235102e-07 
2.2077275996235102e-07 
2.2077275996235102e-07 
2.2077275996235102e-07 
2.2077275996235102e-07 
2.306319502043408e-08 
2.306319502043408e-08 
2.306319502043408e-08 
2.306319502043408e-08 
2.306319502043408e-08 
9.928359911981488e-09 
9.928359911981488e-09 
9.928359911981488e-09 
9.928359911981488e-09 
9.928359911981488e-09 
9.928359911981488e-09 
9.928359911981488e-09 
7.9394507634944489e-09 
7.9394507634944489e-09 
7.9394507634944489e-09 
7.9394507634944489e-09 
7.9394507634944489e-09 
7.9394507634944489e-09 
7.9394507634944489e-09 
7.9394507634944489e-09 
7.9394507634944489e-09 
7.9394507634944489e-09 
7.9394507634944489e-09 
7.9394507634944489e-09 
7.9394507634944489e-09 
7.9394507634944489e-09 
7.9394507634944489e-09 
7.9394507634944489e-09 
7.9394507634944489e-09 
7.9394507634944489e-09 
7.9394507634944489e-09 
7.9394507634944489e-09 
7.9394507634944489e-09 
7.9394507634944489e-09 
7.9394507634944489e-09 
7.9394507634944489e-09 
7.9394507634944489e-09 
7.9394507634944489e-09 
7.9394507634944489e-09 
7.9394507634944489e-09 
7.9394507634944489e-09 
7.9394507634944489e-09 
6.4812569755545724e-09 
6.4812569755545724e-09 
2.5347002274855868e-10 
2.5347002274855868e-10 
2.5347002274855868e-10 
2.5347002274855868e-10 
2.5347002274855868e-10 
2.5347002274855868e-10 
2.5347002274855868e-10 
2.5347002274855868e-10 
2.5347002274855868e-10 
2.5347002274855868e-10 
2.5347002274855868e-10 
2.5347002274855868e-10 
1.3858025837976129e-11 
1.3858025837976129e-11 
1.3858025837976129e-11 
1.3858025837976129e-11 
1.3858025837976129e-11 
1.3858025837976129e-11 
1.3858025837976129e-11 
1.3858025837976129e-11 
1.3858025837976129e-11 
1.3858025837976129e-11 
1.3858025837976129e-11 
1.3858025837976129e-11 
1.3858025837976129e-11 
1.3858025837976129e-11 
1.3858025837976129e-11 
1.3858025837976129e-11 
1.3858025837976129e-11 
1.3858025837976129e-11 
1.3858025837976129e-11 
1.3858025837976129e-11 
1.3858025837976129e-11 
1.3858025837976129e-11 
1.3858025837976129e-11 
1.3858025837976129e-11 
1.3858025837976129e-11 
1.3858025837976129e-11 
1.3858025837976129e-11 
1.3858025837976129e-11 
1.3858025837976129e-11 
1.3858025837976129e-11 
1.3858025837976129e-11 
1.3858025837976129e-11 
1.3858025837976129e-11 
1.3858025837976129e-11 
1.3858025837976129e-11 
1.3858025837976129e-11 
1.3858025837976129e-11 
1.3858025837976129e-11 
1.3858025837976129e-11 
1.0463074850974863e-11 
1.0463074850974863e-11 
1.0463074850974863e-11 
1.0463074850974863e-11 
6.5167871099447439e-12 
6.5167871099447439e-12 
6.5167871099447439e-12 
6.5167871099447439e-12 
6.5167871099447439e-12 
6.5167871099447439e-12 
6.5167871099447439e-12 
5.2130522121274225e-12 
5.2130522121274225e-12 
5.1859627703265687e-12 
5.1859627703265687e-12 
5.1859627703265687e-12 
3.0697666630885578e-13 
3.0697666630885578e-13 
3.0697666630885578e-13 
3.0697666630885578e-13 
3.0697666630885578e-13 
3.0697666630885578e-13 
3.0697666630885578e-13 
3.0697666630885578e-13 
3.0697666630885578e-13 
3.0697666630885578e-13 
3.0697666630885578e-13 
3.0697666630885578e-13 
3.0697666630885578e-13 
3.0697666630885578e-13 
3.0697666630885578e-13 
3.0697666630885578e-13 
3.0697666630885578e-13 
3.0697666630885578e-13 
3.0697666630885578e-13 
3.0697666630885578e-13 
3.0697666630885578e-13 
3.0697666630885578e-13 
3.0697666630885578e-13 
3.0697666630885578e-13 
3.0697666630885578e-13 
3.0697666630885578e-13 
3.0697666630885578e-13 
3.0697666630885578e-13 
3.0697666630885578e-13 
3.0697666630885578e-13 
3.0697666630885578e-13 
3.0697666630885578e-13 
3.0697666630885578e-13 
3.0697666630885578e-13 
3.0697666630885578e-13 
3.0697666630885578e-13 
3.0697666630885578e-13 
3.0697666630885578e-13 
3.0697666630885578e-13 
3.0697666630885578e-13 
3.0697666630885578e-13 
3.0697666630885578e-13 
3.0697666630885578e-13 
3.0697666630885578e-13 
3.0697666630885578e-13 
3.0697666630885578e-13 
3.0697666630885578e-13 
3.0697666630885578e-13 
3.0697666630885578e-13 
3.0697666630885578e-13 
3.0697666630885578e-13 
3.0697666630885578e-13 
3.0697666630885578e-13 
3.0697666630885578e-13 
3.0697666630885578e-13 
3.0697666630885578e-13 
3.0697666630885578e-13 
3.0697666630885578e-13 
3.0697666630885578e-13 
3.0697666630885578e-13 
3.0697666630885578e-13 
3.0697666630885578e-13 
3.0697666630885578e-13 
3.0697666630885578e-13 
3.0697666630885578e-13 
3.0697666630885578e-13 
3.0697666630885578e-13 
3.0697666630885578e-13 
3.0697666630885578e-13 
3.0697666630885578e-13 
3.0697666630885578e-13 
3.0697666630885578e-13 
3.0697666630885578e-13 
3.0697666630885578e-13 
3.0697666630885578e-13 
3.0697666630885578e-13 
3.0697666630885578e-13 
3.0697666630885578e-13 
3.0697666630885578e-13 
3.0697666630885578e-13 
3.0697666630885578e-13 
3.0697666630885578e-13 
3.0697666630885578e-13 
3.0697666630885578e-13 
3.0697666630885578e-13 
3.0697666630885578e-13 
3.0697666630885578e-13 
3.0697666630885578e-13 
3.0697666630885578e-13 
3.0697666630885578e-13 
3.0697666630885578e-13 
3.0697666630885578e-13 
3.0697666630885578e-13 
3.0697666630885578e-13 
3.0697666630885578e-13 
3.0697666630885578e-13 
3.0697666630885578e-13 
3.0697666630885578e-13 
3.0697666630885578e-13 
3.0697666630885578e-13 
3.0697666630885578e-13 
3.0697666630885578e-13 
3.0697666630885578e-13 
3.0697666630885578e-13 
3.0697666630885578e-13 
3.0697666630885578e-13 
3.0697666630885578e-13 
3.0697666630885578e-13 
3.0697666630885578e-13 
3.0697666630885578e-13 
3.0697666630885578e-13 
3.0697666630885578e-13 
3.0697666630885578e-13 
3.0697666630885578e-13 
3.0697666630885578e-13 
3.0697666630885578e-13 
3.0697666630885578e-13 
3.0697666630885578e-13 
3.0697666630885578e-13 
3.0697666630885578e-13 
3.0697666630885578e-13 
3.0697666630885578e-13 
3.0697666630885578e-13 
3.0697666630885578e-13 
3.0697666630885578e-13 
3.0697666630885578e-13 
3.0697666630885578e-13 
3.0697666630885578e-13 
3.0697666630885578e-13 
3.0697666630885578e-13 
3.0697666630885578e-13 
3.0697666630885578e-13 
3.0697666630885578e-13 
3.0697666630885578e-13 
3.0697666630885578e-13 
3.0697666630885578e-13 
3.0697666630885578e-13 
3.0697666630885578e-13 
3.0697666630885578e-13 
3.0697666630885578e-13 
3.0697666630885578e-13 
3.0697666630885578e-13 
3.0697666630885578e-13 
3.0697666630885578e-13 
3.0697666630885578e-13 
3.0697666630885578e-13 
3.0697666630885578e-13 
3.0697666630885578e-13 
3.0697666630885578e-13 
3.0697666630885578e-13 
3.0697666630885578e-13 
3.0697666630885578e-13 
3.0697666630885578e-13 
3.0697666630885578e-13 
3.0697666630885578e-13 
3.0697666630885578e-13 
3.0697666630885578e-13 
3.0697666630885578e-13 
3.0697666630885578e-13 
3.0697666630885578e-13 
3.0697666630885578e-13 
3.0697666630885578e-13 
3.0697666630885578e-13 
3.0697666630885578e-13 
3.0697666630885578e-13 
3.0697666630885578e-13 
3.0697666630885578e-13 
3.0697666630885578e-13 
3.0697666630885578e-13 
3.0697666630885578e-13 
3.0697666630885578e-13 
3.0697666630885578e-13 
3.0697666630885578e-13 
3.0697666630885578e-13 
3.0697666630885578e-13 
3.0697666630885578e-13 
3.0697666630885578e-13 
3.0697666630885578e-13 
3.0697666630885578e-13 
3.0697666630885578e-13 
3.0697666630885578e-13 
3.0697666630885578e-13 
3.0697666630885578e-13 
3.0697666630885578e-13 
3.0697666630885578e-13 
3.0697666630885578e-13 
3.0697666630885578e-13 
3.0697666630885578e-13 
3.0697666630885578e-13 
3.0697666630885578e-13 
3.0697666630885578e-13 
3.0697666630885578e-13 
3.0697666630885578e-13 
3.0697666630885578e-13 
3.0697666630885578e-13 
3.0697666630885578e-13 
3.0697666630885578e-13 
3.0697666630885578e-13 
3.0697666630885578e-13 
3.0697666630885578e-13 
3.0697666630885578e-13 
3.0697666630885578e-13 
3.0697666630885578e-13 
3.0697666630885578e-13 
3.0697666630885578e-13 
3.0697666630885578e-13 
3.0697666630885578e-13 
3.0697666630885578e-13 
3.0697666630885578e-13 
3.0697666630885578e-13 
3.0697666630885578e-13 
3.0697666630885578e-13 
3.0697666630885578e-13 
3.0697666630885578e-13 
3.0697666630885578e-13 
3.0697666630885578e-13 
3.0697666630885578e-13 
3.0697666630885578e-13 
3.0697666630885578e-13 
3.0697666630885578e-13 
3.0697666630885578e-13 
3.0697666630885578e-13 
3.0697666630885578e-13 
3.0697666630885578e-13 
3.0697666630885578e-13 
3.0697666630885578e-13 
3.0697666630885578e-13 
3.0697666630885578e-13 
3.0697666630885578e-13 
3.0697666630885578e-13 
3.0697666630885578e-13 
3.0697666630885578e-13 
3.0697666630885578e-13 
3.0697666630885578e-13 
3.0697666630885578e-13 
3.0697666630885578e-13 
3.0697666630885578e-13 
3.0697666630885578e-13 
3.0697666630885578e-13 
3.0697666630885578e-13 
3.0697666630885578e-13 
3.0697666630885578e-13 
3.0697666630885578e-13 
3.0697666630885578e-13 
3.0697666630885578e-13 
3.0697666630885578e-13 
3.0697666630885578e-13 
3.0697666630885578e-13 
3.0697666630885578e-13 
3.0697666630885578e-13 
3.0697666630885578e-13 
3.0697666630885578e-13 
3.0697666630885578e-13 
3.0697666630885578e-13 
3.0697666630885578e-13 
3.0697666630885578e-13 
3.0697666630885578e-13 
3.0697666630885578e-13 
3.0697666630885578e-13 
3.0697666630885578e-13 
3.0697666630885578e-13 
3.0697666630885578e-13 
3.0697666630885578e-13 
3.0697666630885578e-13 
3.0697666630885578e-13 
3.0697666630885578e-13 
3.0697666630885578e-13 
3.0697666630885578e-13 
3.0697666630885578e-13 
3.0697666630885578e-13 
3.0697666630885578e-13 
3.0697666630885578e-13 
3.0697666630885578e-13 
3.0697666630885578e-13 
3.0697666630885578e-13 
3.0697666630885578e-13 
3.0697666630885578e-13 
3.0697666630885578e-13 
3.0697666630885578e-13 
3.0697666630885578e-13 
3.0697666630885578e-13 
3.0697666630885578e-13 
3.0697666630885578e-13 
3.0697666630885578e-13 
3.0697666630885578e-13 
3.0697666630885578e-13 
3.0697666630885578e-13 
3.0697666630885578e-13 
3.0697666630885578e-13 
3.0697666630885578e-13 
3.0697666630885578e-13 
3.0697666630885578e-13 
3.0697666630885578e-13 
3.0697666630885578e-13 
3.0697666630885578e-13 
3.0697666630885578e-13 
3.0697666630885578e-13 
3.0697666630885578e-13 
3.0697666630885578e-13 
3.0697666630885578e-13 
3.0697666630885578e-13 
3.0697666630885578e-13 
3.0697666630885578e-13 
3.0697666630885578e-13 
3.0697666630885578e-13 
3.0697666630885578e-13 
3.0697666630885578e-13 
3.0697666630885578e-13 
3.0697666630885578e-13 
3.0697666630885578e-13 
3.0697666630885578e-13 
3.0697666630885578e-13 
3.0697666630885578e-13 
3.0697666630885578e-13 
3.0697666630885578e-13 
3.0697666630885578e-13 
3.0697666630885578e-13 
3.0697666630885578e-13 
3.0697666630885578e-13 
3.0697666630885578e-13 
3.0697666630885578e-13 
3.0697666630885578e-13 
3.0697666630885578e-13 
3.0697666630885578e-13 
3.0697666630885578e-13 
3.0697666630885578e-13 
3.0697666630885578e-13 
3.0697666630885578e-13 
3.0697666630885578e-13 
3.0697666630885578e-13 
3.0697666630885578e-13 
3.0697666630885578e-13 
3.0697666630885578e-13 
3.0697666630885578e-13 
3.0697666630885578e-13 
3.0697666630885578e-13 
3.0697666630885578e-13 
3.0697666630885578e-13 
3.0697666630885578e-13 
3.0697666630885578e-13 
3.0697666630885578e-13 
3.0697666630885578e-13 
3.0697666630885578e-13 
3.0697666630885578e-13 
3.0697666630885578e-13 
3.0697666630885578e-13 
3.0697666630885578e-13 
3.0697666630885578e-13 
3.0697666630885578e-13 
3.0697666630885578e-13 
3.0697666630885578e-13 
3.0697666630885578e-13 
3.0697666630885578e-13 
3.0697666630885578e-13 
3.0697666630885578e-13 
3.0697666630885578e-13 
3.0697666630885578e-13 
3.0697666630885578e-13 
3.0697666630885578e-13 
3.0697666630885578e-13 
3.0697666630885578e-13 
3.0697666630885578e-13 
3.0697666630885578e-13 
3.0697666630885578e-13 
3.0697666630885578e-13 
3.0697666630885578e-13 
3.0697666630885578e-13 
3.0697666630885578e-13 
3.0697666630885578e-13 
3.0697666630885578e-13 
3.0697666630885578e-13 
3.0697666630885578e-13 
3.0697666630885578e-13 
3.0697666630885578e-13 
3.0697666630885578e-13 
3.0697666630885578e-13 
3.0697666630885578e-13 
3.0697666630885578e-13 
3.0697666630885578e-13 
3.0697666630885578e-13 
3.0697666630885578e-13 
3.0697666630885578e-13 
3.0697666630885578e-13 
3.0697666630885578e-13 
3.0697666630885578e-13 
3.0697666630885578e-13 
3.0697666630885578e-13 
3.0697666630885578e-13 
3.0697666630885578e-13 
3.0697666630885578e-13 
3.0697666630885578e-13 
3.0697666630885578e-13 
3.0697666630885578e-13 
3.0697666630885578e-13 
3.0697666630885578e-13 
3.0697666630885578e-13 
3.0697666630885578e-13 
3.0697666630885578e-13 
3.0697666630885578e-13 
3.0697666630885578e-13 
3.0697666630885578e-13 
3.0697666630885578e-13 
3.0697666630885578e-13 
3.0697666630885578e-13 
3.0697666630885578e-13 
3.0697666630885578e-13 
3.0697666630885578e-13 
3.0697666630885578e-13 
3.0697666630885578e-13 
3.0697666630885578e-13 
3.0697666630885578e-13 
3.0697666630885578e-13 
3.0697666630885578e-13 
3.0697666630885578e-13 
3.0697666630885578e-13 
3.0697666630885578e-13 
3.0697666630885578e-13 
3.0697666630885578e-13 
3.0697666630885578e-13 
3.0697666630885578e-13 
3.0697666630885578e-13 
3.0697666630885578e-13 
3.0697666630885578e-13 
3.0697666630885578e-13 
3.0697666630885578e-13 
3.0697666630885578e-13 
3.0697666630885578e-13 
3.0697666630885578e-13 
3.0697666630885578e-13 
3.0697666630885578e-13 
3.0697666630885578e-13 
3.0697666630885578e-13 
3.0697666630885578e-13 
3.0697666630885578e-13 
3.0697666630885578e-13 
3.0697666630885578e-13 
3.0697666630885578e-13 
3.0697666630885578e-13 
3.0697666630885578e-13 
3.0697666630885578e-13 
3.0697666630885578e-13 
3.0697666630885578e-13 
3.0697666630885578e-13 
3.0697666630885578e-13 
3.0697666630885578e-13 
3.0697666630885578e-13 
3.0697666630885578e-13 
3.0697666630885578e-13 
3.0697666630885578e-13 
3.0697666630885578e-13 
3.0697666630885578e-13 
3.0697666630885578e-13 
3.0697666630885578e-13 
3.0697666630885578e-13 
3.0697666630885578e-13 
3.0697666630885578e-13 
3.0697666630885578e-13 
3.0697666630885578e-13 
3.0697666630885578e-13 
3.0697666630885578e-13 
3.0697666630885578e-13 
3.0697666630885578e-13 
3.0697666630885578e-13 
3.0697666630885578e-13 
3.0697666630885578e-13 
3.0697666630885578e-13 
3.0697666630885578e-13 
3.0697666630885578e-13 
3.0697666630885578e-13 
3.0697666630885578e-13 
3.0697666630885578e-13 
3.0697666630885578e-13 
3.0697666630885578e-13 
3.0697666630885578e-13 
3.0697666630885578e-13 
3.0697666630885578e-13 
3.0697666630885578e-13 
3.0697666630885578e-13 
3.0697666630885578e-13 
3.0697666630885578e-13 
3.0697666630885578e-13 
3.0697666630885578e-13 
3.0697666630885578e-13 
3.0697666630885578e-13 
3.0697666630885578e-13 
3.0697666630885578e-13 
3.0697666630885578e-13 
3.0697666630885578e-13 
3.0697666630885578e-13 
3.0697666630885578e-13 
3.0697666630885578e-13 
3.0697666630885578e-13 
3.0697666630885578e-13 
3.0697666630885578e-13 
3.0697666630885578e-13 
3.0697666630885578e-13 
3.0697666630885578e-13 
3.0697666630885578e-13 
3.0697666630885578e-13 
3.0697666630885578e-13 
3.0697666630885578e-13 
3.0697666630885578e-13 
3.0697666630885578e-13 
3.0697666630885578e-13 
3.0697666630885578e-13 
3.0697666630885578e-13 
3.0697666630885578e-13 
3.0697666630885578e-13 
3.0697666630885578e-13 
3.0697666630885578e-13 
3.0697666630885578e-13 
3.0697666630885578e-13 
3.0697666630885578e-13 
3.0697666630885578e-13 
3.0697666630885578e-13 
3.0697666630885578e-13 
3.0697666630885578e-13 
3.0697666630885578e-13 
3.0697666630885578e-13 
3.0697666630885578e-13 
3.0697666630885578e-13 
3.0697666630885578e-13 
3.0697666630885578e-13 
3.0697666630885578e-13 
3.0697666630885578e-13 
3.0697666630885578e-13 
3.0697666630885578e-13 
3.0697666630885578e-13 
3.0697666630885578e-13 
3.0697666630885578e-13 
3.0697666630885578e-13 
3.0697666630885578e-13 
3.0697666630885578e-13 
3.0697666630885578e-13 
3.0697666630885578e-13 
3.0697666630885578e-13 
3.0697666630885578e-13 
3.0697666630885578e-13 
3.0697666630885578e-13 
3.0697666630885578e-13 
3.0697666630885578e-13 
3.0697666630885578e-13 
3.0697666630885578e-13 
3.0697666630885578e-13 
3.0697666630885578e-13 
3.0697666630885578e-13 
3.0697666630885578e-13 
3.0697666630885578e-13 
3.0697666630885578e-13 
3.0697666630885578e-13 
3.0697666630885578e-13 
3.0697666630885578e-13 
3.0697666630885578e-13 
3.0697666630885578e-13 
3.0697666630885578e-13 
3.0697666630885578e-13 
3.0697666630885578e-13 
3.0697666630885578e-13 
3.0697666630885578e-13 
3.0697666630885578e-13 
3.0697666630885578e-13 
3.0697666630885578e-13 
3.0697666630885578e-13 
3.0697666630885578e-13 
3.0697666630885578e-13 
3.0697666630885578e-13 
3.0697666630885578e-13 
3.0697666630885578e-13 
3.0697666630885578e-13 
3.0697666630885578e-13 
3.0697666630885578e-13 
3.0697666630885578e-13 
3.0697666630885578e-13 
3.0697666630885578e-13 
3.0697666630885578e-13 
3.0697666630885578e-13 
3.0697666630885578e-13 
3.0697666630885578e-13 
3.0697666630885578e-13 
3.0697666630885578e-13 
3.0697666630885578e-13 
3.0697666630885578e-13 
3.0697666630885578e-13 
3.0697666630885578e-13 
3.0697666630885578e-13 
3.0697666630885578e-13 
3.0697666630885578e-13 
3.0697666630885578e-13 
3.0697666630885578e-13 
3.0697666630885578e-13 
3.0697666630885578e-13 
3.0697666630885578e-13 
3.0697666630885578e-13 
3.0697666630885578e-13 
3.0697666630885578e-13 
3.0697666630885578e-13 
3.0697666630885578e-13 
3.0697666630885578e-13 
3.0697666630885578e-13 
3.0697666630885578e-13 
3.0697666630885578e-13 
3.0697666630885578e-13 
3.0697666630885578e-13 
3.0697666630885578e-13 
3.0697666630885578e-13 
3.0697666630885578e-13 
3.0697666630885578e-13 
3.0697666630885578e-13 
3.0697666630885578e-13 
3.0697666630885578e-13 
3.0697666630885578e-13 
3.0697666630885578e-13 
3.0697666630885578e-13 
3.0697666630885578e-13 
3.0697666630885578e-13 
3.0697666630885578e-13 
3.0697666630885578e-13 
3.0697666630885578e-13 
3.0697666630885578e-13 
3.0697666630885578e-13 
3.0697666630885578e-13 
3.0697666630885578e-13 
3.0697666630885578e-13 
3.0697666630885578e-13 
3.0697666630885578e-13 
3.0697666630885578e-13 
3.0697666630885578e-13 
3.0697666630885578e-13 
3.0697666630885578e-13 
3.0697666630885578e-13 
3.0697666630885578e-13 
3.0697666630885578e-13 
3.0697666630885578e-13 
3.0697666630885578e-13 
3.0697666630885578e-13 
3.0697666630885578e-13 
3.0697666630885578e-13 
3.0697666630885578e-13 
3.0697666630885578e-13 
3.0697666630885578e-13 
3.0697666630885578e-13 
3.0697666630885578e-13 
3.0697666630885578e-13 
3.0697666630885578e-13 
3.0697666630885578e-13 
3.0697666630885578e-13 
3.0697666630885578e-13 
3.0697666630885578e-13 
3.0697666630885578e-13 
3.0697666630885578e-13 
3.0697666630885578e-13 
3.0697666630885578e-13 
3.0697666630885578e-13 
3.0697666630885578e-13 
3.0697666630885578e-13 
3.0697666630885578e-13 
3.0697666630885578e-13 
3.0697666630885578e-13 
3.0697666630885578e-13 
3.0697666630885578e-13 
3.0697666630885578e-13 
3.0697666630885578e-13 
3.0697666630885578e-13 
3.0697666630885578e-13 
3.0697666630885578e-13 
3.0697666630885578e-13 
3.0697666630885578e-13 
3.0697666630885578e-13 
3.0697666630885578e-13 
3.0697666630885578e-13 
3.0697666630885578e-13 
3.0697666630885578e-13 
3.0697666630885578e-13 
3.0697666630885578e-13 
3.0697666630885578e-13 
3.0697666630885578e-13 
3.0697666630885578e-13 
3.0697666630885578e-13 
3.0697666630885578e-13 
3.0697666630885578e-13 
3.0697666630885578e-13 
3.0697666630885578e-13 
3.0697666630885578e-13 
3.0697666630885578e-13 
3.0697666630885578e-13 
3.0697666630885578e-13 
3.0697666630885578e-13 
3.0697666630885578e-13 
3.0697666630885578e-13 
3.0697666630885578e-13 
3.0697666630885578e-13 
3.0697666630885578e-13 
3.0697666630885578e-13 
3.0697666630885578e-13 
3.0697666630885578e-13 
3.0697666630885578e-13 
3.0697666630885578e-13 
3.0697666630885578e-13 
3.0697666630885578e-13 
3.0697666630885578e-13 
3.0697666630885578e-13 
3.0697666630885578e-13 
3.0697666630885578e-13 
3.0697666630885578e-13 
3.0697666630885578e-13 
3.0697666630885578e-13 
3.0697666630885578e-13 
3.0697666630885578e-13 
3.0697666630885578e-13 
3.0697666630885578e-13 
3.0697666630885578e-13 
3.0697666630885578e-13 
3.0697666630885578e-13 
3.0697666630885578e-13 
3.0697666630885578e-13 
3.0697666630885578e-13 
3.0697666630885578e-13 
3.0697666630885578e-13 
3.0697666630885578e-13 
3.0697666630885578e-13 
3.0697666630885578e-13 
3.0697666630885578e-13 
3.0697666630885578e-13 
3.0697666630885578e-13 
3.0697666630885578e-13 
3.0697666630885578e-13 
3.0697666630885578e-13 
3.0697666630885578e-13 
3.0697666630885578e-13 
3.0697666630885578e-13 
3.0697666630885578e-13 
3.0697666630885578e-13 
3.0697666630885578e-13 
3.0697666630885578e-13 
3.0697666630885578e-13 
3.0697666630885578e-13 
3.0697666630885578e-13 
3.0697666630885578e-13 
3.0697666630885578e-13 
3.0697666630885578e-13 
3.0697666630885578e-13 
3.0697666630885578e-13 
3.0697666630885578e-13 
3.0697666630885578e-13 
3.0697666630885578e-13 
3.0697666630885578e-13 
3.0697666630885578e-13 
