1.0393516919043693 
1.033220404906777 
0.97711704317351589 
0.92215101424138224 
0.8684327470464257 
0.81607007679285337 
0.76516798310283474 
0.71582833512377986 
0.66814964421507705 
0.62222682481779235 
0.5781509640908451 
0.53600910087579523 
0.49588401452959496 
0.45785402414059129 
0.42199279861771255 
0.38836917811623628 
0.35704700723587746 
0.32808498039819711 
0.30153649978060493 
0.27744954615359407 
0.25586656293634591 
0.23682435375358479 
0.22035399374361919 
0.20648075483392736 
0.19522404516658098 
0.18659736282124617 
0.18060826394861318 
0.17725834539194707 
0.15656848886546915 
0.13594064595652344 
0.11782678919684819 
0.10224610928506095 
0.089214670077306768 
0.078745391131664899 
0.068197229229786549 
0.050711285968066289 
0.035775103197303704 
0.02341993821714039 
0.013671568688043201 
0.0065502318005279392 
0.0020705765363330242 
0.00023541896453949107 
0.00023541896453949107 
0.00023541896453949107 
0.00011640697608583661 
9.1520532098487983e-05 
9.1520532098487983e-05 
3.1428943216282867e-05 
3.1428943216282867e-05 
2.8211561197144519e-05 
1.4857566250081611e-05 
1.4857566250081611e-05 
1.4857566250081611e-05 
3.0964747012030003e-06 
3.0964747012030003e-06 
3.0964747012030003e-06 
2.980561704890583e-06 
1.9142751934708713e-06 
1.9142751934708713e-06 
1.9142751934708713e-06 
1.9142751934708713e-06 
1.9988971067252947e-07 
1.9988971067252947e-07 
1.9988971067252947e-07 
1.9988971067252947e-07 
1.9988971067252947e-07 
1.9988971067252947e-07 
1.9988971067252947e-07 
1.9988971067252947e-07 
1.9988971067252947e-07 
1.9988971067252947e-07 
1.9988971067252947e-07 
1.9988971067252947e-07 
1.9988971067252947e-07 
1.9988971067252947e-07 
1.9988971067252947e-07 
1.9988971067252947e-07 
1.9988971067252947e-07 
1.9988971067252947e-07 
1.9988971067252947e-07 
1.9988971067252947e-07 
4.5263756187630122e-08 
4.5263756187630122e-08 
4.5263756187630122e-08 
4.5263756187630122e-08 
4.5263756187630122e-08 
4.5263756187630122e-08 
4.5263756187630122e-08 
4.5263756187630122e-08 
4.5263756187630122e-08 
4.5263756187630122e-08 
4.5263756187630122e-08 
4.5263756187630122e-08 
4.5263756187630122e-08 
4.5263756187630122e-08 
4.5263756187630122e-08 
4.5263756187630122e-08 
4.5263756187630122e-08 
4.5263756187630122e-08 
4.5263756187630122e-08 
4.5263756187630122e-08 
4.5263756187630122e-08 
4.5263756187630122e-08 
4.5263756187630122e-08 
4.5263756187630122e-08 
4.5263756187630122e-08 
4.5263756187630122e-08 
4.5263756187630122e-08 
4.5263756187630122e-08 
4.5263756187630122e-08 
4.5263756187630122e-08 
4.5263756187630122e-08 
4.5263756187630122e-08 
4.5263756187630122e-08 
4.5263756187630122e-08 
4.5263756187630122e-08 
4.5263756187630122e-08 
4.5263756187630122e-08 
4.5263756187630122e-08 
4.5263756187630122e-08 
4.5263756187630122e-08 
4.5263756187630122e-08 
4.5263756187630122e-08 
4.5263756187630122e-08 
4.5263756187630122e-08 
4.5263756187630122e-08 
4.5263756187630122e-08 
4.5263756187630122e-08 
4.5263756187630122e-08 
4.5263756187630122e-08 
4.5263756187630122e-08 
4.5263756187630122e-08 
4.5263756187630122e-08 
4.5263756187630122e-08 
4.5263756187630122e-08 
4.5263756187630122e-08 
4.5263756187630122e-08 
4.5263756187630122e-08 
4.5263756187630122e-08 
4.5263756187630122e-08 
4.5263756187630122e-08 
4.5263756187630122e-08 
4.5263756187630122e-08 
4.5263756187630122e-08 
4.5263756187630122e-08 
4.5263756187630122e-08 
4.5263756187630122e-08 
4.5263756187630122e-08 
4.5263756187630122e-08 
4.5263756187630122e-08 
4.5263756187630122e-08 
4.5263756187630122e-08 
4.5263756187630122e-08 
4.5263756187630122e-08 
4.5263756187630122e-08 
4.5263756187630122e-08 
4.5263756187630122e-08 
4.5263756187630122e-08 
4.5263756187630122e-08 
4.5263756187630122e-08 
4.5263756187630122e-08 
4.5263756187630122e-08 
4.5263756187630122e-08 
4.5263756187630122e-08 
4.5263756187630122e-08 
4.5263756187630122e-08 
4.5263756187630122e-08 
4.5263756187630122e-08 
4.5263756187630122e-08 
4.5263756187630122e-08 
4.5263756187630122e-08 
4.5263756187630122e-08 
1.1849809467001648e-08 
1.1849809467001648e-08 
1.1849809467001648e-08 
1.1849809467001648e-08 
1.1849809467001648e-08 
1.1849809467001648e-08 
1.1849809467001648e-08 
1.1849809467001648e-08 
1.1849809467001648e-08 
1.1849809467001648e-08 
1.1849809467001648e-08 
1.1849809467001648e-08 
1.1849809467001648e-08 
1.1849809467001648e-08 
1.1849809467001648e-08 
1.1849809467001648e-08 
1.1849809467001648e-08 
1.1849809467001648e-08 
1.1849809467001648e-08 
1.1849809467001648e-08 
1.1849809467001648e-08 
1.1849809467001648e-08 
1.1849809467001648e-08 
1.1849809467001648e-08 
1.1849809467001648e-08 
1.1849809467001648e-08 
1.1849809467001648e-08 
1.1849809467001648e-08 
1.1849809467001648e-08 
1.1849809467001648e-08 
1.1849809467001648e-08 
1.1849809467001648e-08 
1.1849809467001648e-08 
1.1849809467001648e-08 
1.1849809467001648e-08 
1.1849809467001648e-08 
1.1849809467001648e-08 
1.1849809467001648e-08 
1.1849809467001648e-08 
1.1849809467001648e-08 
1.1849809467001648e-08 
1.1849809467001648e-08 
1.1849809467001648e-08 
1.1849809467001648e-08 
1.1849809467001648e-08 
1.1849809467001648e-08 
1.1849809467001648e-08 
1.1849809467001648e-08 
1.1849809467001648e-08 
1.1849809467001648e-08 
1.1849809467001648e-08 
1.1849809467001648e-08 
1.1849809467001648e-08 
1.1849809467001648e-08 
1.1849809467001648e-08 
1.1849809467001648e-08 
1.1849809467001648e-08 
1.1849809467001648e-08 
1.1849809467001648e-08 
1.1849809467001648e-08 
1.1849809467001648e-08 
1.1849809467001648e-08 
1.1849809467001648e-08 
1.1849809467001648e-08 
1.1849809467001648e-08 
1.1849809467001648e-08 
1.1849809467001648e-08 
1.1849809467001648e-08 
1.1849809467001648e-08 
1.1849809467001648e-08 
1.1849809467001648e-08 
1.1849809467001648e-08 
1.1849809467001648e-08 
1.1849809467001648e-08 
1.1849809467001648e-08 
1.1849809467001648e-08 
1.1849809467001648e-08 
1.1849809467001648e-08 
1.1849809467001648e-08 
1.1849809467001648e-08 
1.1849809467001648e-08 
1.1849809467001648e-08 
1.1849809467001648e-08 
1.1849809467001648e-08 
1.1849809467001648e-08 
1.1849809467001648e-08 
1.1849809467001648e-08 
1.1849809467001648e-08 
1.1849809467001648e-08 
1.1849809467001648e-08 
1.1849809467001648e-08 
1.1849809467001648e-08 
1.1849809467001648e-08 
1.1849809467001648e-08 
1.1849809467001648e-08 
1.1849809467001648e-08 
1.1849809467001648e-08 
1.1849809467001648e-08 
1.1849809467001648e-08 
1.1849809467001648e-08 
1.1849809467001648e-08 
1.1849809467001648e-08 
1.1849809467001648e-08 
1.1849809467001648e-08 
1.1849809467001648e-08 
1.1849809467001648e-08 
1.1849809467001648e-08 
1.1849809467001648e-08 
1.1849809467001648e-08 
1.1849809467001648e-08 
1.1849809467001648e-08 
1.1849809467001648e-08 
1.1849809467001648e-08 
1.1849809467001648e-08 
1.1849809467001648e-08 
1.1849809467001648e-08 
1.1849809467001648e-08 
1.1849809467001648e-08 
1.1849809467001648e-08 
1.1849809467001648e-08 
1.1849809467001648e-08 
1.1849809467001648e-08 
1.1849809467001648e-08 
1.1849809467001648e-08 
1.1849809467001648e-08 
1.1849809467001648e-08 
1.1849809467001648e-08 
1.1849809467001648e-08 
1.1849809467001648e-08 
1.1849809467001648e-08 
1.1849809467001648e-08 
1.1849809467001648e-08 
1.1849809467001648e-08 
1.1849809467001648e-08 
1.1849809467001648e-08 
1.1849809467001648e-08 
1.1849809467001648e-08 
1.1849809467001648e-08 
1.1849809467001648e-08 
1.1849809467001648e-08 
1.1849809467001648e-08 
1.1849809467001648e-08 
1.1849809467001648e-08 
1.1849809467001648e-08 
1.1849809467001648e-08 
1.1849809467001648e-08 
1.1849809467001648e-08 
1.1849809467001648e-08 
1.1849809467001648e-08 
1.1849809467001648e-08 
1.1849809467001648e-08 
1.1849809467001648e-08 
1.1849809467001648e-08 
1.1849809467001648e-08 
1.1849809467001648e-08 
1.1849809467001648e-08 
1.1849809467001648e-08 
1.1849809467001648e-08 
1.1849809467001648e-08 
1.1849809467001648e-08 
1.1849809467001648e-08 
1.1849809467001648e-08 
1.1849809467001648e-08 
1.1849809467001648e-08 
1.1849809467001648e-08 
1.0336310696246187e-09 
1.0336310696246187e-09 
1.0336310696246187e-09 
1.0336310696246187e-09 
1.0336310696246187e-09 
1.0336310696246187e-09 
1.0336310696246187e-09 
1.0336310696246187e-09 
1.0336310696246187e-09 
1.0336310696246187e-09 
1.0336310696246187e-09 
1.0336310696246187e-09 
1.0336310696246187e-09 
1.0336310696246187e-09 
1.0336310696246187e-09 
1.0336310696246187e-09 
1.0336310696246187e-09 
1.0336310696246187e-09 
1.0336310696246187e-09 
1.0336310696246187e-09 
1.0336310696246187e-09 
1.0336310696246187e-09 
1.0336310696246187e-09 
1.0336310696246187e-09 
1.0336310696246187e-09 
1.0336310696246187e-09 
1.0336310696246187e-09 
1.0336310696246187e-09 
1.0336310696246187e-09 
1.0336310696246187e-09 
1.0336310696246187e-09 
1.0336310696246187e-09 
1.0336310696246187e-09 
1.0336310696246187e-09 
1.0336310696246187e-09 
1.0336310696246187e-09 
1.0336310696246187e-09 
1.0336310696246187e-09 
1.0336310696246187e-09 
1.0336310696246187e-09 
1.0336310696246187e-09 
1.0336310696246187e-09 
1.0336310696246187e-09 
1.0336310696246187e-09 
1.0336310696246187e-09 
1.0336310696246187e-09 
1.0336310696246187e-09 
1.0336310696246187e-09 
1.0336310696246187e-09 
1.0336310696246187e-09 
1.0336310696246187e-09 
1.0336310696246187e-09 
1.0336310696246187e-09 
1.0336310696246187e-09 
1.0336310696246187e-09 
1.0336310696246187e-09 
1.0336310696246187e-09 
1.0336310696246187e-09 
1.0336310696246187e-09 
1.0336310696246187e-09 
1.0336310696246187e-09 
1.0336310696246187e-09 
1.0336310696246187e-09 
1.0336310696246187e-09 
1.0336310696246187e-09 
1.0336310696246187e-09 
1.0336310696246187e-09 
1.0336310696246187e-09 
1.0336310696246187e-09 
1.0336310696246187e-09 
1.0336310696246187e-09 
1.0336310696246187e-09 
1.0336310696246187e-09 
1.0336310696246187e-09 
1.0336310696246187e-09 
1.0336310696246187e-09 
1.0336310696246187e-09 
1.0336310696246187e-09 
1.0336310696246187e-09 
1.0336310696246187e-09 
1.0336310696246187e-09 
1.0336310696246187e-09 
1.0336310696246187e-09 
1.0336310696246187e-09 
1.0336310696246187e-09 
1.0336310696246187e-09 
1.0336310696246187e-09 
1.0336310696246187e-09 
1.0336310696246187e-09 
1.0336310696246187e-09 
1.0336310696246187e-09 
1.0336310696246187e-09 
1.0336310696246187e-09 
1.0336310696246187e-09 
1.0336310696246187e-09 
1.0336310696246187e-09 
1.0336310696246187e-09 
1.0336310696246187e-09 
1.0336310696246187e-09 
1.0336310696246187e-09 
1.0336310696246187e-09 
1.0336310696246187e-09 
1.0336310696246187e-09 
1.0336310696246187e-09 
1.0336310696246187e-09 
1.0336310696246187e-09 
1.0336310696246187e-09 
1.0336310696246187e-09 
1.0336310696246187e-09 
1.0336310696246187e-09 
1.0336310696246187e-09 
1.0336310696246187e-09 
1.0336310696246187e-09 
1.0336310696246187e-09 
1.0336310696246187e-09 
1.0336310696246187e-09 
1.0336310696246187e-09 
1.0336310696246187e-09 
1.0336310696246187e-09 
1.0336310696246187e-09 
1.0336310696246187e-09 
1.0336310696246187e-09 
1.0336310696246187e-09 
1.0336310696246187e-09 
1.0336310696246187e-09 
1.0336310696246187e-09 
1.0336310696246187e-09 
1.0336310696246187e-09 
1.0336310696246187e-09 
1.0336310696246187e-09 
1.0336310696246187e-09 
1.0336310696246187e-09 
1.0336310696246187e-09 
1.0336310696246187e-09 
1.0336310696246187e-09 
1.0336310696246187e-09 
1.0336310696246187e-09 
1.0336310696246187e-09 
1.0336310696246187e-09 
1.0336310696246187e-09 
1.0336310696246187e-09 
1.0336310696246187e-09 
1.0336310696246187e-09 
1.0336310696246187e-09 
1.0336310696246187e-09 
1.0336310696246187e-09 
1.0336310696246187e-09 
1.0336310696246187e-09 
1.0336310696246187e-09 
1.0336310696246187e-09 
1.0336310696246187e-09 
1.0336310696246187e-09 
1.0336310696246187e-09 
1.0336310696246187e-09 
1.0336310696246187e-09 
1.0336310696246187e-09 
1.0336310696246187e-09 
1.0336310696246187e-09 
1.0336310696246187e-09 
1.0336310696246187e-09 
1.0336310696246187e-09 
1.0336310696246187e-09 
1.0336310696246187e-09 
1.0336310696246187e-09 
1.0336310696246187e-09 
1.0336310696246187e-09 
1.0336310696246187e-09 
1.0336310696246187e-09 
1.0336310696246187e-09 
1.0336310696246187e-09 
1.0336310696246187e-09 
1.0336310696246187e-09 
1.0336310696246187e-09 
1.0336310696246187e-09 
1.0336310696246187e-09 
1.0336310696246187e-09 
1.0336310696246187e-09 
1.0336310696246187e-09 
1.0336310696246187e-09 
1.0336310696246187e-09 
1.0336310696246187e-09 
1.0336310696246187e-09 
1.0336310696246187e-09 
1.0336310696246187e-09 
1.0336310696246187e-09 
1.0336310696246187e-09 
1.0336310696246187e-09 
1.0336310696246187e-09 
1.0336310696246187e-09 
1.0336310696246187e-09 
1.0336310696246187e-09 
1.0336310696246187e-09 
1.0336310696246187e-09 
1.0336310696246187e-09 
1.0336310696246187e-09 
1.0336310696246187e-09 
1.0336310696246187e-09 
1.0336310696246187e-09 
1.0336310696246187e-09 
1.0336310696246187e-09 
1.0336310696246187e-09 
1.0336310696246187e-09 
1.0336310696246187e-09 
1.0336310696246187e-09 
1.0336310696246187e-09 
1.0336310696246187e-09 
1.0336310696246187e-09 
1.0336310696246187e-09 
1.0336310696246187e-09 
1.0336310696246187e-09 
1.0336310696246187e-09 
1.0336310696246187e-09 
1.0336310696246187e-09 
1.0336310696246187e-09 
1.0336310696246187e-09 
1.0336310696246187e-09 
1.0336310696246187e-09 
1.0336310696246187e-09 
1.0336310696246187e-09 
1.0336310696246187e-09 
1.0336310696246187e-09 
1.0336310696246187e-09 
1.0336310696246187e-09 
1.0336310696246187e-09 
1.0336310696246187e-09 
1.0336310696246187e-09 
1.0336310696246187e-09 
1.0336310696246187e-09 
1.0336310696246187e-09 
1.0336310696246187e-09 
1.0336310696246187e-09 
1.0336310696246187e-09 
1.0336310696246187e-09 
1.0336310696246187e-09 
1.0336310696246187e-09 
1.0336310696246187e-09 
1.0336310696246187e-09 
1.0336310696246187e-09 
1.0336310696246187e-09 
1.0336310696246187e-09 
1.0336310696246187e-09 
1.0336310696246187e-09 
1.0336310696246187e-09 
1.0336310696246187e-09 
1.0336310696246187e-09 
1.0336310696246187e-09 
1.0336310696246187e-09 
1.0336310696246187e-09 
1.0336310696246187e-09 
1.0336310696246187e-09 
1.0336310696246187e-09 
1.0336310696246187e-09 
1.0336310696246187e-09 
1.0336310696246187e-09 
1.0336310696246187e-09 
1.0336310696246187e-09 
1.0336310696246187e-09 
1.0336310696246187e-09 
1.0336310696246187e-09 
1.0336310696246187e-09 
1.0336310696246187e-09 
1.0336310696246187e-09 
1.0336310696246187e-09 
1.0336310696246187e-09 
1.0336310696246187e-09 
1.0336310696246187e-09 
1.0336310696246187e-09 
1.0336310696246187e-09 
1.0336310696246187e-09 
1.0336310696246187e-09 
1.0336310696246187e-09 
1.0336310696246187e-09 
1.0336310696246187e-09 
1.0336310696246187e-09 
1.0336310696246187e-09 
1.0336310696246187e-09 
1.0336310696246187e-09 
1.0336310696246187e-09 
1.0336310696246187e-09 
1.0336310696246187e-09 
1.0336310696246187e-09 
1.0336310696246187e-09 
1.0336310696246187e-09 
1.0336310696246187e-09 
1.0336310696246187e-09 
1.0336310696246187e-09 
1.0336310696246187e-09 
1.0336310696246187e-09 
1.0336310696246187e-09 
1.0336310696246187e-09 
1.0336310696246187e-09 
1.0336310696246187e-09 
1.0336310696246187e-09 
1.0336310696246187e-09 
1.0336310696246187e-09 
1.0336310696246187e-09 
1.0336310696246187e-09 
1.0336310696246187e-09 
1.0336310696246187e-09 
1.0336310696246187e-09 
1.0336310696246187e-09 
1.0336310696246187e-09 
1.0336310696246187e-09 
1.0336310696246187e-09 
1.0336310696246187e-09 
1.0336310696246187e-09 
1.0336310696246187e-09 
1.0336310696246187e-09 
1.0336310696246187e-09 
1.0336310696246187e-09 
1.0336310696246187e-09 
1.0336310696246187e-09 
1.0336310696246187e-09 
1.0336310696246187e-09 
1.0336310696246187e-09 
1.0336310696246187e-09 
1.0336310696246187e-09 
1.0336310696246187e-09 
1.0336310696246187e-09 
1.0336310696246187e-09 
1.0336310696246187e-09 
1.0336310696246187e-09 
1.0336310696246187e-09 
1.0336310696246187e-09 
1.0336310696246187e-09 
1.0336310696246187e-09 
1.0336310696246187e-09 
1.0336310696246187e-09 
1.0336310696246187e-09 
1.0336310696246187e-09 
1.0336310696246187e-09 
1.0336310696246187e-09 
1.0336310696246187e-09 
1.0336310696246187e-09 
1.0336310696246187e-09 
1.0336310696246187e-09 
1.0336310696246187e-09 
1.0336310696246187e-09 
1.0336310696246187e-09 
1.0336310696246187e-09 
1.0336310696246187e-09 
1.0336310696246187e-09 
1.0336310696246187e-09 
1.0336310696246187e-09 
1.0336310696246187e-09 
1.0336310696246187e-09 
1.0336310696246187e-09 
1.0336310696246187e-09 
1.0336310696246187e-09 
1.0336310696246187e-09 
1.0336310696246187e-09 
1.0336310696246187e-09 
1.0336310696246187e-09 
1.0336310696246187e-09 
1.0336310696246187e-09 
1.0336310696246187e-09 
1.0336310696246187e-09 
1.0336310696246187e-09 
1.0336310696246187e-09 
1.0336310696246187e-09 
1.0336310696246187e-09 
1.0336310696246187e-09 
1.0336310696246187e-09 
1.0336310696246187e-09 
1.0336310696246187e-09 
1.0336310696246187e-09 
1.0336310696246187e-09 
1.0336310696246187e-09 
1.0336310696246187e-09 
1.0336310696246187e-09 
1.0336310696246187e-09 
1.0336310696246187e-09 
1.0336310696246187e-09 
1.0336310696246187e-09 
1.0336310696246187e-09 
1.0336310696246187e-09 
1.0336310696246187e-09 
1.0336310696246187e-09 
1.0336310696246187e-09 
1.0336310696246187e-09 
1.0336310696246187e-09 
1.0336310696246187e-09 
1.0336310696246187e-09 
1.0336310696246187e-09 
1.0336310696246187e-09 
1.0336310696246187e-09 
1.0336310696246187e-09 
1.0336310696246187e-09 
1.0336310696246187e-09 
1.0336310696246187e-09 
1.0336310696246187e-09 
1.0336310696246187e-09 
1.0336310696246187e-09 
1.0336310696246187e-09 
1.0336310696246187e-09 
1.0336310696246187e-09 
1.0336310696246187e-09 
1.0336310696246187e-09 
1.0336310696246187e-09 
1.0336310696246187e-09 
1.0336310696246187e-09 
1.0336310696246187e-09 
1.0336310696246187e-09 
1.0336310696246187e-09 
1.0336310696246187e-09 
1.0336310696246187e-09 
1.0336310696246187e-09 
1.0336310696246187e-09 
1.0336310696246187e-09 
1.0336310696246187e-09 
1.0336310696246187e-09 
1.0336310696246187e-09 
1.0336310696246187e-09 
1.0336310696246187e-09 
1.0336310696246187e-09 
1.0336310696246187e-09 
1.0336310696246187e-09 
1.0336310696246187e-09 
1.0336310696246187e-09 
1.0336310696246187e-09 
1.0336310696246187e-09 
1.0336310696246187e-09 
1.0336310696246187e-09 
1.0336310696246187e-09 
1.0336310696246187e-09 
1.0336310696246187e-09 
1.0336310696246187e-09 
1.0336310696246187e-09 
1.0336310696246187e-09 
1.0336310696246187e-09 
1.0336310696246187e-09 
1.0336310696246187e-09 
1.0336310696246187e-09 
1.0336310696246187e-09 
1.0336310696246187e-09 
1.0336310696246187e-09 
1.0336310696246187e-09 
1.0336310696246187e-09 
1.0336310696246187e-09 
1.0336310696246187e-09 
1.0336310696246187e-09 
1.0336310696246187e-09 
1.0336310696246187e-09 
1.0336310696246187e-09 
1.0336310696246187e-09 
1.0336310696246187e-09 
1.0336310696246187e-09 
1.0336310696246187e-09 
1.0336310696246187e-09 
1.0336310696246187e-09 
1.0336310696246187e-09 
1.0336310696246187e-09 
1.0336310696246187e-09 
1.0336310696246187e-09 
1.0336310696246187e-09 
1.0336310696246187e-09 
1.0336310696246187e-09 
1.0336310696246187e-09 
1.0336310696246187e-09 
1.0336310696246187e-09 
1.0336310696246187e-09 
1.0336310696246187e-09 
1.0336310696246187e-09 
1.0336310696246187e-09 
1.0336310696246187e-09 
1.0336310696246187e-09 
1.0336310696246187e-09 
1.0336310696246187e-09 
1.0336310696246187e-09 
1.0336310696246187e-09 
1.0336310696246187e-09 
1.0336310696246187e-09 
1.0336310696246187e-09 
1.0336310696246187e-09 
1.0336310696246187e-09 
1.0336310696246187e-09 
1.0336310696246187e-09 
1.0336310696246187e-09 
1.0336310696246187e-09 
1.0336310696246187e-09 
1.0336310696246187e-09 
1.0336310696246187e-09 
1.0336310696246187e-09 
1.0336310696246187e-09 
1.0336310696246187e-09 
1.0336310696246187e-09 
1.0336310696246187e-09 
1.0336310696246187e-09 
1.0336310696246187e-09 
1.0336310696246187e-09 
1.0336310696246187e-09 
1.0336310696246187e-09 
1.0336310696246187e-09 
1.0336310696246187e-09 
1.0336310696246187e-09 
1.0336310696246187e-09 
1.0336310696246187e-09 
1.0336310696246187e-09 
1.0336310696246187e-09 
1.0336310696246187e-09 
1.0336310696246187e-09 
1.0336310696246187e-09 
1.0336310696246187e-09 
1.0336310696246187e-09 
1.0336310696246187e-09 
1.0336310696246187e-09 
1.0336310696246187e-09 
1.0336310696246187e-09 
1.0336310696246187e-09 
1.0336310696246187e-09 
1.0336310696246187e-09 
1.0336310696246187e-09 
1.0336310696246187e-09 
1.0336310696246187e-09 
1.0336310696246187e-09 
1.0336310696246187e-09 
1.0336310696246187e-09 
1.0336310696246187e-09 
1.0336310696246187e-09 
1.0336310696246187e-09 
1.0336310696246187e-09 
1.0336310696246187e-09 
1.0336310696246187e-09 
1.0336310696246187e-09 
1.0336310696246187e-09 
1.0336310696246187e-09 
1.0336310696246187e-09 
1.0336310696246187e-09 
1.0336310696246187e-09 
1.0336310696246187e-09 
1.0336310696246187e-09 
1.0336310696246187e-09 
1.0336310696246187e-09 
1.0336310696246187e-09 
1.0336310696246187e-09 
1.0336310696246187e-09 
1.0336310696246187e-09 
1.0336310696246187e-09 
1.0336310696246187e-09 
1.0336310696246187e-09 
1.0336310696246187e-09 
1.0336310696246187e-09 
1.0336310696246187e-09 
1.0336310696246187e-09 
1.0336310696246187e-09 
1.0336310696246187e-09 
1.0336310696246187e-09 
1.0336310696246187e-09 
1.0336310696246187e-09 
1.0336310696246187e-09 
1.0336310696246187e-09 
1.0336310696246187e-09 
1.0336310696246187e-09 
1.0336310696246187e-09 
1.0336310696246187e-09 
1.0336310696246187e-09 
1.0336310696246187e-09 
1.0336310696246187e-09 
1.0336310696246187e-09 
1.0336310696246187e-09 
1.0336310696246187e-09 
1.0336310696246187e-09 
1.0336310696246187e-09 
1.0336310696246187e-09 
1.0336310696246187e-09 
1.0336310696246187e-09 
1.0336310696246187e-09 
1.0336310696246187e-09 
1.0336310696246187e-09 
1.0336310696246187e-09 
1.0336310696246187e-09 
1.0336310696246187e-09 
1.0336310696246187e-09 
1.0336310696246187e-09 
1.0336310696246187e-09 
1.0336310696246187e-09 
1.0336310696246187e-09 
1.0336310696246187e-09 
1.0336310696246187e-09 
1.0336310696246187e-09 
1.0336310696246187e-09 
1.0336310696246187e-09 
1.0336310696246187e-09 
1.0336310696246187e-09 
1.0336310696246187e-09 
1.0336310696246187e-09 
1.0336310696246187e-09 
1.0336310696246187e-09 
1.0336310696246187e-09 
1.0336310696246187e-09 
1.0336310696246187e-09 
1.0336310696246187e-09 
1.0336310696246187e-09 
1.0336310696246187e-09 
1.0336310696246187e-09 
1.0336310696246187e-09 
1.0336310696246187e-09 
1.0336310696246187e-09 
1.0336310696246187e-09 
1.0336310696246187e-09 
1.0336310696246187e-09 
1.0336310696246187e-09 
1.0336310696246187e-09 
1.0336310696246187e-09 
1.0336310696246187e-09 
1.0336310696246187e-09 
1.0336310696246187e-09 
1.0336310696246187e-09 
1.0336310696246187e-09 
1.0336310696246187e-09 
1.0336310696246187e-09 
1.0336310696246187e-09 
1.0336310696246187e-09 
1.0336310696246187e-09 
1.0336310696246187e-09 
1.0336310696246187e-09 
1.0336310696246187e-09 
1.0336310696246187e-09 
1.0336310696246187e-09 
1.0336310696246187e-09 
1.0336310696246187e-09 
1.0336310696246187e-09 
1.0336310696246187e-09 
1.0336310696246187e-09 
1.0336310696246187e-09 
1.0336310696246187e-09 
1.0336310696246187e-09 
1.0336310696246187e-09 
1.0336310696246187e-09 
1.0336310696246187e-09 
1.0336310696246187e-09 
1.0336310696246187e-09 
1.0336310696246187e-09 
1.0336310696246187e-09 
1.0336310696246187e-09 
1.0336310696246187e-09 
1.0336310696246187e-09 
1.0336310696246187e-09 
1.0336310696246187e-09 
1.0336310696246187e-09 
1.0336310696246187e-09 
1.0336310696246187e-09 
1.0336310696246187e-09 
1.0336310696246187e-09 
1.0336310696246187e-09 
1.0336310696246187e-09 
1.0336310696246187e-09 
1.0336310696246187e-09 
1.0336310696246187e-09 
1.0336310696246187e-09 
1.0336310696246187e-09 
1.0336310696246187e-09 
1.0336310696246187e-09 
1.0336310696246187e-09 
1.0336310696246187e-09 
1.0336310696246187e-09 
1.0336310696246187e-09 
1.0336310696246187e-09 
1.0336310696246187e-09 
1.0336310696246187e-09 
1.0336310696246187e-09 
1.0336310696246187e-09 
1.0336310696246187e-09 
