0.05827674903965574 
0.029661214443031825 
0.029661214443031825 
0.029661214443031825 
0.029661214443031825 
0.029661214443031825 
0.029661214443031825 
0.029661214443031825 
0.026367141411305473 
0.026367141411305473 
0.026367141411305473 
0.0030529578268486679 
0.0030529578268486679 
0.0030529578268486679 
0.0030529578268486679 
0.0030529578268486679 
0.0030529578268486679 
0.0025889920755103324 
0.00018390774100007778 
0.00018390774100007778 
0.00018390774100007778 
0.00018390774100007778 
0.00018390774100007778 
0.00018390774100007778 
0.00018390774100007778 
0.00018390774100007778 
0.00018390774100007778 
0.00018390774100007778 
0.00018390774100007778 
0.00018390774100007778 
0.00018390774100007778 
0.00018390774100007778 
0.00018390774100007778 
0.00018390774100007778 
0.00018390774100007778 
0.00018390774100007778 
0.00018390774100007778 
0.00018390774100007778 
0.00018390774100007778 
0.00018390774100007778 
0.00018390774100007778 
0.00018390774100007778 
0.00018390774100007778 
7.0290817675511263e-05 
7.0290817675511263e-05 
7.0290817675511263e-05 
7.0290817675511263e-05 
7.0290817675511263e-05 
7.0290817675511263e-05 
7.0290817675511263e-05 
7.0290817675511263e-05 
7.0290817675511263e-05 
7.0290817675511263e-05 
7.0290817675511263e-05 
7.0290817675511263e-05 
7.0290817675511263e-05 
7.0290817675511263e-05 
2.5635052987693641e-05 
2.5635052987693641e-05 
2.5635052987693641e-05 
2.5635052987693641e-05 
2.5635052987693641e-05 
2.5635052987693641e-05 
2.5635052987693641e-05 
2.5635052987693641e-05 
2.5635052987693641e-05 
2.5635052987693641e-05 
2.5635052987693641e-05 
2.5635052987693641e-05 
2.5635052987693641e-05 
2.5635052987693641e-05 
2.5635052987693641e-05 
2.5635052987693641e-05 
2.5635052987693641e-05 
2.5635052987693641e-05 
2.5635052987693641e-05 
2.5635052987693641e-05 
2.5635052987693641e-05 
1.7894104254678744e-05 
1.7894104254678744e-05 
1.7894104254678744e-05 
1.7894104254678744e-05 
4.0812429847880694e-06 
4.0812429847880694e-06 
4.0812429847880694e-06 
4.0812429847880694e-06 
4.0812429847880694e-06 
4.0812429847880694e-06 
4.0812429847880694e-06 
4.0812429847880694e-06 
1.6072274777734208e-06 
1.6072274777734208e-06 
1.6072274777734208e-06 
1.6072274777734208e-06 
1.6072274777734208e-06 
1.6072274777734208e-06 
1.6072274777734208e-06 
1.6072274777734208e-06 
1.6072274777734208e-06 
1.6072274777734208e-06 
1.6072274777734208e-06 
1.6072274777734208e-06 
1.6072274777734208e-06 
1.6072274777734208e-06 
1.6072274777734208e-06 
1.6072274777734208e-06 
1.6072274777734208e-06 
5.7137036124643714e-07 
5.7137036124643714e-07 
5.7137036124643714e-07 
5.7137036124643714e-07 
5.7137036124643714e-07 
5.7137036124643714e-07 
5.7137036124643714e-07 
5.7137036124643714e-07 
5.7137036124643714e-07 
5.7137036124643714e-07 
5.7137036124643714e-07 
5.7137036124643714e-07 
5.7137036124643714e-07 
5.7137036124643714e-07 
5.7137036124643714e-07 
1.4843338103087689e-07 
1.4843338103087689e-07 
1.4843338103087689e-07 
1.4843338103087689e-07 
1.4843338103087689e-07 
1.4843338103087689e-07 
1.4843338103087689e-07 
1.4843338103087689e-07 
1.4843338103087689e-07 
1.4843338103087689e-07 
1.4843338103087689e-07 
1.4843338103087689e-07 
1.4843338103087689e-07 
1.4843338103087689e-07 
1.4843338103087689e-07 
1.4843338103087689e-07 
1.4843338103087689e-07 
1.0956467633160827e-07 
1.0956467633160827e-07 
1.0956467633160827e-07 
1.0956467633160827e-07 
1.0956467633160827e-07 
1.0956467633160827e-07 
1.0956467633160827e-07 
1.0956467633160827e-07 
1.0956467633160827e-07 
1.0956467633160827e-07 
1.0956467633160827e-07 
1.0956467633160827e-07 
1.0956467633160827e-07 
1.0956467633160827e-07 
1.0956467633160827e-07 
1.0956467633160827e-07 
1.0956467633160827e-07 
1.0956467633160827e-07 
1.0956467633160827e-07 
1.0956467633160827e-07 
1.0956467633160827e-07 
5.6842573536997065e-08 
5.6842573536997065e-08 
5.6842573536997065e-08 
5.2668430061686422e-08 
5.2668430061686422e-08 
5.2668430061686422e-08 
5.2668430061686422e-08 
2.7848173766997775e-08 
2.7848173766997775e-08 
2.7848173766997775e-08 
2.7848173766997775e-08 
2.7848173766997775e-08 
2.7848173766997775e-08 
2.7848173766997775e-08 
2.7848173766997775e-08 
2.7848173766997775e-08 
2.7848173766997775e-08 
2.7848173766997775e-08 
2.7848173766997775e-08 
2.7848173766997775e-08 
2.7848173766997775e-08 
2.7848173766997775e-08 
2.7848173766997775e-08 
2.7848173766997775e-08 
2.7848173766997775e-08 
2.3684822880731815e-08 
2.3684822880731815e-08 
2.3684822880731815e-08 
2.3684822880731815e-08 
2.3684822880731815e-08 
2.3684822880731815e-08 
2.3684822880731815e-08 
2.0050992421971614e-08 
2.0050992421971614e-08 
2.0050992421971614e-08 
2.0050992421971614e-08 
2.0050992421971614e-08 
2.0050992421971614e-08 
2.0050992421971614e-08 
1.8555757597127354e-08 
1.8555757597127354e-08 
1.8555757597127354e-08 
1.8555757597127354e-08 
1.8555757597127354e-08 
1.8555757597127354e-08 
1.8555757597127354e-08 
1.7921875206106108e-08 
1.7921875206106108e-08 
1.7921875206106108e-08 
1.7921875206106108e-08 
1.7853855616145609e-08 
1.7853855616145609e-08 
1.7853855616145609e-08 
1.7853855616145609e-08 
1.7589901979420119e-08 
1.7589901979420119e-08 
1.7589901979420119e-08 
1.7589901979420119e-08 
1.757878720365369e-08 
1.757878720365369e-08 
1.757878720365369e-08 
1.757878720365369e-08 
1.74187226864575e-08 
1.74187226864575e-08 
1.74187226864575e-08 
1.74187226864575e-08 
1.74187226864575e-08 
1.74187226864575e-08 
1.74187226864575e-08 
1.7358847359538743e-08 
1.7358847359538743e-08 
1.7358847359538743e-08 
1.7358847359538743e-08 
1.7304063737455522e-08 
1.7304063737455522e-08 
1.7304063737455522e-08 
1.7304063737455522e-08 
1.7304063737455522e-08 
1.7304063737455522e-08 
1.7304063737455522e-08 
1.7289863096792146e-08 
1.7289863096792146e-08 
1.7289863096792146e-08 
1.7289863096792146e-08 
1.7275930019877705e-08 
1.7275930019877705e-08 
1.7275930019877705e-08 
1.7275930019877705e-08 
1.7275930019877705e-08 
1.7275930019877705e-08 
1.7275930019877705e-08 
1.7272490104858207e-08 
1.7272490104858207e-08 
1.7272490104858207e-08 
1.7272490104858207e-08 
1.7267342222737625e-08 
1.7267342222737625e-08 
1.7267342222737625e-08 
1.7267342222737625e-08 
1.7267342222737625e-08 
1.7267342222737625e-08 
1.7267342222737625e-08 
1.7266657659220641e-08 
1.7266657659220641e-08 
1.7266657659220641e-08 
1.7266657659220641e-08 
1.7265857521486794e-08 
1.7265857521486794e-08 
1.7265857521486794e-08 
1.7265857521486794e-08 
1.7265834983959394e-08 
1.7265834983959394e-08 
1.7265834983959394e-08 
1.7265834983959394e-08 
1.7265404772537352e-08 
1.7265404772537352e-08 
1.7265404772537352e-08 
1.7265404772537352e-08 
1.7265404772537352e-08 
1.7265404772537352e-08 
1.7265404772537352e-08 
1.7265344043337905e-08 
1.7265344043337905e-08 
1.7265344043337905e-08 
1.7265344043337905e-08 
1.7265154972356811e-08 
1.7265154972356811e-08 
1.7265154972356811e-08 
1.7265154972356811e-08 
1.7265154972356811e-08 
1.7265154972356811e-08 
1.7265154972356811e-08 
1.7265146867728731e-08 
1.7265146867728731e-08 
1.7265146867728731e-08 
1.7265146867728731e-08 
1.7265139984345979e-08 
1.7265139984345979e-08 
1.7265139984345979e-08 
1.7265139984345979e-08 
1.726512877109343e-08 
1.726512877109343e-08 
1.726512877109343e-08 
1.726512877109343e-08 
1.726512699473659e-08 
1.726512699473659e-08 
1.726512699473659e-08 
1.726512699473659e-08 
1.7265121887710677e-08 
1.7265121887710677e-08 
1.7265121887710677e-08 
1.7265121887710677e-08 
1.7265121887710677e-08 
1.7265121887710677e-08 
1.7265121887710677e-08 
1.7265121665666072e-08 
1.7265121665666072e-08 
1.7265121665666072e-08 
1.7265121665666072e-08 
1.7265118112952393e-08 
1.7265118112952393e-08 
1.7265118112952393e-08 
1.7265118112952393e-08 
1.7265118112952393e-08 
1.7265118112952393e-08 
1.7265118112952393e-08 
1.7265118112952393e-08 
1.7265118112952393e-08 
1.7265118112952393e-08 
1.7265118112952393e-08 
1.7265118112952393e-08 
1.7265118112952393e-08 
1.7265118112952393e-08 
1.7265118112952393e-08 
1.7265118112952393e-08 
1.7265118112952393e-08 
1.7265118112952393e-08 
1.7265118112952393e-08 
1.7265118112952393e-08 
1.7265118112952393e-08 
1.7265118112952393e-08 
1.7265118112952393e-08 
1.7265118112952393e-08 
1.7265118112952393e-08 
1.7265118112952393e-08 
1.7265118112952393e-08 
1.7265118001930091e-08 
1.7265118001930091e-08 
1.7265118001930091e-08 
1.7265118001930091e-08 
1.7265118001930091e-08 
1.7265118001930091e-08 
1.7265118001930091e-08 
1.7265118001930091e-08 
1.7265118001930091e-08 
1.7265118001930091e-08 
1.7265118001930091e-08 
1.7265118001930091e-08 
1.7265118001930091e-08 
1.7265118001930091e-08 
1.7265118001930091e-08 
1.7265118001930091e-08 
1.7265118001930091e-08 
1.7265118001930091e-08 
1.7265118001930091e-08 
1.7265118001930091e-08 
1.7265118001930091e-08 
1.7265118001930091e-08 
1.7265118001930091e-08 
1.7265118001930091e-08 
1.7265118001930091e-08 
1.7265118001930091e-08 
1.7265118001930091e-08 
1.7265118001930091e-08 
1.7265118001930091e-08 
1.7265118001930091e-08 
1.7265118001930091e-08 
1.7265118001930091e-08 
1.7265118001930091e-08 
1.7265118001930091e-08 
1.7265118001930091e-08 
1.7265118001930091e-08 
1.7265118001930091e-08 
1.7265118001930091e-08 
1.7265118001930091e-08 
1.7265118001930091e-08 
1.7265118001930091e-08 
1.7265118001930091e-08 
1.7265118001930091e-08 
1.7265118001930091e-08 
1.7265118001930091e-08 
1.7265118001930091e-08 
1.7265118001930091e-08 
1.7265118001930091e-08 
1.7265118001930091e-08 
1.7265118001930091e-08 
1.7265118001930091e-08 
1.7265118001930091e-08 
1.7265118001930091e-08 
1.7265118001930091e-08 
1.7265118001930091e-08 
1.7265118001930091e-08 
1.7265118001930091e-08 
1.7265118001930091e-08 
1.7265118001930091e-08 
1.7265118001930091e-08 
1.7265118001930091e-08 
1.7265118001930091e-08 
1.7265118001930091e-08 
1.7265118001930091e-08 
1.7265118001930091e-08 
1.7265118001930091e-08 
1.7265118001930091e-08 
1.7265118001930091e-08 
1.7265118001930091e-08 
1.7265118001930091e-08 
1.7265118001930091e-08 
1.7265118001930091e-08 
1.7265118001930091e-08 
1.7265118001930091e-08 
1.7265118001930091e-08 
1.7265118001930091e-08 
1.7265118001930091e-08 
1.7265118001930091e-08 
1.7265118001930091e-08 
1.7265118001930091e-08 
1.7265118001930091e-08 
1.7265118001930091e-08 
1.7265118001930091e-08 
1.7265118001930091e-08 
1.7265118001930091e-08 
1.7265118001930091e-08 
1.7265118001930091e-08 
1.7265118001930091e-08 
1.7265118001930091e-08 
1.7265118001930091e-08 
1.7265118001930091e-08 
1.7265118001930091e-08 
1.7265118001930091e-08 
1.7265118001930091e-08 
1.7265118001930091e-08 
1.7265118001930091e-08 
1.7265118001930091e-08 
1.7265118001930091e-08 
1.7265118001930091e-08 
1.7265118001930091e-08 
1.7265118001930091e-08 
1.7265118001930091e-08 
1.7265118001930091e-08 
1.7265118001930091e-08 
1.7265118001930091e-08 
1.7265118001930091e-08 
1.7265118001930091e-08 
1.7265118001930091e-08 
1.7265118001930091e-08 
1.7265118001930091e-08 
1.7265118001930091e-08 
1.7265118001930091e-08 
1.7265118001930091e-08 
1.7265118001930091e-08 
1.7265118001930091e-08 
1.7265118001930091e-08 
1.7265118001930091e-08 
1.7265118001930091e-08 
1.7265118001930091e-08 
1.7265118001930091e-08 
1.7265118001930091e-08 
1.7265118001930091e-08 
1.7265118001930091e-08 
1.7265118001930091e-08 
1.7265118001930091e-08 
1.7265118001930091e-08 
1.7265118001930091e-08 
1.7265118001930091e-08 
1.7265118001930091e-08 
1.7265118001930091e-08 
1.7265118001930091e-08 
1.7265118001930091e-08 
1.7265118001930091e-08 
1.7265118001930091e-08 
1.7265118001930091e-08 
1.7265118001930091e-08 
1.7265118001930091e-08 
1.7265118001930091e-08 
1.7265118001930091e-08 
1.7265118001930091e-08 
1.7265118001930091e-08 
1.7265118001930091e-08 
1.7265118001930091e-08 
1.7265118001930091e-08 
1.7265118001930091e-08 
1.7265118001930091e-08 
1.7265118001930091e-08 
1.7265118001930091e-08 
1.7265118001930091e-08 
1.7265118001930091e-08 
1.7265118001930091e-08 
1.7265118001930091e-08 
1.7265118001930091e-08 
1.7265118001930091e-08 
1.7265118001930091e-08 
1.7265118001930091e-08 
1.7265118001930091e-08 
1.7265118001930091e-08 
1.7265118001930091e-08 
1.7265118001930091e-08 
1.7265118001930091e-08 
1.7265118001930091e-08 
1.7265118001930091e-08 
1.6557227366931215e-08 
1.6557227366931215e-08 
1.6557227366931215e-08 
1.6557227366931215e-08 
1.6557227366931215e-08 
1.6557227366931215e-08 
1.6557227366931215e-08 
1.6557227366931215e-08 
1.6557227366931215e-08 
1.6557227366931215e-08 
1.6557227366931215e-08 
1.6557227366931215e-08 
1.6557227366931215e-08 
1.6557227366931215e-08 
1.6557227366931215e-08 
1.6557227366931215e-08 
1.6557227366931215e-08 
1.6557227366931215e-08 
1.6557227366931215e-08 
1.5328010083415222e-08 
1.5328010083415222e-08 
1.5328010083415222e-08 
1.5328010083415222e-08 
1.1255714693625407e-08 
1.1255714693625407e-08 
1.1255714693625407e-08 
1.1255714693625407e-08 
1.0980949483041513e-08 
1.0980949483041513e-08 
1.0980949483041513e-08 
1.0980949483041513e-08 
9.9077512860645811e-09 
9.9077512860645811e-09 
9.9077512860645811e-09 
9.9077512860645811e-09 
9.9077512860645811e-09 
9.9077512860645811e-09 
9.9077512860645811e-09 
9.9077512860645811e-09 
9.9077512860645811e-09 
9.9077512860645811e-09 
9.9077512860645811e-09 
9.7465655546358221e-09 
9.7465655546358221e-09 
9.7465655546358221e-09 
9.7465655546358221e-09 
9.7465655546358221e-09 
9.7465655546358221e-09 
9.7465655546358221e-09 
9.7465655546358221e-09 
9.7465655546358221e-09 
9.7465655546358221e-09 
9.7465655546358221e-09 
9.7411415600490159e-09 
9.7411415600490159e-09 
9.7411415600490159e-09 
9.7411415600490159e-09 
9.7395569387259684e-09 
9.7395569387259684e-09 
9.7395569387259684e-09 
9.7395569387259684e-09 
9.7394087239521809e-09 
9.7394087239521809e-09 
9.7394087239521809e-09 
9.7394087239521809e-09 
9.7390396858187955e-09 
9.7390396858187955e-09 
9.7390396858187955e-09 
9.7390396858187955e-09 
9.7390396858187955e-09 
9.7390396858187955e-09 
9.7390396858187955e-09 
9.7390396858187955e-09 
9.7390396858187955e-09 
9.7390396858187955e-09 
9.7390396858187955e-09 
9.738985062845984e-09 
9.738985062845984e-09 
9.738985062845984e-09 
9.738985062845984e-09 
9.738985062845984e-09 
9.738985062845984e-09 
9.738985062845984e-09 
9.738985062845984e-09 
9.738985062845984e-09 
9.738985062845984e-09 
9.738985062845984e-09 
9.7389845077344717e-09 
9.7389845077344717e-09 
9.7389845077344717e-09 
9.7389845077344717e-09 
9.738983397511447e-09 
9.738983397511447e-09 
9.738983397511447e-09 
9.738983397511447e-09 
9.738983397511447e-09 
9.738983397511447e-09 
9.738983397511447e-09 
9.738983397511447e-09 
9.738983397511447e-09 
9.738983397511447e-09 
9.738983397511447e-09 
9.738983397511447e-09 
9.738983397511447e-09 
9.738983397511447e-09 
9.738983397511447e-09 
9.738983397511447e-09 
9.738983397511447e-09 
9.738983397511447e-09 
9.738983397511447e-09 
9.738983397511447e-09 
9.738983397511447e-09 
9.738983397511447e-09 
9.738983397511447e-09 
9.738983397511447e-09 
9.738983397511447e-09 
9.738983397511447e-09 
9.738983397511447e-09 
9.738983397511447e-09 
9.738983397511447e-09 
9.738983397511447e-09 
9.738983397511447e-09 
9.738983397511447e-09 
9.738983397511447e-09 
9.738983397511447e-09 
9.738983397511447e-09 
9.738983397511447e-09 
9.738983397511447e-09 
9.738983397511447e-09 
9.738983397511447e-09 
9.738983397511447e-09 
9.738983397511447e-09 
9.738983397511447e-09 
9.738983397511447e-09 
9.738983397511447e-09 
9.738983397511447e-09 
9.738983397511447e-09 
9.738983397511447e-09 
9.738983397511447e-09 
9.738983397511447e-09 
9.738983397511447e-09 
9.738983397511447e-09 
9.738983397511447e-09 
9.738983397511447e-09 
9.738983397511447e-09 
9.738983397511447e-09 
9.738983397511447e-09 
9.738983397511447e-09 
9.738983397511447e-09 
9.738983397511447e-09 
9.738983397511447e-09 
9.738983397511447e-09 
9.738983397511447e-09 
9.738983397511447e-09 
9.738983397511447e-09 
9.738983397511447e-09 
9.738983397511447e-09 
9.738983397511447e-09 
9.738983397511447e-09 
9.738983397511447e-09 
9.738983397511447e-09 
9.738983397511447e-09 
9.738983397511447e-09 
9.738983397511447e-09 
9.738983397511447e-09 
9.738983397511447e-09 
9.738983397511447e-09 
9.738983397511447e-09 
9.738983397511447e-09 
9.738983397511447e-09 
9.738983397511447e-09 
9.738983397511447e-09 
9.738983397511447e-09 
9.738983397511447e-09 
9.738983397511447e-09 
9.738983397511447e-09 
9.738983397511447e-09 
9.738983397511447e-09 
9.738983397511447e-09 
9.738983397511447e-09 
9.738983397511447e-09 
9.738983397511447e-09 
9.738983397511447e-09 
9.738983397511447e-09 
9.738983397511447e-09 
9.738983397511447e-09 
9.738983397511447e-09 
9.738983397511447e-09 
9.738983397511447e-09 
1.9198775902395937e-10 
1.9198775902395937e-10 
1.9198775902395937e-10 
1.9198775902395937e-10 
1.9198775902395937e-10 
1.9198775902395937e-10 
1.9198775902395937e-10 
1.9198775902395937e-10 
1.9198775902395937e-10 
1.9198775902395937e-10 
1.9198775902395937e-10 
1.9198775902395937e-10 
1.9198775902395937e-10 
1.9198775902395937e-10 
1.9198775902395937e-10 
1.9198775902395937e-10 
1.9198775902395937e-10 
1.9198775902395937e-10 
1.9198775902395937e-10 
1.9198775902395937e-10 
1.9198775902395937e-10 
1.9198775902395937e-10 
1.9198775902395937e-10 
1.9198775902395937e-10 
1.9198775902395937e-10 
1.9198775902395937e-10 
1.9198775902395937e-10 
1.9198775902395937e-10 
1.9198775902395937e-10 
1.9198775902395937e-10 
1.9198775902395937e-10 
1.9198775902395937e-10 
1.9198775902395937e-10 
1.9198775902395937e-10 
1.9198775902395937e-10 
1.9198775902395937e-10 
1.9198775902395937e-10 
1.9198775902395937e-10 
1.9198775902395937e-10 
1.9198775902395937e-10 
1.9198775902395937e-10 
1.2157508333388023e-10 
1.2157508333388023e-10 
1.2157508333388023e-10 
1.072881783414914e-10 
1.072881783414914e-10 
1.072881783414914e-10 
1.072881783414914e-10 
1.072881783414914e-10 
1.072881783414914e-10 
1.072881783414914e-10 
1.072881783414914e-10 
1.072881783414914e-10 
1.072881783414914e-10 
1.072881783414914e-10 
1.072881783414914e-10 
1.072881783414914e-10 
1.072881783414914e-10 
1.072881783414914e-10 
1.072881783414914e-10 
1.072881783414914e-10 
1.072881783414914e-10 
1.072881783414914e-10 
1.072881783414914e-10 
1.072881783414914e-10 
1.072881783414914e-10 
1.072881783414914e-10 
1.072881783414914e-10 
1.072881783414914e-10 
1.072881783414914e-10 
1.072881783414914e-10 
1.072881783414914e-10 
1.072881783414914e-10 
1.072881783414914e-10 
1.072881783414914e-10 
1.072881783414914e-10 
1.072881783414914e-10 
1.072881783414914e-10 
1.072881783414914e-10 
1.072881783414914e-10 
1.072881783414914e-10 
1.072881783414914e-10 
1.072881783414914e-10 
1.072881783414914e-10 
1.072881783414914e-10 
1.072881783414914e-10 
1.0728806731918894e-10 
1.0728806731918894e-10 
1.0728806731918894e-10 
1.0728806731918894e-10 
1.0728806731918894e-10 
1.0728806731918894e-10 
1.0728806731918894e-10 
1.0728795629688648e-10 
1.0728795629688648e-10 
1.0728795629688648e-10 
1.0728795629688648e-10 
1.0728795629688648e-10 
1.0728795629688648e-10 
1.0728795629688648e-10 
1.0728795629688648e-10 
1.0728795629688648e-10 
1.0728795629688648e-10 
1.0728795629688648e-10 
1.0728795629688648e-10 
1.0728795629688648e-10 
1.0728795629688648e-10 
1.0728795629688648e-10 
1.0728795629688648e-10 
1.0728795629688648e-10 
1.0728795629688648e-10 
1.0728795629688648e-10 
1.0728795629688648e-10 
1.0728795629688648e-10 
1.0728795629688648e-10 
1.0728795629688648e-10 
1.0728795629688648e-10 
1.0728795629688648e-10 
1.0728795629688648e-10 
1.0728795629688648e-10 
1.0728795629688648e-10 
1.0728795629688648e-10 
1.0728795629688648e-10 
1.0728795629688648e-10 
1.0728795629688648e-10 
1.0728795629688648e-10 
1.0728795629688648e-10 
1.0728795629688648e-10 
1.0728795629688648e-10 
1.0728795629688648e-10 
1.0728795629688648e-10 
1.0728795629688648e-10 
1.0728795629688648e-10 
1.0728795629688648e-10 
1.0728795629688648e-10 
1.0728795629688648e-10 
1.0728795629688648e-10 
1.0728795629688648e-10 
1.0728795629688648e-10 
1.0728795629688648e-10 
1.0728795629688648e-10 
1.0728795629688648e-10 
1.0728795629688648e-10 
1.0728795629688648e-10 
1.0728795629688648e-10 
1.0728795629688648e-10 
1.0728795629688648e-10 
1.0728795629688648e-10 
1.0728795629688648e-10 
1.0728795629688648e-10 
1.0728795629688648e-10 
1.0728795629688648e-10 
1.0728795629688648e-10 
1.0728795629688648e-10 
1.0728795629688648e-10 
1.0728795629688648e-10 
1.0728795629688648e-10 
1.0728795629688648e-10 
1.0728795629688648e-10 
1.0728795629688648e-10 
1.0728795629688648e-10 
1.0728795629688648e-10 
1.0728795629688648e-10 
1.0728795629688648e-10 
1.0728795629688648e-10 
1.0728795629688648e-10 
1.0728795629688648e-10 
1.0728795629688648e-10 
1.0728795629688648e-10 
1.0728795629688648e-10 
1.0728795629688648e-10 
1.0728795629688648e-10 
1.0728795629688648e-10 
1.0728795629688648e-10 
1.0728795629688648e-10 
1.0728795629688648e-10 
1.0728795629688648e-10 
1.0728795629688648e-10 
1.0728795629688648e-10 
1.0728795629688648e-10 
1.0728795629688648e-10 
1.0728795629688648e-10 
1.0728795629688648e-10 
1.0728795629688648e-10 
1.0728795629688648e-10 
1.0728795629688648e-10 
1.0728795629688648e-10 
1.0728795629688648e-10 
1.0728795629688648e-10 
1.0728795629688648e-10 
1.0728795629688648e-10 
1.0728795629688648e-10 
1.0728795629688648e-10 
1.0728795629688648e-10 
1.0728795629688648e-10 
1.0728795629688648e-10 
1.0728795629688648e-10 
1.0728795629688648e-10 
1.0728795629688648e-10 
1.0728795629688648e-10 
1.0728795629688648e-10 
1.0728795629688648e-10 
1.0728795629688648e-10 
1.0728795629688648e-10 
1.0728795629688648e-10 
1.0728795629688648e-10 
1.0728795629688648e-10 
1.0728795629688648e-10 
1.0728795629688648e-10 
1.0728795629688648e-10 
1.0728795629688648e-10 
1.0728795629688648e-10 
1.0728795629688648e-10 
6.0114579980563576e-11 
6.0114579980563576e-11 
6.0114579980563576e-11 
6.0114579980563576e-11 
2.6794566565513378e-11 
2.6794566565513378e-11 
2.6794566565513378e-11 
2.6182167545130142e-11 
2.6182167545130142e-11 
2.6182167545130142e-11 
2.5869417719093235e-11 
2.5869417719093235e-11 
2.5869417719093235e-11 
2.5869417719093235e-11 
2.5869417719093235e-11 
2.5869417719093235e-11 
2.5869417719093235e-11 
2.5847213258600732e-11 
2.5847213258600732e-11 
2.5847213258600732e-11 
2.5847213258600732e-11 
2.5847213258600732e-11 
2.5847213258600732e-11 
2.5847213258600732e-11 
2.5846658147088419e-11 
2.5846658147088419e-11 
2.5846658147088419e-11 
2.5846658147088419e-11 
2.5846658147088419e-11 
2.5846658147088419e-11 
2.5846658147088419e-11 
2.5846658147088419e-11 
2.5846658147088419e-11 
2.5846658147088419e-11 
2.5846658147088419e-11 
2.5846547124785957e-11 
2.5846547124785957e-11 
2.5846547124785957e-11 
2.5846547124785957e-11 
2.5846547124785957e-11 
2.5846547124785957e-11 
2.5846547124785957e-11 
2.5846547124785957e-11 
2.5846547124785957e-11 
2.5846547124785957e-11 
2.5846547124785957e-11 
2.5846547124785957e-11 
2.5846547124785957e-11 
2.5846547124785957e-11 
2.5846547124785957e-11 
2.5846547124785957e-11 
2.5846547124785957e-11 
2.5846547124785957e-11 
2.5846547124785957e-11 
2.5846547124785957e-11 
2.5846547124785957e-11 
2.5846547124785957e-11 
2.5846547124785957e-11 
2.5846547124785957e-11 
2.5846547124785957e-11 
2.5846547124785957e-11 
2.5846547124785957e-11 
2.5846547124785957e-11 
2.5846547124785957e-11 
2.5846547124785957e-11 
2.5846547124785957e-11 
2.5846547124785957e-11 
1.1748380046583407e-11 
1.1748380046583407e-11 
1.1748380046583407e-11 
1.1748380046583407e-11 
1.1748380046583407e-11 
1.1748380046583407e-11 
1.1748380046583407e-11 
1.1748380046583407e-11 
1.1748380046583407e-11 
1.1748380046583407e-11 
1.1748380046583407e-11 
1.1748380046583407e-11 
1.1748380046583407e-11 
1.1748380046583407e-11 
1.1748380046583407e-11 
1.1748380046583407e-11 
1.1748380046583407e-11 
1.1748380046583407e-11 
1.1748380046583407e-11 
1.1748380046583407e-11 
1.1748380046583407e-11 
1.1748380046583407e-11 
