0.38661485801273521 
0.18651895272203256 
0.12469338531765617 
0.12469338531765617 
6.3274479832342578e-06 
6.3274479832342578e-06 
6.3274479832342578e-06 
6.3274479832342578e-06 
6.3274479832342578e-06 
6.3274479832342578e-06 
6.3274479832342578e-06 
6.3274479832342578e-06 
6.3274479832342578e-06 
6.3274479832342578e-06 
6.3274479832342578e-06 
6.3274479832342578e-06 
6.3274479832342578e-06 
6.3274479832342578e-06 
6.3274479832342578e-06 
6.3274479832342578e-06 
6.3274479832342578e-06 
6.3274479832342578e-06 
6.3274479832342578e-06 
6.3274479832342578e-06 
6.3274479832342578e-06 
6.3274479832342578e-06 
6.3274479832342578e-06 
6.3274479832342578e-06 
6.3274479832342578e-06 
6.3274479832342578e-06 
6.3274479832342578e-06 
6.3274479832342578e-06 
6.3274479832342578e-06 
6.3274479832342578e-06 
6.3274479832342578e-06 
6.3274479832342578e-06 
6.3274479832342578e-06 
6.3274479832342578e-06 
6.3274479832342578e-06 
6.3274479832342578e-06 
6.3274479832342578e-06 
6.3274479832342578e-06 
6.3274479832342578e-06 
6.3274479832342578e-06 
6.3274479832342578e-06 
6.3274479832342578e-06 
6.3274479832342578e-06 
6.3274479832342578e-06 
6.3274479832342578e-06 
6.3274479832342578e-06 
6.3274479832342578e-06 
6.3274479832342578e-06 
6.3274479832342578e-06 
6.3274479832342578e-06 
6.3274479832342578e-06 
6.3274479832342578e-06 
6.3274479832342578e-06 
6.3274479832342578e-06 
6.3274479832342578e-06 
6.3274479832342578e-06 
6.3274479832342578e-06 
6.3274479832342578e-06 
6.3274479832342578e-06 
6.3274479832342578e-06 
6.3274479832342578e-06 
6.3274479832342578e-06 
6.3274479832342578e-06 
6.3274479832342578e-06 
6.3274479832342578e-06 
6.3274479832342578e-06 
6.3274479832342578e-06 
6.3274479832342578e-06 
5.4208501760744099e-06 
5.4208501760744099e-06 
5.4208501760744099e-06 
5.4208501760744099e-06 
5.4208501760744099e-06 
5.4208501760744099e-06 
5.4208501760744099e-06 
5.4208501760744099e-06 
5.4208501760744099e-06 
5.4208501760744099e-06 
5.4208501760744099e-06 
5.4208501760744099e-06 
5.4208501760744099e-06 
5.4208501760744099e-06 
5.4208501760744099e-06 
5.4208501760744099e-06 
5.4208501760744099e-06 
5.4208501760744099e-06 
5.4208501760744099e-06 
5.4208501760744099e-06 
5.4208501760744099e-06 
5.4208501760744099e-06 
5.4208501760744099e-06 
5.4208501760744099e-06 
5.4208501760744099e-06 
5.2432460426743432e-06 
5.2432460426743432e-06 
5.2432460426743432e-06 
5.2432460426743432e-06 
4.5218862355644873e-06 
4.5218862355644873e-06 
4.5218862355644873e-06 
4.5218862355644873e-06 
3.8927316750037022e-06 
3.8927316750037022e-06 
3.8927316750037022e-06 
3.8927316750037022e-06 
3.3507793198994662e-06 
3.3507793198994662e-06 
3.3507793198994662e-06 
3.3507793198994662e-06 
1.6117503284229784e-06 
1.6117503284229784e-06 
1.6117503284229784e-06 
1.6117503284229784e-06 
1.6117503284229784e-06 
1.6117503284229784e-06 
1.6117503284229784e-06 
1.139693867169278e-06 
1.139693867169278e-06 
5.4392575166151147e-07 
5.4392575166151147e-07 
5.4392575166151147e-07 
5.4392575166151147e-07 
5.4392575166151147e-07 
5.4392575166151147e-07 
5.4392575166151147e-07 
2.6352536242058022e-07 
2.6352536242058022e-07 
2.6352536242058022e-07 
2.6352536242058022e-07 
2.6352536242058022e-07 
2.6352536242058022e-07 
2.6352536242058022e-07 
2.6352536242058022e-07 
2.6352536242058022e-07 
2.6352536242058022e-07 
2.6352536242058022e-07 
2.6352536242058022e-07 
2.6352536242058022e-07 
2.6352536242058022e-07 
2.6352536242058022e-07 
2.6352536242058022e-07 
2.6352536242058022e-07 
2.6352536242058022e-07 
1.4206275988914996e-07 
1.4206275988914996e-07 
1.4206275988914996e-07 
1.4206275988914996e-07 
1.4206275988914996e-07 
1.4206275988914996e-07 
1.4206275988914996e-07 
1.1379778996900569e-07 
1.1379778996900569e-07 
1.1379778996900569e-07 
1.1379778996900569e-07 
1.1379778996900569e-07 
1.1379778996900569e-07 
1.1379778996900569e-07 
1.1379778996900569e-07 
1.1379778996900569e-07 
1.1379778996900569e-07 
1.1379778996900569e-07 
1.1379778996900569e-07 
1.1379778996900569e-07 
1.1379778996900569e-07 
1.1379778996900569e-07 
1.1379778996900569e-07 
1.1379778996900569e-07 
1.1379778996900569e-07 
1.1379778996900569e-07 
1.1379778996900569e-07 
1.1379778996900569e-07 
9.0113049577844606e-08 
9.0113049577844606e-08 
9.0113049577844606e-08 
9.0113049577844606e-08 
9.0113049577844606e-08 
9.0113049577844606e-08 
9.0113049577844606e-08 
9.0113049577844606e-08 
9.0113049577844606e-08 
9.0113049577844606e-08 
9.0113049577844606e-08 
9.0113049577844606e-08 
9.0113049577844606e-08 
9.0113049577844606e-08 
9.0113049577844606e-08 
9.0113049577844606e-08 
9.0113049577844606e-08 
9.0113049577844606e-08 
9.0113049577844606e-08 
9.0113049577844606e-08 
9.0113049577844606e-08 
9.0113049577844606e-08 
9.0113049577844606e-08 
9.0113049577844606e-08 
9.0113049577844606e-08 
9.0113049577844606e-08 
9.0113049577844606e-08 
9.0113049577844606e-08 
9.0113049577844606e-08 
9.0113049577844606e-08 
9.0113049577844606e-08 
9.0113049577844606e-08 
9.0113049577844606e-08 
9.0113049577844606e-08 
9.0113049577844606e-08 
9.0113049577844606e-08 
9.0113049577844606e-08 
9.0113049577844606e-08 
9.0113049577844606e-08 
9.0113049577844606e-08 
9.0113049577844606e-08 
9.0113049577844606e-08 
9.0113049577844606e-08 
9.0113049577844606e-08 
9.0113049577844606e-08 
9.0113049577844606e-08 
9.0113049577844606e-08 
9.0113049577844606e-08 
9.0113049577844606e-08 
9.0113049577844606e-08 
9.0113049577844606e-08 
9.0113049577844606e-08 
9.0113049577844606e-08 
9.0113049577844606e-08 
8.6935551202316219e-08 
8.6935551202316219e-08 
8.6935551202316219e-08 
8.6935551202316219e-08 
6.2897316799315206e-08 
6.2897316799315206e-08 
6.2897316799315206e-08 
6.2897316799315206e-08 
6.2897316799315206e-08 
6.2897316799315206e-08 
6.2897316799315206e-08 
5.9459110635096124e-08 
5.9459110635096124e-08 
5.9459110635096124e-08 
5.9459110635096124e-08 
5.9459110635096124e-08 
5.9459110635096124e-08 
5.9459110635096124e-08 
5.790093260404916e-08 
5.790093260404916e-08 
5.790093260404916e-08 
5.790093260404916e-08 
5.5565238632482306e-08 
5.5565238632482306e-08 
5.5565238632482306e-08 
5.5565238632482306e-08 
5.5565238632482306e-08 
5.5565238632482306e-08 
5.5565238632482306e-08 
5.5267348475496192e-08 
5.5267348475496192e-08 
5.5267348475496192e-08 
5.5267348475496192e-08 
5.503648792259952e-08 
5.503648792259952e-08 
5.503648792259952e-08 
5.503648792259952e-08 
5.49371108604646e-08 
5.49371108604646e-08 
5.49371108604646e-08 
5.49371108604646e-08 
5.4824979223155879e-08 
5.4824979223155879e-08 
5.4824979223155879e-08 
5.4824979223155879e-08 
5.4787227643515735e-08 
5.4787227643515735e-08 
5.4787227643515735e-08 
5.4787227643515735e-08 
5.4732551935110507e-08 
5.4732551935110507e-08 
5.4732551935110507e-08 
5.4732551935110507e-08 
5.4720511011296935e-08 
5.4720511011296935e-08 
5.4720511011296935e-08 
5.4720511011296935e-08 
5.4693517714810014e-08 
5.4693517714810014e-08 
5.4693517714810014e-08 
5.4693517714810014e-08 
5.4691289053110381e-08 
5.4691289053110381e-08 
5.4691289053110381e-08 
5.4691289053110381e-08 
5.4677685712434254e-08 
5.4677685712434254e-08 
5.4677685712434254e-08 
5.4677685712434254e-08 
5.4677685712434254e-08 
5.4677685712434254e-08 
5.4677685712434254e-08 
5.4676428828948076e-08 
5.4676428828948076e-08 
5.4676428828948076e-08 
5.4676428828948076e-08 
5.4669271110086015e-08 
5.4669271110086015e-08 
5.4669271110086015e-08 
5.4669271110086015e-08 
5.4669271110086015e-08 
5.4669271110086015e-08 
5.4669271110086015e-08 
5.4669158866538226e-08 
5.4669158866538226e-08 
5.4669158866538226e-08 
5.4669158866538226e-08 
5.4669158866538226e-08 
5.4669158866538226e-08 
5.4669158866538226e-08 
5.4669113680461123e-08 
5.4669113680461123e-08 
5.4669113680461123e-08 
5.4669113680461123e-08 
5.4668644167144009e-08 
5.4668644167144009e-08 
5.4668644167144009e-08 
5.4668644167144009e-08 
5.4668644167144009e-08 
5.4668644167144009e-08 
5.4668644167144009e-08 
5.4668641280564145e-08 
5.4668641280564145e-08 
5.4668641280564145e-08 
5.4668641280564145e-08 
5.4668630844467714e-08 
5.4668630844467714e-08 
5.4668630844467714e-08 
5.4668630844467714e-08 
5.4668607529784197e-08 
5.4668607529784197e-08 
5.4668607529784197e-08 
5.4668607529784197e-08 
5.4668606863650382e-08 
5.4668606863650382e-08 
5.4668606863650382e-08 
5.4668606863650382e-08 
5.466859642755395e-08 
5.466859642755395e-08 
5.466859642755395e-08 
5.466859642755395e-08 
5.466859642755395e-08 
5.466859642755395e-08 
5.466859642755395e-08 
5.466859642755395e-08 
5.466859642755395e-08 
5.466859642755395e-08 
5.466859642755395e-08 
5.4668591764617247e-08 
5.4668591764617247e-08 
5.4668591764617247e-08 
5.4668591764617247e-08 
5.4668591764617247e-08 
5.4668591764617247e-08 
5.4668591764617247e-08 
5.4668591764617247e-08 
5.4668591764617247e-08 
5.4668591764617247e-08 
5.4668591764617247e-08 
5.4668591764617247e-08 
5.4668591764617247e-08 
5.4668591764617247e-08 
5.4668591764617247e-08 
5.4668591764617247e-08 
5.4668591764617247e-08 
5.4668591764617247e-08 
5.4668591764617247e-08 
5.4668591764617247e-08 
5.4668591764617247e-08 
5.4668591764617247e-08 
5.4668591764617247e-08 
5.4668591764617247e-08 
5.4668591764617247e-08 
5.4668591764617247e-08 
5.4668591764617247e-08 
5.4668591653594945e-08 
5.4668591653594945e-08 
5.4668591653594945e-08 
5.4668591653594945e-08 
5.4668591653594945e-08 
5.4668591653594945e-08 
5.4668591653594945e-08 
5.4668591653594945e-08 
5.4668591653594945e-08 
5.4668591653594945e-08 
5.4668591653594945e-08 
5.4668591653594945e-08 
5.4668591653594945e-08 
5.4668591653594945e-08 
5.4668591653594945e-08 
5.4668591653594945e-08 
5.4668591653594945e-08 
5.4668591653594945e-08 
5.4668591653594945e-08 
5.4668591653594945e-08 
5.4668591653594945e-08 
5.4668591653594945e-08 
5.4668591653594945e-08 
5.4668591653594945e-08 
5.4668591653594945e-08 
5.4668591653594945e-08 
5.4668591653594945e-08 
5.4668591653594945e-08 
5.4668591653594945e-08 
5.4668591653594945e-08 
5.4668591653594945e-08 
5.4668591653594945e-08 
5.4668591653594945e-08 
5.4668591653594945e-08 
5.4668591653594945e-08 
5.4668591653594945e-08 
5.4668591653594945e-08 
5.4668591542572642e-08 
5.4668591542572642e-08 
5.4668591542572642e-08 
5.4668591542572642e-08 
5.4668591542572642e-08 
5.4668591542572642e-08 
5.4668591542572642e-08 
5.4668591542572642e-08 
5.4668591542572642e-08 
5.4668591542572642e-08 
5.4668591542572642e-08 
5.4668591542572642e-08 
5.4668591542572642e-08 
5.4668591542572642e-08 
5.4668591542572642e-08 
5.4668591542572642e-08 
5.4668591542572642e-08 
5.4668591542572642e-08 
5.4668591542572642e-08 
5.4668591542572642e-08 
5.4668591542572642e-08 
5.4668591542572642e-08 
5.4668591542572642e-08 
5.4668591542572642e-08 
5.4668591542572642e-08 
5.4668591542572642e-08 
5.4668591542572642e-08 
5.4668591542572642e-08 
5.4668591542572642e-08 
5.4668591542572642e-08 
5.4668591542572642e-08 
5.4668591542572642e-08 
5.4668591542572642e-08 
5.4668591542572642e-08 
5.4668591542572642e-08 
5.4668591542572642e-08 
5.4668591542572642e-08 
5.4668591542572642e-08 
5.4668591542572642e-08 
5.4668591542572642e-08 
5.4668591542572642e-08 
5.4668591542572642e-08 
5.4668591542572642e-08 
5.4668591542572642e-08 
5.4668591542572642e-08 
5.4668591542572642e-08 
5.4668591542572642e-08 
5.4668591542572642e-08 
5.4668591542572642e-08 
5.4668591542572642e-08 
5.4668591542572642e-08 
5.4668591542572642e-08 
5.4668591542572642e-08 
7.8829428540316826e-09 
7.8829428540316826e-09 
7.8829428540316826e-09 
7.8829428540316826e-09 
7.8829428540316826e-09 
7.8829428540316826e-09 
7.8829428540316826e-09 
7.8829428540316826e-09 
7.8829428540316826e-09 
7.8829428540316826e-09 
7.8829428540316826e-09 
7.8829428540316826e-09 
7.8829428540316826e-09 
7.8829428540316826e-09 
7.8829428540316826e-09 
7.8829428540316826e-09 
7.8829428540316826e-09 
7.8829428540316826e-09 
7.8829428540316826e-09 
7.8829428540316826e-09 
7.8829428540316826e-09 
7.8829428540316826e-09 
7.8829428540316826e-09 
7.8829428540316826e-09 
7.8829428540316826e-09 
7.8829428540316826e-09 
7.8829428540316826e-09 
7.8829428540316826e-09 
7.8829428540316826e-09 
7.8829428540316826e-09 
7.8829428540316826e-09 
7.8829428540316826e-09 
7.8829428540316826e-09 
7.8829428540316826e-09 
7.8829428540316826e-09 
7.8829428540316826e-09 
7.8829428540316826e-09 
7.8829428540316826e-09 
7.8829428540316826e-09 
7.8829428540316826e-09 
7.8829428540316826e-09 
7.8829428540316826e-09 
7.8829428540316826e-09 
7.8829428540316826e-09 
7.8829428540316826e-09 
7.8829428540316826e-09 
7.8829428540316826e-09 
7.8829428540316826e-09 
7.8829428540316826e-09 
7.8829428540316826e-09 
7.8829428540316826e-09 
7.8829428540316826e-09 
7.8829428540316826e-09 
7.8829428540316826e-09 
7.8829428540316826e-09 
7.8829428540316826e-09 
7.8829428540316826e-09 
7.8829428540316826e-09 
7.8829428540316826e-09 
7.8829428540316826e-09 
7.8829428540316826e-09 
4.2907540853676096e-09 
4.5000625448210485e-10 
4.5000625448210485e-10 
4.5000625448210485e-10 
4.5000625448210485e-10 
4.5000625448210485e-10 
4.5000625448210485e-10 
4.5000625448210485e-10 
4.5000625448210485e-10 
4.5000625448210485e-10 
4.5000625448210485e-10 
4.5000625448210485e-10 
3.057770703307483e-10 
3.057770703307483e-10 
3.057770703307483e-10 
3.057770703307483e-10 
3.057770703307483e-10 
3.057770703307483e-10 
3.057770703307483e-10 
3.057770703307483e-10 
3.057770703307483e-10 
3.057770703307483e-10 
3.057770703307483e-10 
3.057770703307483e-10 
3.057770703307483e-10 
3.057770703307483e-10 
3.057770703307483e-10 
3.057770703307483e-10 
3.057770703307483e-10 
3.057770703307483e-10 
3.057770703307483e-10 
3.057770703307483e-10 
3.0536373429868036e-10 
3.0536373429868036e-10 
3.0536373429868036e-10 
3.0521862814936185e-10 
3.0521862814936185e-10 
3.0521862814936185e-10 
3.0521862814936185e-10 
3.0521862814936185e-10 
3.0521862814936185e-10 
3.0521862814936185e-10 
3.0521862814936185e-10 
3.0521862814936185e-10 
3.0521862814936185e-10 
3.0521862814936185e-10 
3.0521862814936185e-10 
3.0521862814936185e-10 
3.05218184060152e-10 
3.0521674077021999e-10 
3.0521674077021999e-10 
3.0521674077021999e-10 
3.0521674077021999e-10 
3.0521651872561506e-10 
3.0521651872561506e-10 
3.0521651872561506e-10 
3.0521651872561506e-10 
3.0521651872561506e-10 
3.0521651872561506e-10 
3.0521651872561506e-10 
3.0521651872561506e-10 
3.0521651872561506e-10 
3.0521651872561506e-10 
3.0521651872561506e-10 
3.0521651872561506e-10 
3.0521651872561506e-10 
3.0521651872561506e-10 
3.0521651872561506e-10 
3.0521651872561506e-10 
3.0521651872561506e-10 
3.0521651872561506e-10 
3.0521651872561506e-10 
3.0521651872561506e-10 
3.0521651872561506e-10 
3.0521651872561506e-10 
3.0521651872561506e-10 
3.0521651872561506e-10 
3.0521651872561506e-10 
3.0521651872561506e-10 
3.0521651872561506e-10 
3.0521651872561506e-10 
3.0521651872561506e-10 
3.0521651872561506e-10 
3.0521651872561506e-10 
3.0521651872561506e-10 
3.0521651872561506e-10 
3.0521651872561506e-10 
3.0521651872561506e-10 
3.0521651872561506e-10 
3.0521651872561506e-10 
3.0521651872561506e-10 
3.0521651872561506e-10 
3.0521651872561506e-10 
3.0521651872561506e-10 
3.0521651872561506e-10 
3.0521651872561506e-10 
3.052164077033126e-10 
3.052164077033126e-10 
3.052164077033126e-10 
3.052164077033126e-10 
3.052164077033126e-10 
3.052164077033126e-10 
3.052164077033126e-10 
3.052164077033126e-10 
3.052164077033126e-10 
3.052164077033126e-10 
3.052164077033126e-10 
3.052164077033126e-10 
3.052164077033126e-10 
3.052164077033126e-10 
3.052164077033126e-10 
3.052164077033126e-10 
3.052164077033126e-10 
3.052164077033126e-10 
3.052164077033126e-10 
3.052164077033126e-10 
3.052164077033126e-10 
3.052164077033126e-10 
3.052164077033126e-10 
3.052164077033126e-10 
3.052164077033126e-10 
3.052164077033126e-10 
3.052164077033126e-10 
3.052164077033126e-10 
3.052164077033126e-10 
3.052164077033126e-10 
3.052164077033126e-10 
3.052164077033126e-10 
3.052164077033126e-10 
3.052164077033126e-10 
3.052164077033126e-10 
3.052164077033126e-10 
3.052164077033126e-10 
3.052164077033126e-10 
3.052164077033126e-10 
3.052164077033126e-10 
3.052164077033126e-10 
3.052164077033126e-10 
3.052164077033126e-10 
3.052164077033126e-10 
3.052164077033126e-10 
3.052164077033126e-10 
3.052164077033126e-10 
3.052164077033126e-10 
3.052164077033126e-10 
3.052164077033126e-10 
3.052164077033126e-10 
3.052164077033126e-10 
3.052164077033126e-10 
3.052164077033126e-10 
3.052164077033126e-10 
3.052164077033126e-10 
3.052164077033126e-10 
3.052164077033126e-10 
3.052164077033126e-10 
3.052164077033126e-10 
3.052164077033126e-10 
3.052164077033126e-10 
3.052164077033126e-10 
3.052164077033126e-10 
3.052164077033126e-10 
3.052164077033126e-10 
3.052164077033126e-10 
3.052164077033126e-10 
3.052164077033126e-10 
3.052164077033126e-10 
3.052164077033126e-10 
3.052164077033126e-10 
3.052164077033126e-10 
3.052164077033126e-10 
3.052164077033126e-10 
3.052164077033126e-10 
3.052164077033126e-10 
3.052164077033126e-10 
3.052164077033126e-10 
3.052164077033126e-10 
3.052164077033126e-10 
3.052164077033126e-10 
3.052164077033126e-10 
3.052164077033126e-10 
3.052164077033126e-10 
3.052164077033126e-10 
3.052164077033126e-10 
3.052164077033126e-10 
3.052164077033126e-10 
3.052164077033126e-10 
3.052164077033126e-10 
3.052164077033126e-10 
3.052164077033126e-10 
3.052164077033126e-10 
3.052164077033126e-10 
3.052164077033126e-10 
3.052164077033126e-10 
3.052164077033126e-10 
3.052164077033126e-10 
3.052164077033126e-10 
3.052164077033126e-10 
3.052164077033126e-10 
3.052164077033126e-10 
1.6604950747733938e-10 
1.6604950747733938e-10 
1.6604950747733938e-10 
1.6604950747733938e-10 
3.1497582320128004e-11 
3.1497582320128004e-11 
3.1497582320128004e-11 
3.1497582320128004e-11 
3.1497582320128004e-11 
3.1497582320128004e-11 
3.1497582320128004e-11 
3.1497582320128004e-11 
3.1497582320128004e-11 
3.1497582320128004e-11 
3.1497582320128004e-11 
3.1497582320128004e-11 
3.1497582320128004e-11 
3.1497582320128004e-11 
3.1497582320128004e-11 
3.1497582320128004e-11 
3.1497582320128004e-11 
3.1482483286993102e-11 
3.1482483286993102e-11 
3.1482483286993102e-11 
3.1313729387250078e-11 
3.1313729387250078e-11 
3.1313729387250078e-11 
3.1313729387250078e-11 
3.1313729387250078e-11 
3.1313729387250078e-11 
3.1313729387250078e-11 
3.1313729387250078e-11 
3.1313729387250078e-11 
3.1313729387250078e-11 
3.1313729387250078e-11 
3.1306846004497402e-11 
3.1306846004497402e-11 
3.1306846004497402e-11 
3.1306846004497402e-11 
3.1306846004497402e-11 
3.1306846004497402e-11 
3.1306846004497402e-11 
3.1306846004497402e-11 
3.1306846004497402e-11 
3.1306846004497402e-11 
3.1306846004497402e-11 
3.1306846004497402e-11 
3.1306734982194939e-11 
3.1306734982194939e-11 
3.1306734982194939e-11 
3.1306734982194939e-11 
3.1306734982194939e-11 
3.1306734982194939e-11 
3.1306734982194939e-11 
3.1306734982194939e-11 
3.1306734982194939e-11 
3.1306734982194939e-11 
3.1306734982194939e-11 
3.1306734982194939e-11 
3.1306734982194939e-11 
3.1306734982194939e-11 
3.1306734982194939e-11 
3.1306734982194939e-11 
3.1306734982194939e-11 
3.1306734982194939e-11 
3.1306734982194939e-11 
3.1306734982194939e-11 
3.1306734982194939e-11 
3.1306734982194939e-11 
3.1306734982194939e-11 
3.1306734982194939e-11 
3.1306734982194939e-11 
3.1306734982194939e-11 
3.1306734982194939e-11 
3.1306734982194939e-11 
3.1306734982194939e-11 
3.1306734982194939e-11 
3.1306734982194939e-11 
3.1306734982194939e-11 
3.1306734982194939e-11 
3.1306734982194939e-11 
3.1306734982194939e-11 
3.1306734982194939e-11 
3.1306734982194939e-11 
3.1306734982194939e-11 
3.1306734982194939e-11 
3.1306734982194939e-11 
3.1306734982194939e-11 
3.1306734982194939e-11 
3.1306734982194939e-11 
3.1306734982194939e-11 
3.1306734982194939e-11 
3.1306734982194939e-11 
3.1306734982194939e-11 
3.1306734982194939e-11 
3.1306734982194939e-11 
3.1306734982194939e-11 
3.1306734982194939e-11 
3.1306734982194939e-11 
3.1306734982194939e-11 
3.1306734982194939e-11 
3.1306734982194939e-11 
3.1306734982194939e-11 
3.1306734982194939e-11 
3.1306734982194939e-11 
3.1306734982194939e-11 
3.1306734982194939e-11 
3.1306734982194939e-11 
3.1306734982194939e-11 
3.1306734982194939e-11 
3.1306734982194939e-11 
3.1306734982194939e-11 
3.1306734982194939e-11 
3.1306734982194939e-11 
3.1306734982194939e-11 
3.1306734982194939e-11 
3.1306734982194939e-11 
3.1306734982194939e-11 
3.1306734982194939e-11 
3.1306734982194939e-11 
3.1306734982194939e-11 
3.1306734982194939e-11 
3.1306734982194939e-11 
3.1306734982194939e-11 
3.1306734982194939e-11 
3.1306734982194939e-11 
3.1306734982194939e-11 
3.1306734982194939e-11 
3.1306734982194939e-11 
3.1306734982194939e-11 
3.1306734982194939e-11 
3.1306734982194939e-11 
3.1306734982194939e-11 
3.1306734982194939e-11 
3.1306734982194939e-11 
3.1306734982194939e-11 
3.1306734982194939e-11 
3.1306734982194939e-11 
3.1306734982194939e-11 
3.1306734982194939e-11 
3.1306734982194939e-11 
3.1306734982194939e-11 
3.1306734982194939e-11 
3.1306734982194939e-11 
3.1306734982194939e-11 
3.1306734982194939e-11 
3.1306734982194939e-11 
3.1306734982194939e-11 
3.1306734982194939e-11 
3.1306734982194939e-11 
3.1306734982194939e-11 
3.1306734982194939e-11 
3.1306734982194939e-11 
3.1306734982194939e-11 
3.1306734982194939e-11 
3.1306734982194939e-11 
3.1306734982194939e-11 
3.1306734982194939e-11 
3.1306734982194939e-11 
3.1306734982194939e-11 
3.1306734982194939e-11 
3.1306734982194939e-11 
3.1306734982194939e-11 
3.1306734982194939e-11 
3.1306734982194939e-11 
3.1306734982194939e-11 
3.1306734982194939e-11 
3.1306734982194939e-11 
3.1306734982194939e-11 
3.1306734982194939e-11 
3.1306734982194939e-11 
3.1306734982194939e-11 
1.2932876991555986e-11 
6.3675731354351228e-12 
6.3675731354351228e-12 
6.3675731354351228e-12 
6.3675731354351228e-12 
6.1014526764324728e-12 
6.1014526764324728e-12 
6.1014526764324728e-12 
6.1014526764324728e-12 
6.0436100568495021e-12 
6.0436100568495021e-12 
6.0436100568495021e-12 
6.0436100568495021e-12 
6.0331739604180257e-12 
6.0331739604180257e-12 
6.0331739604180257e-12 
6.0331739604180257e-12 
6.0306204474613878e-12 
6.0306204474613878e-12 
6.0306204474613878e-12 
6.0306204474613878e-12 
6.0305094251589253e-12 
6.0305094251589253e-12 
6.0305094251589253e-12 
6.0305094251589253e-12 
6.0301763582515377e-12 
6.0301763582515377e-12 
6.0301763582515377e-12 
6.0301763582515377e-12 
6.0301763582515377e-12 
6.0301763582515377e-12 
6.0301763582515377e-12 
6.0301763582515377e-12 
6.0300653359490752e-12 
6.0300653359490752e-12 
6.0300653359490752e-12 
6.0300653359490752e-12 
6.0300653359490752e-12 
6.0300653359490752e-12 
6.0300653359490752e-12 
6.0300653359490752e-12 
6.0300653359490752e-12 
6.0300653359490752e-12 
6.0300653359490752e-12 
6.0300653359490752e-12 
6.0300653359490752e-12 
6.0300653359490752e-12 
6.0300653359490752e-12 
6.0300653359490752e-12 
6.0300653359490752e-12 
6.0300653359490752e-12 
6.0300653359490752e-12 
6.0300653359490752e-12 
6.0300653359490752e-12 
6.0300653359490752e-12 
6.0300653359490752e-12 
6.0300653359490752e-12 
6.0300653359490752e-12 
6.0300653359490752e-12 
6.0300653359490752e-12 
6.0300653359490752e-12 
6.0300653359490752e-12 
6.0300653359490752e-12 
6.0300653359490752e-12 
6.0300653359490752e-12 
6.0300653359490752e-12 
6.0300653359490752e-12 
6.0300653359490752e-12 
6.0300653359490752e-12 
6.0300653359490752e-12 
6.0300653359490752e-12 
6.0300653359490752e-12 
6.0300653359490752e-12 
6.0300653359490752e-12 
6.0300653359490752e-12 
6.0300653359490752e-12 
6.0300653359490752e-12 
6.0300653359490752e-12 
6.0300653359490752e-12 
6.0300653359490752e-12 
6.0300653359490752e-12 
6.0300653359490752e-12 
6.0300653359490752e-12 
6.0300653359490752e-12 
6.0300653359490752e-12 
6.0300653359490752e-12 
6.0300653359490752e-12 
6.0300653359490752e-12 
6.0300653359490752e-12 
6.0300653359490752e-12 
6.0300653359490752e-12 
6.0300653359490752e-12 
6.0300653359490752e-12 
6.0300653359490752e-12 
