0.81281511247503357 
0.8128116705794487 
0.81280822847869927 
0.74365440164519803 
0.72162008525265731 
0.42372637233737254 
0.42177846861469503 
0.34090018719351722 
0.31949523145306946 
0.2827556774993284 
0.17712123339875352 
0.1117758423251376 
0.065907902054651246 
0.050554409190787575 
0.025665653302673008 
0.021695231203869403 
0.0096367411999479513 
0.0095400538623836573 
0.0034033488990903304 
0.0033669870246911815 
0.0017116335881336431 
0.0014578189442120415 
0.00064190608335967791 
0.00063535558088079203 
0.00023253774789033788 
0.00023017186688578661 
0.00011526199565548012 
0.00010203524894525362 
4.462932412496734e-05 
4.4171608094667469e-05 
1.933676227805492e-05 
1.9196346073835358e-05 
1.0195558203696109e-05 
1.0111509404775454e-05 
5.8658135698719249e-06 
5.8513398051296406e-06 
4.4608904866683119e-06 
4.4354598819351665e-06 
3.7089412291413382e-06 
3.7033390369867192e-06 
3.5107588612914853e-06 
3.474623242016861e-06 
3.3887711219371397e-06 
3.3809098320958242e-06 
3.3436152699906074e-06 
3.3436152699906074e-06 
3.3262201505346312e-06 
3.3262201505346312e-06 
3.3262201505346312e-06 
3.3242257525545327e-06 
3.3242257525545327e-06 
3.3242257525545327e-06 
3.3242257525545327e-06 
3.3242257525545327e-06 
3.3242257525545327e-06 
3.3242257525545327e-06 
3.3242257525545327e-06 
3.3242257525545327e-06 
3.3242257525545327e-06 
3.3242257525545327e-06 
3.3242257525545327e-06 
3.3242257525545327e-06 
3.3242257525545327e-06 
3.3242257525545327e-06 
3.3242257525545327e-06 
3.3242257525545327e-06 
3.3242257525545327e-06 
3.3242257525545327e-06 
3.3242257525545327e-06 
3.3242257525545327e-06 
3.3242257525545327e-06 
3.3242257525545327e-06 
3.3242257525545327e-06 
3.3242257525545327e-06 
3.3242257525545327e-06 
3.3242257525545327e-06 
3.3242257525545327e-06 
3.3242257525545327e-06 
3.3242257525545327e-06 
3.3242257525545327e-06 
3.3242257525545327e-06 
3.3242257525545327e-06 
3.3242257525545327e-06 
3.3242257525545327e-06 
3.3242257525545327e-06 
3.3242257525545327e-06 
3.3242257525545327e-06 
3.3242257525545327e-06 
3.3242257525545327e-06 
3.3242257525545327e-06 
3.3242257525545327e-06 
3.3242257525545327e-06 
3.3242257525545327e-06 
3.3242257525545327e-06 
3.3242257525545327e-06 
3.3242257525545327e-06 
3.3242257525545327e-06 
3.3242257525545327e-06 
3.3242257525545327e-06 
3.3242257525545327e-06 
3.3242257525545327e-06 
3.3242257525545327e-06 
3.3242257525545327e-06 
3.3242257525545327e-06 
3.3242257525545327e-06 
3.3242257525545327e-06 
3.3242257525545327e-06 
3.3242257525545327e-06 
3.3242257525545327e-06 
3.3242257525545327e-06 
3.3242257525545327e-06 
3.3242257525545327e-06 
3.3242257525545327e-06 
3.3242257525545327e-06 
3.3242257525545327e-06 
3.3242257525545327e-06 
3.3242257525545327e-06 
3.3242257525545327e-06 
3.3242257525545327e-06 
3.3242257525545327e-06 
3.3242257525545327e-06 
3.3242257525545327e-06 
3.3242257525545327e-06 
3.3242257525545327e-06 
3.3242257525545327e-06 
3.3242257525545327e-06 
3.3242257525545327e-06 
3.3242257525545327e-06 
3.3242257525545327e-06 
3.3242257525545327e-06 
3.3242257525545327e-06 
3.3242257525545327e-06 
3.3242257525545327e-06 
3.3242257525545327e-06 
3.3242257525545327e-06 
3.3242257525545327e-06 
3.3242257525545327e-06 
3.3242257525545327e-06 
3.3242257525545327e-06 
3.3242257525545327e-06 
3.3242257525545327e-06 
3.3242257525545327e-06 
3.3242257525545327e-06 
3.3242257525545327e-06 
3.3242257525545327e-06 
3.3242257525545327e-06 
3.3242257525545327e-06 
3.3242257525545327e-06 
3.3242257525545327e-06 
3.3242257525545327e-06 
3.3242257525545327e-06 
3.3242257525545327e-06 
3.3242257525545327e-06 
3.3242257525545327e-06 
3.3242257525545327e-06 
3.3242257525545327e-06 
3.3242257525545327e-06 
3.3242257525545327e-06 
3.3242257525545327e-06 
3.3242257525545327e-06 
3.3242257525545327e-06 
3.3242257525545327e-06 
3.3242257525545327e-06 
3.3242257525545327e-06 
3.3242257525545327e-06 
3.3242257525545327e-06 
3.3242257525545327e-06 
3.3242257525545327e-06 
3.3242257525545327e-06 
3.3242257525545327e-06 
3.3242257525545327e-06 
3.3242257525545327e-06 
3.3242257525545327e-06 
3.3242257525545327e-06 
3.3242257525545327e-06 
3.3242257525545327e-06 
3.3242257525545327e-06 
3.3242257525545327e-06 
3.3242257525545327e-06 
3.3242257525545327e-06 
3.3242257525545327e-06 
3.3242257525545327e-06 
3.3242257525545327e-06 
3.3242257525545327e-06 
3.3242257525545327e-06 
3.3242257525545327e-06 
3.3242257525545327e-06 
3.3242257525545327e-06 
3.3242257525545327e-06 
3.3242257525545327e-06 
3.3242257525545327e-06 
3.3242257525545327e-06 
3.3242257525545327e-06 
3.3242257525545327e-06 
3.3242257525545327e-06 
3.3242257525545327e-06 
3.3242257525545327e-06 
3.3242257525545327e-06 
3.3242257525545327e-06 
3.3242257525545327e-06 
3.3242257525545327e-06 
3.3242257525545327e-06 
3.3242257525545327e-06 
3.3242257525545327e-06 
3.3242257525545327e-06 
3.3242257525545327e-06 
3.3242257525545327e-06 
3.3242257525545327e-06 
3.3242257525545327e-06 
3.3242257525545327e-06 
3.3242257525545327e-06 
3.3242257525545327e-06 
3.3242257525545327e-06 
3.3242257525545327e-06 
3.3242257525545327e-06 
3.3242257525545327e-06 
3.3242257525545327e-06 
3.3242257525545327e-06 
3.3242257525545327e-06 
3.3242257525545327e-06 
3.3242257525545327e-06 
3.3242257525545327e-06 
3.3242257525545327e-06 
3.3242257525545327e-06 
3.3242257525545327e-06 
3.3242257525545327e-06 
3.3242257525545327e-06 
3.3242257525545327e-06 
3.3242257525545327e-06 
3.3242257525545327e-06 
3.3242257525545327e-06 
3.3242257525545327e-06 
3.3242257525545327e-06 
3.3242257525545327e-06 
3.3242257525545327e-06 
3.3242257525545327e-06 
3.3242257525545327e-06 
3.3242257525545327e-06 
3.3242257525545327e-06 
3.3242257525545327e-06 
3.3242257525545327e-06 
3.3242257525545327e-06 
3.3242257525545327e-06 
3.3242257525545327e-06 
3.3242257525545327e-06 
3.3242257525545327e-06 
3.3242257525545327e-06 
3.3242257525545327e-06 
3.3242257525545327e-06 
3.3242257525545327e-06 
3.3242257525545327e-06 
3.3242257525545327e-06 
3.3242257525545327e-06 
3.3242257525545327e-06 
3.3242257525545327e-06 
3.3242257525545327e-06 
3.3242257525545327e-06 
3.3242257525545327e-06 
3.3242257525545327e-06 
3.3242257525545327e-06 
3.3242257525545327e-06 
3.3242257525545327e-06 
3.3242257525545327e-06 
3.3242257525545327e-06 
3.3242257525545327e-06 
3.3242257525545327e-06 
3.3242257525545327e-06 
3.3242257525545327e-06 
3.3242257525545327e-06 
3.3242257525545327e-06 
3.3242257525545327e-06 
3.3242257525545327e-06 
3.3242257525545327e-06 
3.3242257525545327e-06 
3.3242257525545327e-06 
3.3242257525545327e-06 
3.3242257525545327e-06 
3.3242257525545327e-06 
3.3242257525545327e-06 
3.3242257525545327e-06 
3.3242257525545327e-06 
3.3242257525545327e-06 
3.3242257525545327e-06 
3.3242257525545327e-06 
3.3242257525545327e-06 
3.3242257525545327e-06 
3.3242257525545327e-06 
3.3242257525545327e-06 
3.3242257525545327e-06 
3.3242257525545327e-06 
3.3242257525545327e-06 
3.3242257525545327e-06 
3.3242257525545327e-06 
3.3242257525545327e-06 
3.3242257525545327e-06 
3.3242257525545327e-06 
3.3242257525545327e-06 
3.3242257525545327e-06 
3.3242257525545327e-06 
3.3242257525545327e-06 
3.3242257525545327e-06 
3.3242257525545327e-06 
3.3242257525545327e-06 
3.3242257525545327e-06 
3.3242257525545327e-06 
3.3242257525545327e-06 
3.3242257525545327e-06 
3.3242257525545327e-06 
3.3242257525545327e-06 
3.3242257525545327e-06 
3.3242257525545327e-06 
3.3242257525545327e-06 
3.3242257525545327e-06 
3.3242257525545327e-06 
3.3242257525545327e-06 
3.3242257525545327e-06 
3.3242257525545327e-06 
3.3242257525545327e-06 
3.3242257525545327e-06 
3.3242257525545327e-06 
3.3242257525545327e-06 
3.3242257525545327e-06 
3.3242257525545327e-06 
3.3242257525545327e-06 
3.3242257525545327e-06 
3.3242257525545327e-06 
3.3242257525545327e-06 
3.3242257525545327e-06 
3.3242257525545327e-06 
3.3242257525545327e-06 
3.3242257525545327e-06 
3.3242257525545327e-06 
3.3242257525545327e-06 
3.3242257525545327e-06 
3.3242257525545327e-06 
3.3242257525545327e-06 
3.3242257525545327e-06 
3.3242257525545327e-06 
3.3242257525545327e-06 
3.3242257525545327e-06 
3.3242257525545327e-06 
3.3242257525545327e-06 
3.3242257525545327e-06 
3.3242257525545327e-06 
3.3242257525545327e-06 
3.3242257525545327e-06 
3.3242257525545327e-06 
3.3242257525545327e-06 
3.3242257525545327e-06 
3.3242257525545327e-06 
3.3242257525545327e-06 
3.3242257525545327e-06 
3.3242257525545327e-06 
3.3242257525545327e-06 
3.3242257525545327e-06 
3.3242257525545327e-06 
3.3242257525545327e-06 
3.3242257525545327e-06 
3.3242257525545327e-06 
3.3242257525545327e-06 
3.3242257525545327e-06 
3.3242257525545327e-06 
3.3242257525545327e-06 
3.3242257525545327e-06 
3.3242257525545327e-06 
3.3242257525545327e-06 
3.3242257525545327e-06 
3.3242257525545327e-06 
3.3242257525545327e-06 
3.3242257525545327e-06 
3.3242257525545327e-06 
3.3242257525545327e-06 
3.3242257525545327e-06 
3.3242257525545327e-06 
3.3242257525545327e-06 
3.3242257525545327e-06 
3.3242257525545327e-06 
3.3242257525545327e-06 
3.3242257525545327e-06 
3.3242257525545327e-06 
3.3242257525545327e-06 
3.3242257525545327e-06 
3.3242257525545327e-06 
3.3242257525545327e-06 
3.3242257525545327e-06 
3.3242257525545327e-06 
3.3242257525545327e-06 
3.3242257525545327e-06 
3.3242257525545327e-06 
3.3242257525545327e-06 
3.3242257525545327e-06 
3.3242257525545327e-06 
3.3242257525545327e-06 
3.3242257525545327e-06 
3.3242257525545327e-06 
3.3242257525545327e-06 
3.3242257525545327e-06 
3.3242257525545327e-06 
3.3242257525545327e-06 
3.3242257525545327e-06 
3.3242257525545327e-06 
3.3242257525545327e-06 
3.3242257525545327e-06 
3.3242257525545327e-06 
3.3242257525545327e-06 
3.3242257525545327e-06 
3.3242257525545327e-06 
3.3242257525545327e-06 
3.3242257525545327e-06 
3.3242257525545327e-06 
3.3242257525545327e-06 
3.3242257525545327e-06 
3.3242257525545327e-06 
3.3242257525545327e-06 
3.3242257525545327e-06 
3.3242257525545327e-06 
3.3242257525545327e-06 
3.3242257525545327e-06 
3.3242257525545327e-06 
3.3242257525545327e-06 
3.3242257525545327e-06 
3.3242257525545327e-06 
3.3242257525545327e-06 
3.3242257525545327e-06 
3.3242257525545327e-06 
3.3242257525545327e-06 
3.3242257525545327e-06 
3.3242257525545327e-06 
3.3242257525545327e-06 
3.3242257525545327e-06 
3.3242257525545327e-06 
3.3242257525545327e-06 
3.3242257525545327e-06 
3.3242257525545327e-06 
3.3242257525545327e-06 
3.3242257525545327e-06 
3.3242257525545327e-06 
3.3242257525545327e-06 
3.3242257525545327e-06 
3.3242257525545327e-06 
3.3242257525545327e-06 
3.3242257525545327e-06 
3.3242257525545327e-06 
3.3242257525545327e-06 
3.3242257525545327e-06 
3.3242257525545327e-06 
3.3242257525545327e-06 
3.3242257525545327e-06 
3.3242257525545327e-06 
3.3242257525545327e-06 
3.3242257525545327e-06 
3.3242257525545327e-06 
3.3242257525545327e-06 
3.3242257525545327e-06 
3.3242257525545327e-06 
3.3242257525545327e-06 
3.3242257525545327e-06 
3.3242257525545327e-06 
3.3242257525545327e-06 
3.3242257525545327e-06 
3.3242257525545327e-06 
3.3242257525545327e-06 
3.3242257525545327e-06 
3.3242257525545327e-06 
3.3242257525545327e-06 
3.3242257525545327e-06 
3.3242257525545327e-06 
3.3242257525545327e-06 
3.3242257525545327e-06 
3.3242257525545327e-06 
3.3242257525545327e-06 
3.3242257525545327e-06 
3.3242257525545327e-06 
3.3242257525545327e-06 
3.3242257525545327e-06 
3.3242257525545327e-06 
3.3242257525545327e-06 
3.3242257525545327e-06 
3.3242257525545327e-06 
3.3242257525545327e-06 
3.3242257525545327e-06 
3.3242257525545327e-06 
3.3242257525545327e-06 
3.3242257525545327e-06 
3.3242257525545327e-06 
3.3242257525545327e-06 
3.3242257525545327e-06 
3.3242257525545327e-06 
3.3242257525545327e-06 
3.3242257525545327e-06 
3.3242257525545327e-06 
3.3242257525545327e-06 
3.3242257525545327e-06 
3.3242257525545327e-06 
3.3242257525545327e-06 
3.3242257525545327e-06 
3.3242257525545327e-06 
3.3242257525545327e-06 
3.3242257525545327e-06 
3.3242257525545327e-06 
3.3242257525545327e-06 
3.3242257525545327e-06 
3.3242257525545327e-06 
3.3242257525545327e-06 
3.3242257525545327e-06 
3.3242257525545327e-06 
3.3242257525545327e-06 
3.3242257525545327e-06 
3.3242257525545327e-06 
3.3242257525545327e-06 
3.3242257525545327e-06 
3.3242257525545327e-06 
3.3242257525545327e-06 
3.3242257525545327e-06 
3.3242257525545327e-06 
3.3242257525545327e-06 
3.3242257525545327e-06 
3.3242257525545327e-06 
3.3242257525545327e-06 
3.3242257525545327e-06 
3.3242257525545327e-06 
3.3242257525545327e-06 
3.3242257525545327e-06 
3.3242257525545327e-06 
3.3242257525545327e-06 
3.3242257525545327e-06 
3.3242257525545327e-06 
3.3242257525545327e-06 
3.3242257525545327e-06 
3.3242257525545327e-06 
3.3242257525545327e-06 
3.3242257525545327e-06 
3.3242257525545327e-06 
3.3242257525545327e-06 
3.3242257525545327e-06 
3.3242257525545327e-06 
3.3242257525545327e-06 
3.3242257525545327e-06 
3.3242257525545327e-06 
3.3242257525545327e-06 
3.3242257525545327e-06 
3.3242257525545327e-06 
3.3242257525545327e-06 
3.3242257525545327e-06 
3.3242257525545327e-06 
3.3242257525545327e-06 
3.3242257525545327e-06 
3.3242257525545327e-06 
3.3242257525545327e-06 
3.3242257525545327e-06 
3.3242257525545327e-06 
3.3242257525545327e-06 
3.3242257525545327e-06 
3.3242257525545327e-06 
3.3242257525545327e-06 
3.3242257525545327e-06 
3.3242257525545327e-06 
3.3242257525545327e-06 
3.3242257525545327e-06 
3.3242257525545327e-06 
3.3242257525545327e-06 
3.3242257525545327e-06 
3.3242257525545327e-06 
3.3242257525545327e-06 
3.3242257525545327e-06 
3.3242257525545327e-06 
3.3242257525545327e-06 
3.3242257525545327e-06 
3.3242257525545327e-06 
3.3242257525545327e-06 
3.3242257525545327e-06 
3.3242257525545327e-06 
3.3242257525545327e-06 
3.3242257525545327e-06 
3.3242257525545327e-06 
3.3242257525545327e-06 
3.3242257525545327e-06 
3.3242257525545327e-06 
3.3242257525545327e-06 
3.3242257525545327e-06 
3.3242257525545327e-06 
3.3242257525545327e-06 
3.3242257525545327e-06 
3.3242257525545327e-06 
3.3242257525545327e-06 
3.3242257525545327e-06 
3.3242257525545327e-06 
3.3242257525545327e-06 
3.3242257525545327e-06 
3.3242257525545327e-06 
3.3242257525545327e-06 
3.3242257525545327e-06 
3.3242257525545327e-06 
3.3242257525545327e-06 
3.3242257525545327e-06 
3.3242257525545327e-06 
3.3242257525545327e-06 
3.3242257525545327e-06 
3.3242257525545327e-06 
3.3242257525545327e-06 
3.3242257525545327e-06 
3.3242257525545327e-06 
3.3242257525545327e-06 
3.3242257525545327e-06 
3.3242257525545327e-06 
3.3242257525545327e-06 
3.3242257525545327e-06 
3.3242257525545327e-06 
3.3242257525545327e-06 
3.3242257525545327e-06 
3.3242257525545327e-06 
3.3242257525545327e-06 
3.3242257525545327e-06 
3.3242257525545327e-06 
3.3242257525545327e-06 
3.3242257525545327e-06 
3.3242257525545327e-06 
3.3242257525545327e-06 
3.3242257525545327e-06 
3.3242257525545327e-06 
3.3242257525545327e-06 
3.3242257525545327e-06 
3.3242257525545327e-06 
3.3242257525545327e-06 
3.3242257525545327e-06 
3.3242257525545327e-06 
3.3242257525545327e-06 
3.3242257525545327e-06 
3.3242257525545327e-06 
3.3242257525545327e-06 
3.3242257525545327e-06 
3.3242257525545327e-06 
3.3242257525545327e-06 
3.3242257525545327e-06 
3.3242257525545327e-06 
3.3242257525545327e-06 
3.3242257525545327e-06 
3.3242257525545327e-06 
3.3242257525545327e-06 
3.3242257525545327e-06 
3.3242257525545327e-06 
3.3242257525545327e-06 
3.3242257525545327e-06 
3.3242257525545327e-06 
3.3242257525545327e-06 
3.3242257525545327e-06 
3.3242257525545327e-06 
3.3242257525545327e-06 
3.3242257525545327e-06 
3.3242257525545327e-06 
3.3242257525545327e-06 
3.3242257525545327e-06 
3.3242257525545327e-06 
3.3242257525545327e-06 
3.3242257525545327e-06 
3.3242257525545327e-06 
3.3242257525545327e-06 
3.3242257525545327e-06 
3.3242257525545327e-06 
3.3242257525545327e-06 
3.3242257525545327e-06 
3.3242257525545327e-06 
3.3242257525545327e-06 
3.3242257525545327e-06 
3.3242257525545327e-06 
3.3242257525545327e-06 
3.3242257525545327e-06 
3.3242257525545327e-06 
3.3242257525545327e-06 
3.3242257525545327e-06 
3.3242257525545327e-06 
3.3242257525545327e-06 
3.3242257525545327e-06 
3.3242257525545327e-06 
3.3242257525545327e-06 
3.3242257525545327e-06 
3.3242257525545327e-06 
3.3242257525545327e-06 
3.3242257525545327e-06 
3.3242257525545327e-06 
3.3242257525545327e-06 
3.3242257525545327e-06 
3.3242257525545327e-06 
3.3242257525545327e-06 
3.3242257525545327e-06 
3.3242257525545327e-06 
3.3242257525545327e-06 
3.3242257525545327e-06 
3.3242257525545327e-06 
3.3242257525545327e-06 
3.3242257525545327e-06 
3.3242257525545327e-06 
3.3242257525545327e-06 
3.3242257525545327e-06 
3.3242257525545327e-06 
3.3242257525545327e-06 
3.3242257525545327e-06 
3.3242257525545327e-06 
3.3242257525545327e-06 
3.3242257525545327e-06 
3.3242257525545327e-06 
3.3242257525545327e-06 
3.3242257525545327e-06 
3.3242257525545327e-06 
3.3242257525545327e-06 
3.3242257525545327e-06 
3.3242257525545327e-06 
3.3242257525545327e-06 
3.3242257525545327e-06 
3.3242257525545327e-06 
3.3242257525545327e-06 
3.3242257525545327e-06 
3.3242257525545327e-06 
3.3242257525545327e-06 
3.3242257525545327e-06 
3.3242257525545327e-06 
3.3242257525545327e-06 
3.3242257525545327e-06 
3.3242257525545327e-06 
3.3242257525545327e-06 
3.3242257525545327e-06 
3.3242257525545327e-06 
3.3242257525545327e-06 
3.3242257525545327e-06 
3.3242257525545327e-06 
3.3242257525545327e-06 
3.3242257525545327e-06 
3.3242257525545327e-06 
3.3242257525545327e-06 
3.3242257525545327e-06 
3.3242257525545327e-06 
3.3242257525545327e-06 
3.3242257525545327e-06 
3.3242257525545327e-06 
3.3242257525545327e-06 
3.3242257525545327e-06 
3.3242257525545327e-06 
3.3242257525545327e-06 
3.3242257525545327e-06 
3.3242257525545327e-06 
3.3242257525545327e-06 
3.3242257525545327e-06 
3.3242257525545327e-06 
3.3242257525545327e-06 
3.3242257525545327e-06 
3.3242257525545327e-06 
3.3242257525545327e-06 
3.3242257525545327e-06 
3.3242257525545327e-06 
3.3242257525545327e-06 
3.3242257525545327e-06 
3.3242257525545327e-06 
3.3242257525545327e-06 
3.3242257525545327e-06 
3.3242257525545327e-06 
3.3242257525545327e-06 
3.3242257525545327e-06 
3.3242257525545327e-06 
3.3242257525545327e-06 
3.3242257525545327e-06 
3.3242257525545327e-06 
3.3242257525545327e-06 
3.3242257525545327e-06 
3.3242257525545327e-06 
3.3242257525545327e-06 
3.3242257525545327e-06 
3.3242257525545327e-06 
3.3242257525545327e-06 
3.3242257525545327e-06 
3.3242257525545327e-06 
3.3242257525545327e-06 
3.3242257525545327e-06 
3.3242257525545327e-06 
3.3242257525545327e-06 
3.3242257525545327e-06 
3.3242257525545327e-06 
3.3242257525545327e-06 
3.3242257525545327e-06 
3.3242257525545327e-06 
3.3242257525545327e-06 
3.3242257525545327e-06 
3.3242257525545327e-06 
3.3242257525545327e-06 
3.3242257525545327e-06 
3.3242257525545327e-06 
3.3242257525545327e-06 
3.3242257525545327e-06 
3.3242257525545327e-06 
3.3242257525545327e-06 
3.3242257525545327e-06 
3.3242257525545327e-06 
3.3242257525545327e-06 
3.3242257525545327e-06 
3.3242257525545327e-06 
3.3242257525545327e-06 
3.3242257525545327e-06 
3.3242257525545327e-06 
3.3242257525545327e-06 
3.3242257525545327e-06 
3.3242257525545327e-06 
3.3242257525545327e-06 
3.3242257525545327e-06 
3.3242257525545327e-06 
3.3242257525545327e-06 
3.3242257525545327e-06 
3.3242257525545327e-06 
3.3242257525545327e-06 
3.3242257525545327e-06 
3.3242257525545327e-06 
3.3242257525545327e-06 
3.3242257525545327e-06 
3.3242257525545327e-06 
3.3242257525545327e-06 
3.3242257525545327e-06 
3.3242257525545327e-06 
3.3242257525545327e-06 
3.3242257525545327e-06 
3.3242257525545327e-06 
3.3242257525545327e-06 
3.3242257525545327e-06 
3.3242257525545327e-06 
3.3242257525545327e-06 
3.3242257525545327e-06 
3.3242257525545327e-06 
3.3242257525545327e-06 
3.3242257525545327e-06 
3.3242257525545327e-06 
3.3242257525545327e-06 
3.3242257525545327e-06 
3.3242257525545327e-06 
3.3242257525545327e-06 
3.3242257525545327e-06 
3.3242257525545327e-06 
3.3242257525545327e-06 
3.3242257525545327e-06 
3.3242257525545327e-06 
3.3242257525545327e-06 
3.3242257525545327e-06 
3.3242257525545327e-06 
3.3242257525545327e-06 
3.3242257525545327e-06 
3.3242257525545327e-06 
3.3242257525545327e-06 
3.3242257525545327e-06 
3.3242257525545327e-06 
3.3242257525545327e-06 
3.3242257525545327e-06 
3.3242257525545327e-06 
3.3242257525545327e-06 
3.3242257525545327e-06 
3.3242257525545327e-06 
3.3242257525545327e-06 
3.3242257525545327e-06 
3.3242257525545327e-06 
3.3242257525545327e-06 
3.3242257525545327e-06 
3.3242257525545327e-06 
3.3242257525545327e-06 
3.3242257525545327e-06 
3.3242257525545327e-06 
3.3242257525545327e-06 
3.3242257525545327e-06 
3.3242257525545327e-06 
3.3242257525545327e-06 
3.3242257525545327e-06 
3.3242257525545327e-06 
3.3242257525545327e-06 
3.3242257525545327e-06 
3.3242257525545327e-06 
3.3242257525545327e-06 
3.3242257525545327e-06 
3.3242257525545327e-06 
3.3242257525545327e-06 
3.3242257525545327e-06 
3.3242257525545327e-06 
3.3242257525545327e-06 
3.3242257525545327e-06 
3.3242257525545327e-06 
3.3242257525545327e-06 
3.3242257525545327e-06 
3.3242257525545327e-06 
3.3242257525545327e-06 
3.3242257525545327e-06 
3.3242257525545327e-06 
3.3242257525545327e-06 
3.3242257525545327e-06 
3.3242257525545327e-06 
3.3242257525545327e-06 
3.3242257525545327e-06 
3.3242257525545327e-06 
3.3242257525545327e-06 
3.3242257525545327e-06 
3.3242257525545327e-06 
3.3242257525545327e-06 
3.3242257525545327e-06 
3.3242257525545327e-06 
3.3242257525545327e-06 
3.3242257525545327e-06 
3.3242257525545327e-06 
3.3242257525545327e-06 
3.3242257525545327e-06 
3.3242257525545327e-06 
3.3242257525545327e-06 
3.3242257525545327e-06 
3.3242257525545327e-06 
3.3242257525545327e-06 
3.3242257525545327e-06 
3.3242257525545327e-06 
3.3242257525545327e-06 
3.3242257525545327e-06 
3.3242257525545327e-06 
3.3242257525545327e-06 
3.3242257525545327e-06 
3.3242257525545327e-06 
3.3242257525545327e-06 
3.3242257525545327e-06 
3.3242257525545327e-06 
3.3242257525545327e-06 
3.3242257525545327e-06 
3.3242257525545327e-06 
3.3242257525545327e-06 
3.3242257525545327e-06 
3.3242257525545327e-06 
3.3242257525545327e-06 
3.3242257525545327e-06 
3.3242257525545327e-06 
3.3242257525545327e-06 
3.3242257525545327e-06 
3.3242257525545327e-06 
3.3242257525545327e-06 
3.3242257525545327e-06 
3.3242257525545327e-06 
3.3242257525545327e-06 
3.3242257525545327e-06 
3.3242257525545327e-06 
3.3242257525545327e-06 
3.3242257525545327e-06 
3.3242257525545327e-06 
3.3242257525545327e-06 
3.3242257525545327e-06 
3.3242257525545327e-06 
3.3242257525545327e-06 
3.3242257525545327e-06 
3.3242257525545327e-06 
3.3242257525545327e-06 
3.3242257525545327e-06 
3.3242257525545327e-06 
3.3242257525545327e-06 
3.3242257525545327e-06 
3.3242257525545327e-06 
3.3242257525545327e-06 
3.3242257525545327e-06 
3.3242257525545327e-06 
3.3242257525545327e-06 
3.3242257525545327e-06 
3.3242257525545327e-06 
3.3242257525545327e-06 
3.3242257525545327e-06 
3.3242257525545327e-06 
3.3242257525545327e-06 
3.3242257525545327e-06 
3.3242257525545327e-06 
3.3242257525545327e-06 
3.3242257525545327e-06 
3.3242257525545327e-06 
3.3242257525545327e-06 
3.3242257525545327e-06 
3.3242257525545327e-06 
3.3242257525545327e-06 
3.3242257525545327e-06 
3.3242257525545327e-06 
3.3242257525545327e-06 
3.3242257525545327e-06 
3.3242257525545327e-06 
3.3242257525545327e-06 
3.3242257525545327e-06 
3.3242257525545327e-06 
3.3242257525545327e-06 
3.3242257525545327e-06 
3.3242257525545327e-06 
3.3242257525545327e-06 
3.3242257525545327e-06 
3.3242257525545327e-06 
3.3242257525545327e-06 
3.3242257525545327e-06 
3.3242257525545327e-06 
3.3242257525545327e-06 
3.3242257525545327e-06 
3.3242257525545327e-06 
3.3242257525545327e-06 
3.3242257525545327e-06 
3.3242257525545327e-06 
3.3242257525545327e-06 
3.3242257525545327e-06 
3.3242257525545327e-06 
3.3242257525545327e-06 
3.3242257525545327e-06 
3.3242257525545327e-06 
3.3242257525545327e-06 
3.3242257525545327e-06 
