0.70434300184497045 
0.65874346266609107 
0.30929969869227258 
0.25798430971927044 
0.180116773864334 
0.071806912659689859 
0.071119073257841059 
0.03728714118771459 
0.026269966253801957 
0.019053789095307305 
0.0082645256336437711 
0.0081894695655155836 
0.0039984359962806915 
0.0022540746681691815 
0.0019629734496542373 
0.0011243138788922247 
0.00060533585046529392 
0.0004920794853019439 
0.00025297829031956098 
0.00020924717274772853 
0.00011582531310927457 
6.3618513851060321e-05 
5.0927440609971342e-05 
2.6391402055403468e-05 
2.2729553369238431e-05 
1.1857872104115152e-05 
6.6999082682928091e-06 
5.1097874601557791e-06 
2.7581020298761416e-06 
2.3035944333171798e-06 
1.1993159887424554e-06 
7.5169123758822565e-07 
5.5181283198368902e-07 
3.1354933227589754e-07 
2.3010481697838259e-07 
1.2062283427649589e-07 
8.6441237279188954e-08 
4.867947067666023e-08 
4.0235800136123601e-08 
1.9824381913835509e-08 
1.3345726079805331e-08 
8.7804380433098572e-09 
5.7141376075264816e-09 
3.2919349468585324e-09 
2.8192352896638795e-09 
1.3800529607976841e-09 
8.6040374824847277e-10 
4.0178227411757916e-10 
3.3677816091426394e-10 
2.9688662639415497e-10 
1.4741263765216672e-10 
1.2470491306260101e-10 
8.858469513484124e-11 
4.5268677695275983e-11 
4.5268677695275983e-11 
4.5268677695275983e-11 
4.5268677695275983e-11 
4.5268677695275983e-11 
4.5268677695275983e-11 
4.5268677695275983e-11 
4.5268677695275983e-11 
4.5268677695275983e-11 
4.5268677695275983e-11 
4.5268677695275983e-11 
4.5268677695275983e-11 
4.5268677695275983e-11 
4.5268677695275983e-11 
4.5268677695275983e-11 
4.5268677695275983e-11 
4.5268677695275983e-11 
4.5268677695275983e-11 
4.5268677695275983e-11 
4.5268677695275983e-11 
4.5268677695275983e-11 
4.5268677695275983e-11 
4.5268677695275983e-11 
4.5268677695275983e-11 
4.5268677695275983e-11 
4.5268677695275983e-11 
4.5268677695275983e-11 
4.5268677695275983e-11 
4.5268677695275983e-11 
4.5268677695275983e-11 
4.5268677695275983e-11 
4.5268677695275983e-11 
4.5268677695275983e-11 
4.5268677695275983e-11 
4.5268677695275983e-11 
4.5268677695275983e-11 
4.5268677695275983e-11 
4.5268677695275983e-11 
4.5268677695275983e-11 
4.5268677695275983e-11 
4.5268677695275983e-11 
4.5268677695275983e-11 
4.5268677695275983e-11 
4.5268677695275983e-11 
4.5268677695275983e-11 
4.5268677695275983e-11 
4.5268677695275983e-11 
4.5268677695275983e-11 
4.5268677695275983e-11 
4.5268677695275983e-11 
4.5268677695275983e-11 
4.5268677695275983e-11 
4.5268677695275983e-11 
4.5268677695275983e-11 
4.5268677695275983e-11 
4.5268677695275983e-11 
4.5268677695275983e-11 
4.5268677695275983e-11 
4.5268677695275983e-11 
4.5268677695275983e-11 
4.5268677695275983e-11 
4.5268677695275983e-11 
4.5268677695275983e-11 
4.5268677695275983e-11 
4.5268677695275983e-11 
4.5268677695275983e-11 
4.5268677695275983e-11 
4.5268677695275983e-11 
4.5268677695275983e-11 
4.5268677695275983e-11 
4.5268677695275983e-11 
4.5268677695275983e-11 
4.5268677695275983e-11 
4.5268677695275983e-11 
4.5268677695275983e-11 
4.5268677695275983e-11 
4.5268677695275983e-11 
4.5268677695275983e-11 
4.5268677695275983e-11 
4.5268677695275983e-11 
4.5268677695275983e-11 
4.5268677695275983e-11 
4.5268677695275983e-11 
4.5268677695275983e-11 
4.5268677695275983e-11 
4.5268677695275983e-11 
4.5268677695275983e-11 
4.5268677695275983e-11 
4.5268677695275983e-11 
4.5268677695275983e-11 
4.5268677695275983e-11 
4.5268677695275983e-11 
4.5268677695275983e-11 
4.5268677695275983e-11 
4.5268677695275983e-11 
4.5268677695275983e-11 
4.5268677695275983e-11 
4.5268677695275983e-11 
4.5268677695275983e-11 
4.5268677695275983e-11 
4.5268677695275983e-11 
4.5268677695275983e-11 
4.5268677695275983e-11 
4.5268677695275983e-11 
4.5268677695275983e-11 
4.5268677695275983e-11 
4.5268677695275983e-11 
4.5268677695275983e-11 
4.5268677695275983e-11 
4.5268677695275983e-11 
4.5268677695275983e-11 
4.5268677695275983e-11 
4.5268677695275983e-11 
4.5268677695275983e-11 
4.5268677695275983e-11 
4.5268677695275983e-11 
4.5268677695275983e-11 
4.5268677695275983e-11 
4.5268677695275983e-11 
4.5268677695275983e-11 
4.5268677695275983e-11 
4.5268677695275983e-11 
4.5268677695275983e-11 
4.5268677695275983e-11 
4.5268677695275983e-11 
4.5268677695275983e-11 
4.5268677695275983e-11 
4.5268677695275983e-11 
4.5268677695275983e-11 
4.5268677695275983e-11 
4.5268677695275983e-11 
4.5268677695275983e-11 
4.5268677695275983e-11 
4.5268677695275983e-11 
4.5268677695275983e-11 
4.5268677695275983e-11 
4.5268677695275983e-11 
4.5268677695275983e-11 
4.5268677695275983e-11 
4.5268677695275983e-11 
4.5268677695275983e-11 
4.5268677695275983e-11 
4.5268677695275983e-11 
4.5268677695275983e-11 
4.5268677695275983e-11 
4.5268677695275983e-11 
4.5268677695275983e-11 
4.5268677695275983e-11 
4.5268677695275983e-11 
4.5268677695275983e-11 
4.5268677695275983e-11 
4.5268677695275983e-11 
4.5268677695275983e-11 
4.5268677695275983e-11 
4.5268677695275983e-11 
4.5268677695275983e-11 
4.5268677695275983e-11 
4.5268677695275983e-11 
4.5268677695275983e-11 
4.5268677695275983e-11 
4.5268677695275983e-11 
4.5268677695275983e-11 
4.5268677695275983e-11 
4.5268677695275983e-11 
4.5268677695275983e-11 
4.5268677695275983e-11 
4.5268677695275983e-11 
4.5268677695275983e-11 
4.5268677695275983e-11 
4.5268677695275983e-11 
4.5268677695275983e-11 
4.5268677695275983e-11 
4.5268677695275983e-11 
4.5268677695275983e-11 
4.5268677695275983e-11 
4.5268677695275983e-11 
4.5268677695275983e-11 
4.5268677695275983e-11 
4.5268677695275983e-11 
4.5268677695275983e-11 
4.5268677695275983e-11 
4.5268677695275983e-11 
4.5268677695275983e-11 
4.5268677695275983e-11 
4.5268677695275983e-11 
4.5268677695275983e-11 
4.5268677695275983e-11 
4.5268677695275983e-11 
4.5268677695275983e-11 
4.5268677695275983e-11 
4.5268677695275983e-11 
4.5268677695275983e-11 
4.5268677695275983e-11 
4.5268677695275983e-11 
4.5268677695275983e-11 
4.5268677695275983e-11 
4.5268677695275983e-11 
4.5268677695275983e-11 
4.5268677695275983e-11 
4.5268677695275983e-11 
4.5268677695275983e-11 
4.5268677695275983e-11 
4.5268677695275983e-11 
4.5268677695275983e-11 
4.5268677695275983e-11 
4.5268677695275983e-11 
4.5268677695275983e-11 
4.5268677695275983e-11 
4.5268677695275983e-11 
4.5268677695275983e-11 
4.5268677695275983e-11 
4.5268677695275983e-11 
4.5268677695275983e-11 
4.5268677695275983e-11 
4.5268677695275983e-11 
4.5268677695275983e-11 
4.5268677695275983e-11 
4.5268677695275983e-11 
4.5268677695275983e-11 
4.5268677695275983e-11 
4.5268677695275983e-11 
4.5268677695275983e-11 
4.5268677695275983e-11 
4.5268677695275983e-11 
4.5268677695275983e-11 
4.5268677695275983e-11 
4.5268677695275983e-11 
4.5268677695275983e-11 
4.5268677695275983e-11 
4.5268677695275983e-11 
4.5268677695275983e-11 
4.5268677695275983e-11 
4.5268677695275983e-11 
4.5268677695275983e-11 
4.5268677695275983e-11 
4.5268677695275983e-11 
4.5268677695275983e-11 
4.5268677695275983e-11 
4.5268677695275983e-11 
4.5268677695275983e-11 
4.5268677695275983e-11 
4.5268677695275983e-11 
4.5268677695275983e-11 
4.5268677695275983e-11 
4.5268677695275983e-11 
4.5268677695275983e-11 
4.5268677695275983e-11 
4.5268677695275983e-11 
4.5268677695275983e-11 
4.5268677695275983e-11 
4.5268677695275983e-11 
4.5268677695275983e-11 
4.5268677695275983e-11 
4.5268677695275983e-11 
4.5268677695275983e-11 
4.5268677695275983e-11 
4.5268677695275983e-11 
4.5268677695275983e-11 
4.5268677695275983e-11 
4.5268677695275983e-11 
4.5268677695275983e-11 
4.5268677695275983e-11 
4.5268677695275983e-11 
4.5268677695275983e-11 
4.5268677695275983e-11 
4.5268677695275983e-11 
4.5268677695275983e-11 
4.5268677695275983e-11 
4.5268677695275983e-11 
4.5268677695275983e-11 
4.5268677695275983e-11 
4.5268677695275983e-11 
4.5268677695275983e-11 
4.5268677695275983e-11 
4.5268677695275983e-11 
4.5268677695275983e-11 
4.5268677695275983e-11 
4.5268677695275983e-11 
4.5268677695275983e-11 
4.5268677695275983e-11 
4.5268677695275983e-11 
4.5268677695275983e-11 
4.5268677695275983e-11 
4.5268677695275983e-11 
4.5268677695275983e-11 
4.5268677695275983e-11 
4.5268677695275983e-11 
4.5268677695275983e-11 
4.5268677695275983e-11 
4.5268677695275983e-11 
4.5268677695275983e-11 
4.5268677695275983e-11 
4.5268677695275983e-11 
4.5268677695275983e-11 
4.5268677695275983e-11 
4.5268677695275983e-11 
4.5268677695275983e-11 
4.5268677695275983e-11 
4.5268677695275983e-11 
4.5268677695275983e-11 
4.5268677695275983e-11 
4.5268677695275983e-11 
4.5268677695275983e-11 
4.5268677695275983e-11 
4.5268677695275983e-11 
4.5268677695275983e-11 
4.5268677695275983e-11 
4.5268677695275983e-11 
4.5268677695275983e-11 
4.5268677695275983e-11 
4.5268677695275983e-11 
4.5268677695275983e-11 
4.5268677695275983e-11 
4.5268677695275983e-11 
4.5268677695275983e-11 
4.5268677695275983e-11 
4.5268677695275983e-11 
4.5268677695275983e-11 
4.5268677695275983e-11 
4.5268677695275983e-11 
4.5268677695275983e-11 
4.5268677695275983e-11 
4.5268677695275983e-11 
4.5268677695275983e-11 
4.5268677695275983e-11 
4.5268677695275983e-11 
4.5268677695275983e-11 
4.5268677695275983e-11 
4.5268677695275983e-11 
4.5268677695275983e-11 
4.5268677695275983e-11 
4.5268677695275983e-11 
4.5268677695275983e-11 
4.5268677695275983e-11 
4.5268677695275983e-11 
4.5268677695275983e-11 
4.5268677695275983e-11 
4.5268677695275983e-11 
4.5268677695275983e-11 
4.5268677695275983e-11 
4.5268677695275983e-11 
4.5268677695275983e-11 
4.5268677695275983e-11 
4.5268677695275983e-11 
4.5268677695275983e-11 
4.5268677695275983e-11 
4.5268677695275983e-11 
4.5268677695275983e-11 
4.5268677695275983e-11 
4.5268677695275983e-11 
4.5268677695275983e-11 
4.5268677695275983e-11 
4.5268677695275983e-11 
4.5268677695275983e-11 
4.5268677695275983e-11 
4.5268677695275983e-11 
4.5268677695275983e-11 
4.5268677695275983e-11 
4.5268677695275983e-11 
4.5268677695275983e-11 
4.5268677695275983e-11 
4.5268677695275983e-11 
4.5268677695275983e-11 
4.5268677695275983e-11 
4.5268677695275983e-11 
4.5268677695275983e-11 
4.5268677695275983e-11 
4.5268677695275983e-11 
4.5268677695275983e-11 
4.5268677695275983e-11 
4.5268677695275983e-11 
4.5268677695275983e-11 
4.5268677695275983e-11 
4.5268677695275983e-11 
4.5268677695275983e-11 
4.5268677695275983e-11 
4.5268677695275983e-11 
4.5268677695275983e-11 
4.5268677695275983e-11 
4.5268677695275983e-11 
4.5268677695275983e-11 
4.5268677695275983e-11 
4.5268677695275983e-11 
4.5268677695275983e-11 
4.5268677695275983e-11 
4.5268677695275983e-11 
4.5268677695275983e-11 
4.5268677695275983e-11 
4.5268677695275983e-11 
4.5268677695275983e-11 
4.5268677695275983e-11 
4.5268677695275983e-11 
4.5268677695275983e-11 
4.5268677695275983e-11 
4.5268677695275983e-11 
4.5268677695275983e-11 
4.5268677695275983e-11 
4.5268677695275983e-11 
4.5268677695275983e-11 
4.5268677695275983e-11 
4.5268677695275983e-11 
4.5268677695275983e-11 
4.5268677695275983e-11 
4.5268677695275983e-11 
4.5268677695275983e-11 
4.5268677695275983e-11 
4.5268677695275983e-11 
4.5268677695275983e-11 
4.5268677695275983e-11 
4.5268677695275983e-11 
4.5268677695275983e-11 
4.5268677695275983e-11 
4.5268677695275983e-11 
4.5268677695275983e-11 
4.5268677695275983e-11 
4.5268677695275983e-11 
4.5268677695275983e-11 
4.5268677695275983e-11 
4.5268677695275983e-11 
4.5268677695275983e-11 
4.5268677695275983e-11 
4.5268677695275983e-11 
4.5268677695275983e-11 
4.5268677695275983e-11 
4.5268677695275983e-11 
4.5268677695275983e-11 
4.5268677695275983e-11 
4.5268677695275983e-11 
4.5268677695275983e-11 
4.5268677695275983e-11 
4.5268677695275983e-11 
4.5268677695275983e-11 
4.5268677695275983e-11 
4.5268677695275983e-11 
4.5268677695275983e-11 
4.5268677695275983e-11 
4.5268677695275983e-11 
4.5268677695275983e-11 
4.5268677695275983e-11 
4.5268677695275983e-11 
4.5268677695275983e-11 
4.5268677695275983e-11 
4.5268677695275983e-11 
4.5268677695275983e-11 
4.5268677695275983e-11 
4.5268677695275983e-11 
4.5268677695275983e-11 
4.5268677695275983e-11 
4.5268677695275983e-11 
4.5268677695275983e-11 
4.5268677695275983e-11 
4.5268677695275983e-11 
4.5268677695275983e-11 
4.5268677695275983e-11 
4.5268677695275983e-11 
4.5268677695275983e-11 
4.5268677695275983e-11 
4.5268677695275983e-11 
4.5268677695275983e-11 
4.5268677695275983e-11 
4.5268677695275983e-11 
4.5268677695275983e-11 
4.5268677695275983e-11 
4.5268677695275983e-11 
4.5268677695275983e-11 
4.5268677695275983e-11 
4.5268677695275983e-11 
4.5268677695275983e-11 
4.5268677695275983e-11 
4.5268677695275983e-11 
4.5268677695275983e-11 
4.5268677695275983e-11 
4.5268677695275983e-11 
4.5268677695275983e-11 
4.5268677695275983e-11 
4.5268677695275983e-11 
4.5268677695275983e-11 
4.5268677695275983e-11 
4.5268677695275983e-11 
4.5268677695275983e-11 
4.5268677695275983e-11 
4.5268677695275983e-11 
4.5268677695275983e-11 
4.5268677695275983e-11 
4.5268677695275983e-11 
4.5268677695275983e-11 
4.5268677695275983e-11 
4.5268677695275983e-11 
4.5268677695275983e-11 
4.5268677695275983e-11 
4.5268677695275983e-11 
4.5268677695275983e-11 
4.5268677695275983e-11 
4.5268677695275983e-11 
4.5268677695275983e-11 
4.5268677695275983e-11 
4.5268677695275983e-11 
4.5268677695275983e-11 
4.5268677695275983e-11 
4.5268677695275983e-11 
4.5268677695275983e-11 
4.5268677695275983e-11 
4.5268677695275983e-11 
4.5268677695275983e-11 
4.5268677695275983e-11 
4.5268677695275983e-11 
4.5268677695275983e-11 
4.5268677695275983e-11 
4.5268677695275983e-11 
4.5268677695275983e-11 
4.5268677695275983e-11 
4.5268677695275983e-11 
4.5268677695275983e-11 
4.5268677695275983e-11 
4.5268677695275983e-11 
4.5268677695275983e-11 
4.5268677695275983e-11 
4.5268677695275983e-11 
4.5268677695275983e-11 
4.5268677695275983e-11 
4.5268677695275983e-11 
4.5268677695275983e-11 
4.5268677695275983e-11 
4.5268677695275983e-11 
4.5268677695275983e-11 
4.5268677695275983e-11 
4.5268677695275983e-11 
4.5268677695275983e-11 
4.5268677695275983e-11 
4.5268677695275983e-11 
4.5268677695275983e-11 
4.5268677695275983e-11 
4.5268677695275983e-11 
4.5268677695275983e-11 
4.5268677695275983e-11 
4.5268677695275983e-11 
4.5268677695275983e-11 
4.5268677695275983e-11 
4.5268677695275983e-11 
4.5268677695275983e-11 
4.5268677695275983e-11 
4.5268677695275983e-11 
4.5268677695275983e-11 
4.5268677695275983e-11 
4.5268677695275983e-11 
4.5268677695275983e-11 
4.5268677695275983e-11 
4.5268677695275983e-11 
4.5268677695275983e-11 
4.5268677695275983e-11 
4.5268677695275983e-11 
4.5268677695275983e-11 
4.5268677695275983e-11 
4.5268677695275983e-11 
4.5268677695275983e-11 
4.5268677695275983e-11 
4.5268677695275983e-11 
4.5268677695275983e-11 
4.5268677695275983e-11 
4.5268677695275983e-11 
4.5268677695275983e-11 
4.5268677695275983e-11 
4.5268677695275983e-11 
4.5268677695275983e-11 
4.5268677695275983e-11 
4.5268677695275983e-11 
4.5268677695275983e-11 
4.5268677695275983e-11 
4.5268677695275983e-11 
4.5268677695275983e-11 
4.5268677695275983e-11 
4.5268677695275983e-11 
4.5268677695275983e-11 
4.5268677695275983e-11 
4.5268677695275983e-11 
4.5268677695275983e-11 
4.5268677695275983e-11 
4.5268677695275983e-11 
4.5268677695275983e-11 
4.5268677695275983e-11 
4.5268677695275983e-11 
4.5268677695275983e-11 
4.5268677695275983e-11 
4.5268677695275983e-11 
4.5268677695275983e-11 
4.5268677695275983e-11 
4.5268677695275983e-11 
4.5268677695275983e-11 
4.5268677695275983e-11 
4.5268677695275983e-11 
4.5268677695275983e-11 
4.5268677695275983e-11 
4.5268677695275983e-11 
4.5268677695275983e-11 
4.5268677695275983e-11 
4.5268677695275983e-11 
4.5268677695275983e-11 
4.5268677695275983e-11 
4.5268677695275983e-11 
4.5268677695275983e-11 
4.5268677695275983e-11 
4.5268677695275983e-11 
4.5268677695275983e-11 
4.5268677695275983e-11 
4.5268677695275983e-11 
4.5268677695275983e-11 
4.5268677695275983e-11 
4.5268677695275983e-11 
4.5268677695275983e-11 
4.5268677695275983e-11 
4.5268677695275983e-11 
4.5268677695275983e-11 
4.5268677695275983e-11 
4.5268677695275983e-11 
4.5268677695275983e-11 
4.5268677695275983e-11 
4.5268677695275983e-11 
4.5268677695275983e-11 
4.5268677695275983e-11 
4.5268677695275983e-11 
4.5268677695275983e-11 
4.5268677695275983e-11 
4.5268677695275983e-11 
4.5268677695275983e-11 
4.5268677695275983e-11 
4.5268677695275983e-11 
4.5268677695275983e-11 
4.5268677695275983e-11 
4.5268677695275983e-11 
4.5268677695275983e-11 
4.5268677695275983e-11 
4.5268677695275983e-11 
4.5268677695275983e-11 
4.5268677695275983e-11 
4.5268677695275983e-11 
4.5268677695275983e-11 
4.5268677695275983e-11 
4.5268677695275983e-11 
4.5268677695275983e-11 
4.5268677695275983e-11 
4.5268677695275983e-11 
4.5268677695275983e-11 
4.5268677695275983e-11 
4.5268677695275983e-11 
4.5268677695275983e-11 
4.5268677695275983e-11 
4.5268677695275983e-11 
4.5268677695275983e-11 
4.5268677695275983e-11 
4.5268677695275983e-11 
4.5268677695275983e-11 
4.5268677695275983e-11 
4.5268677695275983e-11 
4.5268677695275983e-11 
4.5268677695275983e-11 
4.5268677695275983e-11 
4.5268677695275983e-11 
4.5268677695275983e-11 
4.5268677695275983e-11 
4.5268677695275983e-11 
4.5268677695275983e-11 
4.5268677695275983e-11 
4.5268677695275983e-11 
4.5268677695275983e-11 
4.5268677695275983e-11 
4.5268677695275983e-11 
4.5268677695275983e-11 
4.5268677695275983e-11 
4.5268677695275983e-11 
4.5268677695275983e-11 
4.5268677695275983e-11 
4.5268677695275983e-11 
4.5268677695275983e-11 
4.5268677695275983e-11 
4.5268677695275983e-11 
4.5268677695275983e-11 
4.5268677695275983e-11 
4.5268677695275983e-11 
4.5268677695275983e-11 
4.5268677695275983e-11 
4.5268677695275983e-11 
4.5268677695275983e-11 
4.5268677695275983e-11 
4.5268677695275983e-11 
4.5268677695275983e-11 
4.5268677695275983e-11 
4.5268677695275983e-11 
4.5268677695275983e-11 
4.5268677695275983e-11 
4.5268677695275983e-11 
4.5268677695275983e-11 
4.5268677695275983e-11 
4.5268677695275983e-11 
4.5268677695275983e-11 
4.5268677695275983e-11 
4.5268677695275983e-11 
4.5268677695275983e-11 
4.5268677695275983e-11 
4.5268677695275983e-11 
4.5268677695275983e-11 
4.5268677695275983e-11 
4.5268677695275983e-11 
4.5268677695275983e-11 
4.5268677695275983e-11 
4.5268677695275983e-11 
4.5268677695275983e-11 
4.5268677695275983e-11 
4.5268677695275983e-11 
4.5268677695275983e-11 
4.5268677695275983e-11 
4.5268677695275983e-11 
4.5268677695275983e-11 
4.5268677695275983e-11 
4.5268677695275983e-11 
4.5268677695275983e-11 
4.5268677695275983e-11 
4.5268677695275983e-11 
4.5268677695275983e-11 
4.5268677695275983e-11 
4.5268677695275983e-11 
4.5268677695275983e-11 
4.5268677695275983e-11 
4.5268677695275983e-11 
4.5268677695275983e-11 
4.5268677695275983e-11 
4.5268677695275983e-11 
4.5268677695275983e-11 
4.5268677695275983e-11 
4.5268677695275983e-11 
4.5268677695275983e-11 
4.5268677695275983e-11 
4.5268677695275983e-11 
4.5268677695275983e-11 
4.5268677695275983e-11 
4.5268677695275983e-11 
4.5268677695275983e-11 
4.5268677695275983e-11 
4.5268677695275983e-11 
4.5268677695275983e-11 
4.5268677695275983e-11 
4.5268677695275983e-11 
4.5268677695275983e-11 
4.5268677695275983e-11 
4.5268677695275983e-11 
4.5268677695275983e-11 
4.5268677695275983e-11 
4.5268677695275983e-11 
4.5268677695275983e-11 
4.5268677695275983e-11 
4.5268677695275983e-11 
4.5268677695275983e-11 
4.5268677695275983e-11 
4.5268677695275983e-11 
4.5268677695275983e-11 
4.5268677695275983e-11 
4.5268677695275983e-11 
4.5268677695275983e-11 
4.5268677695275983e-11 
4.5268677695275983e-11 
4.5268677695275983e-11 
4.5268677695275983e-11 
4.5268677695275983e-11 
4.5268677695275983e-11 
4.5268677695275983e-11 
4.5268677695275983e-11 
4.5268677695275983e-11 
4.5268677695275983e-11 
4.5268677695275983e-11 
4.5268677695275983e-11 
4.5268677695275983e-11 
4.5268677695275983e-11 
4.5268677695275983e-11 
4.5268677695275983e-11 
4.5268677695275983e-11 
4.5268677695275983e-11 
4.5268677695275983e-11 
4.5268677695275983e-11 
4.5268677695275983e-11 
4.5268677695275983e-11 
4.5268677695275983e-11 
4.5268677695275983e-11 
4.5268677695275983e-11 
4.5268677695275983e-11 
4.5268677695275983e-11 
4.5268677695275983e-11 
4.5268677695275983e-11 
4.5268677695275983e-11 
4.5268677695275983e-11 
4.5268677695275983e-11 
4.5268677695275983e-11 
4.5268677695275983e-11 
4.5268677695275983e-11 
4.5268677695275983e-11 
4.5268677695275983e-11 
4.5268677695275983e-11 
4.5268677695275983e-11 
4.5268677695275983e-11 
4.5268677695275983e-11 
4.5268677695275983e-11 
4.5268677695275983e-11 
4.5268677695275983e-11 
4.5268677695275983e-11 
4.5268677695275983e-11 
4.5268677695275983e-11 
4.5268677695275983e-11 
4.5268677695275983e-11 
4.5268677695275983e-11 
4.5268677695275983e-11 
4.5268677695275983e-11 
4.5268677695275983e-11 
4.5268677695275983e-11 
4.5268677695275983e-11 
4.5268677695275983e-11 
4.5268677695275983e-11 
4.5268677695275983e-11 
4.5268677695275983e-11 
4.5268677695275983e-11 
4.5268677695275983e-11 
4.5268677695275983e-11 
4.5268677695275983e-11 
4.5268677695275983e-11 
4.5268677695275983e-11 
4.5268677695275983e-11 
4.5268677695275983e-11 
4.5268677695275983e-11 
4.5268677695275983e-11 
4.5268677695275983e-11 
4.5268677695275983e-11 
4.5268677695275983e-11 
4.5268677695275983e-11 
4.5268677695275983e-11 
4.5268677695275983e-11 
4.5268677695275983e-11 
4.5268677695275983e-11 
4.5268677695275983e-11 
4.5268677695275983e-11 
4.5268677695275983e-11 
4.5268677695275983e-11 
4.5268677695275983e-11 
4.5268677695275983e-11 
4.5268677695275983e-11 
4.5268677695275983e-11 
4.5268677695275983e-11 
4.5268677695275983e-11 
4.5268677695275983e-11 
4.5268677695275983e-11 
4.5268677695275983e-11 
4.5268677695275983e-11 
4.5268677695275983e-11 
4.5268677695275983e-11 
4.5268677695275983e-11 
4.5268677695275983e-11 
4.5268677695275983e-11 
4.5268677695275983e-11 
4.5268677695275983e-11 
4.5268677695275983e-11 
4.5268677695275983e-11 
4.5268677695275983e-11 
4.5268677695275983e-11 
4.5268677695275983e-11 
4.5268677695275983e-11 
4.5268677695275983e-11 
4.5268677695275983e-11 
4.5268677695275983e-11 
4.5268677695275983e-11 
4.5268677695275983e-11 
4.5268677695275983e-11 
4.5268677695275983e-11 
4.5268677695275983e-11 
4.5268677695275983e-11 
4.5268677695275983e-11 
4.5268677695275983e-11 
4.5268677695275983e-11 
4.5268677695275983e-11 
4.5268677695275983e-11 
4.5268677695275983e-11 
4.5268677695275983e-11 
4.5268677695275983e-11 
4.5268677695275983e-11 
4.5268677695275983e-11 
4.5268677695275983e-11 
4.5268677695275983e-11 
4.5268677695275983e-11 
4.5268677695275983e-11 
4.5268677695275983e-11 
4.5268677695275983e-11 
4.5268677695275983e-11 
4.5268677695275983e-11 
4.5268677695275983e-11 
4.5268677695275983e-11 
4.5268677695275983e-11 
4.5268677695275983e-11 
4.5268677695275983e-11 
4.5268677695275983e-11 
4.5268677695275983e-11 
4.5268677695275983e-11 
4.5268677695275983e-11 
4.5268677695275983e-11 
4.5268677695275983e-11 
4.5268677695275983e-11 
4.5268677695275983e-11 
4.5268677695275983e-11 
4.5268677695275983e-11 
4.5268677695275983e-11 
4.5268677695275983e-11 
4.5268677695275983e-11 
4.5268677695275983e-11 
4.5268677695275983e-11 
4.5268677695275983e-11 
4.5268677695275983e-11 
4.5268677695275983e-11 
4.5268677695275983e-11 
4.5268677695275983e-11 
4.5268677695275983e-11 
4.5268677695275983e-11 
4.5268677695275983e-11 
4.5268677695275983e-11 
4.5268677695275983e-11 
4.5268677695275983e-11 
4.5268677695275983e-11 
4.5268677695275983e-11 
4.5268677695275983e-11 
4.5268677695275983e-11 
4.5268677695275983e-11 
4.5268677695275983e-11 
4.5268677695275983e-11 
4.5268677695275983e-11 
4.5268677695275983e-11 
4.5268677695275983e-11 
4.5268677695275983e-11 
4.5268677695275983e-11 
4.5268677695275983e-11 
4.5268677695275983e-11 
4.5268677695275983e-11 
4.5268677695275983e-11 
4.5268677695275983e-11 
4.5268677695275983e-11 
4.5268677695275983e-11 
4.5268677695275983e-11 
4.5268677695275983e-11 
4.5268677695275983e-11 
4.5268677695275983e-11 
4.5268677695275983e-11 
4.5268677695275983e-11 
4.5268677695275983e-11 
4.5268677695275983e-11 
4.5268677695275983e-11 
