1.2664937822262021 
1.2664878830432587 
1.1613637506180672 
0.68151663178821009 
0.6778450530821164 
0.55633613469254062 
0.49398449657118276 
0.45688611343015906 
0.42315888288657466 
0.41388329652214495 
0.39616019940340763 
0.39537039328400791 
0.38595322526433135 
0.38077245430936768 
0.37453171420382475 
0.37284607224544491 
0.36994590820982842 
0.36955693689217006 
0.3681452993729139 
0.36813387409968223 
0.36747202175358351 
0.36746725035652616 
0.36726035702213633 
0.36724691491534794 
0.36714178145423176 
0.36714045834285813 
0.36710245862855151 
0.36710156588564086 
0.36708291819178807 
0.36708218763583395 
0.36707613424139646 
0.36707505920820716 
0.36707172551510253 
0.36707109899815982 
0.36706686385780213 
0.36706547881193036 
0.36706310345565224 
0.36706239172354549 
0.36706089157583888 
0.36706027077589337 
0.36705935554012553 
0.3670587360880756 
0.36705797088299036 
0.36705735715973392 
0.3670566949010462 
0.36705608065203832 
0.36705544207116259 
0.36705482875994244 
0.36705420713549564 
0.3670535934868942 
0.36705297638266077 
0.36705236299439276 
0.36705174798980389 
0.36705113459258759 
0.36705052057132187 
0.36704990710641044 
0.36704929352605992 
0.36704868001781504 
0.36704806658783123 
0.36704745315490422 
0.3670468396982004 
0.3670462262848439 
0.36704561287451326 
0.36704499946698066 
0.36704438606224515 
0.3670437726603063 
0.36704315926116443 
0.36704254586481921 
0.36704193247127087 
0.36704131908051907 
0.36704070569256397 
0.36704009230740547 
0.36703947892504363 
0.36703886554547832 
0.36703825216870956 
0.36703763879473733 
0.36703702542356154 
0.36703641205518228 
0.3670357986895994 
0.36703518532681284 
0.36703457196682265 
0.36703395860962884 
0.36703334525523124 
0.36703273190362984 
0.3670321185548247 
0.36703150520881567 
0.36703089186560289 
0.3670302785251861 
0.36702966518756558 
0.36702905185274093 
0.36702843852071249 
0.36702782519147986 
0.36702721186504333 
0.36702659854140257 
0.36702598522055785 
0.36702537190250895 
0.36702475858725592 
0.36702414527479854 
0.3670235319651371 
0.36702291865827125 
0.36702230535420094 
0.3670216920529264 
0.36702107875444773 
0.36702046545876443 
0.36701985216587668 
0.36701923887578453 
0.36701862558848797 
0.36701801230398678 
0.36701739902228092 
0.3670167857433706 
0.36701617246725576 
0.36701555919393614 
0.36701494592341172 
0.36701433265568267 
0.36701371939074873 
0.36701310612861016 
0.36701249286926663 
0.36701187961271836 
0.36701126635896514 
0.36701065310800707 
0.36701003985984387 
0.36700942661447594 
0.36700881337190283 
0.36700820013212471 
0.36700758689514146 
0.36700697366095325 
0.3670063604295597 
0.36700574720096085 
0.36700513397515694 
0.3670045207521479 
0.36700390753193346 
0.36700329431451362 
0.36700268109988848 
0.36700206788805817 
0.36700145467902229 
0.36700084147278089 
0.36700022826933409 
0.36699961506868189 
0.36699900187082413 
0.36699838867576057 
0.36699777548349161 
0.36699716229401702 
0.36699654910733659 
0.36699593592345059 
0.36699532274235874 
0.36699470956406127 
0.3669940963885579 
0.36699348321584879 
0.36699287004593373 
0.36699225687881282 
0.366991643714486 
0.36699103055295318 
0.36699041739421445 
0.36698980423826955 
0.36698919108511874 
0.36698857793476169 
0.36698796478719858 
0.36698735164242929 
0.36698673850045382 
0.36698612536127206 
0.36698551222488418 
0.3669848990912899 
0.36698428596048938 
0.36698367283248245 
0.36698305970726919 
0.36698244658484946 
0.36698183346522334 
0.36698122034839076 
0.36698060723435161 
0.366979994123106 
0.36697938101465377 
0.36697876790899475 
0.36697815480612928 
0.36697754170605695 
0.36697692860877812 
0.36697631551429238 
0.36697570242260003 
0.36697508933370071 
0.36697447624759472 
0.36697386316428171 
0.36697325008376191 
0.36697263700603511 
0.36697202393110145 
0.36697141085896062 
0.36697079778961272 
0.36697018472305792 
0.36696957165929589 
0.36696895859832679 
0.36696834554015051 
0.36696773248476705 
0.36696711943217636 
0.36696650638237838 
0.36696589333537316 
0.3669652802911606 
0.36696466724974069 
0.36696405421111339 
0.36696344117527868 
0.36696282814223646 
0.36696221511198684 
0.36696160208452955 
0.36696098905986485 
0.36696037603799236 
0.36695976301891248 
0.36695915000262475 
0.36695853698912956 
0.36695792397842641 
0.3669573109705157 
0.36695669796539715 
0.36695608496307086 
0.36695547196353656 
0.36695485896679458 
0.36695424597284454 
0.36695363298168671 
0.36695301999332075 
0.36695240700774667 
0.36695179402496469 
0.36695118104497482 
0.36695056806777659 
0.36694995509337014 
0.36694934212175573 
0.3669487291529332 
0.36694811618690232 
0.36694750322366304 
0.36694689026321559 
0.36694627730555995 
0.36694566435069581 
0.36694505139862316 
0.36694443844934221 
0.36694382550285265 
0.36694321255915474 
0.36694259961824821 
0.36694198668013317 
0.36694137374480951 
0.36694076081227733 
0.36694014788253632 
0.36693953495558679 
0.36693892203142842 
0.36693830911006142 
0.36693769619148553 
0.3669370832757009 
0.36693647036270732 
0.36693585745250501 
0.36693524454509363 
0.36693463164047324 
0.3669340187386439 
0.36693340583960576 
0.36693279294335834 
0.3669321800499018 
0.3669315671592363 
0.3669309542713618 
0.36693034138627795 
0.36692972850398475 
0.36692911562448244 
0.36692850274777106 
0.36692788987385022 
0.36692727700271988 
0.36692666413438035 
0.36692605126883121 
0.36692543840607283 
0.36692482554610489 
0.36692421268892755 
0.36692359983454054 
0.36692298698294401 
0.36692237413413792 
0.36692176128812226 
0.36692114844489676 
0.36692053560446175 
0.3669199227668169 
0.36691930993196237 
0.36691869709989799 
0.36691808427062383 
0.36691747144413978 
0.36691685862044565 
0.3669162457995418 
0.36691563298142804 
0.36691502016610417 
0.36691440735357023 
0.36691379454382633 
0.36691318173687248 
0.36691256893270835 
0.36691195613133404 
0.36691134333274955 
0.36691073053695511 
0.36691011774395021 
0.36690950495373492 
0.36690889216630945 
0.36690827938167353 
0.36690766659982738 
0.36690705382077066 
0.36690644104450365 
0.36690582827102597 
0.36690521550033806 
0.36690460273243936 
0.36690398996733026 
0.36690337720501043 
0.36690276444548015 
0.36690215168873896 
0.36690153893478727 
0.36690092618362474 
0.36690031343525142 
0.36689970068966726 
0.36689908794687237 
0.36689847520686653 
0.36689786246964989 
0.36689724973522225 
0.36689663700358366 
0.36689602427473411 
0.3668954115486735 
0.36689479882540182 
0.36689418610491908 
0.36689357338722528 
0.3668929606723203 
0.36689234796020409 
0.36689173525087665 
0.36689112254433787 
0.36689050984058791 
0.36688989713962655 
0.36688928444145397 
0.36688867174606982 
0.36688805905347444 
0.36688744636366749 
0.36688683367664915 
0.36688622099241924 
0.36688560831097783 
0.36688499563232474 
0.36688438295646025 
0.36688377028338387 
0.36688315761309603 
0.36688254494559619 
0.36688193228088484 
0.36688131961896175 
0.36688070695982672 
0.36688009430347979 
0.36687948164992107 
0.36687886899915056 
0.36687825635116805 
0.36687764370597342 
0.36687703106356695 
0.36687641842394858 
0.36687580578711798 
0.36687519315307515 
0.36687458052182037 
0.36687396789335341 
0.36687335526767412 
0.36687274264478276 
0.366872130024679 
0.36687151740736307 
0.36687090479283474 
0.36687029218109418 
0.36686967957214101 
0.36686906696597565 
0.36686845436259768 
0.36686784176200737 
0.36686722916420433 
0.36686661656918901 
0.3668660039769609 
0.36686539138752022 
0.36686477880086699 
0.36686416621700096 
0.36686355363592205 
0.36686294105763056 
0.36686232848212647 
0.36686171590940936 
0.36686110333947936 
0.36686049077233657 
0.36685987820798099 
0.36685926564641236 
0.3668586530876306 
0.36685804053163606 
0.36685742797842852 
0.36685681542800785 
0.36685620288037391 
0.366855590335527 
0.36685497779346676 
0.36685436525419352 
0.36685375271770682 
0.36685314018400705 
0.3668525276530939 
0.36685191512496751 
0.36685130259962756 
0.36685069007707444 
0.36685007755730775 
0.36684946504032767 
0.36684885252613408 
0.36684824001472699 
0.36684762750610628 
0.36684701500027184 
0.36684640249722394 
0.36684578999696243 
0.3668451774994872 
0.36684456500479812 
0.36684395251289542 
0.366843340023779 
0.36684272753744868 
0.36684211505390441 
0.36684150257314635 
0.36684089009517457 
0.36684027761998861 
0.36683966514758864 
0.36683905267797479 
0.36683844021114687 
0.36683782774710477 
0.36683721528584862 
0.36683660282737829 
0.36683599037169384 
0.36683537791879511 
0.36683476546868232 
0.36683415302135508 
0.36683354057681367 
0.3668329281350578 
0.36683231569608771 
0.36683170325990305 
0.36683109082650411 
0.36683047839589061 
0.36682986596806261 
0.36682925354302021 
0.36682864112076308 
0.36682802870129122 
0.36682741628460491 
0.3668268038707041 
0.36682619145958845 
0.36682557905125796 
0.36682496664571279 
0.36682435424295301 
0.36682374184297822 
0.36682312944578849 
0.36682251705138402 
0.36682190465976477 
0.36682129227093047 
0.36682067988488098 
0.36682006750161666 
0.36681945512113717 
0.36681884274344267 
0.36681823036853295 
0.36681761799640827 
0.36681700562706826 
0.36681639326051318 
0.36681578089674272 
0.36681516853575707 
0.36681455617755604 
0.36681394382213978 
0.36681333146950801 
0.36681271911966101 
0.3668121067725984 
0.36681149442832028 
0.36681088208682666 
0.36681026974811776 
0.36680965741219307 
0.36680904507905271 
0.36680843274869679 
0.36680782042112542 
0.36680720809633821 
0.36680659577433511 
0.36680598345511639 
0.366805371138682 
0.36680475882503166 
0.36680414651416537 
0.36680353420608325 
0.36680292190078528 
0.3668023095982712 
0.36680169729854123 
0.36680108500159514 
0.36680047270743316 
0.36679986041605489 
0.36679924812746068 
0.36679863584165023 
0.36679802355862362 
0.36679741127838078 
0.36679679900092177 
0.36679618672624636 
0.36679557445435479 
0.36679496218524676 
0.36679434991892229 
0.36679373765538154 
0.36679312539462428 
0.3667925131366504 
0.36679190088146013 
0.36679128862905347 
0.36679067637943014 
0.36679006413259002 
0.3667894518885334 
0.36678883964726028 
0.36678822740877032 
0.36678761517306346 
0.36678700294013999 
0.36678639070999985 
0.36678577848264265 
0.36678516625806867 
0.36678455403627769 
0.36678394181726992 
0.36678332960104509 
0.36678271738760332 
0.36678210517694443 
0.36678149296906865 
0.36678088076397558 
0.36678026856166557 
0.36677965636213833 
0.36677904416539397 
0.36677843197143223 
0.36677781978025337 
0.36677720759185717 
0.36677659540624363 
0.3667759832234127 
0.36677537104336444 
0.36677475886609873 
0.36677414669161557 
0.36677353451991496 
0.36677292235099684 
0.36677231018486117 
0.36677169802150794 
0.36677108586093704 
0.36677047370314858 
0.36676986154814245 
0.36676924939591854 
0.3667686372464769 
0.36676802509981754 
0.36676741295594023 
0.3667668008148452 
0.36676618867653221 
0.36676557654100139 
0.36676496440825257 
0.36676435227828591 
0.36676374015110114 
0.36676312802669842 
0.36676251590507752 
0.36676190378623869 
0.36676129167018151 
0.36676067955690644 
0.36676006744641293 
0.36675945533870141 
0.36675884323377145 
0.36675823113162309 
0.36675761903225657 
0.36675700693567176 
0.3667563948418685 
0.36675578275084664 
0.36675517066260643 
0.36675455857714795 
0.36675394649447079 
0.36675333441457497 
0.3667527223374607 
0.36675211026312793 
0.36675149819157637 
0.36675088612280604 
0.36675027405681715 
0.36674966199360931 
0.36674904993318286 
0.36674843787553751 
0.36674782582067339 
0.36674721376859026 
0.36674660171928841 
0.3667459896727675 
0.3667453776290277 
0.36674476558806884 
0.36674415354989098 
0.36674354151449401 
0.36674292948187803 
0.36674231745204283 
0.36674170542498852 
0.36674109340071492 
0.36674048137922211 
0.36673986936051006 
0.36673925734457868 
0.36673864533142797 
0.36673803332105792 
0.36673742131346843 
0.36673680930865959 
0.36673619730663126 
0.36673558530738343 
0.36673497331091615 
0.36673436131722925 
0.36673374932632274 
0.36673313733819668 
0.36673252535285078 
0.36673191337028538 
0.36673130139050009 
0.36673068941349524 
0.36673007743927044 
0.36672946546782592 
0.36672885349916146 
0.36672824153327727 
0.36672762957017307 
0.36672701760984905 
0.36672640565230485 
0.36672579369754083 
0.36672518174555668 
0.36672456979635254 
0.36672395784992817 
0.36672334590628364 
0.3667227339654191 
0.36672212202733423 
0.36672151009202902 
0.36672089815950359 
0.36672028622975811 
0.36671967430279206 
0.36671906237860558 
0.36671845045719886 
0.36671783853857176 
0.36671722662272416 
0.36671661470965589 
0.36671600279936722 
0.36671539089185812 
0.36671477898712818 
0.36671416708517779 
0.36671355518600651 
0.36671294328961473 
0.36671233139600212 
0.3667117195051689 
0.36671110761711473 
0.36671049573183989 
0.36670988384934405 
0.36670927196962749 
0.36670866009268982 
0.36670804821853142 
0.36670743634715186 
0.36670682447855146 
0.3667062126127299 
0.36670560074968722 
0.36670498888942343 
0.36670437703193848 
0.36670376517723241 
0.36670315332530512 
0.36670254147615655 
0.36670192962978676 
0.36670131778619564 
0.36670070594538323 
0.36670009410734938 
0.36669948227209415 
0.36669887043961752 
0.36669825860991945 
0.36669764678299982 
0.36669703495885869 
0.36669642313749584 
0.3666958113189116 
0.36669519950310547 
0.36669458769007796 
0.36669397587982855 
0.36669336407235753 
0.36669275226766468 
0.36669214046575016 
0.36669152866661364 
0.36669091687025546 
0.36669030507667522 
0.3666896932858732 
0.36668908149784912 
0.36668846971260316 
0.36668785793013509 
0.36668724615044479 
0.36668663437353255 
0.36668602259939836 
0.3666854108280419 
0.36668479905946311 
0.3666841872936622 
0.36668357553063924 
0.36668296377039389 
0.36668235201292604 
0.36668174025823602 
0.36668112850632373 
0.36668051675718899 
0.36667990501083159 
0.3666792932672519 
0.3666786815264495 
0.36667806978842482 
0.36667745805317731 
0.36667684632070741 
0.36667623459101478 
0.36667562286409955 
0.36667501113996154 
0.36667439941860092 
0.36667378770001741 
0.36667317598421123 
0.36667256427118206 
0.36667195256093016 
0.36667134085345532 
0.36667072914875765 
0.36667011744683686 
0.36666950574769314 
0.3666688940513263 
0.36666828235773652 
0.36666767066692357 
0.36666705897888763 
0.36666644729362841 
0.36666583561114607 
0.36666522393144046 
0.36666461225451169 
0.36666400058035958 
0.3666633889089842 
0.36666277724038543 
0.36666216557456327 
0.36666155391151761 
0.36666094225124862 
0.36666033059375608 
0.36665971893904015 
0.36665910728710049 
0.36665849563793745 
0.36665788399155064 
0.36665727234794038 
0.36665666070710623 
0.36665604906904858 
0.36665543743376705 
0.36665482580126185 
0.36665421417153277 
0.36665360254458002 
0.36665299092040321 
0.36665237929900257 
0.3666517676803781 
0.36665115606452947 
0.36665054445145678 
0.36664993284116021 
0.36664932123363975 
0.36664870962889501 
0.36664809802692599 
0.36664748642773304 
0.36664687483131603 
0.36664626323767457 
0.36664565164680879 
0.36664504005871884 
0.36664442847340473 
0.36664381689086617 
0.36664320531110306 
0.36664259373411562 
0.36664198215990368 
0.36664137058846735 
0.36664075901980636 
0.36664014745392104 
0.36663953589081094 
0.3666389243304764 
0.36663831277291709 
0.36663770121813322 
0.36663708966612452 
0.36663647811689126 
0.36663586657043301 
0.36663525502675015 
0.36663464348584235 
0.36663403194770949 
0.36663342041235186 
0.36663280887976946 
0.366632197349962 
0.36663158582292937 
0.36663097429867192 
0.36663036277718947 
0.36662975125848174 
0.36662913974254879 
0.3666285282293909 
0.36662791671900785 
0.36662730521139952 
0.36662669370656575 
0.36662608220450682 
0.36662547070522261 
0.36662485920871291 
0.36662424771497792 
0.36662363622401745 
0.36662302473583158 
0.36662241325042016 
0.36662180176778331 
0.36662119028792084 
0.36662057881083293 
0.36661996733651919 
0.36661935586498001 
0.366618744396215 
0.36661813293022444 
0.36661752146700793 
0.36661691000656577 
0.36661629854889788 
0.36661568709400399 
0.36661507564188411 
0.36661446419253846 
0.36661385274596703 
0.36661324130216943 
0.36661262986114573 
0.3666120184228962 
0.36661140698742067 
0.36661079555471893 
0.36661018412479096 
0.36660957269763694 
0.36660896127325682 
0.36660834985165042 
0.36660773843281758 
0.36660712701675857 
0.36660651560347313 
0.36660590419296146 
0.36660529278522325 
0.36660468138025876 
0.36660406997806766 
0.36660345857865029 
0.3666028471820062 
0.36660223578813567 
0.36660162439703847 
0.36660101300871484 
0.36660040162316432 
0.36659979024038736 
0.36659917886038346 
0.36659856748315273 
0.36659795610869539 
0.36659734473701133 
0.36659673336810028 
0.36659612200196223 
0.36659551063859741 
0.36659489927800587 
0.36659428792018711 
0.36659367656514125 
0.3665930652128685 
0.36659245386336881 
0.3665918425166419 
0.36659123117268771 
0.36659061983150648 
0.36659000849309803 
0.36658939715746225 
0.36658878582459936 
0.36658817449450903 
0.36658756316719149 
0.36658695184264645 
0.36658634052087419 
0.36658572920187438 
0.36658511788564718 
0.36658450657219244 
0.36658389526151025 
0.36658328395360035 
0.36658267264846306 
0.36658206134609794 
0.36658145004650544 
0.366580838749685 
0.3665802274556369 
0.36657961616436108 
0.36657900487585743 
0.36657839359012589 
0.36657778230716664 
0.36657717102697945 
0.36657655974956438 
0.36657594847492136 
0.3665753372030503 
0.36657472593395135 
0.3665741146676243 
0.36657350340406913 
0.36657289214328592 
0.36657228088527444 
0.3665716696300349 
0.36657105837756704 
0.36657044712787107 
0.36656983588094677 
0.3665692246367942 
0.36656861339541319 
0.36656800215680402 
0.36656739092096624 
0.36656677968790019 
0.36656616845760553 
0.36656555723008261 
0.3665649460053309 
0.36656433478335082 
0.36656372356414202 
0.36656311234770478 
0.36656250113403865 
0.36656188992314376 
0.36656127871502026 
0.3665606675096682 
0.36656005630708721 
0.36655944510727723 
0.36655883391023858 
0.3665582227159711 
0.36655761152447464 
0.36655700033574906 
0.36655638914979466 
0.36655577796661143 
0.36655516678619898 
0.36655455560855732 
0.36655394443368672 
0.36655333326158679 
0.36655272209225781 
0.36655211092569956 
0.36655149976191215 
0.36655088860089541 
0.3665502774426494 
0.36654966628717395 
0.36654905513446934 
0.36654844398453518 
0.36654783283737163 
0.3665472216929786 
0.36654661055135612 
0.36654599941250404 
0.36654538827642236 
0.36654477714311107 
0.36654416601257023 
0.36654355488479967 
0.36654294375979946 
0.36654233263756947 
0.36654172151810976 
0.36654111040142029 
0.36654049928750093 
0.3665398881763518 
0.36653927706797274 
0.36653866596236379 
0.36653805485952484 
0.36653744375945596 
0.36653683266215703 
0.36653622156762811 
0.36653561047586891 
0.36653499938687978 
0.36653438830066037 
0.36653377721721092 
0.36653316613653109 
0.36653255505862115 
0.36653194398348088 
0.36653133291111034 
0.36653072184150942 
0.36653011077467823 
0.36652949971061649 
0.36652888864932442 
0.36652827759080181 
0.3665276665350487 
0.36652705548206505 
0.36652644443185078 
0.36652583338440597 
0.36652522233973051 
0.36652461129782438 
0.36652400025868759 
0.36652338922232008 
0.36652277818872181 
0.36652216715789271 
0.36652155612983278 
0.36652094510454203 
0.36652033408202039 
0.36651972306226782 
0.36651911204528431 
0.36651850103106981 
0.3665178900196242 
0.36651727901094766 
0.36651666800503985 
0.3665160570019011 
0.36651544600153102 
0.36651483500393001 
0.3665142240090975 
0.366513613017034 
0.36651300202773901 
0.36651239104121291 
0.36651178005745533 
0.36651116907646647 
0.36651055809824612 
0.36650994712279433 
0.36650933615011105 
0.36650872518019623 
0.36650811421304991 
0.36650750324867204 
0.36650689228706257 
0.36650628132822144 
0.36650567037214871 
0.36650505941884426 
0.36650444846830799 
0.36650383752054005 
0.3665032265755403 
0.36650261563330871 
0.36650200469384525 
0.36650139375714991 
0.36650078282322268 
0.36650017189206335 
0.36649956096367214 
0.36649895003804878 
0.36649833911519358 
0.36649772819510607 
0.36649711727778655 
0.36649650636323483 
0.366495895451451 
0.36649528454243491 
0.3664946736361866 
0.36649406273270596 
0.36649345183199311 
0.36649284093404777 
0.36649223003887021 
0.36649161914646011 
0.36649100825681741 
0.36649039736994238 
0.36648978648583502 
0.36648917560449495 
0.36648856472592217 
0.36648795385011695 
0.36648734297707924 
0.36648673210680865 
0.3664861212393053 
0.36648551037456939 
0.36648489951260071 
0.36648428865339922 
0.36648367779696472 
0.36648306694329752 
0.36648245609239727 
0.36648184524426425 
0.36648123439889813 
0.36648062355629912 
0.36648001271646696 
0.36647940187940198 
0.36647879104510367 
0.36647818021357237 
0.36647756938480786 
0.36647695855881018 
0.36647634773557924 
0.3664757369151152 
0.36647512609741767 
0.36647451528248703 
0.36647390447032291 
0.3664732936609254 
0.36647268285429446 
0.36647207205043009 
