1.674145780865669 
0.48296154474638653 
0.48296154474638653 
0.48296154474638653 
0.48296154474638653 
0.27536813509931113 
0.27536813509931113 
0.27536813509931113 
0.27536813509931113 
0.27536813509931113 
0.27536813509931113 
0.27536813509931113 
0.24624947764694791 
0.24624947764694791 
0.24624947764694791 
0.24624947764694791 
0.24624947764694791 
0.24624947764694791 
0.24624947764694791 
0.24270716461654618 
0.24270716461654618 
0.24270716461654618 
0.24270716461654618 
0.24270716461654618 
0.24270716461654618 
0.1858351042936271 
0.14340226922612523 
0.14340226922612523 
0.14340226922612523 
0.033285144406429309 
0.033285144406429309 
0.033285144406429309 
0.011628094867892562 
0.0078645355255244041 
0.0078645355255244041 
0.0078645355255244041 
0.0078645355255244041 
0.00076199100036665099 
0.00076199100036665099 
0.00076199100036665099 
0.00076199100036665099 
0.00076199100036665099 
0.00076199100036665099 
0.00076199100036665099 
0.00076199100036665099 
0.00076199100036665099 
0.00076199100036665099 
0.00076199100036665099 
0.00076199100036665099 
0.00076199100036665099 
0.00076199100036665099 
0.00076199100036665099 
0.00076199100036665099 
0.00076199100036665099 
0.00076199100036665099 
0.00076199100036665099 
0.00076199100036665099 
0.00054566279104297671 
0.00054566279104297671 
0.00054566279104297671 
0.00054566279104297671 
0.00054566279104297671 
0.00054566279104297671 
0.00054566279104297671 
0.00054566279104297671 
0.00054566279104297671 
0.00054566279104297671 
0.00054566279104297671 
0.00054566279104297671 
0.00054566279104297671 
0.00054566279104297671 
0.00054566279104297671 
0.00054566279104297671 
0.00054566279104297671 
0.00054566279104297671 
0.00052715748406052766 
0.00052715748406052766 
0.00052715748406052766 
0.00052715748406052766 
0.00052715748406052766 
0.00052715748406052766 
0.00052715748406052766 
0.00052715748406052766 
0.00052715748406052766 
0.00052715748406052766 
0.00052715748406052766 
0.00052715748406052766 
0.00052715748406052766 
0.00052715748406052766 
0.00052715748406052766 
0.00052715748406052766 
0.00052715748406052766 
0.00052715748406052766 
0.00051530479885933357 
0.00051530479885933357 
0.00051530479885933357 
0.00051530479885933357 
0.00051530479885933357 
0.00051530479885933357 
0.00051530479885933357 
0.00051472458716984404 
0.00050169237544910061 
0.00050169237544910061 
0.00050169237544910061 
0.00050169237544910061 
0.00050169237544910061 
0.00050169237544910061 
0.00050169237544910061 
0.00050169237544910061 
0.00050169237544910061 
0.00050169237544910061 
0.00050169237544910061 
0.00050169237544910061 
0.00050169237544910061 
0.00050169237544910061 
0.00050169237544910061 
0.00050169237544910061 
0.00050169237544910061 
0.00050169237544910061 
0.00050169237544910061 
0.00050169237544910061 
0.00050169237544910061 
0.00050169237544910061 
0.00050169237544910061 
0.00050169237544910061 
0.00050169237544910061 
0.00050169237544910061 
0.00050169237544910061 
0.00050169237544910061 
0.00049867285858529707 
0.00049864673510418959 
0.00049779154845971734 
0.00049779154845971734 
0.00049779154845971734 
0.00049779154845971734 
0.00049779154845971734 
0.00049364020258989511 
0.00047910861306478341 
0.00045484829685438514 
0.00043590255747867152 
0.00037911781385137008 
0.0003607140395559805 
0.00033592220363816644 
0.00030824909452188508 
0.00028432750197606653 
0.00025299184938247255 
0.0002324466919764629 
0.00021667713552398117 
0.00020106265898279599 
0.00016051429901749653 
0.00012630282782658198 
0.00010720276229671404 
8.8087860563393331e-05 
6.68910724552324e-05 
4.1069910431356203e-05 
3.9317152310126876e-05 
2.4975955070429624e-05 
1.0362251948120282e-05 
3.3128383033747363e-06 
1.5820424423495502e-07 
1.5820424423495502e-07 
1.5820424423495502e-07 
1.5820424423495502e-07 
1.5820424423495502e-07 
1.325804582165615e-07 
1.325804582165615e-07 
1.325804582165615e-07 
1.325804582165615e-07 
8.5352986914847952e-09 
8.5352986914847952e-09 
8.5352986914847952e-09 
8.5352986914847952e-09 
8.5352986914847952e-09 
8.5352986914847952e-09 
8.5352986914847952e-09 
7.7906176322944709e-10 
7.7906176322944709e-10 
7.7906176322944709e-10 
7.7906176322944709e-10 
7.7906176322944709e-10 
7.7906176322944709e-10 
7.7906176322944709e-10 
2.8712739538738434e-10 
2.8712739538738434e-10 
2.8712739538738434e-10 
2.8712739538738434e-10 
2.8712739538738434e-10 
2.8712739538738434e-10 
2.8712739538738434e-10 
2.8712739538738434e-10 
2.8712739538738434e-10 
2.8712739538738434e-10 
2.8712739538738434e-10 
2.8712739538738434e-10 
2.8712739538738434e-10 
2.8712739538738434e-10 
2.8712739538738434e-10 
2.8712739538738434e-10 
2.8712739538738434e-10 
2.8712739538738434e-10 
2.8712739538738434e-10 
2.8712739538738434e-10 
2.8712739538738434e-10 
2.8712739538738434e-10 
2.8712739538738434e-10 
2.8712739538738434e-10 
2.8712739538738434e-10 
2.8712739538738434e-10 
2.8712739538738434e-10 
2.8712739538738434e-10 
2.8712739538738434e-10 
2.8712739538738434e-10 
2.8712739538738434e-10 
2.8712739538738434e-10 
2.8712739538738434e-10 
2.8712739538738434e-10 
2.8712739538738434e-10 
2.8712739538738434e-10 
2.8712739538738434e-10 
2.8712739538738434e-10 
2.8712739538738434e-10 
2.8712739538738434e-10 
2.8712739538738434e-10 
2.8712739538738434e-10 
2.8712739538738434e-10 
2.8712739538738434e-10 
2.8712739538738434e-10 
2.8712739538738434e-10 
2.8712739538738434e-10 
2.8712739538738434e-10 
2.8712739538738434e-10 
2.8712739538738434e-10 
2.3938747563133191e-10 
2.3938747563133191e-10 
1.3962090538965788e-10 
1.2239854037060387e-10 
1.2239854037060387e-10 
1.2239854037060387e-10 
1.0257787168373442e-10 
1.0257787168373442e-10 
1.0257787168373442e-10 
5.9498979393051644e-11 
3.7570491203458305e-11 
3.7570491203458305e-11 
3.7570491203458305e-11 
3.0545227843380213e-11 
3.0545227843380213e-11 
3.0545227843380213e-11 
7.3135957880372266e-12 
7.3135957880372266e-12 
7.3135957880372266e-12 
7.3135957880372266e-12 
5.4633714248721412e-13 
5.4633714248721412e-13 
5.4633714248721412e-13 
5.4633714248721412e-13 
5.4633714248721412e-13 
5.4633714248721412e-13 
5.4633714248721412e-13 
5.4633714248721412e-13 
5.4633714248721412e-13 
5.4633714248721412e-13 
5.4633714248721412e-13 
5.4633714248721412e-13 
5.4633714248721412e-13 
5.4633714248721412e-13 
5.4633714248721412e-13 
5.4633714248721412e-13 
5.4633714248721412e-13 
5.4633714248721412e-13 
5.4633714248721412e-13 
5.4633714248721412e-13 
5.4633714248721412e-13 
5.4633714248721412e-13 
5.4633714248721412e-13 
5.4633714248721412e-13 
5.4633714248721412e-13 
5.4633714248721412e-13 
5.4633714248721412e-13 
5.4633714248721412e-13 
5.4633714248721412e-13 
5.4633714248721412e-13 
5.4633714248721412e-13 
5.4633714248721412e-13 
5.4633714248721412e-13 
5.4633714248721412e-13 
5.4633714248721412e-13 
5.4633714248721412e-13 
5.4633714248721412e-13 
5.4633714248721412e-13 
5.4633714248721412e-13 
5.4633714248721412e-13 
5.4633714248721412e-13 
5.4633714248721412e-13 
5.4633714248721412e-13 
5.4633714248721412e-13 
5.4633714248721412e-13 
5.4633714248721412e-13 
5.4633714248721412e-13 
5.4633714248721412e-13 
5.4633714248721412e-13 
5.4633714248721412e-13 
5.4633714248721412e-13 
5.4633714248721412e-13 
5.4633714248721412e-13 
5.4633714248721412e-13 
5.4633714248721412e-13 
5.4633714248721412e-13 
5.4633714248721412e-13 
5.4633714248721412e-13 
5.4633714248721412e-13 
5.4633714248721412e-13 
5.4633714248721412e-13 
5.4633714248721412e-13 
5.4633714248721412e-13 
5.4633714248721412e-13 
5.4633714248721412e-13 
5.4633714248721412e-13 
5.4633714248721412e-13 
5.4633714248721412e-13 
5.4633714248721412e-13 
5.4633714248721412e-13 
5.4633714248721412e-13 
5.4633714248721412e-13 
5.4633714248721412e-13 
5.4633714248721412e-13 
5.4633714248721412e-13 
5.4633714248721412e-13 
5.4633714248721412e-13 
5.4633714248721412e-13 
5.4633714248721412e-13 
5.4633714248721412e-13 
5.4633714248721412e-13 
5.4633714248721412e-13 
5.4633714248721412e-13 
5.4633714248721412e-13 
5.4633714248721412e-13 
5.4633714248721412e-13 
5.4633714248721412e-13 
5.4633714248721412e-13 
5.4633714248721412e-13 
5.4633714248721412e-13 
5.4633714248721412e-13 
5.4633714248721412e-13 
5.4633714248721412e-13 
5.4633714248721412e-13 
5.4633714248721412e-13 
5.4633714248721412e-13 
5.4633714248721412e-13 
5.4633714248721412e-13 
5.4633714248721412e-13 
5.4633714248721412e-13 
5.4633714248721412e-13 
5.4633714248721412e-13 
5.4633714248721412e-13 
5.4633714248721412e-13 
5.4633714248721412e-13 
5.4633714248721412e-13 
5.4633714248721412e-13 
5.4633714248721412e-13 
5.4633714248721412e-13 
5.4633714248721412e-13 
5.4633714248721412e-13 
5.4633714248721412e-13 
5.4633714248721412e-13 
5.4633714248721412e-13 
5.4633714248721412e-13 
5.4633714248721412e-13 
5.4633714248721412e-13 
5.4633714248721412e-13 
5.4633714248721412e-13 
5.4633714248721412e-13 
5.4633714248721412e-13 
5.4633714248721412e-13 
5.4633714248721412e-13 
5.4633714248721412e-13 
5.4633714248721412e-13 
5.4633714248721412e-13 
5.4633714248721412e-13 
5.4633714248721412e-13 
5.4633714248721412e-13 
5.4633714248721412e-13 
5.4633714248721412e-13 
5.4633714248721412e-13 
5.4633714248721412e-13 
5.4633714248721412e-13 
5.4633714248721412e-13 
5.4633714248721412e-13 
5.4633714248721412e-13 
5.4633714248721412e-13 
5.4633714248721412e-13 
5.4633714248721412e-13 
5.4633714248721412e-13 
5.4633714248721412e-13 
5.4633714248721412e-13 
5.4633714248721412e-13 
5.4633714248721412e-13 
5.4633714248721412e-13 
5.4633714248721412e-13 
5.4633714248721412e-13 
5.4633714248721412e-13 
5.4633714248721412e-13 
5.4633714248721412e-13 
5.4633714248721412e-13 
5.4633714248721412e-13 
5.4633714248721412e-13 
5.4633714248721412e-13 
5.4633714248721412e-13 
5.4633714248721412e-13 
5.4633714248721412e-13 
5.4633714248721412e-13 
5.4633714248721412e-13 
5.4633714248721412e-13 
5.4633714248721412e-13 
5.4633714248721412e-13 
5.4633714248721412e-13 
5.4633714248721412e-13 
5.4633714248721412e-13 
5.4633714248721412e-13 
5.4633714248721412e-13 
5.4633714248721412e-13 
5.4633714248721412e-13 
5.4633714248721412e-13 
5.4633714248721412e-13 
5.4633714248721412e-13 
5.4633714248721412e-13 
5.4633714248721412e-13 
5.4633714248721412e-13 
5.4633714248721412e-13 
5.4633714248721412e-13 
5.4633714248721412e-13 
5.4633714248721412e-13 
5.4633714248721412e-13 
5.4633714248721412e-13 
5.4633714248721412e-13 
5.4633714248721412e-13 
5.4633714248721412e-13 
5.4633714248721412e-13 
5.4633714248721412e-13 
5.4633714248721412e-13 
5.4633714248721412e-13 
5.4633714248721412e-13 
5.4633714248721412e-13 
5.4633714248721412e-13 
5.4633714248721412e-13 
5.4633714248721412e-13 
5.4633714248721412e-13 
5.4633714248721412e-13 
5.4633714248721412e-13 
5.4633714248721412e-13 
5.4633714248721412e-13 
5.4633714248721412e-13 
5.4633714248721412e-13 
5.4633714248721412e-13 
5.4633714248721412e-13 
5.4633714248721412e-13 
5.4633714248721412e-13 
5.4633714248721412e-13 
5.4633714248721412e-13 
5.4633714248721412e-13 
5.4633714248721412e-13 
5.4633714248721412e-13 
5.4633714248721412e-13 
5.4633714248721412e-13 
5.4633714248721412e-13 
5.4633714248721412e-13 
5.4633714248721412e-13 
5.4633714248721412e-13 
5.4633714248721412e-13 
5.4633714248721412e-13 
5.4633714248721412e-13 
5.4633714248721412e-13 
5.4633714248721412e-13 
5.4633714248721412e-13 
5.4633714248721412e-13 
5.4633714248721412e-13 
5.4633714248721412e-13 
5.4633714248721412e-13 
5.4633714248721412e-13 
5.4633714248721412e-13 
5.4633714248721412e-13 
5.4633714248721412e-13 
5.4633714248721412e-13 
5.4633714248721412e-13 
5.4633714248721412e-13 
5.4633714248721412e-13 
5.4633714248721412e-13 
5.4633714248721412e-13 
5.4633714248721412e-13 
5.4633714248721412e-13 
5.4633714248721412e-13 
5.4633714248721412e-13 
5.4633714248721412e-13 
5.4633714248721412e-13 
5.4633714248721412e-13 
5.4633714248721412e-13 
5.4633714248721412e-13 
5.4633714248721412e-13 
5.4633714248721412e-13 
5.4633714248721412e-13 
5.4633714248721412e-13 
5.4633714248721412e-13 
5.4633714248721412e-13 
5.4633714248721412e-13 
5.4633714248721412e-13 
5.4633714248721412e-13 
5.4633714248721412e-13 
5.4633714248721412e-13 
5.4633714248721412e-13 
5.4633714248721412e-13 
5.4633714248721412e-13 
5.4633714248721412e-13 
5.4633714248721412e-13 
5.4633714248721412e-13 
5.4633714248721412e-13 
5.4633714248721412e-13 
5.4633714248721412e-13 
5.4633714248721412e-13 
5.4633714248721412e-13 
5.4633714248721412e-13 
5.4633714248721412e-13 
5.4633714248721412e-13 
5.4633714248721412e-13 
5.4633714248721412e-13 
5.4633714248721412e-13 
5.4633714248721412e-13 
5.4633714248721412e-13 
5.4633714248721412e-13 
5.4633714248721412e-13 
5.4633714248721412e-13 
5.4633714248721412e-13 
5.4633714248721412e-13 
5.4633714248721412e-13 
5.4633714248721412e-13 
5.4633714248721412e-13 
5.4633714248721412e-13 
5.4633714248721412e-13 
5.4633714248721412e-13 
5.4633714248721412e-13 
5.4633714248721412e-13 
5.4633714248721412e-13 
5.4633714248721412e-13 
5.4633714248721412e-13 
5.4633714248721412e-13 
5.4633714248721412e-13 
5.4633714248721412e-13 
5.4633714248721412e-13 
5.4633714248721412e-13 
5.4633714248721412e-13 
5.4633714248721412e-13 
5.4633714248721412e-13 
5.4633714248721412e-13 
5.4633714248721412e-13 
5.4633714248721412e-13 
5.4633714248721412e-13 
5.4633714248721412e-13 
5.4633714248721412e-13 
5.4633714248721412e-13 
5.4633714248721412e-13 
5.4633714248721412e-13 
5.4633714248721412e-13 
5.4633714248721412e-13 
5.4633714248721412e-13 
5.4633714248721412e-13 
5.4633714248721412e-13 
5.4633714248721412e-13 
5.4633714248721412e-13 
5.4633714248721412e-13 
5.4633714248721412e-13 
5.4633714248721412e-13 
5.4633714248721412e-13 
5.4633714248721412e-13 
5.4633714248721412e-13 
5.4633714248721412e-13 
5.4633714248721412e-13 
5.4633714248721412e-13 
5.4633714248721412e-13 
5.4633714248721412e-13 
5.4633714248721412e-13 
5.4633714248721412e-13 
5.4633714248721412e-13 
5.4633714248721412e-13 
5.4633714248721412e-13 
5.4633714248721412e-13 
5.4633714248721412e-13 
5.4633714248721412e-13 
5.4633714248721412e-13 
5.4633714248721412e-13 
5.4633714248721412e-13 
5.4633714248721412e-13 
5.4633714248721412e-13 
5.4633714248721412e-13 
5.4633714248721412e-13 
5.4633714248721412e-13 
5.4633714248721412e-13 
5.4633714248721412e-13 
5.4633714248721412e-13 
5.4633714248721412e-13 
5.4633714248721412e-13 
5.4633714248721412e-13 
5.4633714248721412e-13 
5.4633714248721412e-13 
5.4633714248721412e-13 
5.4633714248721412e-13 
5.4633714248721412e-13 
5.4633714248721412e-13 
5.4633714248721412e-13 
5.4633714248721412e-13 
5.4633714248721412e-13 
5.4633714248721412e-13 
5.4633714248721412e-13 
5.4633714248721412e-13 
5.4633714248721412e-13 
5.4633714248721412e-13 
5.4633714248721412e-13 
5.4633714248721412e-13 
5.4633714248721412e-13 
5.4633714248721412e-13 
5.4633714248721412e-13 
5.4633714248721412e-13 
5.4633714248721412e-13 
5.4633714248721412e-13 
5.4633714248721412e-13 
5.4633714248721412e-13 
5.4633714248721412e-13 
5.4633714248721412e-13 
5.4633714248721412e-13 
5.4633714248721412e-13 
5.4633714248721412e-13 
5.4633714248721412e-13 
5.4633714248721412e-13 
5.4633714248721412e-13 
5.4633714248721412e-13 
5.4633714248721412e-13 
5.4633714248721412e-13 
5.4633714248721412e-13 
5.4633714248721412e-13 
5.4633714248721412e-13 
5.4633714248721412e-13 
5.4633714248721412e-13 
5.4633714248721412e-13 
5.4633714248721412e-13 
5.4633714248721412e-13 
5.4633714248721412e-13 
5.4633714248721412e-13 
5.4633714248721412e-13 
5.4633714248721412e-13 
5.4633714248721412e-13 
5.4633714248721412e-13 
5.4633714248721412e-13 
5.4633714248721412e-13 
5.4633714248721412e-13 
5.4633714248721412e-13 
5.4633714248721412e-13 
5.4633714248721412e-13 
5.4633714248721412e-13 
5.4633714248721412e-13 
5.4633714248721412e-13 
5.4633714248721412e-13 
5.4633714248721412e-13 
5.4633714248721412e-13 
5.4633714248721412e-13 
5.4633714248721412e-13 
5.4633714248721412e-13 
5.4633714248721412e-13 
5.4633714248721412e-13 
5.4633714248721412e-13 
5.4633714248721412e-13 
5.4633714248721412e-13 
5.4633714248721412e-13 
5.4633714248721412e-13 
5.4633714248721412e-13 
5.4633714248721412e-13 
5.4633714248721412e-13 
5.4633714248721412e-13 
5.4633714248721412e-13 
5.4633714248721412e-13 
5.4633714248721412e-13 
5.4633714248721412e-13 
5.4633714248721412e-13 
5.4633714248721412e-13 
5.4633714248721412e-13 
5.4633714248721412e-13 
5.4633714248721412e-13 
5.4633714248721412e-13 
5.4633714248721412e-13 
5.4633714248721412e-13 
5.4633714248721412e-13 
5.4633714248721412e-13 
5.4633714248721412e-13 
5.4633714248721412e-13 
5.4633714248721412e-13 
5.4633714248721412e-13 
5.4633714248721412e-13 
5.4633714248721412e-13 
5.4633714248721412e-13 
5.4633714248721412e-13 
5.4633714248721412e-13 
5.4633714248721412e-13 
5.4633714248721412e-13 
5.4633714248721412e-13 
5.4633714248721412e-13 
5.4633714248721412e-13 
5.4633714248721412e-13 
5.4633714248721412e-13 
5.4633714248721412e-13 
5.4633714248721412e-13 
5.4633714248721412e-13 
5.4633714248721412e-13 
5.4633714248721412e-13 
5.4633714248721412e-13 
5.4633714248721412e-13 
5.4633714248721412e-13 
5.4633714248721412e-13 
5.4633714248721412e-13 
5.4633714248721412e-13 
5.4633714248721412e-13 
5.4633714248721412e-13 
5.4633714248721412e-13 
5.4633714248721412e-13 
5.4633714248721412e-13 
5.4633714248721412e-13 
5.4633714248721412e-13 
5.4633714248721412e-13 
5.4633714248721412e-13 
5.4633714248721412e-13 
5.4633714248721412e-13 
5.4633714248721412e-13 
5.4633714248721412e-13 
5.4633714248721412e-13 
5.4633714248721412e-13 
5.4633714248721412e-13 
5.4633714248721412e-13 
5.4633714248721412e-13 
5.4633714248721412e-13 
5.4633714248721412e-13 
5.4633714248721412e-13 
5.4633714248721412e-13 
5.4633714248721412e-13 
5.4633714248721412e-13 
5.4633714248721412e-13 
5.4633714248721412e-13 
5.4633714248721412e-13 
5.4633714248721412e-13 
5.4633714248721412e-13 
5.4633714248721412e-13 
5.4633714248721412e-13 
5.4633714248721412e-13 
5.4633714248721412e-13 
5.4633714248721412e-13 
5.4633714248721412e-13 
5.4633714248721412e-13 
5.4633714248721412e-13 
5.4633714248721412e-13 
5.4633714248721412e-13 
5.4633714248721412e-13 
5.4633714248721412e-13 
5.4633714248721412e-13 
5.4633714248721412e-13 
5.4633714248721412e-13 
5.4633714248721412e-13 
5.4633714248721412e-13 
5.4633714248721412e-13 
5.4633714248721412e-13 
5.4633714248721412e-13 
5.4633714248721412e-13 
5.4633714248721412e-13 
5.4633714248721412e-13 
5.4633714248721412e-13 
5.4633714248721412e-13 
5.4633714248721412e-13 
5.4633714248721412e-13 
5.4633714248721412e-13 
5.4633714248721412e-13 
5.4633714248721412e-13 
5.4633714248721412e-13 
5.4633714248721412e-13 
5.4633714248721412e-13 
5.4633714248721412e-13 
5.4633714248721412e-13 
5.4633714248721412e-13 
5.4633714248721412e-13 
5.4633714248721412e-13 
5.4633714248721412e-13 
5.4633714248721412e-13 
5.4633714248721412e-13 
5.4633714248721412e-13 
5.4633714248721412e-13 
5.4633714248721412e-13 
5.4633714248721412e-13 
5.4633714248721412e-13 
5.4633714248721412e-13 
5.4633714248721412e-13 
5.4633714248721412e-13 
5.4633714248721412e-13 
5.4633714248721412e-13 
5.4633714248721412e-13 
5.4633714248721412e-13 
5.4633714248721412e-13 
5.4633714248721412e-13 
5.4633714248721412e-13 
5.4633714248721412e-13 
5.4633714248721412e-13 
5.4633714248721412e-13 
5.4633714248721412e-13 
5.4633714248721412e-13 
5.4633714248721412e-13 
5.4633714248721412e-13 
5.4633714248721412e-13 
5.4633714248721412e-13 
5.4633714248721412e-13 
5.4633714248721412e-13 
5.4633714248721412e-13 
5.4633714248721412e-13 
5.4633714248721412e-13 
5.4633714248721412e-13 
5.4633714248721412e-13 
5.4633714248721412e-13 
5.4633714248721412e-13 
5.4633714248721412e-13 
5.4633714248721412e-13 
5.4633714248721412e-13 
5.4633714248721412e-13 
5.4633714248721412e-13 
5.4633714248721412e-13 
5.4633714248721412e-13 
5.4633714248721412e-13 
5.4633714248721412e-13 
5.4633714248721412e-13 
5.4633714248721412e-13 
5.4633714248721412e-13 
5.4633714248721412e-13 
5.4633714248721412e-13 
5.4633714248721412e-13 
5.4633714248721412e-13 
5.4633714248721412e-13 
5.4633714248721412e-13 
5.4633714248721412e-13 
5.4633714248721412e-13 
5.4633714248721412e-13 
5.4633714248721412e-13 
5.4633714248721412e-13 
5.4633714248721412e-13 
5.4633714248721412e-13 
5.4633714248721412e-13 
5.4633714248721412e-13 
5.4633714248721412e-13 
5.4633714248721412e-13 
5.4633714248721412e-13 
5.4633714248721412e-13 
5.4633714248721412e-13 
5.4633714248721412e-13 
5.4633714248721412e-13 
5.4633714248721412e-13 
5.4633714248721412e-13 
5.4633714248721412e-13 
5.4633714248721412e-13 
5.4633714248721412e-13 
5.4633714248721412e-13 
5.4633714248721412e-13 
5.4633714248721412e-13 
5.4633714248721412e-13 
5.4633714248721412e-13 
5.4633714248721412e-13 
5.4633714248721412e-13 
5.4633714248721412e-13 
5.4633714248721412e-13 
5.4633714248721412e-13 
5.4633714248721412e-13 
5.4633714248721412e-13 
5.4633714248721412e-13 
5.4633714248721412e-13 
5.4633714248721412e-13 
5.4633714248721412e-13 
5.4633714248721412e-13 
5.4633714248721412e-13 
5.4633714248721412e-13 
5.4633714248721412e-13 
5.4633714248721412e-13 
5.4633714248721412e-13 
5.4633714248721412e-13 
5.4633714248721412e-13 
5.4633714248721412e-13 
5.4633714248721412e-13 
5.4633714248721412e-13 
5.4633714248721412e-13 
5.4633714248721412e-13 
5.4633714248721412e-13 
5.4633714248721412e-13 
5.4633714248721412e-13 
5.4633714248721412e-13 
5.4633714248721412e-13 
5.4633714248721412e-13 
5.4633714248721412e-13 
5.4633714248721412e-13 
5.4633714248721412e-13 
5.4633714248721412e-13 
5.4633714248721412e-13 
5.4633714248721412e-13 
5.4633714248721412e-13 
5.4633714248721412e-13 
5.4633714248721412e-13 
5.4633714248721412e-13 
5.4633714248721412e-13 
5.4633714248721412e-13 
5.4633714248721412e-13 
5.4633714248721412e-13 
5.4633714248721412e-13 
5.4633714248721412e-13 
5.4633714248721412e-13 
5.4633714248721412e-13 
5.4633714248721412e-13 
5.4633714248721412e-13 
5.4633714248721412e-13 
5.4633714248721412e-13 
5.4633714248721412e-13 
5.4633714248721412e-13 
5.4633714248721412e-13 
5.4633714248721412e-13 
5.4633714248721412e-13 
5.4633714248721412e-13 
5.4633714248721412e-13 
5.4633714248721412e-13 
5.4633714248721412e-13 
5.4633714248721412e-13 
5.4633714248721412e-13 
5.4633714248721412e-13 
5.4633714248721412e-13 
5.4633714248721412e-13 
5.4633714248721412e-13 
5.4633714248721412e-13 
5.4633714248721412e-13 
5.4633714248721412e-13 
5.4633714248721412e-13 
5.4633714248721412e-13 
5.4633714248721412e-13 
5.4633714248721412e-13 
5.4633714248721412e-13 
5.4633714248721412e-13 
5.4633714248721412e-13 
5.4633714248721412e-13 
5.4633714248721412e-13 
5.4633714248721412e-13 
5.4633714248721412e-13 
5.4633714248721412e-13 
5.4633714248721412e-13 
5.4633714248721412e-13 
5.4633714248721412e-13 
5.4633714248721412e-13 
5.4633714248721412e-13 
5.4633714248721412e-13 
5.4633714248721412e-13 
5.4633714248721412e-13 
5.4633714248721412e-13 
5.4633714248721412e-13 
5.4633714248721412e-13 
5.4633714248721412e-13 
5.4633714248721412e-13 
5.4633714248721412e-13 
5.4633714248721412e-13 
5.4633714248721412e-13 
5.4633714248721412e-13 
5.4633714248721412e-13 
5.4633714248721412e-13 
5.4633714248721412e-13 
5.4633714248721412e-13 
5.4633714248721412e-13 
5.4633714248721412e-13 
5.4633714248721412e-13 
5.4633714248721412e-13 
5.4633714248721412e-13 
5.4633714248721412e-13 
5.4633714248721412e-13 
5.4633714248721412e-13 
5.4633714248721412e-13 
5.4633714248721412e-13 
5.4633714248721412e-13 
5.4633714248721412e-13 
5.4633714248721412e-13 
5.4633714248721412e-13 
5.4633714248721412e-13 
5.4633714248721412e-13 
5.4633714248721412e-13 
5.4633714248721412e-13 
5.4633714248721412e-13 
5.4633714248721412e-13 
5.4633714248721412e-13 
5.4633714248721412e-13 
5.4633714248721412e-13 
5.4633714248721412e-13 
5.4633714248721412e-13 
5.4633714248721412e-13 
5.4633714248721412e-13 
5.4633714248721412e-13 
5.4633714248721412e-13 
5.4633714248721412e-13 
5.4633714248721412e-13 
5.4633714248721412e-13 
5.4633714248721412e-13 
5.4633714248721412e-13 
