0.098215142624666463 
0.098214792769479309 
0.097695080635169018 
0.097673622873754418 
0.097361686034483849 
0.097246562643953038 
0.097246562643953038 
0.097246562643953038 
0.097246562643953038 
0.097246562643953038 
0.097246562643953038 
0.097246562643953038 
0.097246562643953038 
0.097246562643953038 
0.097246562643953038 
0.097246562643953038 
0.097246562643953038 
0.097246562643953038 
0.097246562643953038 
0.097246562643953038 
0.097246562643953038 
0.097246562643953038 
0.097246562643953038 
0.097246562643953038 
0.079219619038665937 
0.079219619038665937 
0.079219619038665937 
0.074746867812298487 
0.074746867812298487 
0.072406403625474694 
0.065099947136378483 
0.059514377345574465 
0.055400206131988941 
0.052538453694448761 
0.050737267525790691 
0.049828888710179521 
0.049666932349073427 
0.049666932349073427 
0.049666932349073427 
0.049666932349073427 
0.049650725861801158 
0.049650725861801158 
0.049650725861801158 
0.049650725861801158 
0.049650725861801158 
0.049650725861801158 
0.049650725861801158 
0.049644028272000644 
0.049644028272000644 
0.049644028272000644 
0.049644028272000644 
0.049644028272000644 
0.049644028272000644 
0.049644028272000644 
0.049644028272000644 
0.049644028272000644 
0.049644028272000644 
0.049644028272000644 
0.049644028272000644 
0.049644028272000644 
0.049644028272000644 
0.049644028272000644 
0.049644028272000644 
0.049644028272000644 
0.049644028272000644 
0.049644028272000644 
0.049644028272000644 
0.049644028272000644 
0.049644028272000644 
0.049644028272000644 
0.049644028272000644 
0.049644028272000644 
0.049643632053287659 
0.049643632053287659 
0.04814376026944072 
0.047806313766660086 
0.046894330715149757 
0.046793007126377718 
0.046793007126377718 
0.046793007126377718 
0.046793007126377718 
0.046745366592648337 
0.046745366592648337 
0.046745366592648337 
0.046745366592648337 
0.046745366592648337 
0.046745366592648337 
0.046745366592648337 
0.046745366592648337 
0.046612691874526907 
0.046612691874526907 
0.046585333888892425 
0.046556046645700788 
0.045638675955889156 
0.045386455321272133 
0.045386455321272133 
0.044974602653952901 
0.044348672818355958 
0.044348672818355958 
0.043528138495751913 
0.04303235054366359 
0.042911574100321544 
0.042911574100321544 
0.042763815840600308 
0.042439841070358413 
0.042333950811092903 
0.041529610257093993 
0.04088272042569388 
0.040331707655986378 
0.039210249998538921 
0.037046223614677652 
0.035341330632610711 
0.033993613095407882 
0.032924523352308471 
0.031413126944155857 
0.028588979589942956 
0.026218472841592552 
0.024244152363608037 
0.022297797714608231 
0.020240717334090025 
0.018540757161535106 
0.01711767978469134 
0.015912346084906659 
0.012680944206778445 
0.011288576759937876 
0.010657685295922849 
0.0094486113398310825 
0.008386262979057273 
0.0051563997959240384 
0.0037258471446567931 
0.0033561426991446349 
0.0022924159216330059 
0.0015066173484983142 
0.0011234414401224209 
0.0011234414401224209 
0.0011234414401224209 
0.0010038791406626203 
0.00056405042680108381 
0.00013293341906434825 
0.00013293341906434825 
0.0001153488872486884 
4.8591297091512784e-05 
5.852260057063813e-06 
5.852260057063813e-06 
5.852260057063813e-06 
5.852260057063813e-06 
4.7644657967141833e-06 
4.7644657967141833e-06 
4.7644657967141833e-06 
5.821392497451039e-08 
5.821392497451039e-08 
5.821392497451039e-08 
5.821392497451039e-08 
5.821392497451039e-08 
5.821392497451039e-08 
5.821392497451039e-08 
5.821392497451039e-08 
5.821392497451039e-08 
5.821392497451039e-08 
5.821392497451039e-08 
5.821392497451039e-08 
5.821392497451039e-08 
5.821392497451039e-08 
5.821392497451039e-08 
5.821392497451039e-08 
5.821392497451039e-08 
5.821392497451039e-08 
5.821392497451039e-08 
5.821392497451039e-08 
5.821392497451039e-08 
5.821392497451039e-08 
5.821392497451039e-08 
5.821392497451039e-08 
5.821392497451039e-08 
5.821392497451039e-08 
5.821392497451039e-08 
5.821392497451039e-08 
5.821392497451039e-08 
5.821392497451039e-08 
5.821392497451039e-08 
5.821392497451039e-08 
5.821392497451039e-08 
5.821392497451039e-08 
5.821392497451039e-08 
5.821392497451039e-08 
5.821392497451039e-08 
5.821392497451039e-08 
5.821392497451039e-08 
5.6290546346890166e-08 
5.6290546346890166e-08 
5.6290546346890166e-08 
5.6290546346890166e-08 
5.6290546346890166e-08 
3.4762197378186378e-08 
3.4762197378186378e-08 
2.7057670794188289e-08 
2.7057670794188289e-08 
2.7057670794188289e-08 
2.7057670794188289e-08 
2.7057670794188289e-08 
6.673160057303368e-09 
6.673160057303368e-09 
6.673160057303368e-09 
6.673160057303368e-09 
6.673160057303368e-09 
6.673160057303368e-09 
6.673160057303368e-09 
5.7440816335248771e-09 
5.6255387592049771e-09 
5.6255387592049771e-09 
5.6255387592049771e-09 
5.6255387592049771e-09 
5.6255387592049771e-09 
5.6255387592049771e-09 
4.943142633554201e-09 
1.4350466927133165e-09 
1.4350466927133165e-09 
1.4350466927133165e-09 
1.4350466927133165e-09 
1.4350466927133165e-09 
1.4350466927133165e-09 
1.4350466927133165e-09 
1.0974679971383097e-09 
1.0974679971383097e-09 
1.0974679971383097e-09 
1.0974679971383097e-09 
1.0974679971383097e-09 
1.0974679971383097e-09 
1.0974679971383097e-09 
7.2939812272573236e-10 
7.2939812272573236e-10 
7.2939812272573236e-10 
7.2939812272573236e-10 
7.2939812272573236e-10 
7.2939812272573236e-10 
7.2939812272573236e-10 
6.3829837203696993e-10 
6.3829837203696993e-10 
6.3829837203696993e-10 
3.2041167235985491e-10 
3.2041167235985491e-10 
3.2041167235985491e-10 
1.6381070040827357e-10 
4.3240365172809951e-12 
4.3240365172809951e-12 
4.3240365172809951e-12 
4.3240365172809951e-12 
4.3240365172809951e-12 
4.3240365172809951e-12 
4.3240365172809951e-12 
4.3240365172809951e-12 
4.3240365172809951e-12 
4.3240365172809951e-12 
4.3240365172809951e-12 
4.3240365172809951e-12 
4.3240365172809951e-12 
4.3240365172809951e-12 
4.3240365172809951e-12 
4.3240365172809951e-12 
2.8238980328691915e-12 
2.8238980328691915e-12 
2.8238980328691915e-12 
2.8238980328691915e-12 
2.8238980328691915e-12 
2.8238980328691915e-12 
2.8238980328691915e-12 
2.8238980328691915e-12 
2.8238980328691915e-12 
2.8238980328691915e-12 
2.8238980328691915e-12 
2.8238980328691915e-12 
2.8238980328691915e-12 
2.8238980328691915e-12 
2.8238980328691915e-12 
2.0514139702001325e-12 
1.7004570490769718e-12 
1.7004570490769718e-12 
4.6200891345447065e-13 
4.6200891345447065e-13 
4.6200891345447065e-13 
4.6200891345447065e-13 
4.6200891345447065e-13 
4.6200891345447065e-13 
4.6200891345447065e-13 
4.6200891345447065e-13 
4.6200891345447065e-13 
4.6200891345447065e-13 
4.6200891345447065e-13 
4.6200891345447065e-13 
4.6200891345447065e-13 
4.6200891345447065e-13 
4.6200891345447065e-13 
4.6200891345447065e-13 
4.6200891345447065e-13 
4.6200891345447065e-13 
4.6200891345447065e-13 
4.6200891345447065e-13 
4.6200891345447065e-13 
4.6200891345447065e-13 
4.6200891345447065e-13 
4.6200891345447065e-13 
4.6200891345447065e-13 
4.6200891345447065e-13 
4.6200891345447065e-13 
4.6200891345447065e-13 
4.6200891345447065e-13 
4.6200891345447065e-13 
4.6200891345447065e-13 
4.6200891345447065e-13 
4.6200891345447065e-13 
4.6200891345447065e-13 
4.6200891345447065e-13 
4.6200891345447065e-13 
4.6200891345447065e-13 
4.6200891345447065e-13 
4.6200891345447065e-13 
4.6200891345447065e-13 
4.6200891345447065e-13 
4.6200891345447065e-13 
4.6200891345447065e-13 
4.6200891345447065e-13 
4.6200891345447065e-13 
4.6200891345447065e-13 
4.6200891345447065e-13 
4.6200891345447065e-13 
4.6200891345447065e-13 
4.6200891345447065e-13 
4.6200891345447065e-13 
4.6200891345447065e-13 
4.6200891345447065e-13 
4.6200891345447065e-13 
4.6200891345447065e-13 
4.6200891345447065e-13 
4.6200891345447065e-13 
4.6200891345447065e-13 
4.6200891345447065e-13 
4.6200891345447065e-13 
4.6200891345447065e-13 
4.6200891345447065e-13 
4.6200891345447065e-13 
4.6200891345447065e-13 
4.6200891345447065e-13 
4.6200891345447065e-13 
4.6200891345447065e-13 
4.6200891345447065e-13 
4.6200891345447065e-13 
4.6200891345447065e-13 
4.6200891345447065e-13 
4.6200891345447065e-13 
4.6200891345447065e-13 
4.6200891345447065e-13 
4.6200891345447065e-13 
4.6200891345447065e-13 
4.6200891345447065e-13 
4.6200891345447065e-13 
4.6200891345447065e-13 
4.6200891345447065e-13 
4.6200891345447065e-13 
4.6200891345447065e-13 
4.6200891345447065e-13 
4.6200891345447065e-13 
4.6200891345447065e-13 
4.6200891345447065e-13 
4.6200891345447065e-13 
4.6200891345447065e-13 
4.6200891345447065e-13 
4.6200891345447065e-13 
4.6200891345447065e-13 
4.6200891345447065e-13 
4.6200891345447065e-13 
4.6200891345447065e-13 
4.6200891345447065e-13 
4.6200891345447065e-13 
4.6200891345447065e-13 
4.6200891345447065e-13 
4.6200891345447065e-13 
4.6200891345447065e-13 
4.6200891345447065e-13 
4.6200891345447065e-13 
4.6200891345447065e-13 
4.6200891345447065e-13 
4.6200891345447065e-13 
4.6200891345447065e-13 
4.6200891345447065e-13 
4.6200891345447065e-13 
4.6200891345447065e-13 
4.6200891345447065e-13 
4.6200891345447065e-13 
4.6200891345447065e-13 
4.6200891345447065e-13 
4.6200891345447065e-13 
4.6200891345447065e-13 
4.6200891345447065e-13 
4.6200891345447065e-13 
4.6200891345447065e-13 
4.6200891345447065e-13 
4.6200891345447065e-13 
4.6200891345447065e-13 
4.6200891345447065e-13 
4.6200891345447065e-13 
4.6200891345447065e-13 
4.6200891345447065e-13 
4.6200891345447065e-13 
4.6200891345447065e-13 
4.6200891345447065e-13 
4.6200891345447065e-13 
4.6200891345447065e-13 
4.6200891345447065e-13 
4.6200891345447065e-13 
4.6200891345447065e-13 
4.6200891345447065e-13 
4.6200891345447065e-13 
4.6200891345447065e-13 
4.6200891345447065e-13 
4.6200891345447065e-13 
4.6200891345447065e-13 
4.6200891345447065e-13 
4.6200891345447065e-13 
4.6200891345447065e-13 
4.6200891345447065e-13 
4.6200891345447065e-13 
4.6200891345447065e-13 
4.6200891345447065e-13 
4.6200891345447065e-13 
4.6200891345447065e-13 
4.6200891345447065e-13 
4.6200891345447065e-13 
4.6200891345447065e-13 
4.6200891345447065e-13 
4.6200891345447065e-13 
4.6200891345447065e-13 
4.6200891345447065e-13 
4.6200891345447065e-13 
4.6200891345447065e-13 
4.6200891345447065e-13 
4.6200891345447065e-13 
4.6200891345447065e-13 
4.6200891345447065e-13 
4.6200891345447065e-13 
4.6200891345447065e-13 
4.6200891345447065e-13 
4.6200891345447065e-13 
4.6200891345447065e-13 
4.6200891345447065e-13 
4.6200891345447065e-13 
4.6200891345447065e-13 
4.6200891345447065e-13 
4.6200891345447065e-13 
4.6200891345447065e-13 
4.6200891345447065e-13 
4.6200891345447065e-13 
4.6200891345447065e-13 
4.6200891345447065e-13 
4.6200891345447065e-13 
4.6200891345447065e-13 
4.6200891345447065e-13 
4.6200891345447065e-13 
4.6200891345447065e-13 
4.6200891345447065e-13 
4.6200891345447065e-13 
4.6200891345447065e-13 
4.6200891345447065e-13 
4.6200891345447065e-13 
4.6200891345447065e-13 
4.6200891345447065e-13 
4.6200891345447065e-13 
4.6200891345447065e-13 
4.6200891345447065e-13 
4.6200891345447065e-13 
4.6200891345447065e-13 
4.6200891345447065e-13 
4.6200891345447065e-13 
4.6200891345447065e-13 
4.6200891345447065e-13 
4.6200891345447065e-13 
4.6200891345447065e-13 
4.6200891345447065e-13 
4.6200891345447065e-13 
4.6200891345447065e-13 
4.6200891345447065e-13 
4.6200891345447065e-13 
4.6200891345447065e-13 
4.6200891345447065e-13 
4.6200891345447065e-13 
4.6200891345447065e-13 
4.6200891345447065e-13 
4.6200891345447065e-13 
4.6200891345447065e-13 
4.6200891345447065e-13 
4.6200891345447065e-13 
4.6200891345447065e-13 
4.6200891345447065e-13 
4.6200891345447065e-13 
4.6200891345447065e-13 
4.6200891345447065e-13 
4.6200891345447065e-13 
4.6200891345447065e-13 
4.6200891345447065e-13 
4.6200891345447065e-13 
4.6200891345447065e-13 
4.6200891345447065e-13 
4.6200891345447065e-13 
4.6200891345447065e-13 
4.6200891345447065e-13 
4.6200891345447065e-13 
4.6200891345447065e-13 
4.6200891345447065e-13 
4.6200891345447065e-13 
4.6200891345447065e-13 
4.6200891345447065e-13 
4.6200891345447065e-13 
4.6200891345447065e-13 
4.6200891345447065e-13 
4.6200891345447065e-13 
4.6200891345447065e-13 
4.6200891345447065e-13 
4.6200891345447065e-13 
4.6200891345447065e-13 
4.6200891345447065e-13 
4.6200891345447065e-13 
4.6200891345447065e-13 
4.6200891345447065e-13 
4.6200891345447065e-13 
4.6200891345447065e-13 
4.6200891345447065e-13 
4.6200891345447065e-13 
4.6200891345447065e-13 
4.6200891345447065e-13 
4.6200891345447065e-13 
4.6200891345447065e-13 
4.6200891345447065e-13 
4.6200891345447065e-13 
4.6200891345447065e-13 
4.6200891345447065e-13 
4.6200891345447065e-13 
4.6200891345447065e-13 
4.6200891345447065e-13 
4.6200891345447065e-13 
4.6200891345447065e-13 
4.6200891345447065e-13 
4.6200891345447065e-13 
4.6200891345447065e-13 
4.6200891345447065e-13 
4.6200891345447065e-13 
4.6200891345447065e-13 
4.6200891345447065e-13 
4.6200891345447065e-13 
4.6200891345447065e-13 
4.6200891345447065e-13 
4.6200891345447065e-13 
4.6200891345447065e-13 
4.6200891345447065e-13 
4.6200891345447065e-13 
4.6200891345447065e-13 
4.6200891345447065e-13 
4.6200891345447065e-13 
4.6200891345447065e-13 
4.6200891345447065e-13 
4.6200891345447065e-13 
4.6200891345447065e-13 
4.6200891345447065e-13 
4.6200891345447065e-13 
4.6200891345447065e-13 
4.6200891345447065e-13 
4.6200891345447065e-13 
4.6200891345447065e-13 
4.6200891345447065e-13 
4.6200891345447065e-13 
4.6200891345447065e-13 
4.6200891345447065e-13 
4.6200891345447065e-13 
4.6200891345447065e-13 
4.6200891345447065e-13 
4.6200891345447065e-13 
4.6200891345447065e-13 
4.6200891345447065e-13 
4.6200891345447065e-13 
4.6200891345447065e-13 
4.6200891345447065e-13 
4.6200891345447065e-13 
4.6200891345447065e-13 
4.6200891345447065e-13 
4.6200891345447065e-13 
4.6200891345447065e-13 
4.6200891345447065e-13 
4.6200891345447065e-13 
4.6200891345447065e-13 
4.6200891345447065e-13 
4.6200891345447065e-13 
4.6200891345447065e-13 
4.6200891345447065e-13 
4.6200891345447065e-13 
4.6200891345447065e-13 
4.6200891345447065e-13 
4.6200891345447065e-13 
4.6200891345447065e-13 
4.6200891345447065e-13 
4.6200891345447065e-13 
4.6200891345447065e-13 
4.6200891345447065e-13 
4.6200891345447065e-13 
4.6200891345447065e-13 
4.6200891345447065e-13 
4.6200891345447065e-13 
4.6200891345447065e-13 
4.6200891345447065e-13 
4.6200891345447065e-13 
4.6200891345447065e-13 
4.6200891345447065e-13 
4.6200891345447065e-13 
4.6200891345447065e-13 
4.6200891345447065e-13 
4.6200891345447065e-13 
4.6200891345447065e-13 
4.6200891345447065e-13 
4.6200891345447065e-13 
4.6200891345447065e-13 
4.6200891345447065e-13 
4.6200891345447065e-13 
4.6200891345447065e-13 
4.6200891345447065e-13 
4.6200891345447065e-13 
4.6200891345447065e-13 
4.6200891345447065e-13 
4.6200891345447065e-13 
4.6200891345447065e-13 
4.6200891345447065e-13 
4.6200891345447065e-13 
4.6200891345447065e-13 
4.6200891345447065e-13 
4.6200891345447065e-13 
4.6200891345447065e-13 
4.6200891345447065e-13 
4.6200891345447065e-13 
4.6200891345447065e-13 
4.6200891345447065e-13 
4.6200891345447065e-13 
4.6200891345447065e-13 
4.6200891345447065e-13 
4.6200891345447065e-13 
4.6200891345447065e-13 
4.6200891345447065e-13 
4.6200891345447065e-13 
4.6200891345447065e-13 
4.6200891345447065e-13 
4.6200891345447065e-13 
4.6200891345447065e-13 
4.6200891345447065e-13 
4.6200891345447065e-13 
4.6200891345447065e-13 
4.6200891345447065e-13 
4.6200891345447065e-13 
4.6200891345447065e-13 
4.6200891345447065e-13 
4.6200891345447065e-13 
4.6200891345447065e-13 
4.6200891345447065e-13 
4.6200891345447065e-13 
4.6200891345447065e-13 
4.6200891345447065e-13 
4.6200891345447065e-13 
4.6200891345447065e-13 
4.6200891345447065e-13 
4.6200891345447065e-13 
4.6200891345447065e-13 
4.6200891345447065e-13 
4.6200891345447065e-13 
4.6200891345447065e-13 
4.6200891345447065e-13 
4.6200891345447065e-13 
4.6200891345447065e-13 
4.6200891345447065e-13 
4.6200891345447065e-13 
4.6200891345447065e-13 
4.6200891345447065e-13 
4.6200891345447065e-13 
4.6200891345447065e-13 
4.6200891345447065e-13 
4.6200891345447065e-13 
4.6200891345447065e-13 
4.6200891345447065e-13 
4.6200891345447065e-13 
4.6200891345447065e-13 
4.6200891345447065e-13 
4.6200891345447065e-13 
4.6200891345447065e-13 
4.6200891345447065e-13 
4.6200891345447065e-13 
4.6200891345447065e-13 
4.6200891345447065e-13 
4.6200891345447065e-13 
4.6200891345447065e-13 
4.6200891345447065e-13 
4.6200891345447065e-13 
4.6200891345447065e-13 
4.6200891345447065e-13 
4.6200891345447065e-13 
4.6200891345447065e-13 
4.6200891345447065e-13 
4.6200891345447065e-13 
4.6200891345447065e-13 
4.6200891345447065e-13 
4.6200891345447065e-13 
4.6200891345447065e-13 
4.6200891345447065e-13 
4.6200891345447065e-13 
4.6200891345447065e-13 
4.6200891345447065e-13 
4.6200891345447065e-13 
4.6200891345447065e-13 
4.6200891345447065e-13 
4.6200891345447065e-13 
4.6200891345447065e-13 
4.6200891345447065e-13 
4.6200891345447065e-13 
4.6200891345447065e-13 
4.6200891345447065e-13 
4.6200891345447065e-13 
4.6200891345447065e-13 
4.6200891345447065e-13 
4.6200891345447065e-13 
4.6200891345447065e-13 
4.6200891345447065e-13 
4.6200891345447065e-13 
4.6200891345447065e-13 
4.6200891345447065e-13 
4.6200891345447065e-13 
4.6200891345447065e-13 
4.6200891345447065e-13 
4.6200891345447065e-13 
4.6200891345447065e-13 
4.6200891345447065e-13 
4.6200891345447065e-13 
4.6200891345447065e-13 
4.6200891345447065e-13 
4.6200891345447065e-13 
4.6200891345447065e-13 
4.6200891345447065e-13 
4.6200891345447065e-13 
4.6200891345447065e-13 
4.6200891345447065e-13 
4.6200891345447065e-13 
4.6200891345447065e-13 
4.6200891345447065e-13 
4.6200891345447065e-13 
4.6200891345447065e-13 
4.6200891345447065e-13 
4.6200891345447065e-13 
4.6200891345447065e-13 
4.6200891345447065e-13 
4.6200891345447065e-13 
4.6200891345447065e-13 
4.6200891345447065e-13 
4.6200891345447065e-13 
4.6200891345447065e-13 
4.6200891345447065e-13 
4.6200891345447065e-13 
4.6200891345447065e-13 
4.6200891345447065e-13 
4.6200891345447065e-13 
4.6200891345447065e-13 
4.6200891345447065e-13 
4.6200891345447065e-13 
4.6200891345447065e-13 
4.6200891345447065e-13 
4.6200891345447065e-13 
4.6200891345447065e-13 
4.6200891345447065e-13 
4.6200891345447065e-13 
4.6200891345447065e-13 
4.6200891345447065e-13 
4.6200891345447065e-13 
4.6200891345447065e-13 
4.6200891345447065e-13 
4.6200891345447065e-13 
4.6200891345447065e-13 
4.6200891345447065e-13 
4.6200891345447065e-13 
4.6200891345447065e-13 
4.6200891345447065e-13 
4.6200891345447065e-13 
4.6200891345447065e-13 
4.6200891345447065e-13 
4.6200891345447065e-13 
4.6200891345447065e-13 
4.6200891345447065e-13 
4.6200891345447065e-13 
4.6200891345447065e-13 
4.6200891345447065e-13 
4.6200891345447065e-13 
4.6200891345447065e-13 
4.6200891345447065e-13 
4.6200891345447065e-13 
4.6200891345447065e-13 
4.6200891345447065e-13 
4.6200891345447065e-13 
4.6200891345447065e-13 
4.6200891345447065e-13 
4.6200891345447065e-13 
4.6200891345447065e-13 
4.6200891345447065e-13 
4.6200891345447065e-13 
4.6200891345447065e-13 
4.6200891345447065e-13 
4.6200891345447065e-13 
4.6200891345447065e-13 
4.6200891345447065e-13 
4.6200891345447065e-13 
4.6200891345447065e-13 
4.6200891345447065e-13 
4.6200891345447065e-13 
4.6200891345447065e-13 
4.6200891345447065e-13 
4.6200891345447065e-13 
4.6200891345447065e-13 
4.6200891345447065e-13 
4.6200891345447065e-13 
4.6200891345447065e-13 
4.6200891345447065e-13 
4.6200891345447065e-13 
4.6200891345447065e-13 
4.6200891345447065e-13 
4.6200891345447065e-13 
4.6200891345447065e-13 
4.6200891345447065e-13 
4.6200891345447065e-13 
4.6200891345447065e-13 
4.6200891345447065e-13 
4.6200891345447065e-13 
4.6200891345447065e-13 
4.6200891345447065e-13 
4.6200891345447065e-13 
4.6200891345447065e-13 
4.6200891345447065e-13 
4.6200891345447065e-13 
4.6200891345447065e-13 
4.6200891345447065e-13 
4.6200891345447065e-13 
4.6200891345447065e-13 
4.6200891345447065e-13 
4.6200891345447065e-13 
4.6200891345447065e-13 
4.6200891345447065e-13 
4.6200891345447065e-13 
4.6200891345447065e-13 
4.6200891345447065e-13 
4.6200891345447065e-13 
4.6200891345447065e-13 
4.6200891345447065e-13 
4.6200891345447065e-13 
4.6200891345447065e-13 
4.6200891345447065e-13 
4.6200891345447065e-13 
4.6200891345447065e-13 
4.6200891345447065e-13 
4.6200891345447065e-13 
4.6200891345447065e-13 
4.6200891345447065e-13 
4.6200891345447065e-13 
4.6200891345447065e-13 
4.6200891345447065e-13 
4.6200891345447065e-13 
4.6200891345447065e-13 
4.6200891345447065e-13 
4.6200891345447065e-13 
4.6200891345447065e-13 
4.6200891345447065e-13 
4.6200891345447065e-13 
4.6200891345447065e-13 
4.6200891345447065e-13 
4.6200891345447065e-13 
4.6200891345447065e-13 
4.6200891345447065e-13 
4.6200891345447065e-13 
4.6200891345447065e-13 
4.6200891345447065e-13 
4.6200891345447065e-13 
4.6200891345447065e-13 
4.6200891345447065e-13 
4.6200891345447065e-13 
4.6200891345447065e-13 
4.6200891345447065e-13 
4.6200891345447065e-13 
4.6200891345447065e-13 
4.6200891345447065e-13 
4.6200891345447065e-13 
4.6200891345447065e-13 
4.6200891345447065e-13 
4.6200891345447065e-13 
4.6200891345447065e-13 
4.6200891345447065e-13 
4.6200891345447065e-13 
4.6200891345447065e-13 
4.6200891345447065e-13 
4.6200891345447065e-13 
4.6200891345447065e-13 
4.6200891345447065e-13 
4.6200891345447065e-13 
4.6200891345447065e-13 
4.6200891345447065e-13 
4.6200891345447065e-13 
4.6200891345447065e-13 
4.6200891345447065e-13 
4.6200891345447065e-13 
4.6200891345447065e-13 
4.6200891345447065e-13 
4.6200891345447065e-13 
4.6200891345447065e-13 
4.6200891345447065e-13 
4.6200891345447065e-13 
4.6200891345447065e-13 
4.6200891345447065e-13 
4.6200891345447065e-13 
4.6200891345447065e-13 
4.6200891345447065e-13 
4.6200891345447065e-13 
4.6200891345447065e-13 
4.6200891345447065e-13 
4.6200891345447065e-13 
4.6200891345447065e-13 
4.6200891345447065e-13 
4.6200891345447065e-13 
4.6200891345447065e-13 
4.6200891345447065e-13 
4.6200891345447065e-13 
4.6200891345447065e-13 
4.6200891345447065e-13 
4.6200891345447065e-13 
4.6200891345447065e-13 
4.6200891345447065e-13 
4.6200891345447065e-13 
4.6200891345447065e-13 
4.6200891345447065e-13 
4.6200891345447065e-13 
4.6200891345447065e-13 
4.6200891345447065e-13 
4.6200891345447065e-13 
4.6200891345447065e-13 
4.6200891345447065e-13 
4.6200891345447065e-13 
4.6200891345447065e-13 
4.6200891345447065e-13 
4.6200891345447065e-13 
4.6200891345447065e-13 
4.6200891345447065e-13 
4.6200891345447065e-13 
4.6200891345447065e-13 
4.6200891345447065e-13 
4.6200891345447065e-13 
4.6200891345447065e-13 
4.6200891345447065e-13 
4.6200891345447065e-13 
4.6200891345447065e-13 
4.6200891345447065e-13 
4.6200891345447065e-13 
4.6200891345447065e-13 
4.6200891345447065e-13 
4.6200891345447065e-13 
4.6200891345447065e-13 
4.6200891345447065e-13 
4.6200891345447065e-13 
4.6200891345447065e-13 
4.6200891345447065e-13 
4.6200891345447065e-13 
4.6200891345447065e-13 
4.6200891345447065e-13 
4.6200891345447065e-13 
4.6200891345447065e-13 
4.6200891345447065e-13 
4.6200891345447065e-13 
4.6200891345447065e-13 
4.6200891345447065e-13 
4.6200891345447065e-13 
4.6200891345447065e-13 
4.6200891345447065e-13 
4.6200891345447065e-13 
4.6200891345447065e-13 
4.6200891345447065e-13 
4.6200891345447065e-13 
4.6200891345447065e-13 
4.6200891345447065e-13 
4.6200891345447065e-13 
4.6200891345447065e-13 
4.6200891345447065e-13 
4.6200891345447065e-13 
4.6200891345447065e-13 
4.6200891345447065e-13 
4.6200891345447065e-13 
4.6200891345447065e-13 
4.6200891345447065e-13 
4.6200891345447065e-13 
4.6200891345447065e-13 
4.6200891345447065e-13 
4.6200891345447065e-13 
4.6200891345447065e-13 
4.6200891345447065e-13 
4.6200891345447065e-13 
4.6200891345447065e-13 
4.6200891345447065e-13 
4.6200891345447065e-13 
