1.7168787268855301 
1.7168787268855301 
1.7168787268855301 
1.7099692315961201 
1.6882277176323128 
1.6672964960363936 
1.6471485356512043 
1.6277635283472698 
1.609127889022798 
1.591234755603679 
1.5740839890434868 
1.5576821733234762 
1.542042615452585 
1.5271853454674351 
1.5131371164323295 
1.499931404439254 
1.487608408607878 
1.476215051085553 
1.4658049770473116 
1.4564385546958722 
1.4481828752616328 
1.4411117530026762 
1.4353057252047665 
1.4308520521813499 
1.427844717273558 
1.4263844268502015 
1.4263844268502015 
1.4263844268502015 
1.4263347225966736 
1.4263347225966736 
1.4263347225966736 
1.4262693484023556 
1.4262693484023556 
1.4262693484023556 
1.4262693484023556 
1.4262693484023556 
1.4119202014308301 
1.3602572568253164 
1.3112389009360181 
1.2742854071308818 
1.2493896651555543 
1.2365445661539336 
1.233832514525542 
1.233832514525542 
1.2319859108626225 
1.1792315359659316 
1.1321210765226728 
1.0903367510550228 
1.0535701508455493 
1.0215222399372126 
0.99390335513336558 
0.9704332059977534 
0.93264579642585077 
0.86168086556714329 
0.80504127356372379 
0.76264724071655465 
0.73441913721666519 
0.72027748314515183 
0.72014294847317761 
0.72002011063110527 
0.70500415711482323 
0.70167679146267892 
0.70167679146267892 
0.70167679146267892 
0.70167679146267892 
0.69645576026119393 
0.6898109337350945 
0.68327723307687749 
0.67685308856607451 
0.67053745832701306 
0.65714923470766051 
0.64420114566333542 
0.63228402730032562 
0.62156178150778152 
0.6122078201161143 
0.60440506489699486 
0.59761447949562096 
0.58651650293941715 
0.57621422948121459 
0.56683661346065484 
0.55852133334695464 
0.55141479173890484 
0.54251593129930142 
0.53377551630497577 
0.52525969630108538 
0.51559999866301798 
0.50692912811899871 
0.49824349752380159 
0.48951015220313276 
0.48145212184489772 
0.47416329188759049 
0.46774304807978817 
0.45856261990335651 
0.4515826269267314 
0.44590513201752535 
0.43766644142817579 
0.42973980174483289 
0.42209895416678522 
0.41471898538639834 
0.40757632758911477 
0.40064875845345344 
0.39078151693409163 
0.38648291380868666 
0.37940722606815069 
0.37268518995008937 
0.36652311022173473 
0.36086981546712893 
0.35567592935264952 
0.35089387062701166 
0.34647785312126572 
0.34238388574879958 
0.33856977250533665 
0.33499511246893782 
0.3316212997999991 
0.32841152374125432 
0.32533076861777249 
0.32234581383696015 
0.31942523388855915 
0.31653939834464906 
0.31366047185964469 
0.31076241417029821 
0.30782098009569736 
0.30481371953726738 
0.30171997747876877 
0.29852089398629944 
0.29519940420829305 
0.29174023837551988 
0.28812992180108737 
0.28403089719386199 
0.2795519358819657 
0.27487353835645451 
0.26999126089434095 
0.26490280852677051 
0.25960803503902036 
0.25410894297049991 
0.24840968361475069 
0.24251655701944719 
0.23643801198639491 
0.23018464607153216 
0.22376920558492958 
0.21720658559078981 
0.21051382990744738 
0.20371013110736963 
0.19681683051715543 
0.18985741821753646 
0.18285753304337624 
0.17584496258367033 
0.16884964318154672 
0.16190365993426586 
0.15504124669321973 
0.1482987860639329 
0.14171480940606218 
0.13532999683339647 
0.1291871772138567 
0.12333132816949628 
0.11780957607650058 
0.11267119606518729 
0.10796761202000621 
0.1037523965795394 
0.10008127113650107 
0.097012105837737603 
0.094604919584227551 
0.092921880031081705 
0.092027303587543061 
0.091893524059035447 
0.091893524059035447 
0.09188357132465455 
0.09188357132465455 
0.09188357132465455 
0.091880415714922753 
0.091880415714922753 
0.091880415714922753 
0.091880415714922753 
0.091880415714922753 
0.091880415714922753 
0.091880415714922753 
0.091880415714922753 
0.091880415714922753 
0.091880415714922753 
0.091880415714922753 
0.091880415714922753 
0.091880415714922753 
0.091880415714922753 
0.091880415714922753 
0.091880415714922753 
0.091880415714922753 
0.091880415714922753 
0.091880415714922753 
0.091820860922358707 
0.090941795569602038 
0.090511217503985539 
0.090511217503985539 
0.090219153329643725 
0.089249601080127611 
0.08814009758780475 
0.087077106441605753 
0.086060482286644549 
0.085090079924204975 
0.084165754311741905 
0.08293439014486842 
0.081891185624611701 
0.080073175743170008 
0.077980952733462533 
0.076030894344140287 
0.0732749253407637 
0.070573723931609156 
0.067978133283698533 
0.065480645520045011 
0.063074580527778423 
0.060754085958145757 
0.058514137226510825 
0.05585878661222865 
0.053465535183982747 
0.051340489115480885 
0.049464940789284671 
0.047523164266512742 
0.045918666788221221 
0.044623153251154235 
0.04307683771216473 
0.041574692194393595 
0.040109955655816945 
0.038676524255527783 
0.037268951353735903 
0.035882447511767716 
0.034365666608738736 
0.032178393047734212 
0.030172650518001241 
0.028371302391129938 
0.026798236822047308 
0.025478366749017194 
0.024248583690411735 
0.023610454883888896 
0.023036482481597374 
0.022739216873519232 
0.022739216873519232 
0.022739216873519232 
0.022708180125196355 
0.022531293012656842 
0.021920142074507411 
0.021324408562449333 
0.020743679773301341 
0.020177551537687417 
0.019625628220035839 
0.019015412375300255 
0.018317867008576294 
0.017710333394614697 
0.017036203141863226 
0.016673221934659713 
0.015860031133940345 
0.015086254065871789 
0.014350574295168686 
0.013651815625715703 
0.012988942100567986 
0.012361058001951537 
0.011690596047702792 
0.010801937563522457 
0.0099854735019363223 
0.0089982544947628234 
0.0078072235227186525 
0.006852224590950055 
0.0061298544289917767 
0.0056345130342489117 
0.0052490928927138225 
0.0047041594513939338 
0.0043690528229464549 
0.0042520466312619912 
0.0041311933301437388 
0.0037975999423027584 
0.0034862128687555521 
0.0031940187425598286 
0.0027803331232882107 
0.002382104658177002 
0.0020027716860833884 
0.0016450367150029474 
0.0013120830654375919 
0.0010075748703955139 
0.00073565707539121456 
0.00045997895441816537 
0.00026811728912218573 
0.0001574652538909531 
9.3862811673230557e-05 
8.4168825783327933e-05 
8.4168825783327933e-05 
7.798719794706729e-05 
7.798719794706729e-05 
7.798719794706729e-05 
7.798719794706729e-05 
7.798719794706729e-05 
7.798719794706729e-05 
7.798719794706729e-05 
7.798719794706729e-05 
7.798719794706729e-05 
7.798719794706729e-05 
7.798719794706729e-05 
7.798719794706729e-05 
7.798719794706729e-05 
7.798719794706729e-05 
7.798719794706729e-05 
7.798719794706729e-05 
7.798719794706729e-05 
7.798719794706729e-05 
7.798719794706729e-05 
7.798719794706729e-05 
7.798719794706729e-05 
7.798719794706729e-05 
7.798719794706729e-05 
7.798719794706729e-05 
7.798719794706729e-05 
7.798719794706729e-05 
7.798719794706729e-05 
7.798719794706729e-05 
7.798719794706729e-05 
7.798719794706729e-05 
7.798719794706729e-05 
7.798719794706729e-05 
7.798719794706729e-05 
7.798719794706729e-05 
7.798719794706729e-05 
7.798719794706729e-05 
7.798719794706729e-05 
7.798719794706729e-05 
7.798719794706729e-05 
7.798719794706729e-05 
7.798719794706729e-05 
7.798719794706729e-05 
7.775898871820942e-05 
7.775898871820942e-05 
7.775898871820942e-05 
7.775898871820942e-05 
7.775898871820942e-05 
7.775898871820942e-05 
7.775898871820942e-05 
7.775898871820942e-05 
7.775898871820942e-05 
7.775898871820942e-05 
7.775898871820942e-05 
7.775898871820942e-05 
7.764929750943457e-05 
7.764929750943457e-05 
7.764929750943457e-05 
7.764929750943457e-05 
7.764929750943457e-05 
7.764929750943457e-05 
7.764929750943457e-05 
7.764929750943457e-05 
7.764929750943457e-05 
7.764929750943457e-05 
7.764929750943457e-05 
7.764929750943457e-05 
7.764929750943457e-05 
7.764929750943457e-05 
7.764929750943457e-05 
7.764929750943457e-05 
7.764929750943457e-05 
7.764929750943457e-05 
7.764929750943457e-05 
7.764929750943457e-05 
7.764929750943457e-05 
7.764929750943457e-05 
7.764929750943457e-05 
7.764929750943457e-05 
7.764929750943457e-05 
7.764929750943457e-05 
7.764929750943457e-05 
7.764929750943457e-05 
7.764929750943457e-05 
7.764929750943457e-05 
7.764929750943457e-05 
7.764929750943457e-05 
7.764929750943457e-05 
7.764929750943457e-05 
7.764929750943457e-05 
7.764929750943457e-05 
7.764929750943457e-05 
7.764929750943457e-05 
7.764929750943457e-05 
7.764929750943457e-05 
7.764929750943457e-05 
7.764929750943457e-05 
7.764929750943457e-05 
7.764929750943457e-05 
7.764929750943457e-05 
7.764929750943457e-05 
7.764929750943457e-05 
7.764929750943457e-05 
7.764929750943457e-05 
7.764929750943457e-05 
7.7164685723989711e-05 
7.7164685723989711e-05 
7.7164685723989711e-05 
7.7164685723989711e-05 
7.7164685723989711e-05 
7.7164685723989711e-05 
7.7164685723989711e-05 
7.7164685723989711e-05 
7.7164685723989711e-05 
7.7164685723989711e-05 
7.7164685723989711e-05 
7.7164685723989711e-05 
7.7164685723989711e-05 
7.7164685723989711e-05 
7.7164685723989711e-05 
7.7164685723989711e-05 
7.7164685723989711e-05 
7.7164685723989711e-05 
7.7164685723989711e-05 
7.7164685723989711e-05 
7.7164685723989711e-05 
7.7164685723989711e-05 
7.7164685723989711e-05 
7.7164685723989711e-05 
7.7164685723989711e-05 
7.7164685723989711e-05 
7.7164685723989711e-05 
7.7164685723989711e-05 
7.7164685723989711e-05 
7.7164685723989711e-05 
7.7164685723989711e-05 
7.7164685723989711e-05 
7.7164685723989711e-05 
7.7164685723989711e-05 
7.7164685723989711e-05 
7.7164685723989711e-05 
7.7164685723989711e-05 
7.7164685723989711e-05 
7.7164685723989711e-05 
7.7164685723989711e-05 
7.7164685723989711e-05 
7.7164685723989711e-05 
7.7164685723989711e-05 
7.7164685723989711e-05 
7.7164685723989711e-05 
7.7164685723989711e-05 
7.7164685723989711e-05 
7.7164685723989711e-05 
7.7164685723989711e-05 
7.7164685723989711e-05 
7.7164685723989711e-05 
7.7164685723989711e-05 
7.7164685723989711e-05 
7.7164685723989711e-05 
7.7164685723989711e-05 
7.7164685723989711e-05 
7.7164685723989711e-05 
7.7164685723989711e-05 
7.7164685723989711e-05 
7.7164685723989711e-05 
7.7164685723989711e-05 
7.7164685723989711e-05 
7.7164685723989711e-05 
7.7164685723989711e-05 
7.7164685723989711e-05 
7.7164685723989711e-05 
7.7164685723989711e-05 
7.7164685723989711e-05 
7.7164685723989711e-05 
7.7164685723989711e-05 
7.7164685723989711e-05 
7.7164685723989711e-05 
7.7164685723989711e-05 
7.7164685723989711e-05 
7.7164685723989711e-05 
7.7164685723989711e-05 
7.7164685723989711e-05 
7.7164685723989711e-05 
7.7164685723989711e-05 
7.7164685723989711e-05 
7.7164685723989711e-05 
7.7164685723989711e-05 
7.7164685723989711e-05 
7.7164685723989711e-05 
7.7164685723989711e-05 
7.7164685723989711e-05 
7.7164685723989711e-05 
7.7164685723989711e-05 
7.7164685723989711e-05 
7.7164685723989711e-05 
7.7164685723989711e-05 
7.7158395604447064e-05 
7.7158395604447064e-05 
7.7158395604447064e-05 
7.7158395604447064e-05 
7.7158395604447064e-05 
7.7158395604447064e-05 
7.7158395604447064e-05 
7.7158395604447064e-05 
7.7158395604447064e-05 
7.7158395604447064e-05 
7.7158395604447064e-05 
7.7158395604447064e-05 
7.7158395604447064e-05 
7.7158395604447064e-05 
7.7158395604447064e-05 
7.7158395604447064e-05 
7.7158395604447064e-05 
7.7158395604447064e-05 
7.7158395604447064e-05 
7.7158395604447064e-05 
7.7158395604447064e-05 
7.7158395604447064e-05 
7.7158395604447064e-05 
7.7158395604447064e-05 
7.7158395604447064e-05 
7.7158395604447064e-05 
7.7158395604447064e-05 
7.7158395604447064e-05 
7.7158395604447064e-05 
7.7158395604447064e-05 
7.7158395604447064e-05 
7.7158395604447064e-05 
7.7158395604447064e-05 
7.7158395604447064e-05 
7.7158395604447064e-05 
7.7158395604447064e-05 
7.7158395604447064e-05 
7.7158395604447064e-05 
7.7158395604447064e-05 
7.7158395604447064e-05 
7.7158395604447064e-05 
7.7158395604447064e-05 
7.7158395604447064e-05 
7.7158395604447064e-05 
7.7158395604447064e-05 
7.7158395604447064e-05 
7.7158395604447064e-05 
7.7158395604447064e-05 
7.7158395604447064e-05 
7.7158395604447064e-05 
7.7158395604447064e-05 
7.7158395604447064e-05 
7.7158395604447064e-05 
7.7158395604447064e-05 
7.7158395604447064e-05 
7.7158395604447064e-05 
7.7158395604447064e-05 
7.7158395604447064e-05 
7.7158395604447064e-05 
7.7158395604447064e-05 
7.7158395604447064e-05 
7.7158395604447064e-05 
7.7158395604447064e-05 
7.7158395604447064e-05 
7.7158395604447064e-05 
7.7158395604447064e-05 
7.7158395604447064e-05 
7.7158395604447064e-05 
7.7158395604447064e-05 
7.7158395604447064e-05 
7.7158395604447064e-05 
7.7158395604447064e-05 
7.7158395604447064e-05 
7.7158395604447064e-05 
7.7158395604447064e-05 
7.7158395604447064e-05 
7.7158395604447064e-05 
7.7158395604447064e-05 
7.7158395604447064e-05 
7.7158395604447064e-05 
7.7158395604447064e-05 
7.7158395604447064e-05 
7.7158395604447064e-05 
7.7158395604447064e-05 
7.7158395604447064e-05 
7.7158395604447064e-05 
7.7158395604447064e-05 
7.7158395604447064e-05 
7.7158395604447064e-05 
7.7158395604447064e-05 
7.7158395604447064e-05 
7.7158395604447064e-05 
7.7158395604447064e-05 
7.7158395604447064e-05 
7.7158395604447064e-05 
7.7158395604447064e-05 
7.7158395604447064e-05 
7.7158395604447064e-05 
7.7158395604447064e-05 
7.7158395604447064e-05 
7.7158395604447064e-05 
7.7158395604447064e-05 
7.7158395604447064e-05 
7.7158395604447064e-05 
7.7158395604447064e-05 
7.7158395604447064e-05 
7.7158395604447064e-05 
7.7158395604447064e-05 
7.7158395604447064e-05 
7.7158395604447064e-05 
7.7158395604447064e-05 
7.7158395604447064e-05 
7.7158395604447064e-05 
7.7158395604447064e-05 
7.7158395604447064e-05 
7.7158395604447064e-05 
7.7158395604447064e-05 
7.7158395604447064e-05 
7.7158395604447064e-05 
7.7158395604447064e-05 
7.7158395604447064e-05 
7.7158395604447064e-05 
7.7158395604447064e-05 
7.7158395604447064e-05 
7.7158395604447064e-05 
7.7158395604447064e-05 
7.7158395604447064e-05 
7.7158395604447064e-05 
7.7158395604447064e-05 
7.7158395604447064e-05 
7.7158395604447064e-05 
7.7158395604447064e-05 
7.7158395604447064e-05 
7.7158395604447064e-05 
7.7158395604447064e-05 
7.7158395604447064e-05 
7.7158395604447064e-05 
7.7158395604447064e-05 
7.7158395604447064e-05 
7.7158395604447064e-05 
7.7158395604447064e-05 
7.7158395604447064e-05 
7.7158395604447064e-05 
7.7158395604447064e-05 
7.7158395604447064e-05 
7.7158395604447064e-05 
7.7158395604447064e-05 
7.7158395604447064e-05 
7.7158395604447064e-05 
7.7158395604447064e-05 
7.7158395604447064e-05 
7.7158395604447064e-05 
7.7158395604447064e-05 
7.7158395604447064e-05 
7.7158395604447064e-05 
7.7158395604447064e-05 
7.7158395604447064e-05 
7.7158395604447064e-05 
7.7158395604447064e-05 
7.7158395604447064e-05 
7.7158395604447064e-05 
7.7158395604447064e-05 
7.7158395604447064e-05 
7.7158395604447064e-05 
7.7158395604447064e-05 
7.7158395604447064e-05 
7.7158395604447064e-05 
7.7158395604447064e-05 
7.7158395604447064e-05 
7.7158395604447064e-05 
7.7158395604447064e-05 
7.7158395604447064e-05 
7.7158395604447064e-05 
7.7158395604447064e-05 
7.7158395604447064e-05 
7.7158395604447064e-05 
7.7158395604447064e-05 
7.7158395604447064e-05 
7.7158395604447064e-05 
7.7158395604447064e-05 
7.7158395604447064e-05 
7.7158395604447064e-05 
7.7158395604447064e-05 
7.7158395604447064e-05 
7.7158395604447064e-05 
7.7158395604447064e-05 
7.7158395604447064e-05 
7.7158395604447064e-05 
7.7158395604447064e-05 
7.7158395604447064e-05 
7.7158395604447064e-05 
7.7158395604447064e-05 
7.7158395604447064e-05 
7.7158395604447064e-05 
7.7158395604447064e-05 
7.7158395604447064e-05 
7.7158395604447064e-05 
7.7158395604447064e-05 
7.7158395604447064e-05 
7.7158395604447064e-05 
7.7158395604447064e-05 
7.7158395604447064e-05 
7.7158395604447064e-05 
7.7158395604447064e-05 
7.7158395604447064e-05 
7.7158395604447064e-05 
7.7158395604447064e-05 
7.7158395604447064e-05 
7.7158395604447064e-05 
7.7158395604447064e-05 
7.7158395604447064e-05 
7.7158395604447064e-05 
7.7158395604447064e-05 
7.7158395604447064e-05 
7.7158395604447064e-05 
7.7158395604447064e-05 
7.7158395604447064e-05 
7.7158395604447064e-05 
7.7158395604447064e-05 
7.7158395604447064e-05 
7.7158395604447064e-05 
7.7158395604447064e-05 
7.7158395604447064e-05 
7.7158395604447064e-05 
7.7158395604447064e-05 
7.7158395604447064e-05 
7.7158395604447064e-05 
7.7158395604447064e-05 
7.7158395604447064e-05 
7.7158395604447064e-05 
7.7158395604447064e-05 
7.7158395604447064e-05 
7.7158395604447064e-05 
7.7158395604447064e-05 
7.7158395604447064e-05 
7.7158395604447064e-05 
7.7158395604447064e-05 
7.7158395604447064e-05 
7.7158395604447064e-05 
7.7158395604447064e-05 
7.7158395604447064e-05 
7.7158395604447064e-05 
7.7158395604447064e-05 
7.7158395604447064e-05 
7.7158395604447064e-05 
7.7158395604447064e-05 
7.7158395604447064e-05 
7.7158395604447064e-05 
7.7158395604447064e-05 
7.7158395604447064e-05 
7.7158395604447064e-05 
7.7158395604447064e-05 
7.7158395604447064e-05 
7.7158395604447064e-05 
7.7158395604447064e-05 
7.7158395604447064e-05 
7.7158395604447064e-05 
7.7158395604447064e-05 
7.7158395604447064e-05 
7.7158395604447064e-05 
7.7158395604447064e-05 
7.7158395604447064e-05 
7.7158395604447064e-05 
7.7158395604447064e-05 
7.7158395604447064e-05 
7.7158395604447064e-05 
7.7158395604447064e-05 
7.7158395604447064e-05 
7.7158395604447064e-05 
7.7158395604447064e-05 
7.7158395604447064e-05 
7.7158395604447064e-05 
7.7158395604447064e-05 
7.7158395604447064e-05 
7.7158395604447064e-05 
7.7158395604447064e-05 
7.7158395604447064e-05 
7.7158395604447064e-05 
7.7158395604447064e-05 
7.7158395604447064e-05 
7.7158395604447064e-05 
7.7158395604447064e-05 
7.7158395604447064e-05 
7.7158395604447064e-05 
7.7158395604447064e-05 
7.7158395604447064e-05 
7.7158395604447064e-05 
7.7158395604447064e-05 
7.7158395604447064e-05 
7.7158395604447064e-05 
7.7158395604447064e-05 
7.7158395604447064e-05 
7.7158395604447064e-05 
7.7158395604447064e-05 
7.7158395604447064e-05 
7.7158395604447064e-05 
7.7158395604447064e-05 
7.7158395604447064e-05 
7.7158395604447064e-05 
7.7158395604447064e-05 
7.7158395604447064e-05 
7.7158395604447064e-05 
7.7158395604447064e-05 
7.7158395604447064e-05 
7.7158395604447064e-05 
7.7158395604447064e-05 
7.7158395604447064e-05 
7.7158395604447064e-05 
7.7158395604447064e-05 
7.7158395604447064e-05 
7.7158395604447064e-05 
7.7158395604447064e-05 
7.7158395604447064e-05 
7.7158395604447064e-05 
7.7158395604447064e-05 
7.7158395604447064e-05 
7.7158395604447064e-05 
7.7158395604447064e-05 
7.7158395604447064e-05 
7.7158395604447064e-05 
7.7158395604447064e-05 
7.7158395604447064e-05 
7.7158395604447064e-05 
7.7158395604447064e-05 
7.7158395604447064e-05 
7.7158395604447064e-05 
7.7158395604447064e-05 
7.7158395604447064e-05 
7.7158395604447064e-05 
7.7158395604447064e-05 
7.7158395604447064e-05 
7.7158395604447064e-05 
7.7158395604447064e-05 
7.7158395604447064e-05 
7.7158395604447064e-05 
7.7158395604447064e-05 
7.7158395604447064e-05 
7.7158395604447064e-05 
7.7158395604447064e-05 
7.7158395604447064e-05 
7.7158395604447064e-05 
7.7158395604447064e-05 
7.7158395604447064e-05 
7.7158395604447064e-05 
7.7158395604447064e-05 
7.7158395604447064e-05 
7.7158395604447064e-05 
7.7158395604447064e-05 
7.7158395604447064e-05 
7.7158395604447064e-05 
7.7158395604447064e-05 
7.7158395604447064e-05 
7.7158395604447064e-05 
7.7158395604447064e-05 
7.7158395604447064e-05 
7.7158395604447064e-05 
7.7158395604447064e-05 
7.7158395604447064e-05 
7.7158395604447064e-05 
7.7158395604447064e-05 
7.7158395604447064e-05 
7.7158395604447064e-05 
7.7158395604447064e-05 
7.7158395604447064e-05 
7.7158395604447064e-05 
7.7158395604447064e-05 
7.7158395604447064e-05 
7.7158395604447064e-05 
7.7158395604447064e-05 
7.7158395604447064e-05 
7.7158395604447064e-05 
7.7158395604447064e-05 
7.7158395604447064e-05 
7.7158395604447064e-05 
7.7158395604447064e-05 
7.7158395604447064e-05 
7.7158395604447064e-05 
7.7158395604447064e-05 
7.7158395604447064e-05 
7.7158395604447064e-05 
7.7158395604447064e-05 
7.7158395604447064e-05 
7.7158395604447064e-05 
7.7158395604447064e-05 
7.7158395604447064e-05 
7.7158395604447064e-05 
7.7158395604447064e-05 
7.7158395604447064e-05 
7.7158395604447064e-05 
7.7158395604447064e-05 
7.7158395604447064e-05 
7.7158395604447064e-05 
7.7158395604447064e-05 
7.7158395604447064e-05 
7.7158395604447064e-05 
7.7158395604447064e-05 
7.7158395604447064e-05 
7.7158395604447064e-05 
7.7158395604447064e-05 
7.7158395604447064e-05 
7.7158395604447064e-05 
7.7158395604447064e-05 
7.7158395604447064e-05 
7.7158395604447064e-05 
7.7158395604447064e-05 
7.7158395604447064e-05 
7.7158395604447064e-05 
7.7158395604447064e-05 
7.7158395604447064e-05 
7.7158395604447064e-05 
7.7158395604447064e-05 
7.7158395604447064e-05 
7.7158395604447064e-05 
7.7158395604447064e-05 
7.7158395604447064e-05 
7.7158395604447064e-05 
7.7158395604447064e-05 
7.7158395604447064e-05 
7.7158395604447064e-05 
7.7158395604447064e-05 
7.7158395604447064e-05 
7.7158395604447064e-05 
7.7158395604447064e-05 
7.7158395604447064e-05 
7.7158395604447064e-05 
7.7158395604447064e-05 
7.7158395604447064e-05 
7.7158395604447064e-05 
7.7158395604447064e-05 
7.7158395604447064e-05 
7.7158395604447064e-05 
7.7158395604447064e-05 
7.7158395604447064e-05 
7.7158395604447064e-05 
7.7158395604447064e-05 
7.7158395604447064e-05 
7.7158395604447064e-05 
7.7158395604447064e-05 
7.7158395604447064e-05 
7.7158395604447064e-05 
7.7158395604447064e-05 
7.7158395604447064e-05 
7.7158395604447064e-05 
7.7158395604447064e-05 
7.7158395604447064e-05 
7.7158395604447064e-05 
7.7158395604447064e-05 
7.7158395604447064e-05 
7.7158395604447064e-05 
7.7158395604447064e-05 
7.7158395604447064e-05 
7.7158395604447064e-05 
7.7158395604447064e-05 
7.7158395604447064e-05 
7.7158395604447064e-05 
7.7158395604447064e-05 
7.7158395604447064e-05 
7.7158395604447064e-05 
7.7158395604447064e-05 
7.7158395604447064e-05 
7.7158395604447064e-05 
7.7158395604447064e-05 
7.7158395604447064e-05 
7.7158395604447064e-05 
7.7158395604447064e-05 
7.7158395604447064e-05 
7.7158395604447064e-05 
7.7158395604447064e-05 
7.7158395604447064e-05 
7.7158395604447064e-05 
7.7158395604447064e-05 
7.7158395604447064e-05 
7.7158395604447064e-05 
7.7158395604447064e-05 
7.7158395604447064e-05 
7.7158395604447064e-05 
7.7158395604447064e-05 
7.7158395604447064e-05 
7.7158395604447064e-05 
7.7158395604447064e-05 
7.7158395604447064e-05 
7.7158395604447064e-05 
7.7158395604447064e-05 
7.7158395604447064e-05 
7.7158395604447064e-05 
7.7158395604447064e-05 
7.7158395604447064e-05 
7.7158395604447064e-05 
7.7158395604447064e-05 
7.7158395604447064e-05 
7.7158395604447064e-05 
7.7158395604447064e-05 
7.7158395604447064e-05 
7.7158395604447064e-05 
7.7158395604447064e-05 
7.7158395604447064e-05 
7.7158395604447064e-05 
7.7158395604447064e-05 
7.7158395604447064e-05 
7.7158395604447064e-05 
7.7158395604447064e-05 
7.7158395604447064e-05 
7.7158395604447064e-05 
7.7158395604447064e-05 
7.7158395604447064e-05 
7.7158395604447064e-05 
7.7158395604447064e-05 
7.7158395604447064e-05 
7.7158395604447064e-05 
7.7158395604447064e-05 
7.7158395604447064e-05 
7.7158395604447064e-05 
7.7158395604447064e-05 
7.7158395604447064e-05 
7.7158395604447064e-05 
7.7158395604447064e-05 
7.7158395604447064e-05 
7.7158395604447064e-05 
7.7158395604447064e-05 
7.7158395604447064e-05 
7.7158395604447064e-05 
7.7158395604447064e-05 
