0.99271736480891859 
0.99271736480891859 
0.99271736480891859 
0.99248014983223731 
0.99248014983223731 
0.99005168689830625 
0.98469619439388112 
0.98185586800470426 
0.98152488099396629 
0.98152488099396629 
0.98152488099396629 
0.98152488099396629 
0.98135958873296014 
0.98135958873296014 
0.98135958873296014 
0.98135958873296014 
0.98135958873296014 
0.98135958873296014 
0.98135958873296014 
0.98135958873296014 
0.98135958873296014 
0.98135958873296014 
0.98135958873296014 
0.98135958873296014 
0.98135958873296014 
0.98135958873296014 
0.98135958873296014 
0.98135958873296014 
0.98135958873296014 
0.98135958873296014 
0.98135958873296014 
0.98135958873296014 
0.98135958873296014 
0.98135958873296014 
0.98135771045400311 
0.98135771045400311 
0.98135771045400311 
0.98135771045400311 
0.98135771045400311 
0.98135771045400311 
0.98135771045400311 
0.98135771045400311 
0.98135771045400311 
0.98135771045400311 
0.98135771045400311 
0.98135581491736723 
0.98135581491736723 
0.98135581491736723 
0.98135581491736723 
0.98135581491736723 
0.98135581491736723 
0.98135581491736723 
0.98135581491736723 
0.95320579991251275 
0.89979485342945409 
0.8469582904417301 
0.79482045342746921 
0.7435042439902122 
0.6931308124324661 
0.64381925175271304 
0.59568629683878926 
0.54884602961740936 
0.50340959090457693 
0.45948489968469075 
0.41717638052739692 
0.37658469983068232 
0.33780651155640551 
0.30093421310049595 
0.26605571191444322 
0.23325420346754766 
0.20260796111076074 
0.17419013837287733 
0.14806858418844326 
0.12430567152407956 
0.10295813983607971 
0.084076951757202645 
0.067707164374644746 
0.053887815424319641 
0.042651824688894835 
0.034025910848637375 
0.028030523995088097 
0.024679793978022002 
0.02398149471615918 
0.02398149471615918 
0.02398149471615918 
0.02398149471615918 
0.023914079867329741 
0.018213002670621092 
0.010286757084049802 
0.0050021610302752872 
0.0014899675629975739 
0.00023321932933673128 
0.00023321932933673128 
0.00023321932933673128 
0.00023321932933673128 
0.00023321932933673128 
0.00023321932933673128 
0.00023321932933673128 
0.00023321932933673128 
0.00023321932933673128 
0.00023307279604078968 
0.00023307279604078968 
0.00023222156102087332 
0.00023222156102087332 
0.00023222156102087332 
0.00023222156102087332 
0.00023222156102087332 
0.0002263458515552319 
0.0002263458515552319 
0.0002263458515552319 
0.00022408332206491632 
0.00021978602589523 
0.00021978602589523 
0.00021978602589523 
0.00021978602589523 
0.00021978602589523 
0.00021978602589523 
0.00021978602589523 
0.00021978602589523 
0.00021978602589523 
0.00021978602589523 
0.0002088935396582503 
2.5489114954146963e-05 
2.5489114954146963e-05 
2.5489114954146963e-05 
2.5489114954146963e-05 
2.5489114954146963e-05 
2.5489114954146963e-05 
2.5489114954146963e-05 
2.5489114954146963e-05 
2.5489114954146963e-05 
2.5489114954146963e-05 
2.5489114954146963e-05 
2.5489114954146963e-05 
2.5489114954146963e-05 
2.5489114954146963e-05 
1.0830882466006386e-05 
1.0830882466006386e-05 
1.0830882466006386e-05 
1.0830882466006386e-05 
1.0830882466006386e-05 
1.0830882466006386e-05 
1.0830882466006386e-05 
1.0830882466006386e-05 
8.000133164820511e-06 
8.000133164820511e-06 
8.000133164820511e-06 
8.000133164820511e-06 
8.000133164820511e-06 
8.000133164820511e-06 
8.000133164820511e-06 
5.5728546179967253e-06 
5.5728546179967253e-06 
5.5728546179967253e-06 
5.5728546179967253e-06 
5.5728546179967253e-06 
5.5728546179967253e-06 
5.5728546179967253e-06 
5.5728546179967253e-06 
5.5728546179967253e-06 
5.5728546179967253e-06 
5.5728546179967253e-06 
3.8758162855812017e-06 
3.8758162855812017e-06 
3.8758162855812017e-06 
3.8758162855812017e-06 
3.8758162855812017e-06 
3.8758162855812017e-06 
3.8758162855812017e-06 
3.8758162855812017e-06 
3.8758162855812017e-06 
3.8758162855812017e-06 
3.8758162855812017e-06 
3.8758162855812017e-06 
3.8758162855812017e-06 
3.8758162855812017e-06 
3.8758162855812017e-06 
3.8758162855812017e-06 
3.8758162855812017e-06 
3.8758162855812017e-06 
3.8758162855812017e-06 
3.8758162855812017e-06 
3.8758162855812017e-06 
3.8758162855812017e-06 
2.0220627903189126e-06 
2.0220627903189126e-06 
2.0220627903189126e-06 
2.0220627903189126e-06 
2.0220627903189126e-06 
2.0220627903189126e-06 
2.0220627903189126e-06 
2.0220627903189126e-06 
2.0220627903189126e-06 
2.0220627903189126e-06 
2.0220627903189126e-06 
2.0220627903189126e-06 
2.0220627903189126e-06 
2.0220627903189126e-06 
2.0220627903189126e-06 
1.9693887167715474e-06 
1.9693887167715474e-06 
1.9693887167715474e-06 
1.9693887167715474e-06 
1.9693887167715474e-06 
1.9693887167715474e-06 
1.9693887167715474e-06 
1.9693887167715474e-06 
1.9693887167715474e-06 
1.9693887167715474e-06 
1.9693887167715474e-06 
1.9693887167715474e-06 
1.9693887167715474e-06 
1.9693887167715474e-06 
1.9693887167715474e-06 
1.9693887167715474e-06 
1.9693887167715474e-06 
1.2379903505665979e-06 
1.2379903505665979e-06 
1.2379903505665979e-06 
1.2379903505665979e-06 
1.2379903505665979e-06 
1.2379903505665979e-06 
1.2379903505665979e-06 
1.2379903505665979e-06 
6.6844075252703306e-07 
6.6844075252703306e-07 
6.6844075252703306e-07 
6.6844075252703306e-07 
6.6844075252703306e-07 
6.6844075252703306e-07 
6.6844075252703306e-07 
6.6844075252703306e-07 
6.6844075252703306e-07 
6.6844075252703306e-07 
6.6844075252703306e-07 
6.6844075252703306e-07 
6.6844075252703306e-07 
6.6844075252703306e-07 
6.6844075252703306e-07 
6.6844075252703306e-07 
6.6844075252703306e-07 
6.6844075252703306e-07 
6.6844075252703306e-07 
6.6844075252703306e-07 
6.6844075252703306e-07 
6.6844075252703306e-07 
6.6844075252703306e-07 
6.6844075252703306e-07 
6.6844075252703306e-07 
6.6844075252703306e-07 
6.6844075252703306e-07 
6.6844075252703306e-07 
6.6844075252703306e-07 
6.6844075252703306e-07 
6.6844075252703306e-07 
6.6844075252703306e-07 
6.6844075252703306e-07 
6.6844075252703306e-07 
6.6844075252703306e-07 
6.6844075252703306e-07 
6.6844075252703306e-07 
6.6844075252703306e-07 
6.6844075252703306e-07 
6.6844075252703306e-07 
2.2808893085368709e-07 
2.2808893085368709e-07 
2.2808893085368709e-07 
2.2808893085368709e-07 
2.2808893085368709e-07 
2.2808893085368709e-07 
2.2808893085368709e-07 
2.2808893085368709e-07 
2.2808893085368709e-07 
2.2808893085368709e-07 
2.2808893085368709e-07 
2.2808893085368709e-07 
2.2808893085368709e-07 
2.2808893085368709e-07 
2.2808893085368709e-07 
2.2808893085368709e-07 
2.2808893085368709e-07 
2.2808893085368709e-07 
2.2808893085368709e-07 
2.2808893085368709e-07 
2.2808893085368709e-07 
2.2808893085368709e-07 
2.2808893085368709e-07 
2.2808893085368709e-07 
2.2808893085368709e-07 
2.2808893085368709e-07 
2.2808893085368709e-07 
2.2808893085368709e-07 
2.2808893085368709e-07 
2.2808893085368709e-07 
2.2808893085368709e-07 
2.2808893085368709e-07 
2.2808893085368709e-07 
2.2808893085368709e-07 
2.2808893085368709e-07 
2.2808893085368709e-07 
2.2808893085368709e-07 
2.2808893085368709e-07 
2.2808893085368709e-07 
2.2808893085368709e-07 
2.2808893085368709e-07 
2.2808893085368709e-07 
2.2808893085368709e-07 
2.2808893085368709e-07 
2.2808893085368709e-07 
2.2808893085368709e-07 
2.2808893085368709e-07 
2.2808893085368709e-07 
2.2808893085368709e-07 
2.2808893085368709e-07 
2.2808893085368709e-07 
2.2808893085368709e-07 
2.2808893085368709e-07 
2.2808893085368709e-07 
2.2808893085368709e-07 
2.2808893085368709e-07 
2.2808893085368709e-07 
2.2808893085368709e-07 
2.2808893085368709e-07 
2.2808893085368709e-07 
2.2808893085368709e-07 
2.2808893085368709e-07 
2.2808893085368709e-07 
2.2808893085368709e-07 
2.2808893085368709e-07 
2.2808893085368709e-07 
2.2808893085368709e-07 
2.2808893085368709e-07 
2.2808893085368709e-07 
2.2808893085368709e-07 
2.2808893085368709e-07 
2.2808893085368709e-07 
2.2808893085368709e-07 
2.2808893085368709e-07 
2.2808893085368709e-07 
2.2808893085368709e-07 
2.2808893085368709e-07 
2.2808893085368709e-07 
2.2808893085368709e-07 
2.2808893085368709e-07 
2.2808893085368709e-07 
2.2808893085368709e-07 
2.2808893085368709e-07 
2.2808893085368709e-07 
2.2808893085368709e-07 
2.2808893085368709e-07 
2.2808893085368709e-07 
2.2808893085368709e-07 
2.2808893085368709e-07 
2.2808893085368709e-07 
2.2808893085368709e-07 
2.2808893085368709e-07 
2.2808893085368709e-07 
2.2808893085368709e-07 
2.2808893085368709e-07 
2.2808893085368709e-07 
2.2808893085368709e-07 
2.2808893085368709e-07 
2.2808893085368709e-07 
2.2808893085368709e-07 
2.2808893085368709e-07 
2.2808893085368709e-07 
2.2808893085368709e-07 
2.2808893085368709e-07 
2.2808893085368709e-07 
2.2808893085368709e-07 
2.2808893085368709e-07 
2.2808893085368709e-07 
2.2808893085368709e-07 
2.2808893085368709e-07 
2.2808893085368709e-07 
2.2808893085368709e-07 
2.2808893085368709e-07 
2.2808893085368709e-07 
2.2808893085368709e-07 
2.2808893085368709e-07 
2.2808893085368709e-07 
2.2808893085368709e-07 
2.2808893085368709e-07 
2.2808893085368709e-07 
2.2808893085368709e-07 
2.2808893085368709e-07 
2.2808893085368709e-07 
2.2808893085368709e-07 
2.2808893085368709e-07 
2.2808893085368709e-07 
2.2808893085368709e-07 
2.2808893085368709e-07 
2.2808893085368709e-07 
2.2808893085368709e-07 
2.2808893085368709e-07 
2.2808893085368709e-07 
2.2808893085368709e-07 
2.2808893085368709e-07 
2.2808893085368709e-07 
2.2808893085368709e-07 
2.2808893085368709e-07 
2.2808893085368709e-07 
2.2808893085368709e-07 
2.2808893085368709e-07 
2.2808893085368709e-07 
2.2808893085368709e-07 
2.2808893085368709e-07 
2.2808893085368709e-07 
2.2808893085368709e-07 
2.2808893085368709e-07 
2.2808893085368709e-07 
2.2808893085368709e-07 
2.2808893085368709e-07 
2.2808893085368709e-07 
2.2808893085368709e-07 
2.2808893085368709e-07 
2.2808893085368709e-07 
2.2808893085368709e-07 
2.2808893085368709e-07 
2.2808893085368709e-07 
2.2808893085368709e-07 
2.2808893085368709e-07 
2.2808893085368709e-07 
2.2808893085368709e-07 
1.2424861561832756e-07 
1.2424861561832756e-07 
1.2424861561832756e-07 
1.2424861561832756e-07 
1.2424861561832756e-07 
1.2424861561832756e-07 
1.2424861561832756e-07 
1.2424861561832756e-07 
1.2424861561832756e-07 
1.2424861561832756e-07 
1.2424861561832756e-07 
1.2424861561832756e-07 
1.2424861561832756e-07 
1.2424861561832756e-07 
1.2424861561832756e-07 
1.2424861561832756e-07 
1.2424861561832756e-07 
1.2424861561832756e-07 
1.2424861561832756e-07 
1.2424861561832756e-07 
1.2424861561832756e-07 
1.2424861561832756e-07 
1.2424861561832756e-07 
1.2424861561832756e-07 
1.2424861561832756e-07 
1.2424861561832756e-07 
1.2424861561832756e-07 
1.2424861561832756e-07 
1.2424861561832756e-07 
1.2424861561832756e-07 
1.2424861561832756e-07 
1.2424861561832756e-07 
1.2424861561832756e-07 
1.2424861561832756e-07 
1.2424861561832756e-07 
1.2424861561832756e-07 
1.2424861561832756e-07 
1.2424861561832756e-07 
1.2424861561832756e-07 
1.2424861561832756e-07 
1.2424861561832756e-07 
1.2424861561832756e-07 
1.2424861561832756e-07 
1.2424861561832756e-07 
1.2424861561832756e-07 
1.2424861561832756e-07 
1.2424861561832756e-07 
1.2424861561832756e-07 
1.2424861561832756e-07 
1.2424861561832756e-07 
1.2424861561832756e-07 
1.2424861561832756e-07 
1.2424861561832756e-07 
1.2424861561832756e-07 
1.2424861561832756e-07 
1.2424861561832756e-07 
1.2424861561832756e-07 
1.2424861561832756e-07 
1.2424861561832756e-07 
1.2424861561832756e-07 
1.2424861561832756e-07 
1.2424861561832756e-07 
9.5028062085944498e-09 
9.5028062085944498e-09 
9.5028062085944498e-09 
9.5028062085944498e-09 
9.5028062085944498e-09 
9.5028062085944498e-09 
9.5028062085944498e-09 
9.5028062085944498e-09 
9.5028062085944498e-09 
9.5028062085944498e-09 
9.5028062085944498e-09 
9.5028062085944498e-09 
9.5028062085944498e-09 
9.5028062085944498e-09 
9.5028062085944498e-09 
9.5028062085944498e-09 
9.5028062085944498e-09 
9.5028062085944498e-09 
9.5028062085944498e-09 
9.5028062085944498e-09 
9.5028062085944498e-09 
9.5028062085944498e-09 
9.5028062085944498e-09 
9.5028062085944498e-09 
9.5028062085944498e-09 
9.5028062085944498e-09 
9.5028062085944498e-09 
9.5028062085944498e-09 
9.5028062085944498e-09 
9.5028062085944498e-09 
9.5028062085944498e-09 
9.5028062085944498e-09 
9.5028062085944498e-09 
9.5028062085944498e-09 
9.5028062085944498e-09 
9.5028062085944498e-09 
9.5028062085944498e-09 
9.5028062085944498e-09 
9.5028062085944498e-09 
9.5028062085944498e-09 
9.5028062085944498e-09 
9.5028062085944498e-09 
9.5028062085944498e-09 
9.5028062085944498e-09 
9.5028062085944498e-09 
9.5028062085944498e-09 
9.5028062085944498e-09 
9.5028062085944498e-09 
9.5028062085944498e-09 
9.5028062085944498e-09 
6.7577706763799483e-09 
6.7577706763799483e-09 
6.7577706763799483e-09 
6.7577706763799483e-09 
6.7577706763799483e-09 
6.7577706763799483e-09 
6.7577706763799483e-09 
6.7577706763799483e-09 
6.7577706763799483e-09 
6.7577706763799483e-09 
6.7577706763799483e-09 
6.7577706763799483e-09 
6.7577706763799483e-09 
6.7577706763799483e-09 
6.7577706763799483e-09 
6.7577706763799483e-09 
6.7577706763799483e-09 
6.7577706763799483e-09 
6.7577706763799483e-09 
6.7577706763799483e-09 
6.7577706763799483e-09 
6.7577706763799483e-09 
6.7577706763799483e-09 
6.7577706763799483e-09 
6.7577706763799483e-09 
6.7577706763799483e-09 
6.7577706763799483e-09 
6.7577706763799483e-09 
6.7577706763799483e-09 
6.7577706763799483e-09 
6.7577706763799483e-09 
6.7577706763799483e-09 
6.7577706763799483e-09 
6.7577706763799483e-09 
6.7577706763799483e-09 
6.7577706763799483e-09 
6.7577706763799483e-09 
6.7577706763799483e-09 
6.7577706763799483e-09 
6.7577706763799483e-09 
6.7577706763799483e-09 
6.7577706763799483e-09 
6.7577706763799483e-09 
6.7577706763799483e-09 
6.7577706763799483e-09 
6.7577706763799483e-09 
6.7577706763799483e-09 
6.7577706763799483e-09 
6.7577706763799483e-09 
6.7577706763799483e-09 
6.7577706763799483e-09 
6.7577706763799483e-09 
6.7577706763799483e-09 
6.7577706763799483e-09 
6.7577706763799483e-09 
6.7577706763799483e-09 
6.7577706763799483e-09 
6.7577706763799483e-09 
6.7577706763799483e-09 
6.7577706763799483e-09 
6.7577706763799483e-09 
6.7577706763799483e-09 
6.7577706763799483e-09 
6.7577706763799483e-09 
6.7577706763799483e-09 
6.7577706763799483e-09 
6.7577706763799483e-09 
6.7577706763799483e-09 
6.7577706763799483e-09 
6.7577706763799483e-09 
6.7577706763799483e-09 
6.7577706763799483e-09 
6.7577706763799483e-09 
6.7577706763799483e-09 
6.7577706763799483e-09 
6.7577706763799483e-09 
6.7577706763799483e-09 
6.7577706763799483e-09 
6.7577706763799483e-09 
6.7577706763799483e-09 
6.7577706763799483e-09 
6.7577706763799483e-09 
6.7577706763799483e-09 
6.7577706763799483e-09 
6.7577706763799483e-09 
6.7577706763799483e-09 
6.7577706763799483e-09 
6.7577706763799483e-09 
6.7577706763799483e-09 
6.7577706763799483e-09 
6.7577706763799483e-09 
6.7577706763799483e-09 
6.7577706763799483e-09 
6.7577706763799483e-09 
6.7577706763799483e-09 
6.7577706763799483e-09 
6.7577706763799483e-09 
6.7577706763799483e-09 
6.7577706763799483e-09 
6.7577706763799483e-09 
6.7577706763799483e-09 
6.7577706763799483e-09 
6.7577706763799483e-09 
6.7577706763799483e-09 
6.7577706763799483e-09 
6.7577706763799483e-09 
6.7577706763799483e-09 
6.7577706763799483e-09 
6.7577706763799483e-09 
6.7577706763799483e-09 
6.7577706763799483e-09 
6.7577706763799483e-09 
6.7577706763799483e-09 
6.7577706763799483e-09 
6.7577706763799483e-09 
6.7577706763799483e-09 
6.7577706763799483e-09 
6.7577706763799483e-09 
6.7577706763799483e-09 
6.7577706763799483e-09 
6.7577706763799483e-09 
6.7577706763799483e-09 
6.7577706763799483e-09 
6.7577706763799483e-09 
6.7577706763799483e-09 
6.7577706763799483e-09 
6.7577706763799483e-09 
6.7577706763799483e-09 
6.7577706763799483e-09 
6.7577706763799483e-09 
6.7577706763799483e-09 
6.7577706763799483e-09 
6.7577706763799483e-09 
6.7577706763799483e-09 
6.7577706763799483e-09 
6.7577706763799483e-09 
6.7577706763799483e-09 
6.7577706763799483e-09 
6.7577706763799483e-09 
6.7577706763799483e-09 
6.7577706763799483e-09 
6.7577706763799483e-09 
6.7577706763799483e-09 
6.7577706763799483e-09 
6.7577706763799483e-09 
6.7577706763799483e-09 
6.7577706763799483e-09 
6.7577706763799483e-09 
6.7577706763799483e-09 
6.7577706763799483e-09 
6.7577706763799483e-09 
6.7577706763799483e-09 
6.7577706763799483e-09 
6.7577706763799483e-09 
6.7577706763799483e-09 
6.7577706763799483e-09 
6.7577706763799483e-09 
6.7577706763799483e-09 
6.7577706763799483e-09 
6.7577706763799483e-09 
6.7577706763799483e-09 
6.7577706763799483e-09 
6.7577706763799483e-09 
6.7577706763799483e-09 
6.7577706763799483e-09 
6.7577706763799483e-09 
6.7577706763799483e-09 
6.7577706763799483e-09 
6.7577706763799483e-09 
6.7577706763799483e-09 
6.7577706763799483e-09 
6.7577706763799483e-09 
6.7577706763799483e-09 
6.7577706763799483e-09 
6.7577706763799483e-09 
6.7577706763799483e-09 
6.7577706763799483e-09 
6.7577706763799483e-09 
6.7577706763799483e-09 
6.7577706763799483e-09 
6.7577706763799483e-09 
6.7577706763799483e-09 
6.7577706763799483e-09 
6.7577706763799483e-09 
6.7577706763799483e-09 
6.7577706763799483e-09 
6.7577706763799483e-09 
6.7577706763799483e-09 
6.7577706763799483e-09 
6.7577706763799483e-09 
6.7577706763799483e-09 
6.7577706763799483e-09 
6.7577706763799483e-09 
6.7577706763799483e-09 
6.7577706763799483e-09 
6.7577706763799483e-09 
6.7577706763799483e-09 
6.7577706763799483e-09 
6.7577706763799483e-09 
6.7577706763799483e-09 
6.7577706763799483e-09 
6.7577706763799483e-09 
6.7577706763799483e-09 
6.7577706763799483e-09 
6.7577706763799483e-09 
6.7577706763799483e-09 
6.7577706763799483e-09 
6.7577706763799483e-09 
6.7577706763799483e-09 
6.7577706763799483e-09 
6.7577706763799483e-09 
6.7577706763799483e-09 
6.7577706763799483e-09 
6.7577706763799483e-09 
6.7577706763799483e-09 
6.7577706763799483e-09 
6.7577706763799483e-09 
6.7577706763799483e-09 
6.7577706763799483e-09 
6.7577706763799483e-09 
6.7577706763799483e-09 
6.7577706763799483e-09 
6.7577706763799483e-09 
6.7577706763799483e-09 
6.7577706763799483e-09 
6.7577706763799483e-09 
6.7577706763799483e-09 
6.7577706763799483e-09 
6.7577706763799483e-09 
6.7577706763799483e-09 
6.7577706763799483e-09 
6.7577706763799483e-09 
6.7577706763799483e-09 
6.7577706763799483e-09 
6.7577706763799483e-09 
6.7577706763799483e-09 
6.7577706763799483e-09 
6.7577706763799483e-09 
6.7577706763799483e-09 
6.7577706763799483e-09 
6.7577706763799483e-09 
6.7577706763799483e-09 
6.7577706763799483e-09 
6.7577706763799483e-09 
6.7577706763799483e-09 
6.7577706763799483e-09 
6.7577706763799483e-09 
6.7577706763799483e-09 
6.7577706763799483e-09 
6.7577706763799483e-09 
6.7577706763799483e-09 
6.7577706763799483e-09 
6.7577706763799483e-09 
6.7577706763799483e-09 
6.7577706763799483e-09 
6.7577706763799483e-09 
6.7577706763799483e-09 
6.7577706763799483e-09 
6.7577706763799483e-09 
6.7577706763799483e-09 
6.7577706763799483e-09 
6.7577706763799483e-09 
6.7577706763799483e-09 
6.7577706763799483e-09 
6.7577706763799483e-09 
6.7577706763799483e-09 
6.7577706763799483e-09 
6.7577706763799483e-09 
6.7577706763799483e-09 
6.7577706763799483e-09 
6.7577706763799483e-09 
6.7577706763799483e-09 
6.7577706763799483e-09 
6.7577706763799483e-09 
6.7577706763799483e-09 
6.7577706763799483e-09 
6.7577706763799483e-09 
6.7577706763799483e-09 
6.7577706763799483e-09 
6.7577706763799483e-09 
6.7577706763799483e-09 
6.7577706763799483e-09 
6.7577706763799483e-09 
6.7577706763799483e-09 
6.7577706763799483e-09 
6.7577706763799483e-09 
6.7577706763799483e-09 
6.7577706763799483e-09 
6.7577706763799483e-09 
6.7577706763799483e-09 
6.7577706763799483e-09 
6.7577706763799483e-09 
6.7577706763799483e-09 
6.7577706763799483e-09 
6.7577706763799483e-09 
6.7577706763799483e-09 
6.7577706763799483e-09 
6.7577706763799483e-09 
6.7577706763799483e-09 
6.7577706763799483e-09 
6.7577706763799483e-09 
6.7577706763799483e-09 
6.7577706763799483e-09 
6.7577706763799483e-09 
6.7577706763799483e-09 
6.7577706763799483e-09 
6.7577706763799483e-09 
6.7577706763799483e-09 
6.7577706763799483e-09 
6.7577706763799483e-09 
6.7577706763799483e-09 
6.7577706763799483e-09 
6.7577706763799483e-09 
6.7577706763799483e-09 
6.7577706763799483e-09 
6.7577706763799483e-09 
6.7577706763799483e-09 
6.7577706763799483e-09 
6.7577706763799483e-09 
6.7577706763799483e-09 
6.7577706763799483e-09 
6.7577706763799483e-09 
6.7577706763799483e-09 
6.7577706763799483e-09 
6.7577706763799483e-09 
6.7577706763799483e-09 
6.7577706763799483e-09 
6.7577706763799483e-09 
6.7577706763799483e-09 
6.7577706763799483e-09 
6.7577706763799483e-09 
6.7577706763799483e-09 
6.7577706763799483e-09 
6.7577706763799483e-09 
6.7577706763799483e-09 
6.7577706763799483e-09 
6.7577706763799483e-09 
6.7577706763799483e-09 
6.7577706763799483e-09 
6.7577706763799483e-09 
6.7577706763799483e-09 
6.7577706763799483e-09 
6.7577706763799483e-09 
6.7577706763799483e-09 
6.7577706763799483e-09 
6.7577706763799483e-09 
6.7577706763799483e-09 
6.7577706763799483e-09 
6.7577706763799483e-09 
6.7577706763799483e-09 
6.7577706763799483e-09 
6.7577706763799483e-09 
6.7577706763799483e-09 
6.7577706763799483e-09 
6.7577706763799483e-09 
6.7577706763799483e-09 
6.7577706763799483e-09 
6.7577706763799483e-09 
6.7577706763799483e-09 
6.7577706763799483e-09 
6.7577706763799483e-09 
6.7577706763799483e-09 
6.7577706763799483e-09 
6.7577706763799483e-09 
6.7577706763799483e-09 
6.7577706763799483e-09 
6.7577706763799483e-09 
6.7577706763799483e-09 
6.7577706763799483e-09 
6.7577706763799483e-09 
6.7577706763799483e-09 
6.7577706763799483e-09 
6.7577706763799483e-09 
6.7577706763799483e-09 
6.7577706763799483e-09 
6.7577706763799483e-09 
6.7577706763799483e-09 
6.7577706763799483e-09 
6.7577706763799483e-09 
6.7577706763799483e-09 
6.7577706763799483e-09 
6.7577706763799483e-09 
6.7577706763799483e-09 
6.7577706763799483e-09 
6.7577706763799483e-09 
6.7577706763799483e-09 
6.7577706763799483e-09 
6.7577706763799483e-09 
6.7577706763799483e-09 
6.7577706763799483e-09 
6.7577706763799483e-09 
6.7577706763799483e-09 
6.7577706763799483e-09 
6.7577706763799483e-09 
6.7577706763799483e-09 
1.2898838663844003e-09 
1.2898838663844003e-09 
1.2898838663844003e-09 
1.2898838663844003e-09 
1.2898838663844003e-09 
1.2898838663844003e-09 
1.2898838663844003e-09 
1.2898838663844003e-09 
1.2898838663844003e-09 
1.2898838663844003e-09 
1.2898838663844003e-09 
1.2898838663844003e-09 
1.2898838663844003e-09 
1.2898838663844003e-09 
1.2898838663844003e-09 
1.2898838663844003e-09 
1.2898838663844003e-09 
1.2898838663844003e-09 
1.2898838663844003e-09 
1.2898838663844003e-09 
1.2898838663844003e-09 
1.2898838663844003e-09 
1.2898838663844003e-09 
1.2898838663844003e-09 
1.2898838663844003e-09 
1.2898838663844003e-09 
1.2898838663844003e-09 
1.2898838663844003e-09 
1.2898838663844003e-09 
1.2898838663844003e-09 
1.2898838663844003e-09 
1.2898838663844003e-09 
1.2898838663844003e-09 
1.2898838663844003e-09 
1.2898838663844003e-09 
1.2898838663844003e-09 
1.2898838663844003e-09 
1.2898838663844003e-09 
1.2898838663844003e-09 
1.2898838663844003e-09 
1.2898838663844003e-09 
1.2898838663844003e-09 
1.2898838663844003e-09 
1.2898838663844003e-09 
1.2898838663844003e-09 
1.2898838663844003e-09 
1.2898838663844003e-09 
1.2898838663844003e-09 
1.2898838663844003e-09 
1.2898838663844003e-09 
1.2898838663844003e-09 
1.2898838663844003e-09 
1.2898838663844003e-09 
1.2898838663844003e-09 
1.2898838663844003e-09 
1.2898838663844003e-09 
1.2898838663844003e-09 
1.2898838663844003e-09 
1.2898838663844003e-09 
1.2898838663844003e-09 
1.2898838663844003e-09 
1.2898838663844003e-09 
1.2898838663844003e-09 
1.2898838663844003e-09 
1.2898838663844003e-09 
1.2898838663844003e-09 
1.2898838663844003e-09 
1.2898838663844003e-09 
1.2898838663844003e-09 
