0.48241098653441417 
0.44581429498609271 
0.41534788815886148 
0.39105196058883973 
0.37296679352908507 
0.3611327549495934 
0.35559029953730009 
0.35559029953730009 
0.35559029953730009 
0.35545550446168978 
0.35541991319587907 
0.35541991319587907 
0.35541991319587907 
0.35541991319587907 
0.3551501546503848 
0.3551501546503848 
0.3551501546503848 
0.3551501546503848 
0.3551501546503848 
0.3551501546503848 
0.3551501546503848 
0.3551501546503848 
0.3551501546503848 
0.3551501546503848 
0.3551501546503848 
0.3551501546503848 
0.3551501546503848 
0.3551501546503848 
0.3551501546503848 
0.3551501546503848 
0.3551501546503848 
0.3551501546503848 
0.3551501546503848 
0.3551501546503848 
0.3551501546503848 
0.3551501546503848 
0.3551501546503848 
0.3551501546503848 
0.3551501546503848 
0.3551501546503848 
0.3551501546503848 
0.3551501546503848 
0.3551501546503848 
0.33181414589455521 
0.30886435641351018 
0.28808641522991568 
0.26937103446918592 
0.25261171272702043 
0.23770473506940326 
0.22454917303260435 
0.21304688462317864 
0.20310251431796505 
0.19462349306408827 
0.18752003827895874 
0.18170515385027058 
0.17709463013600418 
0.17360704396442397 
0.17116375863408009 
0.16968892391380755 
0.16910947604272625 
0.16910947604272625 
0.16910947604272625 
0.16910947604272625 
0.16910947604272625 
0.16910947604272625 
0.16910947604272625 
0.16910947604272625 
0.16910947604272625 
0.16910947604272625 
0.16910947604272625 
0.15371545008497964 
0.15371545008497964 
0.15365242355486758 
0.14649139983204423 
0.14157251093507675 
0.13887076243779634 
0.13836125432766141 
0.13836125432766141 
0.13836125432766141 
0.13533608340436262 
0.13208706766077732 
0.13036000928067951 
0.13027484041678566 
0.13027484041678566 
0.13027484041678566 
0.12962517440751156 
0.12658737610386073 
0.12370576895679379 
0.12099345492313764 
0.11846511229411667 
0.11613699569535274 
0.11402693608686509 
0.11215434076307043 
0.11054019335278287 
0.1088478292990545 
0.10551373686312238 
0.10231658479138292 
0.099251500814423424 
0.096314673349015459 
0.093503351498114978 
0.090815845050861765 
0.087892340763544782 
0.084082320132648991 
0.080549871810457377 
0.07727532465309947 
0.074239680724023011 
0.071424615293994048 
0.068812476841096842 
0.06638628705073385 
0.064129740815625808 
0.062027206235811712 
0.060063724618648812 
0.058225010478812594 
0.056497451538296807 
0.054868108726413449 
0.053324716179792758 
0.051855681242383163 
0.050303374443159722 
0.048718174465236859 
0.04719278879216586 
0.045718132748943749 
0.044204576595666747 
0.042733553863645656 
0.041340149419139764 
0.040030039342491081 
0.038527725681239314 
0.036561313261863834 
0.034783102557428981 
0.033215512623948569 
0.031882010325751706 
0.030807110335482876 
0.030016375134101821 
0.029341277828936935 
0.028632199921424711 
0.028230659024567676 
0.028163975693008703 
0.027855640612165181 
0.027444630948867708 
0.027080661859828735 
0.026765940149547571 
0.026502780582248246 
0.026017359729704748 
0.025210065758510043 
0.024426573380993924 
0.023666103753993341 
0.022927919862337651 
0.02221132651884861 
0.021515670364339851 
0.020292315471614874 
0.018929683538636027 
0.017683583365831271 
0.016549773289496104 
0.015524075483775279 
0.01460237596066279 
0.013778878700049266 
0.012528657215209921 
0.011486068861678501 
0.010639558412163404 
0.0099778273501166317 
0.0094898338697338731 
0.0089103842260651062 
0.008306859321314532 
0.0078102304624041181 
0.0074106734166079673 
0.0070639609220371317 
0.0064440488786919343 
0.0058568235006790526 
0.0053061302194434461 
0.0047960445738915152 
0.004207387141845622 
0.0036603991900505035 
0.0033492639177261914 
0.0030294476028679316 
0.0027272191887805939 
0.0025278146899002109 
0.00244209612755256 
0.00244209612755256 
0.0022754128271717531 
0.0018924357058064613 
0.0015389032704286021 
0.0012304872189380154 
0.00096387255283014695 
0.00073601709253498298 
0.00054415147741734328 
0.00038577916577651182 
0.00025867643484657823 
0.00016089238079620993 
8.9716225131192381e-05 
2.9482728762121734e-05 
6.5531814333669881e-06 
6.5531814333669881e-06 
6.5531814333669881e-06 
6.5531814333669881e-06 
6.5531814333669881e-06 
6.5531814333669881e-06 
6.5531814333669881e-06 
6.5531814333669881e-06 
6.5531814333669881e-06 
4.7911040187905296e-06 
4.7911040187905296e-06 
3.8470281147295875e-06 
3.602719711849385e-06 
3.602719711849385e-06 
3.602719711849385e-06 
2.2346231400746162e-06 
2.2346231400746162e-06 
2.2346231400746162e-06 
2.2346231400746162e-06 
2.2346231400746162e-06 
2.2346231400746162e-06 
2.2346231400746162e-06 
2.1188364405119298e-06 
1.2836575381688878e-06 
1.2836575381688878e-06 
1.2836575381688878e-06 
1.2836575381688878e-06 
1.0332869418579888e-06 
1.0332869418579888e-06 
1.0332869418579888e-06 
1.0332869418579888e-06 
1.0332869418579888e-06 
1.0332869418579888e-06 
1.0332869418579888e-06 
1.0332869418579888e-06 
1.0332869418579888e-06 
1.0332869418579888e-06 
8.1154410805044536e-07 
8.1154410805044536e-07 
8.1154410805044536e-07 
8.1154410805044536e-07 
8.1154410805044536e-07 
8.1154410805044536e-07 
8.1154410805044536e-07 
8.1154410805044536e-07 
8.1154410805044536e-07 
8.1154410805044536e-07 
8.1154410805044536e-07 
5.9278725119585486e-07 
3.5633592640466032e-07 
3.5633592640466032e-07 
3.5633592640466032e-07 
3.5633592640466032e-07 
3.5633592640466032e-07 
3.5633592640466032e-07 
3.5633592640466032e-07 
3.5633592640466032e-07 
3.5633592640466032e-07 
3.5633592640466032e-07 
2.3275769272470725e-08 
2.3275769272470725e-08 
2.3275769272470725e-08 
2.3275769272470725e-08 
2.3275769272470725e-08 
2.3275769272470725e-08 
2.3275769272470725e-08 
2.3275769272470725e-08 
2.3275769272470725e-08 
2.3275769272470725e-08 
2.3275769272470725e-08 
2.3275769272470725e-08 
2.3275769272470725e-08 
2.3275769272470725e-08 
2.3275769272470725e-08 
2.3275769272470725e-08 
2.3275769272470725e-08 
2.3275769272470725e-08 
2.3275769272470725e-08 
2.3275769272470725e-08 
2.3275769272470725e-08 
2.3275769272470725e-08 
2.3275769272470725e-08 
2.3275769272470725e-08 
2.3275769272470725e-08 
2.3275769272470725e-08 
2.3275769272470725e-08 
2.3275769272470725e-08 
2.3275769272470725e-08 
2.3275769272470725e-08 
2.3275769272470725e-08 
2.3275769272470725e-08 
2.3275769272470725e-08 
2.3275769272470725e-08 
2.3275769272470725e-08 
2.3275769272470725e-08 
2.3275769272470725e-08 
2.3275769272470725e-08 
2.3275769272470725e-08 
2.3275769272470725e-08 
2.3275769272470725e-08 
2.3275769272470725e-08 
2.3095565029573514e-08 
2.3095565029573514e-08 
2.3095565029573514e-08 
2.3095565029573514e-08 
2.3095565029573514e-08 
2.3095565029573514e-08 
2.3095565029573514e-08 
2.3095565029573514e-08 
2.3095565029573514e-08 
2.3095565029573514e-08 
2.3095565029573514e-08 
2.3095565029573514e-08 
2.3095565029573514e-08 
2.3095565029573514e-08 
2.3095565029573514e-08 
2.3095565029573514e-08 
2.3095565029573514e-08 
2.3095565029573514e-08 
2.3095565029573514e-08 
2.3095565029573514e-08 
2.3095565029573514e-08 
2.3095565029573514e-08 
2.3095565029573514e-08 
5.8970522109201902e-09 
5.8970522109201902e-09 
5.8970522109201902e-09 
5.8970522109201902e-09 
5.8970522109201902e-09 
5.8970522109201902e-09 
5.8970522109201902e-09 
5.8970522109201902e-09 
5.8970522109201902e-09 
5.8970522109201902e-09 
5.8970522109201902e-09 
5.8970522109201902e-09 
5.8970522109201902e-09 
5.8970522109201902e-09 
5.8970522109201902e-09 
5.8970522109201902e-09 
5.8970522109201902e-09 
5.8970522109201902e-09 
5.8970522109201902e-09 
5.8970522109201902e-09 
5.8970522109201902e-09 
5.8970522109201902e-09 
5.8970522109201902e-09 
5.8970522109201902e-09 
5.8970522109201902e-09 
5.8970522109201902e-09 
5.8970522109201902e-09 
5.8970522109201902e-09 
5.8970522109201902e-09 
5.8970522109201902e-09 
5.8970522109201902e-09 
5.8970522109201902e-09 
5.8970522109201902e-09 
5.8970522109201902e-09 
5.8970522109201902e-09 
5.8970522109201902e-09 
5.8970522109201902e-09 
5.8970522109201902e-09 
5.8970522109201902e-09 
5.8970522109201902e-09 
5.8970522109201902e-09 
5.8970522109201902e-09 
5.8970522109201902e-09 
5.8970522109201902e-09 
5.8970522109201902e-09 
5.8970522109201902e-09 
5.8970522109201902e-09 
5.8970522109201902e-09 
5.8970522109201902e-09 
5.8970522109201902e-09 
5.8970522109201902e-09 
5.8970522109201902e-09 
5.8970522109201902e-09 
5.8970522109201902e-09 
5.8970522109201902e-09 
5.8970522109201902e-09 
5.8970522109201902e-09 
5.8970522109201902e-09 
5.8970522109201902e-09 
5.8970522109201902e-09 
5.8970522109201902e-09 
5.8970522109201902e-09 
5.8970522109201902e-09 
5.8970522109201902e-09 
5.8970522109201902e-09 
5.8970522109201902e-09 
5.8970522109201902e-09 
5.8970522109201902e-09 
5.8970522109201902e-09 
5.8970522109201902e-09 
5.8970522109201902e-09 
5.8970522109201902e-09 
5.8970522109201902e-09 
5.8970522109201902e-09 
5.8970522109201902e-09 
5.8970522109201902e-09 
5.8970522109201902e-09 
5.8970522109201902e-09 
5.8970522109201902e-09 
5.8970522109201902e-09 
5.8970522109201902e-09 
5.8970522109201902e-09 
5.8970522109201902e-09 
5.8970522109201902e-09 
5.8970522109201902e-09 
5.8970522109201902e-09 
5.8970522109201902e-09 
5.8970522109201902e-09 
5.8970522109201902e-09 
5.8970522109201902e-09 
5.8970522109201902e-09 
4.3479408164999632e-09 
4.3479408164999632e-09 
4.3479408164999632e-09 
4.3479408164999632e-09 
4.3479408164999632e-09 
4.3479408164999632e-09 
4.3479408164999632e-09 
4.3479408164999632e-09 
4.3479408164999632e-09 
4.3479408164999632e-09 
4.3479408164999632e-09 
4.3479408164999632e-09 
4.3479408164999632e-09 
4.3479408164999632e-09 
4.3479408164999632e-09 
4.3479408164999632e-09 
4.3479408164999632e-09 
4.3479408164999632e-09 
4.3479408164999632e-09 
4.3479408164999632e-09 
4.3479408164999632e-09 
4.3479408164999632e-09 
4.3479408164999632e-09 
4.3479408164999632e-09 
4.3479408164999632e-09 
4.3479408164999632e-09 
4.3479408164999632e-09 
4.3479408164999632e-09 
4.3479408164999632e-09 
4.3479408164999632e-09 
4.3479408164999632e-09 
4.3479408164999632e-09 
4.3479408164999632e-09 
4.3479408164999632e-09 
4.3479408164999632e-09 
4.3479408164999632e-09 
4.3479408164999632e-09 
4.3479408164999632e-09 
4.3479408164999632e-09 
4.3479408164999632e-09 
4.3479408164999632e-09 
4.3479408164999632e-09 
4.3479408164999632e-09 
4.3479408164999632e-09 
4.3479408164999632e-09 
4.3479408164999632e-09 
4.3479408164999632e-09 
4.3479408164999632e-09 
4.3479408164999632e-09 
4.3479408164999632e-09 
4.3479408164999632e-09 
4.3479408164999632e-09 
4.3479408164999632e-09 
4.3479408164999632e-09 
4.3479408164999632e-09 
4.3479408164999632e-09 
4.3479408164999632e-09 
4.3479408164999632e-09 
4.3479408164999632e-09 
4.3479408164999632e-09 
4.3479408164999632e-09 
4.3479408164999632e-09 
4.3479408164999632e-09 
4.3479408164999632e-09 
4.3479408164999632e-09 
4.3479408164999632e-09 
4.3479408164999632e-09 
4.3479408164999632e-09 
4.3479408164999632e-09 
4.3479408164999632e-09 
4.3479408164999632e-09 
4.3479408164999632e-09 
4.3479408164999632e-09 
4.3479408164999632e-09 
4.3479408164999632e-09 
4.3479408164999632e-09 
4.3479408164999632e-09 
4.3479408164999632e-09 
4.3479408164999632e-09 
4.3479408164999632e-09 
4.3479408164999632e-09 
4.3479408164999632e-09 
4.3479408164999632e-09 
4.3479408164999632e-09 
4.3479408164999632e-09 
4.3479408164999632e-09 
4.3479408164999632e-09 
4.3479408164999632e-09 
4.3479408164999632e-09 
4.3479408164999632e-09 
4.3479408164999632e-09 
4.3479408164999632e-09 
4.3479408164999632e-09 
4.3479408164999632e-09 
4.3479408164999632e-09 
4.3479408164999632e-09 
4.3479408164999632e-09 
4.3479408164999632e-09 
4.3479408164999632e-09 
4.2195555791140102e-09 
4.2195555791140102e-09 
4.2195555791140102e-09 
4.2195555791140102e-09 
4.2195555791140102e-09 
4.2195555791140102e-09 
4.2195555791140102e-09 
4.2195555791140102e-09 
4.2195555791140102e-09 
4.2195555791140102e-09 
4.2195555791140102e-09 
4.2195555791140102e-09 
4.2195555791140102e-09 
4.2195555791140102e-09 
4.2195555791140102e-09 
4.2195555791140102e-09 
4.2195555791140102e-09 
4.2195555791140102e-09 
4.2195555791140102e-09 
4.2195555791140102e-09 
4.2195555791140102e-09 
4.2195555791140102e-09 
4.2195555791140102e-09 
4.2195555791140102e-09 
4.2195555791140102e-09 
4.2195555791140102e-09 
4.2195555791140102e-09 
4.2195555791140102e-09 
4.2195555791140102e-09 
4.2195555791140102e-09 
4.2195555791140102e-09 
4.2195555791140102e-09 
4.2195555791140102e-09 
4.2195555791140102e-09 
4.2195555791140102e-09 
4.2195555791140102e-09 
4.2195555791140102e-09 
4.2195555791140102e-09 
4.2195555791140102e-09 
4.2195555791140102e-09 
4.2195555791140102e-09 
4.2195555791140102e-09 
4.2195555791140102e-09 
4.2195555791140102e-09 
4.2195555791140102e-09 
4.2195555791140102e-09 
4.2195555791140102e-09 
4.2195555791140102e-09 
4.2195555791140102e-09 
4.2195555791140102e-09 
7.6061087658696761e-10 
7.6061087658696761e-10 
7.6061087658696761e-10 
7.6061087658696761e-10 
7.6061087658696761e-10 
7.6061087658696761e-10 
7.6061087658696761e-10 
7.6061087658696761e-10 
7.6061087658696761e-10 
7.6061087658696761e-10 
7.6061087658696761e-10 
7.6061087658696761e-10 
7.6061087658696761e-10 
7.6061087658696761e-10 
7.6061087658696761e-10 
7.6061087658696761e-10 
7.6061087658696761e-10 
7.6061087658696761e-10 
7.6061087658696761e-10 
7.6061087658696761e-10 
7.6061087658696761e-10 
7.6061087658696761e-10 
7.6061087658696761e-10 
7.6061087658696761e-10 
7.6061087658696761e-10 
7.6061087658696761e-10 
7.6061087658696761e-10 
7.6061087658696761e-10 
7.6061087658696761e-10 
7.6061087658696761e-10 
7.6061087658696761e-10 
7.6061087658696761e-10 
7.6061087658696761e-10 
7.6061087658696761e-10 
7.6061087658696761e-10 
7.6061087658696761e-10 
7.6061087658696761e-10 
7.6061087658696761e-10 
7.6061087658696761e-10 
7.6061087658696761e-10 
7.6061087658696761e-10 
7.6061087658696761e-10 
7.6061087658696761e-10 
7.6061087658696761e-10 
7.6061087658696761e-10 
7.6061087658696761e-10 
7.6061087658696761e-10 
7.6061087658696761e-10 
7.6061087658696761e-10 
7.6061087658696761e-10 
7.6061087658696761e-10 
7.6061087658696761e-10 
7.6061087658696761e-10 
7.6061087658696761e-10 
7.6061087658696761e-10 
7.6061087658696761e-10 
7.6061087658696761e-10 
7.6061087658696761e-10 
7.6061087658696761e-10 
7.6061087658696761e-10 
7.6061087658696761e-10 
7.6061087658696761e-10 
7.6061087658696761e-10 
7.6061087658696761e-10 
7.6061087658696761e-10 
7.6061087658696761e-10 
7.6061087658696761e-10 
7.6061087658696761e-10 
7.6061087658696761e-10 
7.6061087658696761e-10 
7.6061087658696761e-10 
7.6061087658696761e-10 
7.6061087658696761e-10 
7.6061087658696761e-10 
7.6061087658696761e-10 
7.6061087658696761e-10 
7.6061087658696761e-10 
7.6061087658696761e-10 
7.6061087658696761e-10 
7.6061087658696761e-10 
7.6061087658696761e-10 
7.6061087658696761e-10 
7.6061087658696761e-10 
7.6061087658696761e-10 
7.6061087658696761e-10 
7.6061087658696761e-10 
7.6061087658696761e-10 
7.6061087658696761e-10 
7.6061087658696761e-10 
7.6061087658696761e-10 
7.6061087658696761e-10 
7.6061087658696761e-10 
7.6061087658696761e-10 
7.6061087658696761e-10 
7.6061087658696761e-10 
7.6061087658696761e-10 
7.6061087658696761e-10 
7.6061087658696761e-10 
7.6061087658696761e-10 
7.6061087658696761e-10 
7.6061087658696761e-10 
7.6061087658696761e-10 
7.6061087658696761e-10 
7.6061087658696761e-10 
7.6061087658696761e-10 
7.6061087658696761e-10 
7.6061087658696761e-10 
7.6061087658696761e-10 
7.6061087658696761e-10 
7.6061087658696761e-10 
7.6061087658696761e-10 
7.6061087658696761e-10 
7.6061087658696761e-10 
7.6061087658696761e-10 
7.6061087658696761e-10 
7.6061087658696761e-10 
7.6061087658696761e-10 
7.6061087658696761e-10 
7.6061087658696761e-10 
7.6061087658696761e-10 
7.6061087658696761e-10 
7.6061087658696761e-10 
7.6061087658696761e-10 
7.6061087658696761e-10 
7.6061087658696761e-10 
7.6061087658696761e-10 
7.6061087658696761e-10 
7.6061087658696761e-10 
7.6061087658696761e-10 
7.6061087658696761e-10 
7.6061087658696761e-10 
7.6061087658696761e-10 
7.6061087658696761e-10 
7.6061087658696761e-10 
7.6061087658696761e-10 
7.6061087658696761e-10 
7.6061087658696761e-10 
7.6061087658696761e-10 
7.6061087658696761e-10 
7.6061087658696761e-10 
7.6061087658696761e-10 
7.6061087658696761e-10 
7.6061087658696761e-10 
7.6061087658696761e-10 
7.6061087658696761e-10 
7.6061087658696761e-10 
7.6061087658696761e-10 
7.6061087658696761e-10 
7.6061087658696761e-10 
7.6061087658696761e-10 
7.6061087658696761e-10 
7.6061087658696761e-10 
7.6061087658696761e-10 
7.6061087658696761e-10 
7.6061087658696761e-10 
7.6061087658696761e-10 
7.6061087658696761e-10 
7.6061087658696761e-10 
7.6061087658696761e-10 
7.6061087658696761e-10 
7.6061087658696761e-10 
7.6061087658696761e-10 
7.6061087658696761e-10 
7.6061087658696761e-10 
7.6061087658696761e-10 
7.6061087658696761e-10 
7.6061087658696761e-10 
7.6061087658696761e-10 
7.6061087658696761e-10 
7.6061087658696761e-10 
7.6061087658696761e-10 
7.6061087658696761e-10 
7.6061087658696761e-10 
7.6061087658696761e-10 
7.6061087658696761e-10 
7.6061087658696761e-10 
7.6061087658696761e-10 
7.6061087658696761e-10 
7.6061087658696761e-10 
7.6061087658696761e-10 
7.6061087658696761e-10 
7.6061087658696761e-10 
7.6061087658696761e-10 
7.6061087658696761e-10 
7.6061087658696761e-10 
7.6061087658696761e-10 
7.6061087658696761e-10 
7.6061087658696761e-10 
7.6061087658696761e-10 
7.6061087658696761e-10 
7.6061087658696761e-10 
7.6061087658696761e-10 
7.6061087658696761e-10 
7.6061087658696761e-10 
7.6061087658696761e-10 
7.6061087658696761e-10 
7.6061087658696761e-10 
7.6061087658696761e-10 
7.6061087658696761e-10 
7.6061087658696761e-10 
7.6061087658696761e-10 
7.6061087658696761e-10 
7.6061087658696761e-10 
7.6061087658696761e-10 
7.6061087658696761e-10 
7.6061087658696761e-10 
7.6061087658696761e-10 
7.6061087658696761e-10 
7.6061087658696761e-10 
7.6061087658696761e-10 
7.6061087658696761e-10 
7.6061087658696761e-10 
7.6061087658696761e-10 
7.6061087658696761e-10 
7.6061087658696761e-10 
7.6061087658696761e-10 
7.6061087658696761e-10 
7.6061087658696761e-10 
7.6061087658696761e-10 
7.6061087658696761e-10 
7.6061087658696761e-10 
7.6061087658696761e-10 
7.6061087658696761e-10 
7.6061087658696761e-10 
7.6061087658696761e-10 
7.6061087658696761e-10 
7.6061087658696761e-10 
7.6061087658696761e-10 
7.6061087658696761e-10 
7.6061087658696761e-10 
7.6061087658696761e-10 
7.6061087658696761e-10 
7.6061087658696761e-10 
7.6061087658696761e-10 
7.6061087658696761e-10 
7.6061087658696761e-10 
7.6061087658696761e-10 
7.6061087658696761e-10 
7.6061087658696761e-10 
7.6061087658696761e-10 
7.6061087658696761e-10 
7.6061087658696761e-10 
7.6061087658696761e-10 
7.6061087658696761e-10 
7.6061087658696761e-10 
7.6061087658696761e-10 
7.6061087658696761e-10 
7.6061087658696761e-10 
7.6061087658696761e-10 
7.6061087658696761e-10 
7.6061087658696761e-10 
7.6061087658696761e-10 
7.6061087658696761e-10 
7.6061087658696761e-10 
7.6061087658696761e-10 
4.0954785126436576e-10 
4.0954785126436576e-10 
4.0954785126436576e-10 
4.0954785126436576e-10 
4.0954785126436576e-10 
4.0954785126436576e-10 
4.0954785126436576e-10 
4.0954785126436576e-10 
4.0954785126436576e-10 
4.0954785126436576e-10 
4.0954785126436576e-10 
4.0954785126436576e-10 
4.0954785126436576e-10 
4.0954785126436576e-10 
4.0954785126436576e-10 
4.0954785126436576e-10 
4.0954785126436576e-10 
4.0954785126436576e-10 
4.0954785126436576e-10 
4.0954785126436576e-10 
4.0954785126436576e-10 
4.0954785126436576e-10 
4.0954785126436576e-10 
4.0954785126436576e-10 
4.0954785126436576e-10 
4.0954785126436576e-10 
4.0954785126436576e-10 
4.0954785126436576e-10 
4.0954785126436576e-10 
4.0954785126436576e-10 
4.0954785126436576e-10 
4.0954785126436576e-10 
4.0954785126436576e-10 
4.0954785126436576e-10 
4.0954785126436576e-10 
4.0954785126436576e-10 
4.0954785126436576e-10 
4.0954785126436576e-10 
4.0954785126436576e-10 
4.0954785126436576e-10 
4.0954785126436576e-10 
4.0954785126436576e-10 
4.0954785126436576e-10 
4.0954785126436576e-10 
4.0954785126436576e-10 
4.0954785126436576e-10 
4.0954785126436576e-10 
4.0954785126436576e-10 
4.0954785126436576e-10 
4.0954785126436576e-10 
4.0954785126436576e-10 
4.0954785126436576e-10 
4.0954785126436576e-10 
4.0954785126436576e-10 
4.0954785126436576e-10 
4.0954785126436576e-10 
4.0954785126436576e-10 
4.0954785126436576e-10 
4.0954785126436576e-10 
4.0954785126436576e-10 
4.0954785126436576e-10 
4.0954785126436576e-10 
4.0954785126436576e-10 
4.0954785126436576e-10 
4.0954785126436576e-10 
4.0954785126436576e-10 
4.0954785126436576e-10 
4.0954785126436576e-10 
4.0954785126436576e-10 
4.0954785126436576e-10 
4.0954785126436576e-10 
4.0954785126436576e-10 
4.0954785126436576e-10 
4.0954785126436576e-10 
4.0954785126436576e-10 
4.0954785126436576e-10 
4.0954785126436576e-10 
4.0954785126436576e-10 
4.0954785126436576e-10 
4.0954785126436576e-10 
4.0954785126436576e-10 
4.0954785126436576e-10 
4.0954785126436576e-10 
4.0954785126436576e-10 
4.0954785126436576e-10 
4.0954785126436576e-10 
4.0954785126436576e-10 
4.0954785126436576e-10 
4.0954785126436576e-10 
4.0954785126436576e-10 
4.0954785126436576e-10 
3.9998416458345453e-10 
3.9998416458345453e-10 
3.9998416458345453e-10 
3.9998416458345453e-10 
3.9998416458345453e-10 
3.9998416458345453e-10 
3.9998416458345453e-10 
3.9998416458345453e-10 
3.9998416458345453e-10 
3.9998416458345453e-10 
3.9998416458345453e-10 
3.9998416458345453e-10 
3.9998416458345453e-10 
3.9998416458345453e-10 
3.9998416458345453e-10 
3.9998416458345453e-10 
3.9998416458345453e-10 
3.9998416458345453e-10 
3.9998416458345453e-10 
3.9998416458345453e-10 
3.9998416458345453e-10 
3.9998416458345453e-10 
3.9998416458345453e-10 
3.9998416458345453e-10 
3.9998416458345453e-10 
3.9998416458345453e-10 
3.9998416458345453e-10 
3.9998416458345453e-10 
3.9998416458345453e-10 
3.9998416458345453e-10 
3.9998416458345453e-10 
3.9998416458345453e-10 
3.9998416458345453e-10 
3.9998416458345453e-10 
3.9998416458345453e-10 
3.9998416458345453e-10 
3.9998416458345453e-10 
3.9998416458345453e-10 
3.9998416458345453e-10 
3.9998416458345453e-10 
3.9998416458345453e-10 
3.9998416458345453e-10 
3.9998416458345453e-10 
3.9998416458345453e-10 
3.9998416458345453e-10 
3.9998416458345453e-10 
3.9998416458345453e-10 
3.9998416458345453e-10 
3.9998416458345453e-10 
3.9998416458345453e-10 
3.9998416458345453e-10 
3.9998416458345453e-10 
3.9998416458345453e-10 
3.9998416458345453e-10 
3.9998416458345453e-10 
3.9998416458345453e-10 
3.9998416458345453e-10 
3.9998416458345453e-10 
3.9998416458345453e-10 
3.9998416458345453e-10 
3.9998416458345453e-10 
3.9998416458345453e-10 
3.9998416458345453e-10 
3.9998416458345453e-10 
3.9998416458345453e-10 
3.9998416458345453e-10 
3.9998416458345453e-10 
3.9998416458345453e-10 
3.9998416458345453e-10 
3.9998416458345453e-10 
3.9998416458345453e-10 
3.9998416458345453e-10 
3.9998416458345453e-10 
3.9998416458345453e-10 
3.9998416458345453e-10 
3.9998416458345453e-10 
3.9998416458345453e-10 
3.9998416458345453e-10 
3.9998416458345453e-10 
3.9998416458345453e-10 
3.9998416458345453e-10 
3.9998416458345453e-10 
3.9998416458345453e-10 
3.9998416458345453e-10 
3.9998416458345453e-10 
3.9998416458345453e-10 
3.9998416458345453e-10 
3.9998416458345453e-10 
3.9998416458345453e-10 
3.9998416458345453e-10 
3.9998416458345453e-10 
3.9998416458345453e-10 
3.9998416458345453e-10 
3.9998416458345453e-10 
3.9998416458345453e-10 
3.9998416458345453e-10 
3.9998416458345453e-10 
3.9998416458345453e-10 
3.9998416458345453e-10 
3.9998416458345453e-10 
3.9998416458345453e-10 
