0.0899967309514077 
0.084258525357632896 
0.084258525357632896 
0.039711479435217578 
0.0048462170196778009 
0.0048462170196778009 
0.0048462170196778009 
0.0048462170196778009 
0.0035018626187640622 
0.0035018626187640622 
0.0035018626187640622 
0.0015664929768162139 
0.0015664929768162139 
0.0015664929768162139 
0.0015664929768162139 
0.0015664929768162139 
0.0015664929768162139 
0.0012690832531477847 
0.0012690832531477847 
0.0012690832531477847 
0.0012690832531477847 
0.0012690832531477847 
0.0012690832531477847 
0.0012690832531477847 
0.0012690832531477847 
0.0012690832531477847 
0.0012690832531477847 
0.0012690832531477847 
0.0012690832531477847 
0.00052362230688796085 
0.00052362230688796085 
0.00052362230688796085 
0.00052362230688796085 
0.00052362230688796085 
0.00052362230688796085 
0.00052362230688796085 
0.00052362230688796085 
0.00052362230688796085 
0.00052362230688796085 
0.00052362230688796085 
0.00052362230688796085 
0.00036861588023140435 
0.00015269827117547763 
0.00015269827117547763 
0.00015269827117547763 
0.00015269827117547763 
0.00015269827117547763 
0.00015269827117547763 
0.0001476933542345904 
0.0001476933542345904 
0.0001476933542345904 
0.0001476933542345904 
0.0001476933542345904 
0.0001476933542345904 
0.0001476933542345904 
0.0001476933542345904 
0.0001476933542345904 
0.0001476933542345904 
0.0001476933542345904 
0.0001476933542345904 
5.5771044769170608e-05 
5.5771044769170608e-05 
5.5771044769170608e-05 
5.5771044769170608e-05 
5.5771044769170608e-05 
5.5771044769170608e-05 
5.5771044769170608e-05 
5.5771044769170608e-05 
5.5771044769170608e-05 
5.5771044769170608e-05 
5.5771044769170608e-05 
5.5771044769170608e-05 
5.5771044769170608e-05 
5.5771044769170608e-05 
5.5771044769170608e-05 
5.5771044769170608e-05 
5.5771044769170608e-05 
5.5771044769170608e-05 
1.5770716669027962e-05 
1.5770716669027962e-05 
1.5770716669027962e-05 
1.5770716669027962e-05 
1.5770716669027962e-05 
1.5770716669027962e-05 
1.5770716669027962e-05 
1.5770716669027962e-05 
1.5770716669027962e-05 
1.5770716669027962e-05 
1.5770716669027962e-05 
1.5770716669027962e-05 
1.5770716669027962e-05 
1.4404271419077297e-05 
1.4404271419077297e-05 
1.4404271419077297e-05 
1.4404271419077297e-05 
1.4404271419077297e-05 
1.4404271419077297e-05 
1.4404271419077297e-05 
1.4404271419077297e-05 
1.4404271419077297e-05 
1.4404271419077297e-05 
1.4404271419077297e-05 
1.4404271419077297e-05 
6.4444906121563506e-06 
6.4444906121563506e-06 
6.4444906121563506e-06 
6.4444906121563506e-06 
6.4444906121563506e-06 
6.4444906121563506e-06 
6.4444906121563506e-06 
6.4444906121563506e-06 
6.4444906121563506e-06 
3.7534263462868367e-06 
3.7534263462868367e-06 
3.7534263462868367e-06 
3.7534263462868367e-06 
3.7534263462868367e-06 
3.7534263462868367e-06 
3.7534263462868367e-06 
2.9508637977571084e-07 
2.9508637977571084e-07 
2.9508637977571084e-07 
2.9508637977571084e-07 
2.9508637977571084e-07 
2.9508637977571084e-07 
2.9508637977571084e-07 
2.3609739840946276e-07 
2.3609739840946276e-07 
2.3609739840946276e-07 
2.3609739840946276e-07 
2.3609739840946276e-07 
2.3609739840946276e-07 
2.3609739840946276e-07 
2.3609739840946276e-07 
2.3609739840946276e-07 
2.3609739840946276e-07 
2.3609739840946276e-07 
2.3609739840946276e-07 
2.3609739840946276e-07 
2.3609739840946276e-07 
1.647685876626781e-07 
1.647685876626781e-07 
1.647685876626781e-07 
1.647685876626781e-07 
1.647685876626781e-07 
1.647685876626781e-07 
1.647685876626781e-07 
1.647685876626781e-07 
1.647685876626781e-07 
1.647685876626781e-07 
1.647685876626781e-07 
1.647685876626781e-07 
1.647685876626781e-07 
1.647685876626781e-07 
1.647685876626781e-07 
1.647685876626781e-07 
1.647685876626781e-07 
1.647685876626781e-07 
1.647685876626781e-07 
1.647685876626781e-07 
1.647685876626781e-07 
1.647685876626781e-07 
1.4553300697883742e-07 
1.4553300697883742e-07 
1.4553300697883742e-07 
1.4553300697883742e-07 
1.4553300697883742e-07 
1.4553300697883742e-07 
1.4553300697883742e-07 
5.9889738834861816e-08 
5.9889738834861816e-08 
5.9889738834861816e-08 
5.9889738834861816e-08 
5.9889738834861816e-08 
5.9889738834861816e-08 
5.9889738834861816e-08 
3.3610817462559339e-08 
3.3610817462559339e-08 
3.3610817462559339e-08 
3.3610817462559339e-08 
3.3610817462559339e-08 
3.3610817462559339e-08 
3.3610817462559339e-08 
2.8218466674445608e-08 
2.8218466674445608e-08 
2.8218466674445608e-08 
2.8218466674445608e-08 
2.8218466674445608e-08 
2.8218466674445608e-08 
2.8218466674445608e-08 
2.8218466674445608e-08 
2.8218466674445608e-08 
2.8218466674445608e-08 
2.8218466674445608e-08 
2.8218466674445608e-08 
2.8218466674445608e-08 
2.8218466674445608e-08 
2.8218466674445608e-08 
2.8218466674445608e-08 
2.8218466674445608e-08 
2.8218466674445608e-08 
2.8218466674445608e-08 
2.8218466674445608e-08 
2.8218466674445608e-08 
2.8218466674445608e-08 
2.8218466674445608e-08 
2.8218466674445608e-08 
2.8218466674445608e-08 
2.8218466674445608e-08 
2.8218466674445608e-08 
2.8218466674445608e-08 
2.8218466674445608e-08 
2.8218466674445608e-08 
2.8218466674445608e-08 
2.8218466674445608e-08 
2.8218466674445608e-08 
2.8218466674445608e-08 
2.8218466674445608e-08 
2.8218466674445608e-08 
2.8218466674445608e-08 
2.8218466674445608e-08 
2.8218466674445608e-08 
2.8148671615824128e-08 
2.8148671615824128e-08 
2.8148671615824128e-08 
2.8148671615824128e-08 
2.8148671615824128e-08 
2.8148671615824128e-08 
2.8148671615824128e-08 
2.8148671615824128e-08 
2.8148671615824128e-08 
2.8148671615824128e-08 
2.8148671615824128e-08 
2.8148671615824128e-08 
2.8148671615824128e-08 
2.8148671615824128e-08 
2.8148671615824128e-08 
2.8148671615824128e-08 
2.8148671615824128e-08 
2.8148671615824128e-08 
2.8148671615824128e-08 
2.8148671615824128e-08 
2.8148671615824128e-08 
2.8148671615824128e-08 
2.8148671615824128e-08 
2.8148671615824128e-08 
2.8148671615824128e-08 
2.8148671615824128e-08 
2.8148671615824128e-08 
2.8148671615824128e-08 
2.8148671615824128e-08 
2.8148671615824128e-08 
2.8148671615824128e-08 
2.8148671615824128e-08 
2.8148671615824128e-08 
2.8148671615824128e-08 
2.8148671615824128e-08 
2.8148671615824128e-08 
2.8148671615824128e-08 
2.8148671615824128e-08 
2.8148671615824128e-08 
2.8148671615824128e-08 
2.8148671615824128e-08 
2.8148671615824128e-08 
2.8148671615824128e-08 
2.8148671615824128e-08 
2.8148671615824128e-08 
2.8148671615824128e-08 
2.8148671615824128e-08 
2.8148671615824128e-08 
2.8148671615824128e-08 
2.8148671615824128e-08 
2.8148671615824128e-08 
2.8148671615824128e-08 
2.8148671615824128e-08 
2.8148671615824128e-08 
2.8148671615824128e-08 
2.8148671615824128e-08 
2.8148671615824128e-08 
2.8148671615824128e-08 
2.8148671615824128e-08 
2.8148671615824128e-08 
2.8148671615824128e-08 
2.8148671615824128e-08 
2.8148671615824128e-08 
2.8148671615824128e-08 
2.8148671615824128e-08 
2.8148671615824128e-08 
2.8148671615824128e-08 
2.8148671615824128e-08 
2.8148671615824128e-08 
2.8148671615824128e-08 
2.8148671615824128e-08 
2.8148594344301614e-08 
2.8148594344301614e-08 
2.8148594344301614e-08 
2.8148594344301614e-08 
2.8148594344301614e-08 
2.8148594344301614e-08 
2.8148594344301614e-08 
2.8148593345100892e-08 
2.8148593345100892e-08 
2.8148593345100892e-08 
2.8148593345100892e-08 
2.8148593345100892e-08 
2.8148593345100892e-08 
2.8148593345100892e-08 
2.8148593012033984e-08 
2.8148593012033984e-08 
2.8148593012033984e-08 
2.8148593012033984e-08 
2.814859190181096e-08 
2.814859190181096e-08 
2.814859190181096e-08 
2.814859190181096e-08 
2.8148591790788657e-08 
2.8148591790788657e-08 
2.8148591790788657e-08 
2.8148591790788657e-08 
2.814859101363254e-08 
2.814859101363254e-08 
2.814859101363254e-08 
2.814859101363254e-08 
2.8148590902610238e-08 
2.8148590902610238e-08 
2.8148590902610238e-08 
2.8148590902610238e-08 
2.8148590680565633e-08 
2.8148590680565633e-08 
2.8148590680565633e-08 
2.8148590680565633e-08 
2.8148590680565633e-08 
2.8148590680565633e-08 
2.8148590680565633e-08 
2.8148590680565633e-08 
2.8148590680565633e-08 
2.8148590680565633e-08 
2.8148590680565633e-08 
2.814859056954333e-08 
2.814859056954333e-08 
2.814859056954333e-08 
2.814859056954333e-08 
2.814859056954333e-08 
2.814859056954333e-08 
2.814859056954333e-08 
2.814859056954333e-08 
2.814859056954333e-08 
2.814859056954333e-08 
2.814859056954333e-08 
2.814859056954333e-08 
2.814859056954333e-08 
2.814859056954333e-08 
2.814859056954333e-08 
2.814859056954333e-08 
2.814859056954333e-08 
2.814859056954333e-08 
2.814859056954333e-08 
2.814859056954333e-08 
2.814859056954333e-08 
2.814859056954333e-08 
2.814859056954333e-08 
2.814859056954333e-08 
2.814859056954333e-08 
2.814859056954333e-08 
2.814859056954333e-08 
2.814859056954333e-08 
2.814859056954333e-08 
2.814859056954333e-08 
2.814859056954333e-08 
2.814859056954333e-08 
2.814859056954333e-08 
2.814859056954333e-08 
2.814859056954333e-08 
2.814859056954333e-08 
2.814859056954333e-08 
2.814859056954333e-08 
2.814859056954333e-08 
2.814859056954333e-08 
2.814859056954333e-08 
2.814859056954333e-08 
2.814859056954333e-08 
2.814859056954333e-08 
2.814859056954333e-08 
2.814859056954333e-08 
2.814859056954333e-08 
2.814859056954333e-08 
2.814859056954333e-08 
2.814859056954333e-08 
2.814859056954333e-08 
2.814859056954333e-08 
2.814859056954333e-08 
2.814859056954333e-08 
2.814859056954333e-08 
2.814859056954333e-08 
2.814859056954333e-08 
2.814859056954333e-08 
2.814859056954333e-08 
2.814859056954333e-08 
2.814859056954333e-08 
2.814859056954333e-08 
2.814859056954333e-08 
2.814859056954333e-08 
2.814859056954333e-08 
2.814859056954333e-08 
2.814859056954333e-08 
2.814859056954333e-08 
2.814859056954333e-08 
2.814859056954333e-08 
2.814859056954333e-08 
2.814859056954333e-08 
2.814859056954333e-08 
2.814859056954333e-08 
2.814859056954333e-08 
2.814859056954333e-08 
2.814859056954333e-08 
2.814859056954333e-08 
2.814859056954333e-08 
2.814859056954333e-08 
2.814859056954333e-08 
2.814859056954333e-08 
2.814859056954333e-08 
2.814859056954333e-08 
2.814859056954333e-08 
2.814859056954333e-08 
2.814859056954333e-08 
2.814859056954333e-08 
2.814859056954333e-08 
2.814859056954333e-08 
2.814859056954333e-08 
2.814859056954333e-08 
2.814859056954333e-08 
2.814859056954333e-08 
2.814859056954333e-08 
2.814859056954333e-08 
2.814859056954333e-08 
2.814859056954333e-08 
2.814859056954333e-08 
2.814859056954333e-08 
2.814859056954333e-08 
2.814859056954333e-08 
2.814859056954333e-08 
2.814859056954333e-08 
2.814859056954333e-08 
2.814859056954333e-08 
2.814859056954333e-08 
2.814859056954333e-08 
2.814859056954333e-08 
2.814859056954333e-08 
2.814859056954333e-08 
2.814859056954333e-08 
2.814859056954333e-08 
2.814859056954333e-08 
2.814859056954333e-08 
2.814859056954333e-08 
2.814859056954333e-08 
2.814859056954333e-08 
2.814859056954333e-08 
2.814859056954333e-08 
2.814859056954333e-08 
2.814859056954333e-08 
2.814859056954333e-08 
2.814859056954333e-08 
2.814859056954333e-08 
2.814859056954333e-08 
2.814859056954333e-08 
2.814859056954333e-08 
2.814859056954333e-08 
2.814859056954333e-08 
2.814859056954333e-08 
2.814859056954333e-08 
2.814859056954333e-08 
2.814859056954333e-08 
2.814859056954333e-08 
2.814859056954333e-08 
2.814859056954333e-08 
2.814859056954333e-08 
2.814859056954333e-08 
2.814859056954333e-08 
2.814859056954333e-08 
2.814859056954333e-08 
2.814859056954333e-08 
2.814859056954333e-08 
2.814859056954333e-08 
2.814859056954333e-08 
2.814859056954333e-08 
2.814859056954333e-08 
2.814859056954333e-08 
2.814859056954333e-08 
2.814859056954333e-08 
2.814859056954333e-08 
2.814859056954333e-08 
2.814859056954333e-08 
2.814859056954333e-08 
2.814859056954333e-08 
1.8535644352724034e-08 
1.8535644352724034e-08 
1.8535644352724034e-08 
1.8535644352724034e-08 
1.8535644352724034e-08 
1.8535644352724034e-08 
1.8535644352724034e-08 
1.2543213911975215e-08 
1.2543213911975215e-08 
1.2543213911975215e-08 
1.2543213911975215e-08 
1.2543213911975215e-08 
1.2543213911975215e-08 
1.2543213911975215e-08 
1.2543213911975215e-08 
1.2543213911975215e-08 
1.2543213911975215e-08 
1.2543213911975215e-08 
1.2543213911975215e-08 
1.2543213911975215e-08 
1.2543213911975215e-08 
1.2543213911975215e-08 
1.2543213911975215e-08 
1.2543213911975215e-08 
1.2543213911975215e-08 
1.2543213911975215e-08 
1.2543213911975215e-08 
1.0498218627752465e-08 
1.5497051419899321e-09 
1.5497051419899321e-09 
1.5497051419899321e-09 
1.5497051419899321e-09 
1.5497051419899321e-09 
1.5497051419899321e-09 
1.5497051419899321e-09 
1.5497051419899321e-09 
1.5497051419899321e-09 
1.5497051419899321e-09 
1.5497051419899321e-09 
1.5497051419899321e-09 
1.5497051419899321e-09 
1.5497051419899321e-09 
1.5497051419899321e-09 
1.5497051419899321e-09 
1.5497051419899321e-09 
1.5497051419899321e-09 
1.5497051419899321e-09 
1.5497051419899321e-09 
1.5497051419899321e-09 
1.5497051419899321e-09 
1.5497051419899321e-09 
1.5497051419899321e-09 
1.5497051419899321e-09 
1.5497051419899321e-09 
1.5497051419899321e-09 
1.5497051419899321e-09 
1.5497051419899321e-09 
1.5497051419899321e-09 
1.5497051419899321e-09 
1.5497051419899321e-09 
1.5497051419899321e-09 
1.5497051419899321e-09 
1.5497051419899321e-09 
1.5497051419899321e-09 
1.5497051419899321e-09 
1.5497051419899321e-09 
1.5497051419899321e-09 
1.5497051419899321e-09 
1.5497051419899321e-09 
1.5497051419899321e-09 
1.5497051419899321e-09 
1.5497051419899321e-09 
1.5497051419899321e-09 
1.4283685345617414e-09 
5.9896143600468577e-10 
5.9896143600468577e-10 
5.9896143600468577e-10 
5.9896143600468577e-10 
5.9896143600468577e-10 
5.9896143600468577e-10 
5.9896143600468577e-10 
5.9896143600468577e-10 
5.9896143600468577e-10 
5.9896143600468577e-10 
5.9896143600468577e-10 
5.9896143600468577e-10 
5.9896143600468577e-10 
5.9896143600468577e-10 
5.9896143600468577e-10 
5.9896143600468577e-10 
5.9896143600468577e-10 
5.9896143600468577e-10 
5.9896143600468577e-10 
5.9896143600468577e-10 
5.9896143600468577e-10 
5.9896143600468577e-10 
5.9896143600468577e-10 
5.9896143600468577e-10 
5.9896143600468577e-10 
5.986494633347661e-10 
5.986494633347661e-10 
5.986494633347661e-10 
5.986494633347661e-10 
5.9851545941569384e-10 
5.9851545941569384e-10 
5.9851545941569384e-10 
5.9851545941569384e-10 
5.9851545941569384e-10 
5.9851545941569384e-10 
5.9851545941569384e-10 
5.9851545941569384e-10 
5.9851545941569384e-10 
5.9851545941569384e-10 
5.9851545941569384e-10 
5.9851545941569384e-10 
5.9851545941569384e-10 
5.9851545941569384e-10 
5.9851545941569384e-10 
5.9851545941569384e-10 
5.9851545941569384e-10 
5.9851545941569384e-10 
5.9851545941569384e-10 
5.9851545941569384e-10 
5.9851545941569384e-10 
5.9851545941569384e-10 
5.9851545941569384e-10 
5.9851545941569384e-10 
5.9851545941569384e-10 
5.9851545941569384e-10 
5.9851545941569384e-10 
5.9851545941569384e-10 
5.9851545941569384e-10 
5.9851545941569384e-10 
5.9851545941569384e-10 
5.9851545941569384e-10 
5.9851545941569384e-10 
5.9851545941569384e-10 
5.9851545941569384e-10 
5.9851545941569384e-10 
5.9851545941569384e-10 
5.9851534839339138e-10 
5.9851534839339138e-10 
5.9851534839339138e-10 
5.9851534839339138e-10 
5.9851534839339138e-10 
5.9851534839339138e-10 
5.9851534839339138e-10 
5.9851534839339138e-10 
5.9851534839339138e-10 
5.9851534839339138e-10 
5.9851534839339138e-10 
5.9851534839339138e-10 
5.9851534839339138e-10 
5.9851534839339138e-10 
5.9851534839339138e-10 
5.9851534839339138e-10 
5.9851534839339138e-10 
5.9851534839339138e-10 
5.9851534839339138e-10 
5.9851534839339138e-10 
5.9851534839339138e-10 
5.9851534839339138e-10 
5.9851534839339138e-10 
5.9851534839339138e-10 
5.9851534839339138e-10 
5.9851534839339138e-10 
5.9851534839339138e-10 
5.9851534839339138e-10 
5.9851534839339138e-10 
5.9851534839339138e-10 
5.9851534839339138e-10 
5.9851534839339138e-10 
5.9851534839339138e-10 
5.9851534839339138e-10 
5.9851534839339138e-10 
5.9851534839339138e-10 
5.9851534839339138e-10 
5.9851534839339138e-10 
5.9851534839339138e-10 
5.9851534839339138e-10 
5.9851534839339138e-10 
5.9851534839339138e-10 
5.9851534839339138e-10 
5.9851534839339138e-10 
5.9851534839339138e-10 
5.9851534839339138e-10 
5.9851534839339138e-10 
5.9851534839339138e-10 
5.9851534839339138e-10 
5.9851534839339138e-10 
5.9851534839339138e-10 
5.9851534839339138e-10 
5.9851534839339138e-10 
5.9851534839339138e-10 
5.9851534839339138e-10 
5.9851534839339138e-10 
5.9851534839339138e-10 
5.9851534839339138e-10 
5.9851534839339138e-10 
5.9851534839339138e-10 
5.9851534839339138e-10 
5.9851534839339138e-10 
5.9851534839339138e-10 
5.9851534839339138e-10 
5.9851534839339138e-10 
5.9851534839339138e-10 
5.9851534839339138e-10 
5.9851534839339138e-10 
5.9851534839339138e-10 
5.9851534839339138e-10 
5.9851534839339138e-10 
5.9851534839339138e-10 
5.9851534839339138e-10 
5.9851534839339138e-10 
5.9851534839339138e-10 
5.9851534839339138e-10 
5.9851534839339138e-10 
5.9851534839339138e-10 
5.9851534839339138e-10 
5.9851534839339138e-10 
5.9851534839339138e-10 
5.9851534839339138e-10 
5.9851534839339138e-10 
5.9851534839339138e-10 
5.9851534839339138e-10 
5.9851534839339138e-10 
5.9851534839339138e-10 
5.9851534839339138e-10 
5.9851534839339138e-10 
5.9851534839339138e-10 
5.9851534839339138e-10 
2.4728874503665565e-10 
2.4728874503665565e-10 
2.4728874503665565e-10 
2.4728874503665565e-10 
2.4728874503665565e-10 
2.4728874503665565e-10 
2.4728874503665565e-10 
2.4728874503665565e-10 
2.4728874503665565e-10 
2.4728874503665565e-10 
2.4728874503665565e-10 
1.7919177253133967e-10 
1.7919177253133967e-10 
1.7919177253133967e-10 
1.7919177253133967e-10 
1.7554824260912483e-10 
1.7554824260912483e-10 
1.7554824260912483e-10 
1.7554824260912483e-10 
1.7248957817628252e-10 
1.7248957817628252e-10 
1.7248957817628252e-10 
1.7248957817628252e-10 
1.7248957817628252e-10 
1.7248957817628252e-10 
1.7248957817628252e-10 
1.7248957817628252e-10 
1.7248957817628252e-10 
1.7248957817628252e-10 
1.7248957817628252e-10 
1.7216061909408609e-10 
1.7216061909408609e-10 
1.7216061909408609e-10 
1.7216061909408609e-10 
1.7216061909408609e-10 
1.7216061909408609e-10 
1.7216061909408609e-10 
1.7215950887106146e-10 
1.7215950887106146e-10 
1.7215950887106146e-10 
1.7215950887106146e-10 
1.7215950887106146e-10 
1.7215950887106146e-10 
1.7215950887106146e-10 
1.7215950887106146e-10 
1.7215950887106146e-10 
1.7215950887106146e-10 
1.7215950887106146e-10 
1.7215950887106146e-10 
1.7215950887106146e-10 
1.72159397848759e-10 
1.72159397848759e-10 
1.72159397848759e-10 
1.72159397848759e-10 
1.72159397848759e-10 
1.72159397848759e-10 
1.72159397848759e-10 
1.72159397848759e-10 
1.72159397848759e-10 
1.72159397848759e-10 
1.7215928682645654e-10 
1.7215928682645654e-10 
1.7215917580415407e-10 
1.7215917580415407e-10 
1.7215917580415407e-10 
1.7215917580415407e-10 
1.7215917580415407e-10 
1.7215917580415407e-10 
1.7215917580415407e-10 
1.7215917580415407e-10 
1.7215917580415407e-10 
1.7215917580415407e-10 
1.7215917580415407e-10 
1.7215917580415407e-10 
1.7215917580415407e-10 
1.7215917580415407e-10 
1.7215917580415407e-10 
1.7215917580415407e-10 
1.7215917580415407e-10 
1.7215917580415407e-10 
1.7215917580415407e-10 
1.7215917580415407e-10 
1.7215917580415407e-10 
1.7215917580415407e-10 
1.7215917580415407e-10 
1.7215917580415407e-10 
1.7215917580415407e-10 
1.7215917580415407e-10 
1.7215917580415407e-10 
1.7215917580415407e-10 
1.7215917580415407e-10 
1.7215917580415407e-10 
1.7215917580415407e-10 
1.7215917580415407e-10 
1.7215917580415407e-10 
1.7215917580415407e-10 
1.7215917580415407e-10 
1.7215917580415407e-10 
1.7215917580415407e-10 
1.7215917580415407e-10 
1.7215917580415407e-10 
1.7215917580415407e-10 
1.7215917580415407e-10 
1.7215917580415407e-10 
1.7215917580415407e-10 
1.7215917580415407e-10 
1.7215917580415407e-10 
1.7215917580415407e-10 
1.7215917580415407e-10 
1.7215917580415407e-10 
1.7215917580415407e-10 
1.7215917580415407e-10 
1.7215917580415407e-10 
1.7215917580415407e-10 
1.7215917580415407e-10 
1.7215917580415407e-10 
1.7215917580415407e-10 
1.7215917580415407e-10 
1.7215917580415407e-10 
1.7215917580415407e-10 
1.7215917580415407e-10 
1.7215917580415407e-10 
1.7215917580415407e-10 
1.7215917580415407e-10 
1.7215917580415407e-10 
1.7215917580415407e-10 
1.7215917580415407e-10 
1.7215917580415407e-10 
1.7215917580415407e-10 
1.7215917580415407e-10 
1.7215917580415407e-10 
1.7215917580415407e-10 
1.7215917580415407e-10 
1.7215917580415407e-10 
1.7215917580415407e-10 
1.7215917580415407e-10 
1.7215917580415407e-10 
1.7215917580415407e-10 
1.7215917580415407e-10 
1.7215917580415407e-10 
1.7215917580415407e-10 
1.7215917580415407e-10 
1.7215917580415407e-10 
1.7215917580415407e-10 
1.7215917580415407e-10 
1.7215917580415407e-10 
1.7215917580415407e-10 
1.7215917580415407e-10 
1.7215917580415407e-10 
1.7215917580415407e-10 
1.7215917580415407e-10 
1.7215917580415407e-10 
1.7215917580415407e-10 
1.7215917580415407e-10 
1.7215917580415407e-10 
1.7215917580415407e-10 
1.7215917580415407e-10 
1.7215917580415407e-10 
1.7215917580415407e-10 
1.7215917580415407e-10 
1.7215917580415407e-10 
1.7215917580415407e-10 
1.7215917580415407e-10 
1.7215917580415407e-10 
1.7215917580415407e-10 
1.7215917580415407e-10 
1.7215917580415407e-10 
1.7215917580415407e-10 
1.7215917580415407e-10 
1.7215917580415407e-10 
1.7215917580415407e-10 
1.7215917580415407e-10 
1.7215917580415407e-10 
1.7215917580415407e-10 
1.7215917580415407e-10 
1.7215917580415407e-10 
1.7215917580415407e-10 
1.7215917580415407e-10 
1.7215917580415407e-10 
1.7215917580415407e-10 
1.7026513532414356e-10 
1.5482715109982337e-10 
1.474284028191164e-10 
1.4382361968046098e-10 
1.4202816700503718e-10 
1.4110901336295001e-10 
1.4062273567816419e-10 
1.4035606010764923e-10 
1.4020395955327558e-10 
1.4011414251058341e-10 
1.4005951953777185e-10 
1.4002543569091586e-10 
1.4000345327502828e-10 
1.3998935344261554e-10 
1.3998013859151115e-10 
1.3997369929796832e-10 
1.3996970249507967e-10 
1.3996681591521565e-10 
1.3996503955837625e-10 
1.3996381831304916e-10 
1.3996304115693192e-10 
1.3996259706772207e-10 
1.399619309339073e-10 
1.3996170888930237e-10 
1.3996159786699991e-10 
1.3996148684469745e-10 
1.3996148684469745e-10 
1.3996148684469745e-10 
1.3996148684469745e-10 
1.3996148684469745e-10 
1.3996148684469745e-10 
1.3996148684469745e-10 
1.3996148684469745e-10 
1.3996148684469745e-10 
1.3996148684469745e-10 
1.3996148684469745e-10 
1.3996148684469745e-10 
1.3996148684469745e-10 
1.3996148684469745e-10 
1.3996148684469745e-10 
1.3996148684469745e-10 
1.3996148684469745e-10 
1.3996148684469745e-10 
1.3996148684469745e-10 
1.3996148684469745e-10 
1.3996148684469745e-10 
1.3996148684469745e-10 
1.3996148684469745e-10 
1.3996148684469745e-10 
1.3996148684469745e-10 
1.3996148684469745e-10 
1.3996148684469745e-10 
1.3996148684469745e-10 
1.3996148684469745e-10 
1.3996148684469745e-10 
1.3996148684469745e-10 
1.3996148684469745e-10 
1.3996148684469745e-10 
1.3996148684469745e-10 
1.3996148684469745e-10 
1.3996148684469745e-10 
1.3996148684469745e-10 
1.3996148684469745e-10 
1.3996148684469745e-10 
1.3996148684469745e-10 
1.3996148684469745e-10 
1.3996148684469745e-10 
1.3996148684469745e-10 
1.3996148684469745e-10 
1.3996148684469745e-10 
1.3996148684469745e-10 
1.3996148684469745e-10 
1.3996148684469745e-10 
1.3996148684469745e-10 
1.3996148684469745e-10 
1.3996148684469745e-10 
1.3996148684469745e-10 
1.3996148684469745e-10 
1.3996148684469745e-10 
1.3996148684469745e-10 
1.3996148684469745e-10 
1.3996148684469745e-10 
1.3996148684469745e-10 
1.3996148684469745e-10 
1.3996148684469745e-10 
1.3996148684469745e-10 
1.3996148684469745e-10 
1.3996148684469745e-10 
1.3996148684469745e-10 
1.3996148684469745e-10 
1.3996148684469745e-10 
1.3996148684469745e-10 
1.3996148684469745e-10 
1.3996148684469745e-10 
1.3996148684469745e-10 
