0.35539014093229926 
0.28225576839271127 
0.28225576839271127 
0.2377755944688883 
0.2377755944688883 
0.2377755944688883 
0.2377755944688883 
0.21964115859493416 
0.21964115859493416 
0.21964115859493416 
0.21964115859493416 
0.21964115859493416 
0.21661340397841239 
0.21661340397841239 
0.13515842325788313 
0.13515842325788313 
0.13515842325788313 
0.13515842325788313 
0.13515842325788313 
0.13515842325788313 
0.13515842325788313 
0.13022102633585866 
0.13022102633585866 
0.13022102633585866 
0.13022102633585866 
0.13022102633585866 
0.13022102633585866 
0.13022102633585866 
0.13022102633585866 
0.13022102633585866 
0.13022102633585866 
0.13022102633585866 
0.13022102633585866 
0.13022102633585866 
0.11862409685623058 
0.11862409685623058 
0.11862409685623058 
0.11862409685623058 
0.11862409685623058 
0.11862409685623058 
0.11862409685623058 
0.11862409685623058 
0.11862409685623058 
0.11862409685623058 
0.11862409685623058 
0.11862409685623058 
0.11862409685623058 
0.11862409685623058 
0.11862409685623058 
0.11862409685623058 
0.11862409685623058 
0.11862409685623058 
0.11862409685623058 
0.1153036606711543 
0.1153036606711543 
0.11104088286064891 
0.11008160290963444 
0.11008160290963444 
0.11008160290963444 
0.11008160290963444 
0.10927042722279767 
0.10394576906199407 
0.10394576906199407 
0.10354111390275393 
0.10354111390275393 
0.10354111390275393 
0.10354111390275393 
0.10354111390275393 
0.098927419040930095 
0.098927419040930095 
0.098927419040930095 
0.091683809027858595 
0.085722762341767039 
0.080757945696706829 
0.076108629304264541 
0.071446153389924383 
0.064880368146103734 
0.054905141911388219 
0.043472466883637179 
0.036171557674198065 
0.025334526002042588 
0.019206069959263182 
0.013696726269262055 
0.0081828207157056947 
0.0081828207157056947 
0.0013055914855268711 
0.0013055914855268711 
0.0013055914855268711 
0.0010567842009514493 
0.00026918006485582866 
0.00026918006485582866 
3.4352788335760867e-05 
3.4352788335760867e-05 
3.4352788335760867e-05 
3.4352788335760867e-05 
3.4352788335760867e-05 
3.4352788335760867e-05 
3.4352788335760867e-05 
3.4352788335760867e-05 
3.4352788335760867e-05 
3.4352788335760867e-05 
3.4352788335760867e-05 
3.4352788335760867e-05 
3.4352788335760867e-05 
2.4086009959268137e-05 
2.4086009959268137e-05 
2.4086009959268137e-05 
2.4086009959268137e-05 
1.6480447379765302e-05 
1.6480447379765302e-05 
1.6480447379765302e-05 
8.7773370097347356e-06 
8.7773370097347356e-06 
8.7773370097347356e-06 
8.7773370097347356e-06 
2.9020178754069151e-06 
2.9020178754069151e-06 
2.9020178754069151e-06 
2.9020178754069151e-06 
2.9020178754069151e-06 
2.9020178754069151e-06 
2.9020178754069151e-06 
9.679255232260331e-07 
9.679255232260331e-07 
9.679255232260331e-07 
9.679255232260331e-07 
9.679255232260331e-07 
9.679255232260331e-07 
9.679255232260331e-07 
9.679255232260331e-07 
9.679255232260331e-07 
9.679255232260331e-07 
9.679255232260331e-07 
9.679255232260331e-07 
9.1530635107810756e-07 
9.1530635107810756e-07 
9.1530635107810756e-07 
9.1530635107810756e-07 
6.1092162894835783e-07 
6.1092162894835783e-07 
6.1092162894835783e-07 
6.1092162894835783e-07 
6.1092162894835783e-07 
6.1092162894835783e-07 
6.1092162894835783e-07 
1.8408998672712104e-07 
1.8408998672712104e-07 
1.8408998672712104e-07 
1.8408998672712104e-07 
1.8408998672712104e-07 
1.8408998672712104e-07 
1.8408998672712104e-07 
1.8408998672712104e-07 
1.8408998672712104e-07 
1.8408998672712104e-07 
1.8408998672712104e-07 
1.8408998672712104e-07 
1.8408998672712104e-07 
1.8408998672712104e-07 
1.8408998672712104e-07 
1.8408998672712104e-07 
1.8408998672712104e-07 
6.222072844150223e-08 
6.222072844150223e-08 
6.222072844150223e-08 
6.222072844150223e-08 
6.222072844150223e-08 
6.222072844150223e-08 
6.222072844150223e-08 
6.222072844150223e-08 
6.222072844150223e-08 
6.222072844150223e-08 
6.222072844150223e-08 
6.222072844150223e-08 
6.222072844150223e-08 
6.222072844150223e-08 
6.222072844150223e-08 
6.222072844150223e-08 
6.222072844150223e-08 
6.222072844150223e-08 
6.222072844150223e-08 
6.222072844150223e-08 
6.222072844150223e-08 
6.222072844150223e-08 
6.222072844150223e-08 
6.222072844150223e-08 
6.222072844150223e-08 
6.222072844150223e-08 
6.222072844150223e-08 
6.222072844150223e-08 
6.222072844150223e-08 
6.222072844150223e-08 
9.7534742800584658e-09 
9.7534742800584658e-09 
9.7534742800584658e-09 
9.7534742800584658e-09 
9.7534742800584658e-09 
9.7534742800584658e-09 
9.7534742800584658e-09 
9.6537565924210686e-09 
9.6537565924210686e-09 
9.6537565924210686e-09 
9.6537565924210686e-09 
9.6537565924210686e-09 
9.6537565924210686e-09 
9.6537565924210686e-09 
9.6537565924210686e-09 
9.6537565924210686e-09 
9.6537565924210686e-09 
9.6537565924210686e-09 
9.6537565924210686e-09 
9.6537565924210686e-09 
9.6537565924210686e-09 
9.6537565924210686e-09 
9.6537565924210686e-09 
9.6537565924210686e-09 
9.6537565924210686e-09 
9.6537565924210686e-09 
9.6537565924210686e-09 
9.6537565924210686e-09 
9.6537565924210686e-09 
9.6537565924210686e-09 
9.6537565924210686e-09 
9.6537565924210686e-09 
9.6537565924210686e-09 
9.6537565924210686e-09 
9.6537565924210686e-09 
9.6537565924210686e-09 
9.6537565924210686e-09 
9.6537565924210686e-09 
9.6537565924210686e-09 
9.6537565924210686e-09 
9.6537565924210686e-09 
9.6537565924210686e-09 
9.6537565924210686e-09 
9.6537565924210686e-09 
9.6537565924210686e-09 
9.6537565924210686e-09 
9.6537565924210686e-09 
9.6537565924210686e-09 
9.6537565924210686e-09 
9.6537565924210686e-09 
9.6537565924210686e-09 
9.6537565924210686e-09 
9.6537565924210686e-09 
9.6537565924210686e-09 
9.6537565924210686e-09 
9.6537565924210686e-09 
9.6537565924210686e-09 
9.6537565924210686e-09 
9.6537565924210686e-09 
9.6537565924210686e-09 
9.6537565924210686e-09 
9.6537565924210686e-09 
9.6537565924210686e-09 
9.6537565924210686e-09 
9.6537565924210686e-09 
9.6537565924210686e-09 
9.6537565924210686e-09 
9.6537565924210686e-09 
9.3969014375905874e-09 
9.3969014375905874e-09 
9.3969014375905874e-09 
9.3969014375905874e-09 
9.3969014375905874e-09 
9.3969014375905874e-09 
9.3969014375905874e-09 
9.0683952787814185e-09 
9.0683952787814185e-09 
9.0683952787814185e-09 
9.0683952787814185e-09 
8.7238140967061167e-09 
8.7238140967061167e-09 
8.7238140967061167e-09 
8.7238140967061167e-09 
8.6415776110119709e-09 
8.6415776110119709e-09 
8.6415776110119709e-09 
8.6415776110119709e-09 
8.4691351429528055e-09 
8.4691351429528055e-09 
8.4691351429528055e-09 
8.4691351429528055e-09 
8.4509031294099579e-09 
8.4509031294099579e-09 
8.4509031294099579e-09 
8.4509031294099579e-09 
8.3630634480084863e-09 
8.3630634480084863e-09 
8.3630634480084863e-09 
8.3630634480084863e-09 
8.3630634480084863e-09 
8.3630634480084863e-09 
8.3630634480084863e-09 
8.3526935200056993e-09 
8.3526935200056993e-09 
8.3526935200056993e-09 
8.3526935200056993e-09 
8.303849385167268e-09 
8.303849385167268e-09 
8.303849385167268e-09 
8.303849385167268e-09 
8.303849385167268e-09 
8.303849385167268e-09 
8.303849385167268e-09 
8.302832317547665e-09 
8.302832317547665e-09 
8.302832317547665e-09 
8.302832317547665e-09 
8.302832317547665e-09 
8.302832317547665e-09 
8.302832317547665e-09 
8.3023983955032362e-09 
8.3023983955032362e-09 
8.3023983955032362e-09 
8.3023983955032362e-09 
8.2991961322463872e-09 
8.2991961322463872e-09 
8.2991961322463872e-09 
8.2991961322463872e-09 
8.2991961322463872e-09 
8.2991961322463872e-09 
8.2991961322463872e-09 
8.2991568868919442e-09 
8.2991568868919442e-09 
8.2991568868919442e-09 
8.2991568868919442e-09 
8.2990237161214917e-09 
8.2990237161214917e-09 
8.2990237161214917e-09 
8.2990237161214917e-09 
8.2988955085795853e-09 
8.2988955085795853e-09 
8.2988955085795853e-09 
8.2988955085795853e-09 
8.2988546432861699e-09 
8.2988546432861699e-09 
8.2988546432861699e-09 
8.2988546432861699e-09 
8.2988021028047827e-09 
8.2988021028047827e-09 
8.2988021028047827e-09 
8.2988021028047827e-09 
8.2987922931671163e-09 
8.2987922931671163e-09 
8.2987922931671163e-09 
8.2987922931671163e-09 
8.2987700848303959e-09 
8.2987700848303959e-09 
8.2987700848303959e-09 
8.2987700848303959e-09 
8.2987695153560354e-09 
8.2987695153560354e-09 
8.2987695153560354e-09 
8.2987695153560354e-09 
8.2987597094424767e-09 
8.2987597094424767e-09 
8.2987597094424767e-09 
8.2987597094424767e-09 
8.2987597094424767e-09 
8.2987597094424767e-09 
8.2987597094424767e-09 
8.2987597094424767e-09 
8.2987597094424767e-09 
8.2987597094424767e-09 
8.2987597094424767e-09 
8.2987559526334316e-09 
8.2987559526334316e-09 
8.2987559526334316e-09 
8.2987559526334316e-09 
8.2987559526334316e-09 
8.2987559526334316e-09 
8.2987559526334316e-09 
8.2987559526334316e-09 
8.2987559526334316e-09 
8.2987559526334316e-09 
8.2987559526334316e-09 
8.2987559526334316e-09 
8.2987559526334316e-09 
8.2987559526334316e-09 
8.2987559526334316e-09 
8.2987559526334316e-09 
8.2987559526334316e-09 
8.2987559526334316e-09 
8.2987557876133164e-09 
8.2987557876133164e-09 
8.2987557876133164e-09 
8.2987557876133164e-09 
8.2987557876133164e-09 
8.2987557876133164e-09 
8.2987557876133164e-09 
8.2987557876133164e-09 
8.2987557876133164e-09 
8.2987557876133164e-09 
8.2987557876133164e-09 
8.2987557802609745e-09 
8.2987557802609745e-09 
8.2987557802609745e-09 
8.2987557802609745e-09 
8.2987557762525548e-09 
8.2987557762525548e-09 
8.2987557762525548e-09 
8.2987557762525548e-09 
8.2987557750329316e-09 
8.2987557750329316e-09 
8.2987557750329316e-09 
8.2987557750329316e-09 
8.2987557737072324e-09 
8.2987557737072324e-09 
8.2987557737072324e-09 
8.2987557737072324e-09 
8.2987557734624531e-09 
8.2987557734624531e-09 
8.2987557734624531e-09 
8.2987557734624531e-09 
8.2987557729898981e-09 
8.2987557729898981e-09 
8.2987557729898981e-09 
8.2987557729898981e-09 
8.2987557729898981e-09 
8.2987557729898981e-09 
8.2987557729898981e-09 
8.2987557729898981e-09 
8.2987557729898981e-09 
8.2987557729898981e-09 
8.2987557729898981e-09 
8.2987557727842527e-09 
8.2987557727842527e-09 
8.2987557727842527e-09 
8.2987557727842527e-09 
8.2987557727842527e-09 
8.2987557727842527e-09 
8.2987557727842527e-09 
8.2987557727839367e-09 
8.2987557727839367e-09 
8.2987557727839367e-09 
8.2987557727839367e-09 
8.2987557727839367e-09 
8.2987557727839367e-09 
8.2987557727839367e-09 
8.2987557727628204e-09 
8.2987557727628204e-09 
8.2987557727628204e-09 
8.2987557727628204e-09 
8.2987557727628204e-09 
8.2987557727628204e-09 
8.2987557727628204e-09 
8.2987557727628204e-09 
8.2987557727628204e-09 
8.2987557727628204e-09 
8.2987557727591957e-09 
8.2987557727591957e-09 
8.2987557727415768e-09 
8.2987557727389844e-09 
8.2987557727389844e-09 
8.2987557727261747e-09 
8.2987557727161162e-09 
8.298755772707717e-09 
8.2987557726973524e-09 
8.2987557726973524e-09 
8.2987557726887563e-09 
8.2987557726760078e-09 
8.2987557726760078e-09 
8.2987557726760078e-09 
8.2987557726760078e-09 
8.2987557726760078e-09 
8.2987557726760078e-09 
8.2987557726760078e-09 
8.2987557726760078e-09 
8.2987557726760078e-09 
8.2987557726760078e-09 
8.2987557726760078e-09 
8.2987557726760078e-09 
8.2987557726760078e-09 
8.2987557726760078e-09 
8.2987557726760078e-09 
8.2987557726760078e-09 
8.2987557726760078e-09 
8.2987557726760078e-09 
8.2987557726760078e-09 
8.2987557726760078e-09 
8.2987557726760078e-09 
8.2987557726760078e-09 
8.2987557726760078e-09 
8.2987557726760078e-09 
8.2987557726760078e-09 
8.2987557726760078e-09 
8.2987557726760078e-09 
8.2987557726760078e-09 
8.2987557726760078e-09 
8.2987557726760078e-09 
8.2987557726760078e-09 
8.2987557726760078e-09 
8.2987557726760078e-09 
8.2987557726760078e-09 
8.2987557726760078e-09 
8.2987557726760078e-09 
8.2987557726760078e-09 
8.2987557726760078e-09 
8.2987557726760078e-09 
8.2987557726760078e-09 
8.2987557726760078e-09 
8.2987557726760078e-09 
6.0016949233804255e-09 
6.0016949233804255e-09 
6.0016949233804255e-09 
6.0016949233804255e-09 
6.0016949233804255e-09 
6.0016949233804255e-09 
6.0016949233804255e-09 
5.5357713902481459e-09 
5.5357713902481459e-09 
5.5357713902481459e-09 
5.1061790205718316e-09 
5.1061790205718316e-09 
5.1061790205718316e-09 
5.0902071976077203e-09 
5.0902071976077203e-09 
5.0902071976077203e-09 
5.0233505415692368e-09 
5.0233505415692368e-09 
5.0233505415692368e-09 
5.0233505415692368e-09 
5.0233505415692368e-09 
5.0233505415692368e-09 
5.0233505415692368e-09 
5.0233505415692368e-09 
5.0233505415692368e-09 
5.0233505415692368e-09 
5.0233505415692368e-09 
5.0233505415692368e-09 
5.0233505415692368e-09 
5.0233505415692368e-09 
5.0233505415692368e-09 
5.0233505415692368e-09 
5.0233505415692368e-09 
5.0233505415692368e-09 
5.0233505415692368e-09 
5.0233505415692368e-09 
5.0233505415692368e-09 
5.0233505415692368e-09 
5.0233505415692368e-09 
5.0233505415692368e-09 
5.0233505415692368e-09 
5.0233505415692368e-09 
5.0233505415692368e-09 
5.0233505415692368e-09 
5.0233505415692368e-09 
5.0233505415692368e-09 
5.0233505415692368e-09 
5.0233505415692368e-09 
5.0233505415692368e-09 
5.0233505415692368e-09 
5.0233505415692368e-09 
5.0233505415692368e-09 
5.0233505415692368e-09 
5.0233505415692368e-09 
5.0233505415692368e-09 
5.0233505415692368e-09 
5.0233505415692368e-09 
5.0233505415692368e-09 
5.0233505415692368e-09 
5.0233505415692368e-09 
5.0233505415692368e-09 
4.9569493413502755e-09 
4.7614796271858569e-09 
4.6297868807041625e-09 
4.5397415888910305e-09 
4.4772394998995724e-09 
4.4332072049539712e-09 
4.401743989419401e-09 
4.3789648061680015e-09 
4.3622766143810645e-09 
4.3499232173586577e-09 
4.3406969799527013e-09 
4.3337546936868754e-09 
4.3284987806774101e-09 
4.3244997582603762e-09 
4.3214449682662157e-09 
4.3191041862927411e-09 
4.3173062010811812e-09 
4.3159226149083512e-09 
4.3148564640410888e-09 
4.3140341057184633e-09 
4.3133993533968745e-09 
4.3129091842425422e-09 
4.3125305624711063e-09 
4.3122380665819519e-09 
4.3120121027328605e-09 
4.311837550875571e-09 
4.3117027334563757e-09 
4.3115986264296186e-09 
4.3115182537599737e-09 
4.3114562216563217e-09 
4.3114083593590854e-09 
4.3113714419753528e-09 
4.3113429762619213e-09 
4.3113210350003968e-09 
4.3113041288348873e-09 
4.3112911070503927e-09 
4.3112810809027314e-09 
4.311273364141976e-09 
4.311267427085387e-09 
4.3112628610204635e-09 
4.3112593507041611e-09 
4.3112566530844089e-09 
4.3112545807936179e-09 
4.3112529894881632e-09 
4.3112517680169133e-09 
4.3112508307777216e-09 
4.3112501119210755e-09 
4.311249560786033e-09 
4.3112491383889937e-09 
4.3112488148003221e-09 
4.3112485670038642e-09 
4.3112483772981682e-09 
4.3112482321272734e-09 
4.3112481210947213e-09 
4.3112480362012371e-09 
4.311247971319491e-09 
4.3112479217390387e-09 
4.3112478838870636e-09 
4.3112478549931551e-09 
4.3112478329403264e-09 
4.3112478161279094e-09 
4.3112478032889157e-09 
4.3112477935120826e-09 
4.3112477860613095e-09 
4.3112477803959056e-09 
4.3112477760753973e-09 
4.3112477727788775e-09 
4.3112477702797225e-09 
4.3112477683718221e-09 
4.3112477669219366e-09 
4.3112477658182386e-09 
4.3112477649926247e-09 
4.3112477643615157e-09 
4.3112477638782213e-09 
4.3112477635251955e-09 
4.3112477632548489e-09 
4.3112477630419004e-09 
4.3112477628795124e-09 
4.3112477627531109e-09 
4.3112477626704326e-09 
4.311247762590723e-09 
4.3112477625440303e-09 
4.3112477625080446e-09 
4.3112477625080446e-09 
4.3112477625080446e-09 
4.3112477625080446e-09 
4.3112477625080446e-09 
4.3112477625080446e-09 
4.3112477625080446e-09 
4.3112477625080446e-09 
4.3112477625080446e-09 
4.3112477625080446e-09 
4.3112477625080446e-09 
4.3112477625080446e-09 
4.3112477625080446e-09 
4.3112477625080446e-09 
4.3112477625080446e-09 
4.3112477625080446e-09 
4.3112477625080446e-09 
4.3112477625080446e-09 
4.3112477625080446e-09 
4.3112477625080446e-09 
4.3112477625080446e-09 
4.3112477625080446e-09 
4.3112477625080446e-09 
4.3112477625080446e-09 
4.3112477625080446e-09 
4.3112477625080446e-09 
4.3112477625080446e-09 
4.3112477625080446e-09 
4.3112477625080446e-09 
4.3112477625080446e-09 
4.3112477625080446e-09 
4.3112477625080446e-09 
4.3112477625080446e-09 
4.3112477625080446e-09 
4.3112477625080446e-09 
4.3112477625080446e-09 
4.3112477625080446e-09 
4.3112477625080446e-09 
4.3112477625080446e-09 
4.3112477625080446e-09 
4.3112477625080446e-09 
4.3112477625080446e-09 
4.3112477625080446e-09 
4.3112477625080446e-09 
4.3112477625080446e-09 
4.3112477625080446e-09 
4.3112477625080446e-09 
4.3112477625080446e-09 
4.3112477625080446e-09 
4.3112477625080446e-09 
4.3112477625080446e-09 
4.3112477625080446e-09 
4.3112477625080446e-09 
4.3112477625080446e-09 
4.3112477625080446e-09 
4.3112477625080446e-09 
4.3112477625080446e-09 
4.3112477625080446e-09 
4.3112477625080446e-09 
4.3112477625080446e-09 
4.3112477625080446e-09 
4.3112477625080446e-09 
4.3112477625080446e-09 
4.3112477625080446e-09 
4.3112477625080446e-09 
4.3112477625080446e-09 
4.3112477625080446e-09 
4.3112477625080446e-09 
4.3112477625080446e-09 
4.3112477625080446e-09 
4.3112477625080446e-09 
4.3112477625080446e-09 
4.3112477625080446e-09 
4.3112477625080446e-09 
4.3112477625080446e-09 
4.3112477625080446e-09 
4.3112477625080446e-09 
4.3112477625080446e-09 
4.3112477625080446e-09 
4.3112477625080446e-09 
4.3112477625080446e-09 
4.3112477625080446e-09 
4.3112477625080446e-09 
4.3112477625080446e-09 
4.3112477625080446e-09 
4.3112477625080446e-09 
4.3112477625080446e-09 
4.3112477625080446e-09 
4.3112477625080446e-09 
4.3112477625080446e-09 
4.3112477625080446e-09 
4.3112477625080446e-09 
4.3112477625080446e-09 
4.3112477625080446e-09 
4.3112477625080446e-09 
4.3112477625080446e-09 
4.3112477625080446e-09 
4.3112477625080446e-09 
4.3112477625080446e-09 
4.3112477625080446e-09 
4.3112477625080446e-09 
4.3112477625080446e-09 
4.3112477625080446e-09 
4.3112477625080446e-09 
4.3112477625080446e-09 
4.3112477625080446e-09 
4.3112477625080446e-09 
4.3112477625080446e-09 
4.3112477625080446e-09 
4.3112477625080446e-09 
4.3112477625080446e-09 
4.3112477625080446e-09 
4.3112477625080446e-09 
4.3112477625080446e-09 
4.3112477625080446e-09 
4.3112477625080446e-09 
4.3112477625080446e-09 
4.3112477625080446e-09 
4.3112477625080446e-09 
4.3112477625080446e-09 
4.3112477625080446e-09 
4.3112477625080446e-09 
4.3112477625080446e-09 
4.3112477625080446e-09 
4.3112477625080446e-09 
4.3112477625080446e-09 
4.3112477625080446e-09 
4.3112477625080446e-09 
4.3112477625080446e-09 
4.3112477625080446e-09 
4.3112477625080446e-09 
4.3112477625080446e-09 
4.3112477625080446e-09 
4.3112477625080446e-09 
4.3112477625080446e-09 
4.3085818879976604e-09 
4.304975231347513e-09 
4.3027767533504484e-09 
4.3013998138106455e-09 
4.3005153256898708e-09 
4.2999343057340733e-09 
4.2995453518916176e-09 
4.2992809541448411e-09 
4.2990990565007987e-09 
4.2989727689950411e-09 
4.2988844941157892e-09 
4.2988224854203898e-09 
4.2987787745253997e-09 
4.2987478868915233e-09 
4.2987260246618222e-09 
4.2987105340719248e-09 
4.2986995510594185e-09 
4.298691761287415e-09 
4.2986862356710772e-09 
4.2986823162381806e-09 
4.2986795365166067e-09 
4.2986775655377572e-09 
4.298676168383761e-09 
4.2986751783191156e-09 
4.298674476979206e-09 
4.2986739803631289e-09 
4.2986736288284093e-09 
4.2986733801013054e-09 
4.2986732041883928e-09 
4.2986730798248913e-09 
4.2986729919416728e-09 
4.2986729298574979e-09 
4.2986728860203922e-09 
4.298672855081699e-09 
4.2986728332573731e-09 
4.2986728178654172e-09 
4.2986728070141484e-09 
4.2986727993626036e-09 
4.2986727939795165e-09 
4.2986727901952165e-09 
4.298672787529517e-09 
4.2986727856545938e-09 
4.2986727843308914e-09 
4.2986727834023101e-09 
4.2986727827488051e-09 
4.2986727827488051e-09 
4.2986727827488051e-09 
4.2986727827488051e-09 
4.2986727827488051e-09 
4.2986727827488051e-09 
4.2986727827488051e-09 
4.2986727827488051e-09 
4.2986727827488051e-09 
4.2986727827488051e-09 
4.2986727827488051e-09 
4.2986727827488051e-09 
4.2986727827488051e-09 
4.2986727827488051e-09 
4.2986727827488051e-09 
4.2986727827488051e-09 
4.2986727827488051e-09 
4.2986727827488051e-09 
4.2986727827488051e-09 
4.2986727827488051e-09 
4.2986727827488051e-09 
4.198337014399061e-09 
4.198337014399061e-09 
4.198337014399061e-09 
4.198337014399061e-09 
4.198337014399061e-09 
9.7293060964148839e-11 
9.7293060964148839e-11 
9.7293060964148839e-11 
9.7293060964148839e-11 
9.7293060964148839e-11 
9.7293060964148839e-11 
9.7293060964148839e-11 
9.7293060964148839e-11 
9.7293060964148839e-11 
9.7293060964148839e-11 
9.7293060964148839e-11 
9.7293060964148839e-11 
9.7293060964148839e-11 
9.7293060964148839e-11 
9.7293060964148839e-11 
9.7293060964148839e-11 
9.7293060964148839e-11 
9.7293060964148839e-11 
9.7293060964148839e-11 
9.7293060964148839e-11 
9.7293060964148839e-11 
9.7293060964148839e-11 
9.7293060964148839e-11 
9.7293060964148839e-11 
9.7293060964148839e-11 
9.7293060964148839e-11 
9.7293060964148839e-11 
9.7293060964148839e-11 
9.1535345045709234e-11 
8.2634280584698256e-11 
7.6802098407027008e-11 
7.2932192551602961e-11 
7.0340765933743986e-11 
6.8594229043259941e-11 
6.7411880842980825e-11 
6.6609078661117346e-11 
6.6062924359454809e-11 
6.5690920465463846e-11 
6.5437359368861487e-11 
6.5264470716390598e-11 
6.514657650051028e-11 
6.5066189235780226e-11 
6.5011386752176116e-11 
6.4974036210804536e-11 
6.4948588228950583e-11 
6.4931256034104854e-11 
6.4919455925769552e-11 
6.4911425411759394e-11 
6.4905962546008695e-11 
6.4905962546008695e-11 
6.4905962546008695e-11 
6.4905962546008695e-11 
6.4905962546008695e-11 
6.4905962546008695e-11 
6.4905962546008695e-11 
6.4905962546008695e-11 
6.4905962546008695e-11 
6.4905962546008695e-11 
6.4905962546008695e-11 
6.4905962546008695e-11 
6.4905962546008695e-11 
6.4905962546008695e-11 
6.4905962546008695e-11 
6.4905962546008695e-11 
6.4905962546008695e-11 
6.4905962546008695e-11 
6.4905962546008695e-11 
6.4905962546008695e-11 
6.4905962546008695e-11 
6.4905962546008695e-11 
6.4905962546008695e-11 
6.4905962546008695e-11 
6.4905962546008695e-11 
6.4905962546008695e-11 
6.4905962546008695e-11 
6.4905962546008695e-11 
6.4905962546008695e-11 
6.4905962546008695e-11 
5.6445222824782659e-11 
4.7065083268942135e-11 
4.5604182172064424e-11 
4.5604182172064424e-11 
4.5604182172064424e-11 
4.5604182172064424e-11 
4.5604182172064424e-11 
4.5604182172064424e-11 
4.5582773397998718e-11 
4.5581487069017318e-11 
4.5581487069017318e-11 
4.5581487069017318e-11 
4.5581487069017318e-11 
4.5576140418460611e-11 
4.557484884810934e-11 
4.557484884810934e-11 
4.557484884810934e-11 
4.557484884810934e-11 
4.5574697842490486e-11 
4.5574697842490486e-11 
4.5574697842490486e-11 
4.5574697842490486e-11 
4.5574697842490486e-11 
4.5574697842490486e-11 
4.5574697842490486e-11 
4.5574697842490486e-11 
4.5574697842490486e-11 
4.5574697842490486e-11 
4.5574697842490486e-11 
4.5574697842490486e-11 
4.5574697842490486e-11 
4.5574697472046728e-11 
4.5574697472046728e-11 
4.5574697472046728e-11 
4.5574697472046728e-11 
4.5574697472046728e-11 
4.5574697472046728e-11 
4.5574697472046728e-11 
4.5574697472046728e-11 
4.5574697472046728e-11 
4.5574697472046728e-11 
4.5574697472046728e-11 
4.5574697472046728e-11 
4.5574697472046728e-11 
4.5574697472046728e-11 
4.5574697472046728e-11 
4.5574697472046728e-11 
4.5574697472046728e-11 
4.5574697472046728e-11 
4.5574697472046728e-11 
4.5574697472046728e-11 
4.5574697472046728e-11 
4.5574697472046728e-11 
4.5574697472046728e-11 
4.5574697472046728e-11 
4.5574697472046728e-11 
4.5574697472046728e-11 
4.5574697472046728e-11 
4.5574697472046728e-11 
4.5574697472046728e-11 
4.5574697472046728e-11 
4.5574697472046728e-11 
4.5574697472046728e-11 
4.5574697472046728e-11 
4.5574697472046728e-11 
4.5574697472046728e-11 
4.5574697472046728e-11 
4.5574697472046728e-11 
4.5574697472046728e-11 
4.5574697472046728e-11 
4.5574697472046728e-11 
