0.23946807618429955 
0.23946807618429955 
0.081600061391042034 
0.081600061391042034 
0.081600061391042034 
0.081600061391042034 
0.081600061391042034 
0.081600061391042034 
0.079078296218314276 
0.079078296218314276 
0.079078296218314276 
0.079078296218314276 
0.079078296218314276 
0.079078296218314276 
0.079078296218314276 
0.079078296218314276 
0.079078296218314276 
0.079078296218314276 
0.079078296218314276 
0.079078296218314276 
0.079078296218314276 
0.079078296218314276 
0.079078296218314276 
0.078760275937143506 
0.054577529950329093 
0.054577529950329093 
0.052049820912545598 
0.041993773213363172 
0.03510771032336537 
0.028990744933553594 
0.022742904360665773 
0.016370180421764424 
0.010373520123988594 
0.0054727869282257414 
0.0024285143112635224 
0.0019334279045879995 
0.0019334279045879995 
0.0019334279045879995 
0.0019334279045879995 
0.0017878715655686981 
0.0017878715655686981 
0.0017878715655686981 
0.0017878715655686981 
0.0017878715655686981 
0.0017878715655686981 
0.0017878715655686981 
0.0017813971743213576 
0.0017813971743213576 
0.0017813971743213576 
0.0017813971743213576 
0.0017813971743213576 
0.0017813971743213576 
0.0017813971743213576 
0.0017813971743213576 
0.0017813971743213576 
0.0017813971743213576 
0.0017813971743213576 
0.0017813971743213576 
0.0017813971743213576 
0.0017813971743213576 
0.0017813971743213576 
0.0017813971743213576 
0.0017813971743213576 
0.0017813971743213576 
0.0017813971743213576 
0.0017813971743213576 
0.0017813971743213576 
0.0017813971743213576 
0.0017813971743213576 
0.0017813971743213576 
0.0017813971743213576 
0.0017804578908472038 
0.0017804578908472038 
0.0017804578908472038 
0.0017804578908472038 
0.0014507067434494515 
0.0014507067434494515 
0.0014507067434494515 
0.0014507067434494515 
0.0014507067434494515 
0.0014507067434494515 
0.0014507067434494515 
0.0014507067434494515 
0.0014160087518508371 
0.0013608687758949562 
0.0013280859202086262 
0.0013133982236391618 
0.0013132192391938596 
0.0013132192391938596 
0.0013132192391938596 
0.0013132192391938596 
0.0013116247826205781 
0.0013116247826205781 
0.0013116247826205781 
0.0013116247826205781 
0.0013116247826205781 
0.0013116247826205781 
0.0013116247826205781 
0.0013116247826205781 
0.0013116247826205781 
0.0013116247826205781 
0.0013116247826205781 
0.0013116247826205781 
0.0013116247826205781 
0.0013116247826205781 
0.0013116247826205781 
0.0013116247826205781 
0.0013116247826205781 
0.0013116247826205781 
0.0013116247826205781 
0.0013116247826205781 
0.0013116247826205781 
0.0013116247826205781 
0.0013116247826205781 
0.0013116247826205781 
0.0013116247826205781 
0.0013115595611650674 
0.0013115595611650674 
0.0013115595611650674 
0.001306457032075425 
0.001306457032075425 
0.001306457032075425 
0.001306457032075425 
0.0013064080511919381 
0.0013026169809926492 
0.0012571392890285361 
0.0012571392890285361 
0.0012571392890285361 
0.0012498867365825243 
0.001224877646336291 
0.0011882357962661081 
0.0011396200585109776 
0.0011104361265807713 
0.0010773761597271646 
0.0010537413577243369 
0.0010374773507002897 
0.0010269301043548877 
0.00095452344973558502 
0.00088229115036106106 
0.00083225982250059608 
0.00079947240738488436 
0.00073638679612114959 
0.00068978557577597317 
0.00066485925695961305 
0.00061884867535859562 
0.00056019741933153783 
0.00053264231727037984 
0.0004438067483965885 
0.00037466175491271576 
0.00032177588189249897 
0.00028221707917017554 
0.00025349876136048372 
0.00020884173481399638 
0.00016906739979920658 
0.00013486302259365344 
9.9425592308864652e-05 
5.5072796288097611e-05 
2.870584412287911e-05 
2.2209269844231694e-05 
7.6591365263453411e-06 
3.854077677752833e-06 
1.5866305756131534e-06 
1.5866305756131534e-06 
8.6061401634352256e-07 
1.2345058213142966e-07 
1.2345058213142966e-07 
1.2345058213142966e-07 
1.2345058213142966e-07 
1.2345058213142966e-07 
1.2345058213142966e-07 
1.2345058213142966e-07 
4.5214781961749661e-08 
4.5214781961749661e-08 
4.5214781961749661e-08 
4.5214781961749661e-08 
4.5214781961749661e-08 
4.5214781961749661e-08 
4.5214781961749661e-08 
1.579230812878618e-08 
1.579230812878618e-08 
1.579230812878618e-08 
1.579230812878618e-08 
1.579230812878618e-08 
1.579230812878618e-08 
1.579230812878618e-08 
5.1776241157390246e-09 
5.1776241157390246e-09 
5.1776241157390246e-09 
5.1776241157390246e-09 
5.1776241157390246e-09 
5.1776241157390246e-09 
5.1776241157390246e-09 
1.569903088972919e-09 
1.569903088972919e-09 
1.569903088972919e-09 
1.569903088972919e-09 
1.569903088972919e-09 
1.569903088972919e-09 
1.569903088972919e-09 
4.5712266220933027e-10 
4.5712266220933027e-10 
4.5712266220933027e-10 
4.5712266220933027e-10 
4.5712266220933027e-10 
4.5712266220933027e-10 
4.5712266220933027e-10 
1.7633048200178571e-10 
1.7633048200178571e-10 
1.7633048200178571e-10 
1.7633048200178571e-10 
1.7633048200178571e-10 
1.7633048200178571e-10 
1.7633048200178571e-10 
1.4568561038411013e-10 
1.4568561038411013e-10 
1.4568561038411013e-10 
1.4568561038411013e-10 
1.4568561038411013e-10 
1.4568561038411013e-10 
1.4568561038411013e-10 
1.4568561038411013e-10 
1.4568561038411013e-10 
1.4568561038411013e-10 
1.4568561038411013e-10 
1.4568561038411013e-10 
1.4568561038411013e-10 
1.4568561038411013e-10 
6.5749983011793129e-11 
6.5749983011793129e-11 
6.5749983011793129e-11 
6.5749983011793129e-11 
6.5749983011793129e-11 
6.5749983011793129e-11 
6.5749983011793129e-11 
4.6720750438256245e-11 
3.8322808136159572e-11 
2.8160635461534671e-11 
2.8160635461534671e-11 
1.434514458473446e-12 
1.434514458473446e-12 
1.434514458473446e-12 
1.434514458473446e-12 
1.434514458473446e-12 
1.434514458473446e-12 
1.434514458473446e-12 
1.434514458473446e-12 
1.434514458473446e-12 
1.434514458473446e-12 
1.434514458473446e-12 
1.434514458473446e-12 
1.434514458473446e-12 
1.434514458473446e-12 
1.434514458473446e-12 
1.434514458473446e-12 
1.3393279798923482e-12 
1.3393279798923482e-12 
1.3393279798923482e-12 
1.3393279798923482e-12 
1.3393279798923482e-12 
1.3393279798923482e-12 
1.3393279798923482e-12 
1.3393279798923482e-12 
1.3393279798923482e-12 
1.3393279798923482e-12 
1.3393279798923482e-12 
1.3393279798923482e-12 
1.3393279798923482e-12 
1.3393279798923482e-12 
1.3393279798923482e-12 
1.3393279798923482e-12 
1.3393279798923482e-12 
1.3393279798923482e-12 
1.3393279798923482e-12 
1.3393279798923482e-12 
1.3393279798923482e-12 
1.3393279798923482e-12 
1.3393279798923482e-12 
1.3393279798923482e-12 
1.3393279798923482e-12 
1.3393279798923482e-12 
1.3393279798923482e-12 
1.3393279798923482e-12 
1.3393279798923482e-12 
1.3393279798923482e-12 
1.3393279798923482e-12 
1.3393279798923482e-12 
1.3393279798923482e-12 
1.3393279798923482e-12 
1.3393279798923482e-12 
1.3393279798923482e-12 
1.3393279798923482e-12 
1.3393279798923482e-12 
1.3393279798923482e-12 
1.3393279798923482e-12 
1.3393279798923482e-12 
1.3393279798923482e-12 
1.3393279798923482e-12 
1.3393279798923482e-12 
1.3393279798923482e-12 
1.3393279798923482e-12 
1.3393279798923482e-12 
1.3393279798923482e-12 
1.3393279798923482e-12 
1.3393279798923482e-12 
1.3393279798923482e-12 
1.3393279798923482e-12 
1.3393279798923482e-12 
1.3393279798923482e-12 
1.3393279798923482e-12 
1.3393279798923482e-12 
1.3393279798923482e-12 
1.3393279798923482e-12 
1.3393279798923482e-12 
1.3393279798923482e-12 
1.3393279798923482e-12 
1.3393279798923482e-12 
1.3393279798923482e-12 
1.3393279798923482e-12 
1.3393279798923482e-12 
1.3393279798923482e-12 
1.3393279798923482e-12 
1.3393279798923482e-12 
1.3393279798923482e-12 
1.3393279798923482e-12 
1.3393279798923482e-12 
1.3393279798923482e-12 
1.3393279798923482e-12 
1.3393279798923482e-12 
1.3393279798923482e-12 
1.3393279798923482e-12 
1.3393279798923482e-12 
1.3393279798923482e-12 
1.3393279798923482e-12 
1.3393279798923482e-12 
1.3393279798923482e-12 
1.3393279798923482e-12 
1.3393279798923482e-12 
1.3393279798923482e-12 
1.3393279798923482e-12 
1.3393279798923482e-12 
1.3393279798923482e-12 
1.3393279798923482e-12 
1.3393279798923482e-12 
1.3393279798923482e-12 
1.3393279798923482e-12 
1.3393279798923482e-12 
1.3393279798923482e-12 
1.3393279798923482e-12 
1.3393279798923482e-12 
1.3393279798923482e-12 
1.3393279798923482e-12 
1.3393279798923482e-12 
1.3393279798923482e-12 
1.3393279798923482e-12 
1.3393279798923482e-12 
1.3393279798923482e-12 
1.3393279798923482e-12 
1.3393279798923482e-12 
1.3393279798923482e-12 
1.3393279798923482e-12 
1.3393279798923482e-12 
1.3393279798923482e-12 
1.3393279798923482e-12 
1.3393279798923482e-12 
1.3393279798923482e-12 
1.3393279798923482e-12 
1.3393279798923482e-12 
1.3393279798923482e-12 
1.3393279798923482e-12 
1.3393279798923482e-12 
1.3393279798923482e-12 
1.3393279798923482e-12 
1.3393279798923482e-12 
1.3393279798923482e-12 
1.3393279798923482e-12 
1.3393279798923482e-12 
1.3393279798923482e-12 
1.3393279798923482e-12 
1.3393279798923482e-12 
1.3393279798923482e-12 
1.3393279798923482e-12 
1.3393279798923482e-12 
1.3393279798923482e-12 
1.3393279798923482e-12 
1.3393279798923482e-12 
1.3393279798923482e-12 
1.3393279798923482e-12 
1.3393279798923482e-12 
1.3393279798923482e-12 
1.3393279798923482e-12 
1.3393279798923482e-12 
1.3393279798923482e-12 
1.3393279798923482e-12 
1.3393279798923482e-12 
1.3393279798923482e-12 
1.3393279798923482e-12 
1.3393279798923482e-12 
1.3393279798923482e-12 
1.3393279798923482e-12 
1.3393279798923482e-12 
1.3393279798923482e-12 
1.3393279798923482e-12 
1.3393279798923482e-12 
1.3393279798923482e-12 
1.3393279798923482e-12 
1.3393279798923482e-12 
1.3393279798923482e-12 
1.3393279798923482e-12 
1.3393279798923482e-12 
1.3393279798923482e-12 
1.3393279798923482e-12 
1.3393279798923482e-12 
1.3393279798923482e-12 
1.3393279798923482e-12 
1.3393279798923482e-12 
1.3393279798923482e-12 
1.3393279798923482e-12 
1.3393279798923482e-12 
1.3393279798923482e-12 
1.3393279798923482e-12 
1.3393279798923482e-12 
1.3393279798923482e-12 
1.3393279798923482e-12 
1.3393279798923482e-12 
1.3393279798923482e-12 
1.3393279798923482e-12 
1.3393279798923482e-12 
1.3393279798923482e-12 
1.3393279798923482e-12 
1.3393279798923482e-12 
1.3393279798923482e-12 
1.3393279798923482e-12 
1.3393279798923482e-12 
1.3393279798923482e-12 
1.3393279798923482e-12 
1.3393279798923482e-12 
1.3393279798923482e-12 
1.3393279798923482e-12 
1.3393279798923482e-12 
1.3393279798923482e-12 
1.3393279798923482e-12 
1.3393279798923482e-12 
1.3393279798923482e-12 
1.3393279798923482e-12 
1.3393279798923482e-12 
1.3393279798923482e-12 
1.3393279798923482e-12 
1.3393279798923482e-12 
1.3393279798923482e-12 
1.3393279798923482e-12 
1.3393279798923482e-12 
1.3393279798923482e-12 
1.3393279798923482e-12 
1.3393279798923482e-12 
1.3393279798923482e-12 
1.3393279798923482e-12 
1.3393279798923482e-12 
1.3393279798923482e-12 
1.3393279798923482e-12 
1.3393279798923482e-12 
1.3393279798923482e-12 
1.3393279798923482e-12 
1.3393279798923482e-12 
1.3393279798923482e-12 
1.3393279798923482e-12 
1.3393279798923482e-12 
1.3393279798923482e-12 
1.3393279798923482e-12 
1.3393279798923482e-12 
1.3393279798923482e-12 
1.3393279798923482e-12 
1.3393279798923482e-12 
1.3393279798923482e-12 
1.3393279798923482e-12 
1.3393279798923482e-12 
1.3393279798923482e-12 
1.3393279798923482e-12 
1.3393279798923482e-12 
1.3393279798923482e-12 
1.3393279798923482e-12 
1.3393279798923482e-12 
1.3393279798923482e-12 
1.3393279798923482e-12 
1.3393279798923482e-12 
1.3393279798923482e-12 
1.3393279798923482e-12 
1.3393279798923482e-12 
1.3393279798923482e-12 
1.3393279798923482e-12 
1.3393279798923482e-12 
1.3393279798923482e-12 
1.3393279798923482e-12 
1.3393279798923482e-12 
1.3393279798923482e-12 
1.3393279798923482e-12 
1.3393279798923482e-12 
1.3393279798923482e-12 
1.3393279798923482e-12 
1.3393279798923482e-12 
1.3393279798923482e-12 
1.3393279798923482e-12 
1.3393279798923482e-12 
1.3393279798923482e-12 
1.3393279798923482e-12 
1.3393279798923482e-12 
1.3393279798923482e-12 
1.3393279798923482e-12 
1.3393279798923482e-12 
1.3393279798923482e-12 
1.3393279798923482e-12 
1.3393279798923482e-12 
1.3393279798923482e-12 
1.3393279798923482e-12 
1.3393279798923482e-12 
1.3393279798923482e-12 
1.3393279798923482e-12 
1.3393279798923482e-12 
1.3393279798923482e-12 
1.3393279798923482e-12 
1.3393279798923482e-12 
1.3393279798923482e-12 
1.3393279798923482e-12 
1.3393279798923482e-12 
1.3393279798923482e-12 
1.3393279798923482e-12 
1.3393279798923482e-12 
1.3393279798923482e-12 
1.3393279798923482e-12 
1.3393279798923482e-12 
1.3393279798923482e-12 
1.3393279798923482e-12 
1.3393279798923482e-12 
1.3393279798923482e-12 
1.3393279798923482e-12 
1.3393279798923482e-12 
1.3393279798923482e-12 
1.3393279798923482e-12 
1.3393279798923482e-12 
1.3393279798923482e-12 
1.3393279798923482e-12 
1.3393279798923482e-12 
1.3393279798923482e-12 
1.3393279798923482e-12 
1.3393279798923482e-12 
1.3393279798923482e-12 
1.3393279798923482e-12 
1.3393279798923482e-12 
1.3393279798923482e-12 
1.3393279798923482e-12 
1.3393279798923482e-12 
1.3393279798923482e-12 
1.3393279798923482e-12 
1.3393279798923482e-12 
1.3393279798923482e-12 
1.3393279798923482e-12 
1.3393279798923482e-12 
1.3393279798923482e-12 
1.3393279798923482e-12 
1.3393279798923482e-12 
1.3393279798923482e-12 
1.3393279798923482e-12 
1.3393279798923482e-12 
1.3393279798923482e-12 
1.3393279798923482e-12 
1.3393279798923482e-12 
1.3393279798923482e-12 
1.3393279798923482e-12 
1.3393279798923482e-12 
1.3393279798923482e-12 
1.3393279798923482e-12 
1.3393279798923482e-12 
1.3393279798923482e-12 
1.3393279798923482e-12 
1.3393279798923482e-12 
1.3393279798923482e-12 
1.3393279798923482e-12 
1.3393279798923482e-12 
1.3393279798923482e-12 
1.3393279798923482e-12 
1.3393279798923482e-12 
1.3393279798923482e-12 
1.3393279798923482e-12 
1.3393279798923482e-12 
1.3393279798923482e-12 
1.3393279798923482e-12 
1.3393279798923482e-12 
1.3393279798923482e-12 
1.3393279798923482e-12 
1.3393279798923482e-12 
1.3393279798923482e-12 
1.3393279798923482e-12 
1.3393279798923482e-12 
1.3393279798923482e-12 
1.3393279798923482e-12 
1.3393279798923482e-12 
1.3393279798923482e-12 
1.3393279798923482e-12 
1.3393279798923482e-12 
1.3393279798923482e-12 
1.3393279798923482e-12 
1.3393279798923482e-12 
1.3393279798923482e-12 
1.3393279798923482e-12 
1.3393279798923482e-12 
1.3393279798923482e-12 
1.3393279798923482e-12 
1.3393279798923482e-12 
1.3393279798923482e-12 
1.3393279798923482e-12 
1.3393279798923482e-12 
1.3393279798923482e-12 
1.3393279798923482e-12 
1.3393279798923482e-12 
1.3393279798923482e-12 
1.3393279798923482e-12 
1.3393279798923482e-12 
1.3393279798923482e-12 
1.3393279798923482e-12 
1.3393279798923482e-12 
1.3393279798923482e-12 
1.3393279798923482e-12 
1.3393279798923482e-12 
1.3393279798923482e-12 
1.3393279798923482e-12 
1.3393279798923482e-12 
1.3393279798923482e-12 
1.3393279798923482e-12 
1.3393279798923482e-12 
1.3393279798923482e-12 
1.3393279798923482e-12 
1.3393279798923482e-12 
1.3393279798923482e-12 
1.3393279798923482e-12 
1.3393279798923482e-12 
1.3393279798923482e-12 
1.3393279798923482e-12 
1.3393279798923482e-12 
1.3393279798923482e-12 
1.3393279798923482e-12 
1.3393279798923482e-12 
1.3393279798923482e-12 
1.3393279798923482e-12 
1.3393279798923482e-12 
1.3393279798923482e-12 
1.3393279798923482e-12 
1.3393279798923482e-12 
1.3393279798923482e-12 
1.3393279798923482e-12 
1.3393279798923482e-12 
1.3393279798923482e-12 
1.3393279798923482e-12 
1.3393279798923482e-12 
1.3393279798923482e-12 
1.3393279798923482e-12 
1.3393279798923482e-12 
1.3393279798923482e-12 
1.3393279798923482e-12 
1.3393279798923482e-12 
1.3393279798923482e-12 
1.3393279798923482e-12 
1.3393279798923482e-12 
1.3393279798923482e-12 
1.3393279798923482e-12 
1.3393279798923482e-12 
1.3393279798923482e-12 
1.3393279798923482e-12 
1.3393279798923482e-12 
1.3393279798923482e-12 
1.3393279798923482e-12 
1.3393279798923482e-12 
1.3393279798923482e-12 
1.3393279798923482e-12 
1.3393279798923482e-12 
1.3393279798923482e-12 
1.3393279798923482e-12 
1.3393279798923482e-12 
1.3393279798923482e-12 
1.3393279798923482e-12 
1.3393279798923482e-12 
1.3393279798923482e-12 
1.3393279798923482e-12 
1.3393279798923482e-12 
1.3393279798923482e-12 
1.3393279798923482e-12 
1.3393279798923482e-12 
1.3393279798923482e-12 
1.3393279798923482e-12 
1.3393279798923482e-12 
1.3393279798923482e-12 
1.3393279798923482e-12 
1.3393279798923482e-12 
1.3393279798923482e-12 
1.3393279798923482e-12 
1.3393279798923482e-12 
1.3393279798923482e-12 
1.3393279798923482e-12 
1.3393279798923482e-12 
1.3393279798923482e-12 
1.3393279798923482e-12 
1.3393279798923482e-12 
1.3393279798923482e-12 
1.3393279798923482e-12 
1.3393279798923482e-12 
1.3393279798923482e-12 
1.3393279798923482e-12 
1.3393279798923482e-12 
1.3393279798923482e-12 
1.3393279798923482e-12 
1.3393279798923482e-12 
1.3393279798923482e-12 
1.3393279798923482e-12 
1.3393279798923482e-12 
1.3393279798923482e-12 
1.3393279798923482e-12 
1.3393279798923482e-12 
1.3393279798923482e-12 
1.3393279798923482e-12 
1.3393279798923482e-12 
1.3393279798923482e-12 
1.3393279798923482e-12 
1.3393279798923482e-12 
1.3393279798923482e-12 
1.3393279798923482e-12 
1.3393279798923482e-12 
1.3393279798923482e-12 
1.3393279798923482e-12 
1.3393279798923482e-12 
1.3393279798923482e-12 
1.3393279798923482e-12 
1.3393279798923482e-12 
1.3393279798923482e-12 
1.3393279798923482e-12 
1.3393279798923482e-12 
1.3393279798923482e-12 
1.3393279798923482e-12 
1.3393279798923482e-12 
1.3393279798923482e-12 
1.3393279798923482e-12 
1.3393279798923482e-12 
1.3393279798923482e-12 
1.3393279798923482e-12 
1.3393279798923482e-12 
1.3393279798923482e-12 
1.3393279798923482e-12 
1.3393279798923482e-12 
1.3393279798923482e-12 
1.3393279798923482e-12 
1.3393279798923482e-12 
1.3393279798923482e-12 
1.3393279798923482e-12 
1.3393279798923482e-12 
1.3393279798923482e-12 
1.3393279798923482e-12 
1.3393279798923482e-12 
1.3393279798923482e-12 
1.3393279798923482e-12 
1.3393279798923482e-12 
1.3393279798923482e-12 
1.3393279798923482e-12 
1.3393279798923482e-12 
1.3393279798923482e-12 
1.3393279798923482e-12 
1.3393279798923482e-12 
1.3393279798923482e-12 
1.3393279798923482e-12 
1.3393279798923482e-12 
1.3393279798923482e-12 
1.3393279798923482e-12 
1.3393279798923482e-12 
1.3393279798923482e-12 
1.3393279798923482e-12 
1.3393279798923482e-12 
1.3393279798923482e-12 
1.3393279798923482e-12 
1.3393279798923482e-12 
1.3393279798923482e-12 
1.3393279798923482e-12 
1.3393279798923482e-12 
1.3393279798923482e-12 
1.3393279798923482e-12 
1.3393279798923482e-12 
1.3393279798923482e-12 
1.3393279798923482e-12 
1.3393279798923482e-12 
1.3393279798923482e-12 
1.3393279798923482e-12 
1.3393279798923482e-12 
1.3393279798923482e-12 
1.3393279798923482e-12 
1.3393279798923482e-12 
1.3393279798923482e-12 
1.3393279798923482e-12 
1.3393279798923482e-12 
1.3393279798923482e-12 
1.3393279798923482e-12 
1.3393279798923482e-12 
1.3393279798923482e-12 
1.3393279798923482e-12 
1.3393279798923482e-12 
1.3393279798923482e-12 
1.3393279798923482e-12 
1.3393279798923482e-12 
1.3393279798923482e-12 
1.3393279798923482e-12 
1.3393279798923482e-12 
1.3393279798923482e-12 
1.3393279798923482e-12 
1.3393279798923482e-12 
1.3393279798923482e-12 
1.3393279798923482e-12 
1.3393279798923482e-12 
1.3393279798923482e-12 
1.3393279798923482e-12 
1.3393279798923482e-12 
1.3393279798923482e-12 
1.3393279798923482e-12 
1.3393279798923482e-12 
1.3393279798923482e-12 
1.3393279798923482e-12 
1.3393279798923482e-12 
1.3393279798923482e-12 
1.3393279798923482e-12 
1.3393279798923482e-12 
1.3393279798923482e-12 
1.3393279798923482e-12 
1.3393279798923482e-12 
1.3393279798923482e-12 
1.3393279798923482e-12 
1.3393279798923482e-12 
1.3393279798923482e-12 
1.3393279798923482e-12 
1.3393279798923482e-12 
1.3393279798923482e-12 
1.3393279798923482e-12 
1.3393279798923482e-12 
1.3393279798923482e-12 
1.3393279798923482e-12 
1.3393279798923482e-12 
1.3393279798923482e-12 
1.3393279798923482e-12 
1.3393279798923482e-12 
1.3393279798923482e-12 
1.3393279798923482e-12 
1.3393279798923482e-12 
1.3393279798923482e-12 
1.3393279798923482e-12 
1.3393279798923482e-12 
1.3393279798923482e-12 
1.3393279798923482e-12 
1.3393279798923482e-12 
1.3393279798923482e-12 
1.3393279798923482e-12 
1.3393279798923482e-12 
1.3393279798923482e-12 
1.3393279798923482e-12 
1.3393279798923482e-12 
1.3393279798923482e-12 
1.3393279798923482e-12 
1.3393279798923482e-12 
1.3393279798923482e-12 
1.3393279798923482e-12 
1.3393279798923482e-12 
1.3393279798923482e-12 
1.3393279798923482e-12 
1.3393279798923482e-12 
1.3393279798923482e-12 
1.3393279798923482e-12 
1.3393279798923482e-12 
1.3393279798923482e-12 
1.3393279798923482e-12 
1.3393279798923482e-12 
1.3393279798923482e-12 
1.3393279798923482e-12 
1.3393279798923482e-12 
1.3393279798923482e-12 
1.3393279798923482e-12 
1.3393279798923482e-12 
1.3393279798923482e-12 
1.3393279798923482e-12 
1.3393279798923482e-12 
1.3393279798923482e-12 
1.3393279798923482e-12 
1.3393279798923482e-12 
1.3393279798923482e-12 
1.3393279798923482e-12 
1.3393279798923482e-12 
1.3393279798923482e-12 
1.3393279798923482e-12 
1.3393279798923482e-12 
1.3393279798923482e-12 
1.3393279798923482e-12 
1.3393279798923482e-12 
1.3393279798923482e-12 
1.3393279798923482e-12 
1.3393279798923482e-12 
1.3393279798923482e-12 
1.3393279798923482e-12 
1.3393279798923482e-12 
1.3393279798923482e-12 
1.3393279798923482e-12 
1.3393279798923482e-12 
1.3393279798923482e-12 
1.3393279798923482e-12 
1.3393279798923482e-12 
1.3393279798923482e-12 
1.3393279798923482e-12 
1.3393279798923482e-12 
1.3393279798923482e-12 
1.3393279798923482e-12 
1.3393279798923482e-12 
1.3393279798923482e-12 
1.3393279798923482e-12 
1.3393279798923482e-12 
1.3393279798923482e-12 
1.3393279798923482e-12 
1.3393279798923482e-12 
1.3393279798923482e-12 
1.3393279798923482e-12 
1.3393279798923482e-12 
1.3393279798923482e-12 
1.3393279798923482e-12 
1.3393279798923482e-12 
1.3393279798923482e-12 
1.3393279798923482e-12 
1.3393279798923482e-12 
1.3393279798923482e-12 
1.3393279798923482e-12 
1.3393279798923482e-12 
1.3393279798923482e-12 
1.3393279798923482e-12 
1.3393279798923482e-12 
1.3393279798923482e-12 
1.3393279798923482e-12 
1.3393279798923482e-12 
1.3393279798923482e-12 
1.3393279798923482e-12 
1.3393279798923482e-12 
1.3393279798923482e-12 
1.3393279798923482e-12 
1.3393279798923482e-12 
1.3393279798923482e-12 
1.3393279798923482e-12 
1.3393279798923482e-12 
1.3393279798923482e-12 
1.3393279798923482e-12 
1.3393279798923482e-12 
1.3393279798923482e-12 
1.3393279798923482e-12 
1.3393279798923482e-12 
1.3393279798923482e-12 
1.3393279798923482e-12 
1.3393279798923482e-12 
1.3393279798923482e-12 
1.3393279798923482e-12 
1.3393279798923482e-12 
1.3393279798923482e-12 
1.3393279798923482e-12 
1.3393279798923482e-12 
1.3393279798923482e-12 
1.3393279798923482e-12 
1.3393279798923482e-12 
1.3393279798923482e-12 
1.3393279798923482e-12 
1.3393279798923482e-12 
1.3393279798923482e-12 
1.3393279798923482e-12 
1.3393279798923482e-12 
1.3393279798923482e-12 
1.3393279798923482e-12 
1.3393279798923482e-12 
1.3393279798923482e-12 
1.3393279798923482e-12 
1.3393279798923482e-12 
1.3393279798923482e-12 
1.3393279798923482e-12 
1.3393279798923482e-12 
1.3393279798923482e-12 
1.3393279798923482e-12 
1.3393279798923482e-12 
1.3393279798923482e-12 
1.3393279798923482e-12 
1.3393279798923482e-12 
1.3393279798923482e-12 
1.3393279798923482e-12 
1.3393279798923482e-12 
1.3393279798923482e-12 
1.3393279798923482e-12 
1.3393279798923482e-12 
1.3393279798923482e-12 
1.3393279798923482e-12 
1.3393279798923482e-12 
1.3393279798923482e-12 
1.3393279798923482e-12 
1.3393279798923482e-12 
1.3393279798923482e-12 
1.3393279798923482e-12 
1.3393279798923482e-12 
1.3393279798923482e-12 
1.3393279798923482e-12 
1.3393279798923482e-12 
