0.38402577572958085 
0.059717391121058283 
0.059717391121058283 
0.059717391121058283 
0.059717391121058283 
0.059717391121058283 
0.059717391121058283 
0.059717391121058283 
0.059717391121058283 
0.059717391121058283 
0.032049335540700497 
0.032049335540700497 
0.032049335540700497 
0.032049335540700497 
0.032049335540700497 
0.032049335540700497 
0.032049335540700497 
0.032049335540700497 
0.032049335540700497 
0.032049335540700497 
0.032049335540700497 
0.032049335540700497 
0.032049335540700497 
0.032049335540700497 
0.032049335540700497 
0.032049335540700497 
0.032049335540700497 
0.032049335540700497 
0.032049335540700497 
0.032049335540700497 
0.032049335540700497 
0.032049335540700497 
0.032049335540700497 
0.032049335540700497 
0.032049335540700497 
0.030399445054801674 
0.030399445054801674 
0.030399445054801674 
0.030399445054801674 
0.030399445054801674 
0.030399445054801674 
0.030399445054801674 
0.029379352313474723 
0.029379352313474723 
0.029379352313474723 
0.029379352313474723 
0.029379352313474723 
0.029379352313474723 
0.029379352313474723 
0.024462240678145702 
0.024462240678145702 
0.024462240678145702 
0.024462240678145702 
0.024462240678145702 
0.024462240678145702 
0.024462240678145702 
0.023230298633983196 
0.023230298633983196 
0.023230298633983196 
0.019558092582307361 
0.015057753301656701 
0.011752566982024301 
0.0084934317537899238 
0.0056502896289336076 
0.0044190553643361549 
0.0044190553643361549 
0.0035773864696484053 
0.0028901885523171873 
0.0021551114945892397 
0.0011960190767964381 
0.0011960190767964381 
0.0011960190767964381 
0.0004527065923441473 
0.00037967007717025806 
0.000338693217144071 
0.000338693217144071 
0.00028560221657000919 
8.9110950892538055e-05 
1.6825953358608416e-05 
1.6825953358608416e-05 
1.6825953358608416e-05 
1.6825953358608416e-05 
1.6825953358608416e-05 
1.6825953358608416e-05 
1.6825953358608416e-05 
1.6825953358608416e-05 
1.6825953358608416e-05 
1.6825953358608416e-05 
1.6825953358608416e-05 
1.6825953358608416e-05 
1.6825953358608416e-05 
1.6825953358608416e-05 
1.6825953358608416e-05 
1.6825953358608416e-05 
1.6825953358608416e-05 
1.6825953358608416e-05 
1.1477932039323587e-05 
1.1477932039323587e-05 
4.5827895725446797e-06 
2.9703884953444102e-07 
2.9703884953444102e-07 
2.9703884953444102e-07 
2.9703884953444102e-07 
2.9703884953444102e-07 
2.9703884953444102e-07 
2.9703884953444102e-07 
2.9703884953444102e-07 
2.9703884953444102e-07 
2.9703884953444102e-07 
2.9703884953444102e-07 
2.9703884953444102e-07 
2.9703884953444102e-07 
2.9703884953444102e-07 
2.9703884953444102e-07 
2.9703884953444102e-07 
2.9703884953444102e-07 
2.9703884953444102e-07 
2.9703884953444102e-07 
2.9703884953444102e-07 
2.9703884953444102e-07 
2.9703884953444102e-07 
5.0025006806701965e-08 
5.0025006806701965e-08 
5.0025006806701965e-08 
5.0025006806701965e-08 
5.0025006806701965e-08 
5.0025006806701965e-08 
5.0025006806701965e-08 
1.4475221025834227e-08 
1.4475221025834227e-08 
1.4475221025834227e-08 
1.4475221025834227e-08 
1.4475221025834227e-08 
1.4475221025834227e-08 
1.4475221025834227e-08 
1.4475221025834227e-08 
1.4475221025834227e-08 
1.4475221025834227e-08 
1.4475221025834227e-08 
1.4475221025834227e-08 
1.4475221025834227e-08 
1.4475221025834227e-08 
1.4475221025834227e-08 
1.4475221025834227e-08 
4.1725862407410671e-09 
4.1725862407410671e-09 
4.1725862407410671e-09 
4.1725862407410671e-09 
4.1725862407410671e-09 
4.1725862407410671e-09 
4.1725862407410671e-09 
1.1511012399421704e-09 
1.1511012399421704e-09 
1.1511012399421704e-09 
1.1511012399421704e-09 
1.1511012399421704e-09 
1.1511012399421704e-09 
1.1511012399421704e-09 
8.4472807621523962e-10 
8.4472807621523962e-10 
8.4472807621523962e-10 
8.4472807621523962e-10 
8.4472807621523962e-10 
8.4472807621523962e-10 
8.4472807621523962e-10 
8.4472807621523962e-10 
8.4472807621523962e-10 
8.4472807621523962e-10 
8.4472807621523962e-10 
8.4472807621523962e-10 
8.4472807621523962e-10 
8.4472807621523962e-10 
8.4472807621523962e-10 
8.4472807621523962e-10 
8.4472807621523962e-10 
8.4472807621523962e-10 
8.4472807621523962e-10 
8.4472807621523962e-10 
8.4472807621523962e-10 
8.4472807621523962e-10 
8.4472807621523962e-10 
8.4472807621523962e-10 
8.4472807621523962e-10 
8.4472807621523962e-10 
8.4472807621523962e-10 
8.4472807621523962e-10 
8.4472807621523962e-10 
8.4472807621523962e-10 
8.4472807621523962e-10 
8.4472807621523962e-10 
8.4472807621523962e-10 
8.4472807621523962e-10 
8.4472807621523962e-10 
8.4472807621523962e-10 
8.4472807621523962e-10 
8.4472807621523962e-10 
8.4472807621523962e-10 
8.4472807621523962e-10 
8.4472807621523962e-10 
8.4472807621523962e-10 
8.4472807621523962e-10 
8.4472807621523962e-10 
8.4472807621523962e-10 
8.4472807621523962e-10 
8.4472807621523962e-10 
8.4472807621523962e-10 
8.4472807621523962e-10 
8.4472807621523962e-10 
8.4472807621523962e-10 
8.4472807621523962e-10 
8.4472807621523962e-10 
8.4472807621523962e-10 
8.4472807621523962e-10 
8.4472807621523962e-10 
8.4472807621523962e-10 
8.4472807621523962e-10 
8.4472807621523962e-10 
8.4472807621523962e-10 
8.4472807621523962e-10 
8.4472807621523962e-10 
8.4472807621523962e-10 
8.4472807621523962e-10 
8.4472807621523962e-10 
8.4472807621523962e-10 
8.4472807621523962e-10 
8.4472807621523962e-10 
8.4472807621523962e-10 
8.4472807621523962e-10 
8.4472807621523962e-10 
8.4472807621523962e-10 
8.4472807621523962e-10 
8.4472807621523962e-10 
8.4472807621523962e-10 
8.4472807621523962e-10 
8.4472807621523962e-10 
8.4472807621523962e-10 
8.4472807621523962e-10 
8.4472807621523962e-10 
8.4472807621523962e-10 
8.4472807621523962e-10 
8.4472807621523962e-10 
8.4472807621523962e-10 
8.4472807621523962e-10 
8.4472807621523962e-10 
8.4472807621523962e-10 
8.4472807621523962e-10 
8.4472807621523962e-10 
8.4472807621523962e-10 
8.4472807621523962e-10 
8.4472807621523962e-10 
8.4472807621523962e-10 
8.4472807621523962e-10 
8.4472807621523962e-10 
8.4472807621523962e-10 
7.3305663912386836e-10 
7.3305663912386836e-10 
7.3305663912386836e-10 
7.3305663912386836e-10 
5.2307557921032321e-10 
5.2307557921032321e-10 
5.2307557921032321e-10 
5.2307557921032321e-10 
5.2307557921032321e-10 
5.2307557921032321e-10 
5.2307557921032321e-10 
5.1555897216911385e-10 
5.1555897216911385e-10 
5.1555897216911385e-10 
5.1555897216911385e-10 
5.1555897216911385e-10 
5.1555897216911385e-10 
5.1555897216911385e-10 
5.1244279122048417e-10 
5.1244279122048417e-10 
5.1244279122048417e-10 
5.1244279122048417e-10 
5.1244279122048417e-10 
5.1244279122048417e-10 
5.1244279122048417e-10 
5.1105871595007251e-10 
5.1105871595007251e-10 
5.1105871595007251e-10 
5.1105871595007251e-10 
5.0900058315264836e-10 
5.0900058315264836e-10 
5.0900058315264836e-10 
5.0900058315264836e-10 
5.0879027063576525e-10 
5.0879027063576525e-10 
5.0879027063576525e-10 
5.0879027063576525e-10 
5.0775133796831352e-10 
5.0775133796831352e-10 
5.0775133796831352e-10 
5.0775133796831352e-10 
5.0775133796831352e-10 
5.0775133796831352e-10 
5.0775133796831352e-10 
5.076424231230374e-10 
5.076424231230374e-10 
5.076424231230374e-10 
5.076424231230374e-10 
5.0706784716930308e-10 
5.0706784716930308e-10 
5.0706784716930308e-10 
5.0706784716930308e-10 
5.0706784716930308e-10 
5.0706784716930308e-10 
5.0706784716930308e-10 
5.0705789605286323e-10 
5.0705789605286323e-10 
5.0705789605286323e-10 
5.0705789605286323e-10 
5.0705789605286323e-10 
5.0705789605286323e-10 
5.0705789605286323e-10 
5.0705376273795823e-10 
5.0705376273795823e-10 
5.0705376273795823e-10 
5.0705376273795823e-10 
5.070183725489902e-10 
5.070183725489902e-10 
5.070183725489902e-10 
5.070183725489902e-10 
5.070183725489902e-10 
5.070183725489902e-10 
5.070183725489902e-10 
5.0701803203564091e-10 
5.0701803203564091e-10 
5.0701803203564091e-10 
5.0701803203564091e-10 
5.0701609045884745e-10 
5.0701609045884745e-10 
5.0701609045884745e-10 
5.0701609045884745e-10 
5.0701502245384371e-10 
5.0701502245384371e-10 
5.0701502245384371e-10 
5.0701502245384371e-10 
5.0701430271687846e-10 
5.0701430271687846e-10 
5.0701430271687846e-10 
5.0701430271687846e-10 
5.0701393497238679e-10 
5.0701393497238679e-10 
5.0701393497238679e-10 
5.0701393497238679e-10 
5.0701367085840585e-10 
5.0701367085840585e-10 
5.0701367085840585e-10 
5.0701367085840585e-10 
5.0701355100696262e-10 
5.0701355100696262e-10 
5.0701355100696262e-10 
5.0701355100696262e-10 
5.0701345413495227e-10 
5.0701345413495227e-10 
5.0701345413495227e-10 
5.0701345413495227e-10 
5.0701341822033851e-10 
5.0701341822033851e-10 
5.0701341822033851e-10 
5.0701341822033851e-10 
5.0701338220592386e-10 
5.0701338220592386e-10 
5.0701338220592386e-10 
5.0701338220592386e-10 
5.0701337313771745e-10 
5.0701337313771745e-10 
5.0701337313771745e-10 
5.0701337313771745e-10 
5.0701335933941684e-10 
5.0701335933941684e-10 
5.0701335933941684e-10 
5.0701335933941684e-10 
5.0701335794057501e-10 
5.0701335794057501e-10 
5.0701335794057501e-10 
5.0701335794057501e-10 
5.0701335239778941e-10 
5.0701335239778941e-10 
5.0701335239778941e-10 
5.0701335239778941e-10 
5.0701335239778941e-10 
5.0701335239778941e-10 
5.0701335239778941e-10 
5.0701335239778941e-10 
5.0701335239778941e-10 
5.0701335239778941e-10 
5.0701335239778941e-10 
5.0701335005464812e-10 
5.0701335005464812e-10 
5.0701335005464812e-10 
5.0701335005464812e-10 
5.0701335005464812e-10 
5.0701335005464812e-10 
5.0701335005464812e-10 
5.0701335005143205e-10 
5.0701335005143205e-10 
5.0701335005143205e-10 
5.0701335005143205e-10 
5.0701335005143205e-10 
5.0701335005143205e-10 
5.0701335005143205e-10 
5.0701335005143205e-10 
5.0701335005143205e-10 
5.0701335005143205e-10 
5.0701335005143205e-10 
5.0701334999847015e-10 
5.0701334999847015e-10 
5.0701334999847015e-10 
5.0701334999847015e-10 
5.0701334999847015e-10 
5.0701334999847015e-10 
5.0701334999847015e-10 
5.0701334996235845e-10 
5.0701334996235845e-10 
5.0701334996235845e-10 
5.0701334996235845e-10 
5.0701334996235845e-10 
5.0701334995999871e-10 
5.0701334995999871e-10 
5.0701334995999871e-10 
5.0701334995999871e-10 
5.0701334995367129e-10 
5.0701334995367129e-10 
5.0701334995367129e-10 
5.0701334993016871e-10 
5.0701334991206049e-10 
5.070133498971365e-10 
5.0701334987236471e-10 
5.0701334986852969e-10 
5.0701334986852969e-10 
5.0701334986852969e-10 
5.0701334986852969e-10 
5.0701334986852969e-10 
5.0701334985729627e-10 
5.0701334985676026e-10 
5.0701334984262426e-10 
5.0701334982206272e-10 
5.0701334982206272e-10 
5.0701334980465109e-10 
5.0701334980050691e-10 
5.0701334977474851e-10 
5.0701334975100708e-10 
5.0701334975100708e-10 
5.0701334975100708e-10 
5.0701334975100708e-10 
5.0701334975100708e-10 
5.0701334973750367e-10 
5.0701334973544316e-10 
5.0701334970527929e-10 
5.0701334970527929e-10 
5.0701334967226558e-10 
5.0701334963315762e-10 
5.0701334962480548e-10 
5.0701334962480548e-10 
5.0701334959547448e-10 
5.0701334959547448e-10 
5.0701334959547448e-10 
5.0701334959547448e-10 
5.0701334959547448e-10 
5.0701334959547448e-10 
5.0701334959547448e-10 
5.0701334959547448e-10 
5.0701334959547448e-10 
5.0701334959547448e-10 
5.0701334959547448e-10 
5.0701334959547448e-10 
5.0701334959547448e-10 
5.0701334959547448e-10 
5.0701334959547448e-10 
4.2360651662689333e-10 
4.2360651662689333e-10 
4.2360651662689333e-10 
4.2360651662689333e-10 
3.0704324442152326e-11 
3.0704324442152326e-11 
3.0704324442152326e-11 
3.0704324442152326e-11 
3.0704324442152326e-11 
3.0704324442152326e-11 
3.0704324442152326e-11 
2.3884262395004602e-11 
2.3884262395004602e-11 
2.3884262395004602e-11 
2.3884262395004602e-11 
2.3884262395004602e-11 
2.3884262395004602e-11 
2.3884262395004602e-11 
2.3884262395004602e-11 
2.3884262395004602e-11 
2.3884262395004602e-11 
2.3884262395004602e-11 
2.3884262395004602e-11 
2.3884262395004602e-11 
2.3884262395004602e-11 
2.3884262395004602e-11 
2.3884262395004602e-11 
2.3884262395004602e-11 
2.3884262395004602e-11 
2.3884262395004602e-11 
2.3884262395004602e-11 
2.3884262395004602e-11 
2.3884262395004602e-11 
2.3884262395004602e-11 
2.3884262395004602e-11 
2.3884262395004602e-11 
2.3884262395004602e-11 
2.3884262395004602e-11 
2.3884262395004602e-11 
2.3884262395004602e-11 
2.3884262395004602e-11 
2.3884262395004602e-11 
2.3884262395004602e-11 
2.3884262395004602e-11 
2.3884262395004602e-11 
2.3884262395004602e-11 
2.3884262395004602e-11 
2.3884262395004602e-11 
2.3884262395004602e-11 
2.3884262395004602e-11 
2.3884262395004602e-11 
2.3884262395004602e-11 
2.3884262395004602e-11 
2.3884262395004602e-11 
2.3884262395004602e-11 
2.3884262395004602e-11 
2.3884262395004602e-11 
2.3884262395004602e-11 
2.3884262395004602e-11 
2.3884262395004602e-11 
2.3884262395004602e-11 
2.3884262395004602e-11 
2.3884262395004602e-11 
2.3884262395004602e-11 
2.3884262395004602e-11 
2.3884262395004602e-11 
2.3884262395004602e-11 
2.3884262395004602e-11 
2.3884262395004602e-11 
2.3884262395004602e-11 
2.3884262395004602e-11 
2.3884262395004602e-11 
2.3884262395004602e-11 
2.3884262395004602e-11 
2.3884262395004602e-11 
2.3884262395004602e-11 
2.3884262395004602e-11 
2.3884262395004602e-11 
2.3884262395004602e-11 
2.3884262395004602e-11 
2.3884262395004602e-11 
2.3884262395004602e-11 
2.3884262395004602e-11 
2.3884262395004602e-11 
2.3884262395004602e-11 
2.3884262395004602e-11 
2.3884262395004602e-11 
2.3884262395004602e-11 
2.3884262395004602e-11 
2.3884262395004602e-11 
2.3884262395004602e-11 
2.3884262395004602e-11 
2.3884262395004602e-11 
2.3884262395004602e-11 
2.3884262395004602e-11 
2.3884262395004602e-11 
2.3884262395004602e-11 
2.3884262395004602e-11 
2.3884262395004602e-11 
2.3884262395004602e-11 
2.3884262395004602e-11 
2.3884262395004602e-11 
2.3884262395004602e-11 
2.3884262395004602e-11 
2.3884262395004602e-11 
2.3884262395004602e-11 
2.3884262395004602e-11 
2.3884262395004602e-11 
2.3884262395004602e-11 
2.3884262395004602e-11 
2.3884262395004602e-11 
2.3884262395004602e-11 
2.3884262395004602e-11 
2.3884262395004602e-11 
2.3884262395004602e-11 
2.3884262395004602e-11 
2.3884262395004602e-11 
2.3884262395004602e-11 
2.3884262395004602e-11 
2.3884262395004602e-11 
2.3884262395004602e-11 
6.5739755447977582e-12 
6.5739755447977582e-12 
6.5739755447977582e-12 
6.5739755447977582e-12 
6.5739755447977582e-12 
6.5739755447977582e-12 
6.5739755447977582e-12 
6.5739755447977582e-12 
6.5739755447977582e-12 
6.5739755447977582e-12 
6.5739755447977582e-12 
6.5739755447977582e-12 
6.5739755447977582e-12 
6.5739755447977582e-12 
6.5739755447977582e-12 
6.5739755447977582e-12 
6.5739755447977582e-12 
6.5739755447977582e-12 
6.333523721576398e-12 
6.333523721576398e-12 
6.333523721576398e-12 
6.333523721576398e-12 
6.2999137479130812e-12 
6.2999137479130812e-12 
6.2999137479130812e-12 
6.2999137479130812e-12 
6.2993401503326855e-12 
6.2993401503326855e-12 
6.2993401503326855e-12 
6.2993401503326855e-12 
6.2920008699099545e-12 
6.2920008699099545e-12 
6.2920008699099545e-12 
6.2920008699099545e-12 
6.2920008699099545e-12 
6.2920008699099545e-12 
6.2920008699099545e-12 
6.2920008699099545e-12 
6.2920008699099545e-12 
6.2920008699099545e-12 
6.2920008699099545e-12 
6.2917058933620825e-12 
6.2917058933620825e-12 
6.2917058933620825e-12 
6.2917058933620825e-12 
6.2916118308136563e-12 
6.2916118308136563e-12 
6.2916118308136563e-12 
6.2916118308136563e-12 
6.2916118308136563e-12 
6.2916118308136563e-12 
6.2916118308136563e-12 
6.2916118308136563e-12 
6.2916118308136563e-12 
6.2916118308136563e-12 
6.2916118308136563e-12 
6.2915968174314203e-12 
6.2915968174314203e-12 
6.2915968174314203e-12 
6.2915968174314203e-12 
6.2915968174314203e-12 
6.2915968174314203e-12 
6.2915968174314203e-12 
6.2915968174314203e-12 
6.2915968174314203e-12 
6.2915968174314203e-12 
6.2915968174314203e-12 
6.2915968174314203e-12 
6.2915968174314203e-12 
6.2915968174314203e-12 
6.2915968174314203e-12 
6.2915968174314203e-12 
6.2915968174314203e-12 
6.2915968174314203e-12 
6.2915968174314203e-12 
6.2915968174314203e-12 
6.2915968174314203e-12 
6.2915968174314203e-12 
6.2915968174314203e-12 
6.2915968174314203e-12 
6.2915968172281488e-12 
6.2915968172281488e-12 
6.2915968172281488e-12 
6.2915968172281488e-12 
6.2915968172281488e-12 
6.2915968172281488e-12 
6.2915968172281488e-12 
6.2915968172281488e-12 
6.2915968172281488e-12 
6.2915968172281488e-12 
6.2915968172281488e-12 
6.2915968172281488e-12 
6.2915968172281488e-12 
6.2915968172281488e-12 
6.2915968172281488e-12 
6.2915968172281488e-12 
6.2915968172281488e-12 
6.2915968172281488e-12 
6.2915968172281488e-12 
6.2915968172281488e-12 
6.2915968172281488e-12 
6.2915968172281488e-12 
6.2915968172281488e-12 
6.2915968172281488e-12 
6.2915968172281488e-12 
6.2915968172281488e-12 
6.2915968172281488e-12 
6.2915968172281488e-12 
6.2915968172281488e-12 
6.2915968172281488e-12 
6.2915968172281488e-12 
6.2915968172281488e-12 
6.2915968172281488e-12 
6.2915968172281488e-12 
6.2915968172281488e-12 
6.2915968172281488e-12 
6.2915968172281488e-12 
6.2915968172281488e-12 
6.2915968172281488e-12 
6.2915968172281488e-12 
6.2915968172281488e-12 
6.2915968172281488e-12 
6.2915968172281488e-12 
6.2915968172281488e-12 
6.2915968172281488e-12 
6.2915968172281488e-12 
6.2915968172281488e-12 
6.2915968172281488e-12 
6.2915968172281488e-12 
6.2915968172281488e-12 
6.2915968172281488e-12 
6.2915968172281488e-12 
6.2915968172281488e-12 
6.2915968172281488e-12 
6.2915968172281488e-12 
6.2915968172281488e-12 
6.2915968172281488e-12 
6.2915968172281488e-12 
6.2915968172281488e-12 
6.2915968172281488e-12 
6.2915968172281488e-12 
6.2915968172281488e-12 
6.2915968172281488e-12 
6.2915968172281488e-12 
6.2915968172281488e-12 
6.2915968172281488e-12 
6.2915968172281488e-12 
6.2915968172281488e-12 
6.2915968172281488e-12 
6.2915968172281488e-12 
6.2915968172281488e-12 
6.2915968172281488e-12 
6.2915968172281488e-12 
6.2915968172281488e-12 
6.2915968172281488e-12 
6.2915968172281488e-12 
6.2915968172281488e-12 
6.2915968172281488e-12 
6.2915968172281488e-12 
6.2915968172281488e-12 
6.2915968172281488e-12 
6.2915968172281488e-12 
6.2915968172281488e-12 
6.2915968172281488e-12 
6.2915968172281488e-12 
6.2915968172281488e-12 
6.2915968172281488e-12 
6.2915968172281488e-12 
6.2915968172281488e-12 
6.2915968172281488e-12 
6.2915968172281488e-12 
6.2915968172281488e-12 
6.2915968172281488e-12 
6.2915968172281488e-12 
6.2915968172281488e-12 
6.2915968172281488e-12 
6.2915968172281488e-12 
6.2915968172281488e-12 
6.2915968172281488e-12 
6.2915968172281488e-12 
6.2915968172281488e-12 
6.2915968172281488e-12 
6.2915968172281488e-12 
6.2915968172281488e-12 
6.2915968172281488e-12 
6.2915968172281488e-12 
6.2915968172281488e-12 
6.2915968172281488e-12 
6.2915968172281488e-12 
3.0075135212436286e-12 
3.0075135212436286e-12 
3.0075135212436286e-12 
3.0075135212436286e-12 
3.0075135212436286e-12 
3.0075135212436286e-12 
3.0075135212436286e-12 
3.0075135212436286e-12 
3.0075135212436286e-12 
3.0075135212436286e-12 
3.0075135212436286e-12 
1.8188288111190409e-12 
1.8188288111190409e-12 
1.8188288111190409e-12 
1.8188288111190409e-12 
1.8188288111190409e-12 
1.8188288111190409e-12 
1.8188288111190409e-12 
1.8188288111190409e-12 
1.8188288111190409e-12 
1.8188288111190409e-12 
1.8174705928873058e-12 
1.8174705928873058e-12 
1.8174705928873058e-12 
1.8174705928873058e-12 
1.8174705928873058e-12 
1.8174705928873058e-12 
1.8174705928873058e-12 
1.8174705928873058e-12 
1.8174705928873058e-12 
1.8174705928873058e-12 
1.8174705928873058e-12 
1.8174705928873058e-12 
1.8174705928873058e-12 
1.8174705928873058e-12 
1.8174705928873058e-12 
1.8174705928873058e-12 
1.8174705928873058e-12 
1.8174705928873058e-12 
1.8174705928873058e-12 
1.8174705928873058e-12 
1.8174705928873058e-12 
1.8174705928873058e-12 
1.8174705928873058e-12 
1.8174705928873058e-12 
1.8174705928873058e-12 
1.8174705928873058e-12 
1.8174705928873058e-12 
1.8174705180446807e-12 
1.8174705180446807e-12 
1.8174705180446807e-12 
1.8174705180446807e-12 
1.8174704451060237e-12 
1.8174704451060237e-12 
1.8174704451060237e-12 
1.8174704451060237e-12 
1.8174704451060237e-12 
1.8174704451060237e-12 
1.8174704451060237e-12 
1.8174704451060237e-12 
1.8174704451060237e-12 
1.8174704451060237e-12 
1.8174704451060237e-12 
1.8174704451060237e-12 
1.8174704451060237e-12 
1.8174704451060237e-12 
1.8174704451060237e-12 
1.8174704451060237e-12 
1.8174704451060237e-12 
1.8174704451060237e-12 
1.8174704451060237e-12 
1.8174704451060237e-12 
1.8174704451060237e-12 
1.8174704451060237e-12 
1.8174704451060237e-12 
1.8174704451060237e-12 
1.8174704451060237e-12 
1.8174704451060237e-12 
1.8174704451060237e-12 
1.8174704451060237e-12 
1.8174704451060237e-12 
1.8174704451060237e-12 
1.8174704451060237e-12 
1.8174704451060237e-12 
1.8174704451060237e-12 
1.8174704451060237e-12 
1.8174704451060237e-12 
1.8174704451060237e-12 
1.8174704451060237e-12 
1.8174704451060237e-12 
1.8174704451060237e-12 
1.8174704451060237e-12 
1.8174704451060237e-12 
1.8174704451060237e-12 
1.8174704451060237e-12 
1.8174704451060237e-12 
1.8174704451060237e-12 
1.8174704451060237e-12 
1.8174704451060237e-12 
1.8174704451060237e-12 
1.8174704451060237e-12 
1.8174704451060237e-12 
1.8174704451060237e-12 
1.8174704451060237e-12 
1.8174704451060237e-12 
1.8174704451060237e-12 
1.8174704451060237e-12 
1.8174704451060237e-12 
1.8174704451060237e-12 
1.8174704451060237e-12 
1.8174704451060237e-12 
1.8174704451060237e-12 
1.8174704451060237e-12 
1.8174704451060237e-12 
1.8174704451060237e-12 
1.8174704451060237e-12 
1.8174704451060237e-12 
1.8174704451060237e-12 
1.8174704451060237e-12 
1.8174704451060237e-12 
1.8174704451060237e-12 
1.8174704451060237e-12 
1.8174704451060237e-12 
1.8174704451060237e-12 
1.8174704451060237e-12 
1.8174704451060237e-12 
1.8174704451060237e-12 
1.8174704451060237e-12 
1.8174704451060237e-12 
1.8174704451060237e-12 
1.8174704451060237e-12 
1.8174704451060237e-12 
1.8174704451060237e-12 
1.8174704451060237e-12 
1.8174704451060237e-12 
1.8174704451060237e-12 
1.8174704451060237e-12 
1.8174704451060237e-12 
1.8174704451060237e-12 
1.8174704451060237e-12 
1.8174704451060237e-12 
1.8174704451060237e-12 
1.8174704451060237e-12 
1.8174704451060237e-12 
1.8174704451060237e-12 
1.8174704451060237e-12 
1.8174704451060237e-12 
1.8174704451060237e-12 
1.8174704451060237e-12 
1.8174704451060237e-12 
1.8174704451060237e-12 
1.8174704451060237e-12 
1.8174704451060237e-12 
1.8174704451060237e-12 
1.8174704451060237e-12 
1.8174704451060237e-12 
9.1184635225339499e-13 
9.1184635225339499e-13 
8.8121768094754485e-13 
8.1851897709222072e-13 
7.7826567393560899e-13 
7.5212127562168778e-13 
7.3500332881567239e-13 
7.2373424502469725e-13 
7.1628894843472818e-13 
7.1135869629206392e-13 
7.0808933926810753e-13 
7.0591964665605723e-13 
7.0447919372699907e-13 
7.0352278187754262e-13 
7.0288781065206074e-13 
7.0246633143497325e-13 
7.0218664243894654e-13 
7.0200111094396974e-13 
7.0187808234439694e-13 
7.0179653489793467e-13 
7.0174250469014954e-13 
7.0170672159143121e-13 
7.01683033093784e-13 
7.016673593241426e-13 
7.0165699431350946e-13 
7.0165014063014264e-13 
7.0164561115702667e-13 
7.0164261857745623e-13 
7.0164064277524055e-13 
7.0163933878400771e-13 
7.0163847881638199e-13 
7.0163791105271104e-13 
7.0163753643094562e-13 
7.0163728894779284e-13 
7.0163712716623182e-13 
7.0163702142468823e-13 
7.0163695202469023e-13 
7.0163695202469023e-13 
7.0163695202469023e-13 
7.0163695202469023e-13 
7.0163695202469023e-13 
7.0163695202469023e-13 
7.0163695202469023e-13 
7.0163695202469023e-13 
7.0163695202469023e-13 
7.0163695202469023e-13 
7.0163695202469023e-13 
7.0163695202469023e-13 
7.0163695202469023e-13 
7.0163695202469023e-13 
7.0163695202469023e-13 
7.0163695202469023e-13 
7.0163695202469023e-13 
7.0163695202469023e-13 
7.0163695202469023e-13 
7.0163695202469023e-13 
7.0163695202469023e-13 
7.0163695202469023e-13 
7.0163695202469023e-13 
7.0163695202469023e-13 
7.0163695202469023e-13 
7.0163695202469023e-13 
