0.84613411518236203 
0.71428394162399744 
0.71428394162399744 
0.53057806321154821 
0.53057806321154821 
0.53057806321154821 
0.52244424701217629 
0.52244424701217629 
0.52244424701217629 
0.41851264519353992 
0.3434797202033274 
0.26215877141981103 
0.13096786074337485 
0.13096786074337485 
0.13096786074337485 
0.13096786074337485 
0.13096786074337485 
0.13096786074337485 
0.13096786074337485 
0.13096786074337485 
0.13096786074337485 
0.13096786074337485 
0.079708307475076831 
0.079708307475076831 
0.079708307475076831 
0.059038081263583682 
0.049248247252897857 
0.020594084070712951 
0.020594084070712951 
0.020594084070712951 
0.019628643558090596 
0.019628643558090596 
0.019628643558090596 
0.0053356652407800824 
0.0045494509740481824 
0.0045494509740481824 
0.0045494509740481824 
0.0032958201248997577 
0.0017392915113032871 
0.0017392915113032871 
0.0017392915113032871 
0.0017392915113032871 
0.0017392915113032871 
0.0017392915113032871 
0.00062965531849703269 
0.00062965531849703269 
0.00013028604197112362 
0.00013028604197112362 
0.00013028604197112362 
0.00013028604197112362 
0.00013028604197112362 
0.00013028604197112362 
1.734882817121085e-05 
1.734882817121085e-05 
1.734882817121085e-05 
1.734882817121085e-05 
1.734882817121085e-05 
1.734882817121085e-05 
1.734882817121085e-05 
1.734882817121085e-05 
1.734882817121085e-05 
1.734882817121085e-05 
1.734882817121085e-05 
1.734882817121085e-05 
1.734882817121085e-05 
1.734882817121085e-05 
1.5762459435889004e-05 
1.5762459435889004e-05 
1.5762459435889004e-05 
1.5762459435889004e-05 
1.5762459435889004e-05 
1.4185519153933312e-05 
1.4185519153933312e-05 
1.2142084060132734e-06 
1.2142084060132734e-06 
1.2142084060132734e-06 
1.2142084060132734e-06 
1.2142084060132734e-06 
1.2142084060132734e-06 
1.2142084060132734e-06 
1.2142084060132734e-06 
1.2142084060132734e-06 
1.2142084060132734e-06 
1.2142084060132734e-06 
1.2142084060132734e-06 
9.218663915899096e-08 
9.218663915899096e-08 
9.218663915899096e-08 
9.218663915899096e-08 
9.218663915899096e-08 
9.218663915899096e-08 
9.218663915899096e-08 
9.218663915899096e-08 
9.218663915899096e-08 
9.218663915899096e-08 
9.218663915899096e-08 
9.218663915899096e-08 
9.218663915899096e-08 
9.218663915899096e-08 
9.218663915899096e-08 
9.218663915899096e-08 
9.218663915899096e-08 
9.218663915899096e-08 
9.218663915899096e-08 
9.218663915899096e-08 
9.218663915899096e-08 
9.218663915899096e-08 
9.218663915899096e-08 
9.218663915899096e-08 
9.218663915899096e-08 
9.218663915899096e-08 
9.218663915899096e-08 
9.218663915899096e-08 
9.218663915899096e-08 
9.218663915899096e-08 
9.218663915899096e-08 
9.218663915899096e-08 
9.218663915899096e-08 
9.218663915899096e-08 
9.218663915899096e-08 
9.218663915899096e-08 
9.218663915899096e-08 
9.218663915899096e-08 
9.218663915899096e-08 
9.218663915899096e-08 
9.218663915899096e-08 
9.218663915899096e-08 
9.218663915899096e-08 
9.218663915899096e-08 
9.218663915899096e-08 
9.218663915899096e-08 
9.218663915899096e-08 
3.759449069241238e-08 
3.759449069241238e-08 
3.759449069241238e-08 
3.759449069241238e-08 
3.759449069241238e-08 
3.759449069241238e-08 
3.759449069241238e-08 
2.5815196399707293e-08 
2.366063043335546e-08 
2.366063043335546e-08 
2.366063043335546e-08 
2.366063043335546e-08 
2.366063043335546e-08 
2.366063043335546e-08 
2.366063043335546e-08 
2.2849941777527472e-08 
1.8508885291410707e-08 
1.8508885291410707e-08 
1.8508885291410707e-08 
1.2530540901311717e-08 
1.2530540901311717e-08 
1.2530540901311717e-08 
1.2530540901311717e-08 
3.56375310614996e-09 
3.56375310614996e-09 
3.56375310614996e-09 
3.56375310614996e-09 
3.56375310614996e-09 
3.56375310614996e-09 
3.56375310614996e-09 
2.8351906202522817e-09 
2.8351906202522817e-09 
2.8351906202522817e-09 
2.8351906202522817e-09 
2.8351906202522817e-09 
2.8351906202522817e-09 
2.8351906202522817e-09 
2.8351906202522817e-09 
2.8351906202522817e-09 
2.8351906202522817e-09 
2.8351906202522817e-09 
1.1038304121698437e-09 
1.1038304121698437e-09 
1.1038304121698437e-09 
1.1038304121698437e-09 
2.0529191473340418e-10 
2.0529191473340418e-10 
2.0529191473340418e-10 
2.0529191473340418e-10 
2.0529191473340418e-10 
2.0529191473340418e-10 
2.0046075471974635e-10 
7.7454101327820178e-11 
7.7454101327820178e-11 
7.7454101327820178e-11 
7.7454101327820178e-11 
7.7454101327820178e-11 
7.7454101327820178e-11 
4.2992121125103275e-11 
4.2992121125103275e-11 
4.2992121125103275e-11 
4.2992121125103275e-11 
4.2992121125103275e-11 
4.2992121125103275e-11 
4.2992121125103275e-11 
1.9905667741426484e-11 
1.9905667741426484e-11 
1.9905667741426484e-11 
1.9905667741426484e-11 
1.9905667741426484e-11 
1.9905667741426484e-11 
1.9905667741426484e-11 
1.9905667741426484e-11 
1.9905667741426484e-11 
1.9905667741426484e-11 
1.9905667741426484e-11 
1.9905667741426484e-11 
1.9905667741426484e-11 
1.9905667741426484e-11 
6.4802871941719512e-12 
6.4802871941719512e-12 
6.4802871941719512e-12 
6.4802871941719512e-12 
6.4802871941719512e-12 
6.4802871941719512e-12 
6.4802871941719512e-12 
3.8205330086526705e-12 
3.8205330086526705e-12 
3.8205330086526705e-12 
3.8205330086526705e-12 
3.8205330086526705e-12 
3.8205330086526705e-12 
3.8205330086526705e-12 
3.8205330086526705e-12 
3.8205330086526705e-12 
3.8205330086526705e-12 
3.8205330086526705e-12 
3.8205330086526705e-12 
3.8205330086526705e-12 
3.8205330086526705e-12 
3.8205330086526705e-12 
3.8205330086526705e-12 
3.8205330086526705e-12 
3.8205330086526705e-12 
3.8205330086526705e-12 
3.8205330086526705e-12 
3.8205330086526705e-12 
3.8205330086526705e-12 
3.8205330086526705e-12 
3.8205330086526705e-12 
3.8205330086526705e-12 
3.8205330086526705e-12 
3.8205330086526705e-12 
3.8205330086526705e-12 
3.8205330086526705e-12 
3.8205330086526705e-12 
3.8205330086526705e-12 
3.8205330086526705e-12 
3.8205330086526705e-12 
3.8205330086526705e-12 
3.8205330086526705e-12 
3.8205330086526705e-12 
3.8205330086526705e-12 
3.8205330086526705e-12 
3.8205330086526705e-12 
3.8205330086526705e-12 
3.8205330086526705e-12 
2.6003938422806497e-12 
2.6003938422806497e-12 
7.9049788265996742e-13 
7.9049788265996742e-13 
7.9049788265996742e-13 
7.9049788265996742e-13 
7.9049788265996742e-13 
7.9049788265996742e-13 
7.9049788265996742e-13 
7.9049788265996742e-13 
7.9049788265996742e-13 
7.9049788265996742e-13 
3.6773936519271558e-13 
3.6773936519271558e-13 
3.6773936519271558e-13 
3.6773936519271558e-13 
3.6773936519271558e-13 
3.6773936519271558e-13 
3.6773936519271558e-13 
3.6773936519271558e-13 
3.6773936519271558e-13 
3.6773936519271558e-13 
3.6773936519271558e-13 
3.6773936519271558e-13 
3.6773936519271558e-13 
3.6773936519271558e-13 
3.6773936519271558e-13 
3.6773936519271558e-13 
3.6773936519271558e-13 
3.6773936519271558e-13 
3.6773936519271558e-13 
3.6773936519271558e-13 
3.6773936519271558e-13 
3.6773936519271558e-13 
3.6773936519271558e-13 
3.6773936519271558e-13 
3.6773936519271558e-13 
3.6773936519271558e-13 
3.6773936519271558e-13 
3.6773936519271558e-13 
3.6773936519271558e-13 
3.6773936519271558e-13 
3.6773936519271558e-13 
3.6773936519271558e-13 
3.6773936519271558e-13 
3.6773936519271558e-13 
3.6773936519271558e-13 
3.6773936519271558e-13 
3.6773936519271558e-13 
3.6773936519271558e-13 
3.6773936519271558e-13 
3.6773936519271558e-13 
3.6773936519271558e-13 
3.6773936519271558e-13 
3.6773936519271558e-13 
3.6773936519271558e-13 
3.6773936519271558e-13 
3.6773936519271558e-13 
3.6773936519271558e-13 
3.6773936519271558e-13 
3.6773936519271558e-13 
3.6773936519271558e-13 
3.6773936519271558e-13 
3.6773936519271558e-13 
3.6773936519271558e-13 
3.6773936519271558e-13 
3.6773936519271558e-13 
3.6773936519271558e-13 
3.6773936519271558e-13 
3.6773936519271558e-13 
3.6773936519271558e-13 
3.6773936519271558e-13 
3.6773936519271558e-13 
3.6773936519271558e-13 
3.6773936519271558e-13 
3.6773936519271558e-13 
3.6773936519271558e-13 
3.6773936519271558e-13 
3.6773936519271558e-13 
3.6773936519271558e-13 
3.6773936519271558e-13 
3.6773936519271558e-13 
3.6773936519271558e-13 
3.6773936519271558e-13 
3.6773936519271558e-13 
3.6773936519271558e-13 
3.6773936519271558e-13 
3.6773936519271558e-13 
3.6773936519271558e-13 
3.6773936519271558e-13 
3.6773936519271558e-13 
3.6773936519271558e-13 
3.6773936519271558e-13 
3.6773936519271558e-13 
3.6773936519271558e-13 
3.6773936519271558e-13 
3.6773936519271558e-13 
3.6773936519271558e-13 
3.6773936519271558e-13 
3.6773936519271558e-13 
3.6773936519271558e-13 
3.6773936519271558e-13 
3.6773936519271558e-13 
3.6773936519271558e-13 
3.6773936519271558e-13 
3.6773936519271558e-13 
3.6773936519271558e-13 
3.6773936519271558e-13 
3.6773936519271558e-13 
3.6773936519271558e-13 
3.6773936519271558e-13 
3.6773936519271558e-13 
3.6773936519271558e-13 
3.6773936519271558e-13 
3.6773936519271558e-13 
3.6773936519271558e-13 
3.6773936519271558e-13 
3.6773936519271558e-13 
3.6773936519271558e-13 
3.6773936519271558e-13 
3.6773936519271558e-13 
3.6773936519271558e-13 
3.6773936519271558e-13 
3.6773936519271558e-13 
3.6773936519271558e-13 
3.6773936519271558e-13 
3.6773936519271558e-13 
3.6773936519271558e-13 
3.6773936519271558e-13 
3.6773936519271558e-13 
3.6773936519271558e-13 
3.6773936519271558e-13 
3.6773936519271558e-13 
3.6773936519271558e-13 
3.6773936519271558e-13 
3.6773936519271558e-13 
3.6773936519271558e-13 
3.6773936519271558e-13 
3.6773936519271558e-13 
3.6773936519271558e-13 
3.6773936519271558e-13 
3.6773936519271558e-13 
3.6773936519271558e-13 
3.6773936519271558e-13 
3.6773936519271558e-13 
3.6773936519271558e-13 
3.6773936519271558e-13 
3.6773936519271558e-13 
3.6773936519271558e-13 
3.6773936519271558e-13 
3.6773936519271558e-13 
3.6773936519271558e-13 
3.6773936519271558e-13 
3.6773936519271558e-13 
3.6773936519271558e-13 
3.6773936519271558e-13 
3.6773936519271558e-13 
3.6773936519271558e-13 
3.6773936519271558e-13 
3.6773936519271558e-13 
3.6773936519271558e-13 
3.6773936519271558e-13 
3.6773936519271558e-13 
3.6773936519271558e-13 
3.6773936519271558e-13 
3.6773936519271558e-13 
3.6773936519271558e-13 
3.6773936519271558e-13 
3.6773936519271558e-13 
3.6773936519271558e-13 
3.6773936519271558e-13 
3.6773936519271558e-13 
3.6773936519271558e-13 
3.6773936519271558e-13 
3.6773936519271558e-13 
3.6773936519271558e-13 
3.6773936519271558e-13 
3.6773936519271558e-13 
3.6773936519271558e-13 
3.6773936519271558e-13 
3.6773936519271558e-13 
3.6773936519271558e-13 
3.6773936519271558e-13 
3.6773936519271558e-13 
3.6773936519271558e-13 
3.6773936519271558e-13 
3.6773936519271558e-13 
3.6773936519271558e-13 
3.6773936519271558e-13 
3.6773936519271558e-13 
3.6773936519271558e-13 
3.6773936519271558e-13 
3.6773936519271558e-13 
3.6773936519271558e-13 
3.6773936519271558e-13 
3.6773936519271558e-13 
3.6773936519271558e-13 
3.6773936519271558e-13 
3.6773936519271558e-13 
3.6773936519271558e-13 
3.6773936519271558e-13 
3.6773936519271558e-13 
3.6773936519271558e-13 
3.6773936519271558e-13 
3.6773936519271558e-13 
3.6773936519271558e-13 
3.6773936519271558e-13 
3.6773936519271558e-13 
3.6773936519271558e-13 
3.6773936519271558e-13 
3.6773936519271558e-13 
3.6773936519271558e-13 
3.6773936519271558e-13 
3.6773936519271558e-13 
3.6773936519271558e-13 
3.6773936519271558e-13 
3.6773936519271558e-13 
3.6773936519271558e-13 
3.6773936519271558e-13 
3.6773936519271558e-13 
3.6773936519271558e-13 
3.6773936519271558e-13 
3.6773936519271558e-13 
3.6773936519271558e-13 
3.6773936519271558e-13 
3.6773936519271558e-13 
3.6773936519271558e-13 
3.6773936519271558e-13 
3.6773936519271558e-13 
3.6773936519271558e-13 
3.6773936519271558e-13 
3.6773936519271558e-13 
3.6773936519271558e-13 
3.6773936519271558e-13 
3.6773936519271558e-13 
3.6773936519271558e-13 
3.6773936519271558e-13 
3.6773936519271558e-13 
3.6773936519271558e-13 
3.6773936519271558e-13 
3.6773936519271558e-13 
3.6773936519271558e-13 
3.6773936519271558e-13 
3.6773936519271558e-13 
3.6773936519271558e-13 
3.6773936519271558e-13 
3.6773936519271558e-13 
3.6773936519271558e-13 
3.6773936519271558e-13 
3.6773936519271558e-13 
3.6773936519271558e-13 
3.6773936519271558e-13 
3.6773936519271558e-13 
3.6773936519271558e-13 
3.6773936519271558e-13 
3.6773936519271558e-13 
3.6773936519271558e-13 
3.6773936519271558e-13 
3.6773936519271558e-13 
3.6773936519271558e-13 
3.6773936519271558e-13 
3.6773936519271558e-13 
3.6773936519271558e-13 
3.6773936519271558e-13 
3.6773936519271558e-13 
3.6773936519271558e-13 
3.6773936519271558e-13 
3.6773936519271558e-13 
3.6773936519271558e-13 
3.6773936519271558e-13 
3.6773936519271558e-13 
3.6773936519271558e-13 
3.6773936519271558e-13 
3.6773936519271558e-13 
3.6773936519271558e-13 
3.6773936519271558e-13 
3.6773936519271558e-13 
3.6773936519271558e-13 
3.6773936519271558e-13 
3.6773936519271558e-13 
3.6773936519271558e-13 
3.6773936519271558e-13 
3.6773936519271558e-13 
3.6773936519271558e-13 
3.6773936519271558e-13 
3.6773936519271558e-13 
3.6773936519271558e-13 
3.6773936519271558e-13 
3.6773936519271558e-13 
3.6773936519271558e-13 
3.6773936519271558e-13 
3.6773936519271558e-13 
3.6773936519271558e-13 
3.6773936519271558e-13 
3.6773936519271558e-13 
3.6773936519271558e-13 
3.6773936519271558e-13 
3.6773936519271558e-13 
3.6773936519271558e-13 
3.6773936519271558e-13 
3.6773936519271558e-13 
3.6773936519271558e-13 
3.6773936519271558e-13 
3.6773936519271558e-13 
3.6773936519271558e-13 
3.6773936519271558e-13 
3.6773936519271558e-13 
3.6773936519271558e-13 
3.6773936519271558e-13 
3.6773936519271558e-13 
3.6773936519271558e-13 
3.6773936519271558e-13 
3.6773936519271558e-13 
3.6773936519271558e-13 
3.6773936519271558e-13 
3.6773936519271558e-13 
3.6773936519271558e-13 
3.6773936519271558e-13 
3.6773936519271558e-13 
3.6773936519271558e-13 
3.6773936519271558e-13 
3.6773936519271558e-13 
3.6773936519271558e-13 
3.6773936519271558e-13 
3.6773936519271558e-13 
3.6773936519271558e-13 
3.6773936519271558e-13 
3.6773936519271558e-13 
3.6773936519271558e-13 
3.6773936519271558e-13 
3.6773936519271558e-13 
3.6773936519271558e-13 
3.6773936519271558e-13 
3.6773936519271558e-13 
3.6773936519271558e-13 
3.6773936519271558e-13 
3.6773936519271558e-13 
3.6773936519271558e-13 
3.6773936519271558e-13 
3.6773936519271558e-13 
3.6773936519271558e-13 
3.6773936519271558e-13 
3.6773936519271558e-13 
3.6773936519271558e-13 
3.6773936519271558e-13 
3.6773936519271558e-13 
3.6773936519271558e-13 
3.6773936519271558e-13 
3.6773936519271558e-13 
3.6773936519271558e-13 
3.6773936519271558e-13 
3.6773936519271558e-13 
3.6773936519271558e-13 
3.6773936519271558e-13 
3.6773936519271558e-13 
3.6773936519271558e-13 
3.6773936519271558e-13 
3.6773936519271558e-13 
3.6773936519271558e-13 
3.6773936519271558e-13 
3.6773936519271558e-13 
3.6773936519271558e-13 
3.6773936519271558e-13 
3.6773936519271558e-13 
3.6773936519271558e-13 
3.6773936519271558e-13 
3.6773936519271558e-13 
3.6773936519271558e-13 
3.6773936519271558e-13 
3.6773936519271558e-13 
3.6773936519271558e-13 
3.6773936519271558e-13 
3.6773936519271558e-13 
3.6773936519271558e-13 
3.6773936519271558e-13 
3.6773936519271558e-13 
3.6773936519271558e-13 
3.6773936519271558e-13 
3.6773936519271558e-13 
3.6773936519271558e-13 
3.6773936519271558e-13 
3.6773936519271558e-13 
3.6773936519271558e-13 
3.6773936519271558e-13 
3.6773936519271558e-13 
3.6773936519271558e-13 
3.6773936519271558e-13 
3.6773936519271558e-13 
3.6773936519271558e-13 
3.6773936519271558e-13 
3.6773936519271558e-13 
3.6773936519271558e-13 
3.6773936519271558e-13 
3.6773936519271558e-13 
3.6773936519271558e-13 
3.6773936519271558e-13 
3.6773936519271558e-13 
3.6773936519271558e-13 
3.6773936519271558e-13 
3.6773936519271558e-13 
3.6773936519271558e-13 
3.6773936519271558e-13 
3.6773936519271558e-13 
3.6773936519271558e-13 
3.6773936519271558e-13 
3.6773936519271558e-13 
3.6773936519271558e-13 
3.6773936519271558e-13 
3.6773936519271558e-13 
3.6773936519271558e-13 
3.6773936519271558e-13 
3.6773936519271558e-13 
3.6773936519271558e-13 
3.6773936519271558e-13 
3.6773936519271558e-13 
3.6773936519271558e-13 
3.6773936519271558e-13 
3.6773936519271558e-13 
3.6773936519271558e-13 
3.6773936519271558e-13 
3.6773936519271558e-13 
3.6773936519271558e-13 
3.6773936519271558e-13 
3.6773936519271558e-13 
3.6773936519271558e-13 
3.6773936519271558e-13 
3.6773936519271558e-13 
3.6773936519271558e-13 
3.6773936519271558e-13 
3.6773936519271558e-13 
3.6773936519271558e-13 
3.6773936519271558e-13 
3.6773936519271558e-13 
3.6773936519271558e-13 
3.6773936519271558e-13 
3.6773936519271558e-13 
3.6773936519271558e-13 
3.6773936519271558e-13 
3.6773936519271558e-13 
3.6773936519271558e-13 
3.6773936519271558e-13 
3.6773936519271558e-13 
3.6773936519271558e-13 
3.6773936519271558e-13 
3.6773936519271558e-13 
3.6773936519271558e-13 
3.6773936519271558e-13 
3.6773936519271558e-13 
3.6773936519271558e-13 
3.6773936519271558e-13 
3.6773936519271558e-13 
3.6773936519271558e-13 
3.6773936519271558e-13 
3.6773936519271558e-13 
3.6773936519271558e-13 
3.6773936519271558e-13 
3.6773936519271558e-13 
3.6773936519271558e-13 
3.6773936519271558e-13 
3.6773936519271558e-13 
3.6773936519271558e-13 
3.6773936519271558e-13 
3.6773936519271558e-13 
3.6773936519271558e-13 
3.6773936519271558e-13 
3.6773936519271558e-13 
3.6773936519271558e-13 
3.6773936519271558e-13 
3.6773936519271558e-13 
3.6773936519271558e-13 
3.6773936519271558e-13 
3.6773936519271558e-13 
3.6773936519271558e-13 
3.6773936519271558e-13 
3.6773936519271558e-13 
3.6773936519271558e-13 
3.6773936519271558e-13 
3.6773936519271558e-13 
3.6773936519271558e-13 
3.6773936519271558e-13 
3.6773936519271558e-13 
3.6773936519271558e-13 
3.6773936519271558e-13 
3.6773936519271558e-13 
3.6773936519271558e-13 
3.6773936519271558e-13 
3.6773936519271558e-13 
3.6773936519271558e-13 
3.6773936519271558e-13 
3.6773936519271558e-13 
3.6773936519271558e-13 
3.6773936519271558e-13 
3.6773936519271558e-13 
3.6773936519271558e-13 
3.6773936519271558e-13 
3.6773936519271558e-13 
3.6773936519271558e-13 
3.6773936519271558e-13 
3.6773936519271558e-13 
3.6773936519271558e-13 
3.6773936519271558e-13 
3.6773936519271558e-13 
3.6773936519271558e-13 
3.6773936519271558e-13 
3.6773936519271558e-13 
3.6773936519271558e-13 
3.6773936519271558e-13 
3.6773936519271558e-13 
3.6773936519271558e-13 
3.6773936519271558e-13 
3.6773936519271558e-13 
3.6773936519271558e-13 
3.6773936519271558e-13 
3.6773936519271558e-13 
3.6773936519271558e-13 
3.6773936519271558e-13 
3.6773936519271558e-13 
3.6773936519271558e-13 
3.6773936519271558e-13 
3.6773936519271558e-13 
3.6773936519271558e-13 
3.6773936519271558e-13 
3.6773936519271558e-13 
3.6773936519271558e-13 
3.6773936519271558e-13 
3.6773936519271558e-13 
3.6773936519271558e-13 
3.6773936519271558e-13 
3.6773936519271558e-13 
3.6773936519271558e-13 
3.6773936519271558e-13 
3.6773936519271558e-13 
3.6773936519271558e-13 
3.6773936519271558e-13 
3.6773936519271558e-13 
3.6773936519271558e-13 
3.6773936519271558e-13 
3.6773936519271558e-13 
3.6773936519271558e-13 
3.6773936519271558e-13 
3.6773936519271558e-13 
3.6773936519271558e-13 
3.6773936519271558e-13 
3.6773936519271558e-13 
3.6773936519271558e-13 
3.6773936519271558e-13 
3.6773936519271558e-13 
3.6773936519271558e-13 
3.6773936519271558e-13 
3.6773936519271558e-13 
3.6773936519271558e-13 
3.6773936519271558e-13 
3.6773936519271558e-13 
3.6773936519271558e-13 
3.6773936519271558e-13 
3.6773936519271558e-13 
3.6773936519271558e-13 
3.6773936519271558e-13 
3.6773936519271558e-13 
3.6773936519271558e-13 
3.6773936519271558e-13 
3.6773936519271558e-13 
3.6773936519271558e-13 
3.6773936519271558e-13 
3.6773936519271558e-13 
3.6773936519271558e-13 
3.6773936519271558e-13 
3.6773936519271558e-13 
3.6773936519271558e-13 
3.6773936519271558e-13 
3.6773936519271558e-13 
3.6773936519271558e-13 
3.6773936519271558e-13 
3.6773936519271558e-13 
3.6773936519271558e-13 
3.6773936519271558e-13 
3.6773936519271558e-13 
3.6773936519271558e-13 
3.6773936519271558e-13 
3.6773936519271558e-13 
3.6773936519271558e-13 
3.6773936519271558e-13 
3.6773936519271558e-13 
3.6773936519271558e-13 
3.6773936519271558e-13 
3.6773936519271558e-13 
3.6773936519271558e-13 
3.6773936519271558e-13 
3.6773936519271558e-13 
3.6773936519271558e-13 
3.6773936519271558e-13 
3.6773936519271558e-13 
3.6773936519271558e-13 
3.6773936519271558e-13 
3.6773936519271558e-13 
3.6773936519271558e-13 
3.6773936519271558e-13 
3.6773936519271558e-13 
3.6773936519271558e-13 
3.6773936519271558e-13 
3.6773936519271558e-13 
3.6773936519271558e-13 
3.6773936519271558e-13 
3.6773936519271558e-13 
3.6773936519271558e-13 
3.6773936519271558e-13 
3.6773936519271558e-13 
3.6773936519271558e-13 
3.6773936519271558e-13 
3.6773936519271558e-13 
3.6773936519271558e-13 
3.6773936519271558e-13 
3.6773936519271558e-13 
3.6773936519271558e-13 
3.6773936519271558e-13 
3.6773936519271558e-13 
3.6773936519271558e-13 
3.6773936519271558e-13 
3.6773936519271558e-13 
3.6773936519271558e-13 
3.6773936519271558e-13 
3.6773936519271558e-13 
3.6773936519271558e-13 
3.6773936519271558e-13 
3.6773936519271558e-13 
3.6773936519271558e-13 
3.6773936519271558e-13 
3.6773936519271558e-13 
3.6773936519271558e-13 
3.6773936519271558e-13 
3.6773936519271558e-13 
3.6773936519271558e-13 
3.6773936519271558e-13 
3.6773936519271558e-13 
3.6773936519271558e-13 
3.6773936519271558e-13 
3.6773936519271558e-13 
3.6773936519271558e-13 
3.6773936519271558e-13 
3.6773936519271558e-13 
3.6773936519271558e-13 
3.6773936519271558e-13 
3.6773936519271558e-13 
3.6773936519271558e-13 
3.6773936519271558e-13 
3.6773936519271558e-13 
3.6773936519271558e-13 
3.6773936519271558e-13 
3.6773936519271558e-13 
3.6773936519271558e-13 
3.6773936519271558e-13 
3.6773936519271558e-13 
3.6773936519271558e-13 
3.6773936519271558e-13 
3.6773936519271558e-13 
3.6773936519271558e-13 
3.6773936519271558e-13 
3.6773936519271558e-13 
3.6773936519271558e-13 
3.6773936519271558e-13 
3.6773936519271558e-13 
3.6773936519271558e-13 
3.6773936519271558e-13 
3.6773936519271558e-13 
3.6773936519271558e-13 
3.6773936519271558e-13 
3.6773936519271558e-13 
3.6773936519271558e-13 
3.6773936519271558e-13 
3.6773936519271558e-13 
3.6773936519271558e-13 
3.6773936519271558e-13 
3.6773936519271558e-13 
3.6773936519271558e-13 
3.6773936519271558e-13 
3.6773936519271558e-13 
3.6773936519271558e-13 
3.6773936519271558e-13 
3.6773936519271558e-13 
3.6773936519271558e-13 
3.6773936519271558e-13 
3.6773936519271558e-13 
3.6773936519271558e-13 
3.6773936519271558e-13 
3.6773936519271558e-13 
3.6773936519271558e-13 
3.6773936519271558e-13 
3.6773936519271558e-13 
3.6773936519271558e-13 
3.6773936519271558e-13 
3.6773936519271558e-13 
3.6773936519271558e-13 
3.6773936519271558e-13 
3.6773936519271558e-13 
3.6773936519271558e-13 
3.6773936519271558e-13 
3.6773936519271558e-13 
3.6773936519271558e-13 
3.6773936519271558e-13 
3.6773936519271558e-13 
3.6773936519271558e-13 
3.6773936519271558e-13 
3.6773936519271558e-13 
3.6773936519271558e-13 
3.6773936519271558e-13 
3.6773936519271558e-13 
3.6773936519271558e-13 
3.6773936519271558e-13 
3.6773936519271558e-13 
3.6773936519271558e-13 
3.6773936519271558e-13 
3.6773936519271558e-13 
3.6773936519271558e-13 
3.6773936519271558e-13 
3.6773936519271558e-13 
3.6773936519271558e-13 
3.6773936519271558e-13 
3.6773936519271558e-13 
3.6773936519271558e-13 
3.6773936519271558e-13 
3.6773936519271558e-13 
3.6773936519271558e-13 
3.6773936519271558e-13 
3.6773936519271558e-13 
3.6773936519271558e-13 
3.6773936519271558e-13 
3.6773936519271558e-13 
3.6773936519271558e-13 
3.6773936519271558e-13 
3.6773936519271558e-13 
3.6773936519271558e-13 
3.6773936519271558e-13 
3.6773936519271558e-13 
3.6773936519271558e-13 
3.6773936519271558e-13 
3.6773936519271558e-13 
3.6773936519271558e-13 
3.6773936519271558e-13 
3.6773936519271558e-13 
3.6773936519271558e-13 
3.6773936519271558e-13 
