0.62063121883413463 
0.62063121883413463 
0.62063121883413463 
0.0097137406549789741 
0.0097137406549789741 
0.0097137406549789741 
0.0097137406549789741 
0.0097137406549789741 
0.0097137406549789741 
0.0097137406549789741 
0.0097137406549789741 
0.0097137406549789741 
0.0097137406549789741 
0.0097137406549789741 
0.0097137406549789741 
0.0097137406549789741 
0.0097137406549789741 
0.0097137406549789741 
0.0097137406549789741 
0.0097137406549789741 
0.0097137406549789741 
0.0097137406549789741 
0.0097137406549789741 
0.0097137406549789741 
0.0097137406549789741 
0.0097137406549789741 
0.0097137406549789741 
0.0097137406549789741 
0.0097137406549789741 
0.0097137406549789741 
0.0097137406549789741 
0.00036972850246982659 
0.00036972850246982659 
0.00036972850246982659 
0.00036972850246982659 
0.00036972850246982659 
0.00036972850246982659 
0.00036972850246982659 
0.00036972850246982659 
0.00036972850246982659 
0.00036972850246982659 
0.00036972850246982659 
0.00036972850246982659 
0.00036972850246982659 
0.00036972850246982659 
0.00036972850246982659 
0.00036972850246982659 
0.00036972850246982659 
0.00036972850246982659 
0.00036972850246982659 
0.00036972850246982659 
0.00036972850246982659 
0.00036972850246982659 
0.00036972850246982659 
0.00036972850246982659 
0.00036972850246982659 
0.00036972850246982659 
0.00036972850246982659 
0.00036972850246982659 
0.00036972850246982659 
0.00036972850246982659 
0.00036972850246982659 
0.00036972850246982659 
0.00036972850246982659 
0.00036972850246982659 
0.00036972850246982659 
0.00036972850246982659 
0.00036972850246982659 
0.00036972850246982659 
0.00036972850246982659 
0.00036972850246982659 
0.00036972850246982659 
0.00036972850246982659 
0.00036972850246982659 
0.00036972850246982659 
0.00036972850246982659 
0.00036972850246982659 
0.00036972850246982659 
0.00036972850246982659 
0.00036972850246982659 
0.00036972850246982659 
0.00036972850246982659 
0.00036972850246982659 
0.00036972850246982659 
0.00036972850246982659 
0.00036972850246982659 
0.00036972850246982659 
0.00036972850246982659 
0.00036972850246982659 
0.00036972850246982659 
0.00036972850246982659 
0.00036972850246982659 
0.00036972850246982659 
0.00036972850246982659 
0.00036972850246982659 
0.00036972850246982659 
0.00019954984104039728 
0.00019954984104039728 
0.00019954984104039728 
0.00019954984104039728 
0.00019954984104039728 
0.00019954984104039728 
0.00019954984104039728 
0.00019954984104039728 
0.00019954984104039728 
0.00019954984104039728 
0.00019954984104039728 
0.00019954984104039728 
0.00019954984104039728 
0.00019954984104039728 
0.00019954984104039728 
0.00019954984104039728 
0.00019954984104039728 
0.00019954984104039728 
0.00019954984104039728 
0.00019954984104039728 
0.00019954984104039728 
0.00019954984104039728 
0.00019954984104039728 
0.00019954984104039728 
0.00019954984104039728 
0.00019954984104039728 
0.00019954984104039728 
0.00019954984104039728 
0.00019954984104039728 
0.00017291024996275196 
0.00017291024996275196 
0.00017291024996275196 
0.00015655521653620223 
0.00015655521653620223 
0.00015655521653620223 
0.00015655521653620223 
0.00015655521653620223 
0.00015655521653620223 
0.00015655521653620223 
0.00015655521653620223 
0.00015655521653620223 
0.00015655521653620223 
0.000156264200414622 
0.000156264200414622 
0.000156264200414622 
0.000156264200414622 
0.000156264200414622 
0.000156264200414622 
0.000156264200414622 
0.00015553578532191031 
0.00015553578532191031 
0.00015553578532191031 
0.00015553578532191031 
0.00015553578532191031 
0.00015553578532191031 
0.00015553578532191031 
0.00015553578532191031 
0.00015553578532191031 
0.00015553578532191031 
0.00015553578532191031 
0.00015553578532191031 
0.00015553578532191031 
0.00015553578532191031 
0.00015553578532191031 
0.00015352260195518159 
0.00015352260195518159 
0.00015352260195518159 
0.00015342228814332076 
0.00015342228814332076 
0.00015342228814332076 
0.00015330245471425116 
0.00015330245471425116 
0.00015323905701680591 
0.00015203040410972479 
0.00015191456961804271 
0.00015191456961804271 
0.00015066318538453689 
0.00015066318538453689 
0.00015065830139476626 
0.00014973522443650268 
0.00014913550241006668 
0.00014913550241006668 
0.00014913550241006668 
0.00014791319902080207 
0.00014635331038195294 
0.00014506114137988202 
0.00014398828834175233 
0.00014309537095728598 
0.00014235032618389084 
0.00014172702591163812 
0.00014120415707990312 
0.0001407643144934212 
0.00014039326597373601 
0.00014007935710782111 
0.00013981302904863009 
0.00013958642785063518 
0.0001393930879045891 
0.00013922767534749444 
0.00013908578001015044 
0.00013896374664280228 
0.00013885853792524895 
0.00013876762319828999 
0.00013868888801239139 
0.00013862056052740533 
0.00013856115155686088 
0.0001385094056643214 
0.00013846426121654862 
0.00013846426121654862 
0.0001361267713149322 
0.00013570493302112482 
0.00013570493302112482 
0.00013570493302112482 
0.00013570493302112482 
0.00013561292603341687 
0.00013561292603341687 
0.00013561292603341687 
0.00013561292603341687 
0.00013561292603341687 
0.00013561292603341687 
0.00013561292603341687 
0.00013560772760593773 
0.00013560772760593773 
0.00013560772760593773 
0.00013560772760593773 
0.00013560772760593773 
0.00013560772760593773 
0.00013560772760593773 
0.00013560623419876374 
0.00013560623419876374 
0.00013560623419876374 
0.00013560623419876374 
0.00013560623419876374 
0.00013560623419876374 
0.00013560623419876374 
0.00013560591733410629 
0.00013560591733410629 
0.00013560591733410629 
0.00013560591733410629 
0.00013560591733410629 
0.00013560591733410629 
0.00013560591733410629 
0.00013560591733410629 
0.00013560591733410629 
0.00013560591733410629 
0.00013560591733410629 
0.00013560591733410629 
0.00013560591733410629 
0.00013560591733410629 
0.00013560591733410629 
0.00013560591733410629 
0.00013560591733410629 
0.00013560591733410629 
0.00013560591733410629 
0.00013560591733410629 
0.00013560591733410629 
0.00013560591733410629 
0.00013560591733410629 
0.00013560591733410629 
0.00013560591733410629 
0.00013560591733410629 
0.00013560591733410629 
0.00013560591733410629 
0.00013560591733410629 
0.00013560591733410629 
0.00013560591733410629 
0.00013560591733410629 
0.00013560591733410629 
0.00013560591733410629 
0.00013560591733410629 
0.00013560590719451603 
0.00013560590719451603 
0.00013560590719451603 
0.00013560590719451603 
0.00013560590719451603 
0.00013560590719451603 
0.00013560590719451603 
0.00013560590719451603 
0.00013560590719451603 
0.00013560590719451603 
0.00013560590719451603 
0.00013560590719451603 
0.00013560590719451603 
0.00013560590719451603 
0.00013560590719451603 
0.00013560590719451603 
0.00013560590719451603 
0.00013560590652711538 
0.00013560590652711538 
0.00013560590652711538 
0.00013560590373938941 
0.00013560590373938941 
0.00013560590373938941 
0.00013560590373938941 
0.00013560590373938941 
0.00013560590373938941 
0.00013560590373938941 
0.00013560590373938941 
0.00013560590373938941 
0.00013560590373938941 
0.00013560590373938941 
0.00013560590373938941 
0.00013560590373938941 
0.00013560590373938941 
0.00013560590373938941 
0.00013560590373938941 
0.00013560590373938941 
0.00013560590373938941 
0.00013560590373938941 
0.00013560590373938941 
0.00013560590373938941 
0.00013560590373938941 
0.00013560590373938941 
0.00013560590373938941 
0.00013560590373938941 
0.00013560590373938941 
0.00013560590373938941 
0.00013560590373938941 
0.00013560590373938941 
0.00013560590373938941 
0.00013560590373938941 
0.00013560590373938941 
0.00013560590373938941 
0.00013560590373938941 
0.00013560590373938941 
0.00013560590373938941 
0.00013560590373938941 
0.00013560590373938941 
0.00013560590373938941 
0.00013560590373938941 
0.00013560590373938941 
0.00013560590373938941 
0.00013560590373938941 
0.00013560590373938941 
0.00013560590373938941 
0.00013560590373869525 
0.00013560590373869525 
0.00013560590373869525 
0.00013560590373851237 
0.00013560590373851237 
0.00013560590373851237 
0.00013560590373851237 
0.00013560590373851237 
0.00013560590373851237 
0.00013560590373851237 
0.00013560590373851202 
0.00013560590373851202 
0.00013560590373851202 
0.000135605903738487 
0.000135605903738487 
0.000135605903738487 
0.000135605903738487 
0.000135605903738487 
0.000135605903738487 
0.000135605903738487 
0.000135605903738487 
0.000135605903738487 
0.000135605903738487 
0.00013560590373848513 
0.00013560590373848513 
0.00013560590373848513 
0.0001356059037384847 
0.0001356059037384847 
0.0001356059037384847 
0.00013560590373848445 
0.00013560590373848445 
0.00013560590373848445 
0.00013560590373848445 
0.00013560590373848424 
0.00013560590373848413 
0.0001356059037384838 
0.0001356059037384838 
0.0001356059037384838 
0.0001356059037384838 
0.00013560590373848326 
0.0001356059037384831 
0.00013560590373848296 
0.00013560590373848207 
0.00013560590373848207 
0.00013560590373848207 
0.00013560590373848207 
0.00013560590373848152 
0.00013560590373848109 
0.00013560590373848096 
0.00013560590373848063 
0.00013560590373847987 
0.00013560590373847946 
0.00013560590373847862 
0.00013560590373847827 
0.00013560590373847746 
0.00013560590373847713 
0.00013560590373847713 
0.00013560590373847713 
0.00013560590373847713 
0.00013560590373847713 
0.00013560590373847673 
0.00013560590373847673 
0.00013560590373847673 
0.00013560590373847673 
0.00013560590373847673 
0.00013560590373847654 
0.00013560590373847543 
0.0001356059037384748 
0.00013560590373847434 
0.00013560590373847307 
0.00013560590373847307 
0.00013560590373847261 
0.00013560590373847261 
0.0001356059037384719 
0.0001356059037384719 
0.00013560590373847144 
0.0001356059037384709 
0.0001356059037384709 
0.0001356059037384709 
0.0001356059037384709 
0.0001356059037384702 
0.00013560590373846952 
0.00013560590373846884 
0.00013560590373846884 
0.00013560590373846884 
0.00013560590373846884 
0.00013560590373846884 
0.00013560590373846884 
0.00013560590373846884 
0.00013560590373846884 
0.00013560590373846884 
0.00013560590373846884 
0.00013560590373846884 
0.00013560590373846884 
0.00013560590373846884 
0.00013560590373846884 
0.00013560590373846884 
0.00013560590373846884 
0.00013560590373846884 
0.00013560590373846884 
0.00013560590373846884 
0.00013560590373846884 
0.00013560590373846884 
0.00013560590373846884 
0.00013560590373846884 
0.00013560590373846884 
0.00013560590373846884 
0.00013560590373846884 
0.00013560590373846884 
0.00013560590373846884 
0.00013560590373846884 
0.00013560590373846884 
0.00013560590373846884 
0.00013560590373846884 
0.00013560590373846884 
0.00013560590373846884 
0.00013560590373846884 
0.00013560590373846884 
0.00013560590373846884 
0.00013560590373846884 
0.00013560590373846884 
0.00013560590373846884 
0.00013560590373846884 
0.00013560590373846884 
0.00013560590373846884 
0.00013560590373846884 
0.00013560590373846884 
0.00013560590373846884 
0.00013560590373846884 
0.00013560590373846884 
0.00013560590373846884 
0.00013560590373846884 
0.00013560590373846884 
0.00013560590373846884 
0.00013560590373846884 
0.00013560590373846884 
0.00013560590373846884 
0.00013560590373846884 
0.00013560590373846884 
0.00013560590373846884 
0.00013560590373846884 
0.00013560590373846884 
0.00013560590373846884 
0.00013560590373846884 
0.00013560590373846884 
0.00013560590373846884 
0.00010674908596053881 
0.00010674908596053881 
9.5067006009032278e-05 
9.5067006009032278e-05 
9.5067006009032278e-05 
9.2100667633248967e-05 
7.8742201686707888e-05 
7.8742201686707888e-05 
7.8742201686707888e-05 
7.3985916941167571e-05 
6.7713174609823704e-05 
6.4631403105474969e-05 
6.3418636877666214e-05 
6.2387940249609966e-05 
5.5118288667506338e-05 
5.2414258816762526e-05 
5.0799940765344565e-05 
5.0524554418830974e-05 
5.0524554418830974e-05 
4.9670531629133704e-05 
4.9670531629133704e-05 
4.9447061775285716e-05 
4.8215392343399385e-05 
4.7294928872444102e-05 
4.6600210777470796e-05 
4.6071231448081634e-05 
4.452922684362603e-05 
4.304843828884866e-05 
4.1922471232506083e-05 
4.1059551692767155e-05 
4.0393758077824192e-05 
3.9877130781049447e-05 
3.9474349951551809e-05 
3.5404915619600405e-05 
3.5404915619600405e-05 
3.4261393984074866e-05 
3.3784133303337397e-05 
3.3784133303337397e-05 
3.3784133303337397e-05 
3.3784133303337397e-05 
3.3784133303337397e-05 
3.3784133303337397e-05 
3.3784133303337397e-05 
3.3784133303337397e-05 
3.3784133303337397e-05 
3.3589558732707189e-05 
3.3589558732707189e-05 
3.3589558732707189e-05 
3.3225650729351596e-05 
3.2993345118692434e-05 
3.2993345118692434e-05 
3.2993345118692434e-05 
3.2993345118692434e-05 
3.2642975867332008e-05 
3.219048127386271e-05 
3.1849446124323179e-05 
3.159036996704331e-05 
3.1392221255112193e-05 
3.1239810864330904e-05 
3.1122032368606735e-05 
3.1030670439225146e-05 
3.09595843634568e-05 
3.0904141425538443e-05 
3.0860818417177561e-05 
3.0826917581820698e-05 
3.0800361425145309e-05 
3.077954260434901e-05 
3.0763212811396553e-05 
3.0750399640678544e-05 
3.0740343806154973e-05 
3.0732451340368477e-05 
3.0726256949203468e-05 
3.0721395757779398e-05 
3.0717581423769642e-05 
3.0714589119045923e-05 
3.0712242256963818e-05 
3.0710402116505684e-05 
3.0708959716301755e-05 
3.0707829441950089e-05 
3.0706944043258917e-05 
3.0706250704081037e-05 
3.0705707953256949e-05 
3.0705283235925333e-05 
3.0704951003712075e-05 
3.0704691212898316e-05 
3.0704488143447643e-05 
3.0704329470493933e-05 
3.0704205534415831e-05 
3.0704108767177349e-05 
3.0704033241596239e-05 
3.070397431730163e-05 
3.0703928362708255e-05 
3.0703892536786633e-05 
3.0703864617820476e-05 
3.0703842869046294e-05 
3.0703825933337782e-05 
3.0703812750625482e-05 
3.0703802493175211e-05 
3.07037945149471e-05 
3.0703788311882813e-05 
3.0703783490866939e-05 
3.070377974542185e-05 
3.0703776836712518e-05 
3.0703774578681747e-05 
3.070377282644989e-05 
3.0703771467245522e-05 
3.0703770413317906e-05 
3.0703769596419226e-05 
3.0703768963485518e-05 
3.0703768473278807e-05 
3.0703768093760159e-05 
3.0703767800050258e-05 
3.0703767572836963e-05 
3.0703767397134588e-05 
3.070376726131526e-05 
3.0703767156366604e-05 
3.0703767075302786e-05 
3.0703767012713841e-05 
3.0703766964410649e-05 
3.0703766927140867e-05 
3.0703766898399969e-05 
3.0703766876246032e-05 
3.0703766859172694e-05 
3.0703766846021152e-05 
3.0703766835896655e-05 
3.0703766828102448e-05 
3.070376682210473e-05 
3.0703766817491951e-05 
3.0703766813945275e-05 
3.0703766811218716e-05 
3.0703766809125651e-05 
3.0703766807518212e-05 
3.0703766806285326e-05 
3.0703766805339989e-05 
3.0703766804614712e-05 
3.0703766804055576e-05 
3.0703766803628651e-05 
3.0703766803305057e-05 
3.0703766803053956e-05 
3.0703766802861551e-05 
3.0703766802712466e-05 
3.0703766802600475e-05 
3.070376680251466e-05 
3.0703766802448415e-05 
3.0703766802395676e-05 
3.0703766802356821e-05 
3.0703766802327005e-05 
3.0703766802303803e-05 
3.0703766802284796e-05 
3.0703766802271846e-05 
3.0703766802259452e-05 
3.0703766802253767e-05 
3.0703766802247431e-05 
3.070376680224445e-05 
3.0703766802239605e-05 
3.0703766802235966e-05 
3.0703766802233547e-05 
3.0703766802233269e-05 
3.0703766802229908e-05 
3.0703766802228702e-05 
3.0703766802228702e-05 
3.0703766802228702e-05 
3.0703766802226554e-05 
3.0703766802223477e-05 
3.0703766802223477e-05 
3.0703766802223477e-05 
3.0703766802223477e-05 
3.0703766802223477e-05 
3.0703766802223477e-05 
3.0703766802223477e-05 
3.0703766802223477e-05 
3.0703766802223477e-05 
3.0703766802223477e-05 
3.0703766802223477e-05 
3.0703766802223477e-05 
3.0703766802223477e-05 
3.0703766802223477e-05 
3.0703766802223477e-05 
3.0703766802223477e-05 
3.0703766802223477e-05 
3.0703766802223477e-05 
3.0703766802223477e-05 
3.0703766802223477e-05 
3.0703766802223477e-05 
3.0703766802223477e-05 
3.0703766802223477e-05 
3.0703766802223477e-05 
3.0703766802223477e-05 
3.0703766802223477e-05 
3.0703766802223477e-05 
3.0703766802223477e-05 
3.0703766802223477e-05 
3.0703766802223477e-05 
3.0703766802223477e-05 
3.0703766802223477e-05 
3.0703766802223477e-05 
3.0703766802223477e-05 
3.0703766802223477e-05 
3.0703766802223477e-05 
3.0703766802223477e-05 
3.0703766802223477e-05 
3.0703766802223477e-05 
3.0703766802223477e-05 
3.0703766802223477e-05 
3.0703766802223477e-05 
3.0703766802223477e-05 
3.0703766802223477e-05 
3.0703766802223477e-05 
3.0703766802223477e-05 
3.0703766802223477e-05 
3.0703766802223477e-05 
3.0703766802223477e-05 
3.0142631847733142e-05 
2.996216396941586e-05 
2.996216396941586e-05 
2.996216396941586e-05 
2.9953046242526013e-05 
2.9953046242526013e-05 
2.9953046242526013e-05 
2.9953046242526013e-05 
2.9082762305050898e-05 
2.883248185571989e-05 
2.883248185571989e-05 
2.883248185571989e-05 
2.883248185571989e-05 
2.883248185571989e-05 
2.883248185571989e-05 
2.883248185571989e-05 
2.8830168165579311e-05 
2.8830168165579311e-05 
2.8830168165579311e-05 
2.8830168165579311e-05 
2.8137944329091833e-05 
2.8064770710062824e-05 
2.8064770710062824e-05 
2.8064770710062824e-05 
2.8064770710062824e-05 
2.8040379770269224e-05 
2.8040379770269224e-05 
2.8040379770269224e-05 
2.8040379770269224e-05 
2.7851710599360128e-05 
2.75947727221589e-05 
2.7427974216237118e-05 
2.7317331514261839e-05 
2.7242500397754419e-05 
2.719103442674721e-05 
2.7155140683143632e-05 
2.7129823919908649e-05 
2.7129823919908649e-05 
2.7129823919908649e-05 
2.7129823919908649e-05 
2.7129823919908649e-05 
2.7129823919908649e-05 
2.7129823919908649e-05 
2.7129823919908649e-05 
2.7129823919908649e-05 
2.7129823919908649e-05 
2.7129823919908649e-05 
2.7129823919908649e-05 
2.7129823919908649e-05 
2.7129823919908649e-05 
2.7129823919908649e-05 
2.7129823919908649e-05 
2.7010385531137082e-05 
2.6985460709515432e-05 
2.6985460709515432e-05 
2.6985460709515432e-05 
2.6985460709515432e-05 
2.6985460709515432e-05 
2.6985460709515432e-05 
2.6985460709515432e-05 
2.6985460709515432e-05 
2.6985460709515432e-05 
2.6985460709515432e-05 
2.6985460709515432e-05 
2.6985460709515432e-05 
2.6985460709515432e-05 
2.6985442463138285e-05 
2.6985442463138285e-05 
2.6985442463138285e-05 
2.6985421296510949e-05 
2.6985421296510949e-05 
2.6985421296510949e-05 
2.6985421296510949e-05 
2.6985419361861894e-05 
2.6985419361861894e-05 
2.6985419361861894e-05 
2.6985419361861894e-05 
2.6985419260455268e-05 
2.6985419260455268e-05 
2.6985419260455268e-05 
2.6985419260455268e-05 
2.6985419002807544e-05 
2.6985419002807544e-05 
2.6985419002807544e-05 
2.6985419002807544e-05 
2.6985419002807544e-05 
2.6985419002807544e-05 
2.6985419002807544e-05 
2.6985419002807544e-05 
2.6985419002807544e-05 
2.6985419002807544e-05 
2.6985419002807544e-05 
2.6985419000106715e-05 
2.6985419000106715e-05 
2.6985419000106715e-05 
2.6985419000106715e-05 
2.698541899753182e-05 
2.698541899753182e-05 
2.698541899753182e-05 
2.698541899753182e-05 
2.698541899753182e-05 
2.698541899753182e-05 
2.698541899753182e-05 
2.6985418997503702e-05 
2.6985418997503702e-05 
2.6985418997503702e-05 
2.6985418997503702e-05 
2.6985418997503702e-05 
2.6985418997503702e-05 
2.6985418997503702e-05 
2.6985418997503702e-05 
2.6985418997503702e-05 
2.6985418997503702e-05 
2.6985418997503702e-05 
2.6985418997503702e-05 
2.6985418997503702e-05 
2.6985418997503702e-05 
2.6985418997503702e-05 
2.6985418997503702e-05 
2.6985418997503702e-05 
2.6985418997503488e-05 
2.6985418997503488e-05 
2.6985418997503488e-05 
2.6985418997503488e-05 
2.6985418997503488e-05 
2.6985418997503488e-05 
2.6985418997503488e-05 
2.6985418997503488e-05 
2.6985418997503146e-05 
2.6985418997503048e-05 
2.6985418997503017e-05 
2.6985418997502824e-05 
2.6985418997502824e-05 
2.6985418997502824e-05 
2.698541899750256e-05 
2.6985418997502486e-05 
2.6985418997501828e-05 
2.6985418997501571e-05 
2.6985418997501571e-05 
2.6985418997501367e-05 
2.6985418997501367e-05 
2.6985418997501367e-05 
2.6985418997500886e-05 
2.6985418997500693e-05 
2.6985418997500344e-05 
2.6985418997499833e-05 
2.6985418997499833e-05 
2.6985418997499833e-05 
2.6985418997499833e-05 
2.6985418997499833e-05 
2.698541899749967e-05 
2.698541899749967e-05 
2.698541899749967e-05 
2.698541899749967e-05 
2.698541899749967e-05 
2.698541899749967e-05 
2.698541899749967e-05 
2.698541899749967e-05 
2.698541899749967e-05 
2.698541899749967e-05 
2.698541899749967e-05 
2.698541899749967e-05 
2.698541899749967e-05 
2.698541899749967e-05 
2.698541899749967e-05 
2.698541899749967e-05 
2.698541899749967e-05 
2.698541899749967e-05 
2.698541899749967e-05 
2.698541899749967e-05 
2.698541899749967e-05 
2.698541899749967e-05 
2.698541899749967e-05 
2.698541899749967e-05 
2.698541899749967e-05 
2.698541899749967e-05 
2.698541899749967e-05 
2.698541899749967e-05 
2.698541899749967e-05 
2.698541899749967e-05 
2.698541899749967e-05 
2.698541899749967e-05 
2.6720694313397234e-05 
2.6458237942678347e-05 
2.6458237942678347e-05 
2.6458237942678347e-05 
2.6447068359129364e-05 
2.6447068359129364e-05 
2.6447068359129364e-05 
2.5887808677966955e-05 
2.5496502630467925e-05 
2.5356502291279956e-05 
2.5320996680124457e-05 
2.5320996680124457e-05 
2.5320996680124457e-05 
2.5319812748446414e-05 
2.5319812748446414e-05 
2.5319812748446414e-05 
2.5319812748446414e-05 
2.5319812748446414e-05 
2.5319812748446414e-05 
2.5319812748446414e-05 
2.5319812748446414e-05 
2.5319812748446414e-05 
2.5319812748446414e-05 
2.5319812748446414e-05 
2.5319812748446414e-05 
2.5319812748446414e-05 
2.5319812748446414e-05 
2.4727749646694122e-05 
2.4342688164288746e-05 
2.4153736163231561e-05 
2.4059020214791752e-05 
2.4010249544722538e-05 
2.3984321425337301e-05 
2.3970038215660114e-05 
2.3961875086540726e-05 
2.3957042023347361e-05 
2.3954088883615709e-05 
2.3952236180478827e-05 
2.3951049325219027e-05 
2.3951049325219027e-05 
2.3852634242597621e-05 
2.366776744940628e-05 
2.3560490013841432e-05 
2.3496084215781209e-05 
2.3456270586938283e-05 
2.3431070731740872e-05 
2.3414828426624618e-05 
2.3404218526498405e-05 
2.3397221337755032e-05 
2.339257601615462e-05 
2.3389478187371562e-05 
2.338740621551646e-05 
2.3386017769575839e-05 
2.3385086297294083e-05 
2.3384461002146123e-05 
2.3384041124217708e-05 
2.3383759168400093e-05 
2.3383569851491958e-05 
2.3383442764549552e-05 
2.3383357477362391e-05 
2.3383300261493728e-05 
2.3383261892134884e-05 
2.3383236171711107e-05 
2.3383218937529943e-05 
2.3383207394558039e-05 
2.3383199666754182e-05 
2.3383194495404756e-05 
2.3383191036333111e-05 
2.3383188723617022e-05 
2.3383187178037277e-05 
2.3383186145594313e-05 
2.3383185456233208e-05 
2.3383184996155008e-05 
2.3383184689236746e-05 
2.3383184484584008e-05 
2.3383184348183433e-05 
2.3383184257312752e-05 
2.3383184196801999e-05 
2.338318415652647e-05 
2.3383184129730404e-05 
2.338318411191107e-05 
2.3383184100066239e-05 
2.3383184092197618e-05 
2.3383184086971696e-05 
2.3383184083503265e-05 
2.338318408120084e-05 
2.3383184079674236e-05 
2.3383184078662323e-05 
2.3383184077991971e-05 
2.3383184077548156e-05 
2.3383184077254016e-05 
2.3383184077059635e-05 
2.3383184076929927e-05 
2.3383184076845139e-05 
2.3383184076789238e-05 
2.3383184076752159e-05 
2.3383184076727629e-05 
2.3383184076711799e-05 
2.3383184076701174e-05 
2.3383184076693829e-05 
2.3383184076688408e-05 
2.3383184076685413e-05 
2.3383184076682987e-05 
2.3383184076681631e-05 
2.3383184076680561e-05 
2.3383184076680276e-05 
2.3383184076679992e-05 
2.3383184076679205e-05 
2.3383184076679205e-05 
2.3383184076679205e-05 
2.3383184076679205e-05 
2.3383184076679205e-05 
2.3383184076679205e-05 
2.3383184076679205e-05 
2.3383184076679205e-05 
2.3383184076679205e-05 
2.3383184076679205e-05 
2.3383184076679205e-05 
2.3383184076679205e-05 
2.3383184076679205e-05 
2.3383184076679205e-05 
2.3383184076679205e-05 
2.3383184076679205e-05 
2.3383184076679205e-05 
2.3383184076679205e-05 
2.3383184076679205e-05 
2.3383184076679205e-05 
2.3383184076679205e-05 
2.3383184076679205e-05 
2.3383184076679205e-05 
