0.1299233237496949 
0.1299233237496949 
0.1299233237496949 
0.082114045865963353 
0.082114045865963353 
0.082114045865963353 
0.082114045865963353 
0.082114045865963353 
0.082114045865963353 
0.082114045865963353 
0.068075624184604111 
0.068075624184604111 
0.068075624184604111 
0.068075624184604111 
0.068075624184604111 
0.062875938954302435 
0.062875938954302435 
0.062875938954302435 
0.062875938954302435 
0.062875938954302435 
0.062875938954302435 
0.062875938954302435 
0.062875938954302435 
0.062875938954302435 
0.062875938954302435 
0.062875938954302435 
0.062875938954302435 
0.062875938954302435 
0.062875938954302435 
0.062875938954302435 
0.062875938954302435 
0.062875938954302435 
0.062207611464487944 
0.059410323486269859 
0.059410323486269859 
0.059410323486269859 
0.059410323486269859 
0.059410323486269859 
0.059410323486269859 
0.059410323486269859 
0.059410323486269859 
0.059410323486269859 
0.059410323486269859 
0.059410323486269859 
0.059410323486269859 
0.059410323486269859 
0.059410323486269859 
0.059410323486269859 
0.059410323486269859 
0.059410323486269859 
0.059410323486269859 
0.059410323486269859 
0.059410323486269859 
0.059410323486269859 
0.054070392620037648 
0.054070392620037648 
0.054070392620037648 
0.054070392620037648 
0.054070392620037648 
0.054070392620037648 
0.054070392620037648 
0.054006052796221289 
0.052470524836965481 
0.052470524836965481 
0.046861689240603382 
0.045272083621462386 
0.045272083621462386 
0.045272083621462386 
0.045272083621462386 
0.043997267608844731 
0.043997267608844731 
0.043997267608844731 
0.043997267608844731 
0.043997267608844731 
0.043997267608844731 
0.043997267608844731 
0.043997267608844731 
0.043997267608844731 
0.043997267608844731 
0.043844207648131295 
0.043844207648131295 
0.043586215693239679 
0.043206910115916125 
0.042502406700626563 
0.042502406700626563 
0.042502406700626563 
0.04248721754173914 
0.042302706500718781 
0.042147820236423758 
0.042147820236423758 
0.042147820236423758 
0.042122162939487277 
0.0417660918000438 
0.0417660918000438 
0.0417660918000438 
0.041655367935760662 
0.04153883663953678 
0.041491173765839627 
0.041491173765839627 
0.041491173765839627 
0.041125912889405182 
0.041125912889405182 
0.040708181666211658 
0.040407577331925446 
0.040169186330440552 
0.040169186330440552 
0.039899609421136538 
0.039792215350186025 
0.039792215350186025 
0.039792215350186025 
0.039136430735484132 
0.039136430735484132 
0.038819129102604814 
0.038333212522037169 
0.037516220981937798 
0.036859660041699847 
0.036204150936790545 
0.035278840708258756 
0.034119137702834035 
0.033022457727387967 
0.032113394511808835 
0.031305687692758731 
0.029763946042623675 
0.028411624162362765 
0.026575911024277143 
0.024994850055161541 
0.023809568508721964 
0.022188711799812216 
0.021041892303902156 
0.019000665476863236 
0.017249650084622651 
0.016304069337854825 
0.015410685679399166 
0.012876052412062522 
0.010846187647666315 
0.010005228014011266 
0.0087047606868908504 
0.0072603993777524464 
0.0059964587261887399 
0.0041694141151545931 
0.0031413312038828401 
0.0022050915530011698 
0.0020364040168123591 
0.0011699694431104315 
0.00050916461805327478 
0.00015595750608923749 
7.6519010377073445e-05 
2.2573021786205114e-06 
2.2573021786205114e-06 
2.2573021786205114e-06 
2.2573021786205114e-06 
2.2573021786205114e-06 
2.2573021786205114e-06 
2.2573021786205114e-06 
2.2573021786205114e-06 
2.2573021786205114e-06 
2.2573021786205114e-06 
2.2573021786205114e-06 
1.8974900970516419e-06 
1.8974900970516419e-06 
1.8974900970516419e-06 
7.4030389461475224e-07 
7.4030389461475224e-07 
7.4030389461475224e-07 
7.4030389461475224e-07 
2.8543383104490223e-07 
2.2571382214581259e-07 
2.2571382214581259e-07 
2.2571382214581259e-07 
2.2571382214581259e-07 
2.2571382214581259e-07 
2.2571382214581259e-07 
2.2571382214581259e-07 
1.9357781186853993e-07 
1.9357781186853993e-07 
1.9357781186853993e-07 
1.9357781186853993e-07 
1.9357781186853993e-07 
1.9357781186853993e-07 
1.9357781186853993e-07 
7.6279063295366326e-08 
7.6279063295366326e-08 
7.6279063295366326e-08 
6.3036511407206216e-08 
6.3036511407206216e-08 
6.3036511407206216e-08 
6.3036511407206216e-08 
2.107502543600158e-08 
2.107502543600158e-08 
2.107502543600158e-08 
2.107502543600158e-08 
2.107502543600158e-08 
2.107502543600158e-08 
2.107502543600158e-08 
6.626789577864054e-09 
6.626789577864054e-09 
6.626789577864054e-09 
6.626789577864054e-09 
6.626789577864054e-09 
6.626789577864054e-09 
6.626789577864054e-09 
1.9311809895812183e-09 
1.9311809895812183e-09 
1.9311809895812183e-09 
1.9311809895812183e-09 
1.9311809895812183e-09 
1.9311809895812183e-09 
1.9311809895812183e-09 
6.3565345070219914e-10 
6.3565345070219914e-10 
6.3565345070219914e-10 
6.3565345070219914e-10 
6.3565345070219914e-10 
6.3565345070219914e-10 
6.3565345070219914e-10 
4.2784669734146225e-10 
4.2784669734146225e-10 
4.2784669734146225e-10 
4.2784669734146225e-10 
4.2784669734146225e-10 
4.2784669734146225e-10 
4.2784669734146225e-10 
4.2784669734146225e-10 
4.2784669734146225e-10 
4.2784669734146225e-10 
4.2784669734146225e-10 
4.2784669734146225e-10 
4.2784669734146225e-10 
4.2784669734146225e-10 
4.2784669734146225e-10 
4.2784669734146225e-10 
4.2784669734146225e-10 
4.2784669734146225e-10 
4.2784669734146225e-10 
4.2784669734146225e-10 
4.2784669734146225e-10 
4.2784669734146225e-10 
4.2784669734146225e-10 
4.2784669734146225e-10 
4.2784669734146225e-10 
4.2784669734146225e-10 
4.2784669734146225e-10 
4.2784669734146225e-10 
4.2784669734146225e-10 
4.2784669734146225e-10 
4.2784669734146225e-10 
4.2784669734146225e-10 
4.2784669734146225e-10 
4.2784669734146225e-10 
4.2784669734146225e-10 
4.2784669734146225e-10 
4.2784669734146225e-10 
4.2784669734146225e-10 
4.2784669734146225e-10 
4.2784669734146225e-10 
4.2784669734146225e-10 
4.2784669734146225e-10 
4.2784669734146225e-10 
4.2784669734146225e-10 
4.2784669734146225e-10 
4.2784669734146225e-10 
4.2784669734146225e-10 
4.2784669734146225e-10 
4.2784669734146225e-10 
4.2784669734146225e-10 
4.2784669734146225e-10 
4.2784669734146225e-10 
4.2784669734146225e-10 
4.2784669734146225e-10 
4.2784669734146225e-10 
4.2784669734146225e-10 
4.2784669734146225e-10 
4.2784669734146225e-10 
4.2784669734146225e-10 
4.2784669734146225e-10 
4.2784669734146225e-10 
4.2784669734146225e-10 
4.2784669734146225e-10 
4.2784669734146225e-10 
4.2784669734146225e-10 
4.2784669734146225e-10 
4.2784669734146225e-10 
4.2784669734146225e-10 
4.2784669734146225e-10 
4.2784669734146225e-10 
4.2784669734146225e-10 
4.2784669734146225e-10 
4.2784669734146225e-10 
4.2784669734146225e-10 
4.2784669734146225e-10 
4.2784669734146225e-10 
4.2784669734146225e-10 
4.2784669734146225e-10 
4.2783421965178518e-10 
4.2783421965178518e-10 
4.2783421965178518e-10 
4.2783421965178518e-10 
4.2778781865681899e-10 
4.2778781865681899e-10 
4.2778781865681899e-10 
4.2778781865681899e-10 
4.2778781865681899e-10 
4.2778781865681899e-10 
4.2778781865681899e-10 
4.2778474172917978e-10 
4.2778474172917978e-10 
4.2778474172917978e-10 
4.2778474172917978e-10 
4.2776768694563033e-10 
4.2776768694563033e-10 
4.2776768694563033e-10 
4.2776768694563033e-10 
4.2776768694563033e-10 
4.2776768694563033e-10 
4.2776768694563033e-10 
4.2776735441952918e-10 
4.2776735441952918e-10 
4.2776735441952918e-10 
4.2776735441952918e-10 
4.2776656604724314e-10 
4.2776656604724314e-10 
4.2776656604724314e-10 
4.2776656604724314e-10 
4.2776587708807879e-10 
4.2776587708807879e-10 
4.2776587708807879e-10 
4.2776587708807879e-10 
4.2776561423032645e-10 
4.2776561423032645e-10 
4.2776561423032645e-10 
4.2776561423032645e-10 
4.2776533228488517e-10 
4.2776533228488517e-10 
4.2776533228488517e-10 
4.2776533228488517e-10 
4.277652565044056e-10 
4.277652565044056e-10 
4.277652565044056e-10 
4.277652565044056e-10 
4.2776513848397545e-10 
4.2776513848397545e-10 
4.2776513848397545e-10 
4.2776513848397545e-10 
4.2776512390764106e-10 
4.2776512390764106e-10 
4.2776512390764106e-10 
4.2776512390764106e-10 
4.2776507275419982e-10 
4.2776507275419982e-10 
4.2776507275419982e-10 
4.2776507275419982e-10 
4.2776507275419982e-10 
4.2776507275419982e-10 
4.2776507275419982e-10 
4.2776507275419982e-10 
4.2776507275419982e-10 
4.2776507275419982e-10 
4.2776507275419982e-10 
4.2776504518561986e-10 
4.2776504518561986e-10 
4.2776504518561986e-10 
4.2776504518561986e-10 
4.2776504518561986e-10 
4.2776504518561986e-10 
4.2776504518561986e-10 
4.2776504518561986e-10 
4.2776504518561986e-10 
4.2776504518561986e-10 
4.2776504518561986e-10 
4.2776504518561986e-10 
4.2776504518561986e-10 
4.2776504518561986e-10 
4.2776504518561986e-10 
4.2776504518561986e-10 
4.2776504518561986e-10 
4.2776504518561986e-10 
4.2776504510942241e-10 
4.2776504510942241e-10 
4.2776504510942241e-10 
4.2776504510942241e-10 
4.277650449158165e-10 
4.277650449158165e-10 
4.277650449158165e-10 
4.277650449158165e-10 
4.2776504491273127e-10 
4.2776504491273127e-10 
4.2776504491273127e-10 
4.2776504491273127e-10 
4.2776504483931444e-10 
4.2776504483931444e-10 
4.2776504483931444e-10 
4.2776504483931444e-10 
4.2776504479341528e-10 
4.2776504479341528e-10 
4.2776504479341528e-10 
4.2776504479341528e-10 
4.2776504474734287e-10 
4.2776504474734287e-10 
4.2776504474734287e-10 
4.2776504474734287e-10 
4.2776504474734287e-10 
4.2776504474734287e-10 
4.2776504458994363e-10 
4.2776504452130853e-10 
4.2776504452130853e-10 
4.2776504443550746e-10 
4.2776504435684114e-10 
4.2776504427664029e-10 
4.2776504427664029e-10 
4.2776504422369628e-10 
4.2776504418223225e-10 
4.2776504413606911e-10 
4.2776504413606911e-10 
4.2776504410892534e-10 
4.2776504405706561e-10 
4.277650440212946e-10 
4.277650440212946e-10 
4.277650440212946e-10 
4.2776504396086518e-10 
4.2776504395362238e-10 
4.2776504387937077e-10 
4.2776504382778717e-10 
4.2776504382778717e-10 
4.2776504382778717e-10 
4.2776504376569889e-10 
4.2776504376569889e-10 
4.2776504371019006e-10 
4.2776504369902193e-10 
4.2776504361492909e-10 
4.2776504361492909e-10 
4.2776504353083636e-10 
4.2776504353083636e-10 
4.2776504353083636e-10 
4.2776504353083636e-10 
4.2776504353083636e-10 
4.2776504353083636e-10 
4.2776504353083636e-10 
4.2776504353083636e-10 
4.2776504353083636e-10 
4.2776504353083636e-10 
4.2776504353083636e-10 
4.2776504353083636e-10 
4.2776504353083636e-10 
4.2776504353083636e-10 
4.2776504353083636e-10 
4.2776504353083636e-10 
4.2776504353083636e-10 
4.2776504353083636e-10 
4.2776504353083636e-10 
4.2776504353083636e-10 
4.2776504353083636e-10 
4.2776504353083636e-10 
4.2776504353083636e-10 
4.2776504353083636e-10 
4.2776504353083636e-10 
4.2776504353083636e-10 
4.2776504353083636e-10 
4.2776504353083636e-10 
4.2776504353083636e-10 
4.2776504353083636e-10 
4.2776504353083636e-10 
4.2776504353083636e-10 
4.2776504353083636e-10 
4.2776504353083636e-10 
4.2776504353083636e-10 
4.2776504353083636e-10 
4.2776504353083636e-10 
4.2776504353083636e-10 
4.2776504353083636e-10 
4.2776504353083636e-10 
4.2776504353083636e-10 
4.2776504353083636e-10 
4.2776504353083636e-10 
4.2776504353083636e-10 
4.0783628016799354e-10 
4.0783628016799354e-10 
4.0783628016799354e-10 
4.0783628016799354e-10 
4.0783628016799354e-10 
4.0783628016799354e-10 
4.0783628016799354e-10 
4.0783628016799354e-10 
4.0783628016799354e-10 
4.0783628016799354e-10 
4.0783628016799354e-10 
4.0783628016799354e-10 
4.0783628016799354e-10 
4.0783628016799354e-10 
4.0783628016799354e-10 
4.0783628016799354e-10 
4.0783628016799354e-10 
4.0783628016799354e-10 
4.0783628016799354e-10 
4.0783628016799354e-10 
4.0783628016799354e-10 
4.0783628016799354e-10 
4.0783628016799354e-10 
4.0783628016799354e-10 
4.0783628016799354e-10 
4.0783628016799354e-10 
4.0783628016799354e-10 
4.0783628016799354e-10 
4.0783628016799354e-10 
4.0783628016799354e-10 
4.0783628016799354e-10 
4.0783628016799354e-10 
4.0783628016799354e-10 
4.0783628016799354e-10 
4.0783628016799354e-10 
4.0783628016799354e-10 
4.0783628016799354e-10 
4.0783628016799354e-10 
4.0783628016799354e-10 
4.0783628016799354e-10 
4.0783628016799354e-10 
4.0783628016799354e-10 
4.0783628016799354e-10 
4.0783628016799354e-10 
4.0783628016799354e-10 
4.0783628016799354e-10 
4.0783628016799354e-10 
4.0783628016799354e-10 
4.0783628016799354e-10 
4.0783628016799354e-10 
4.0783628016799354e-10 
4.0783628016799354e-10 
4.0783628016799354e-10 
4.0783628016799354e-10 
4.0783628016799354e-10 
4.0783628016799354e-10 
2.6066344933540801e-10 
2.6066344933540801e-10 
2.6066344933540801e-10 
2.6066344933540801e-10 
2.6066344933540801e-10 
2.6066344933540801e-10 
2.6066344933540801e-10 
2.6066344933540801e-10 
2.6066344933540801e-10 
2.6066344933540801e-10 
2.6066344933540801e-10 
1.5407607232941409e-10 
1.5407607232941409e-10 
1.5407607232941409e-10 
1.5407607232941409e-10 
1.2034675153423855e-10 
1.2034675153423855e-10 
1.2034675153423855e-10 
1.2034675153423855e-10 
1.2034675153423855e-10 
1.2034675153423855e-10 
1.2034675153423855e-10 
1.2034675153423855e-10 
1.2034675153423855e-10 
1.2034675153423855e-10 
1.2034675153423855e-10 
1.2034675153423855e-10 
1.2034675153423855e-10 
1.2034675153423855e-10 
1.2034675153423855e-10 
1.2034675153423855e-10 
1.2034675153423855e-10 
1.2034675153423855e-10 
1.2034675153423855e-10 
1.2034675153423855e-10 
1.2034675153423855e-10 
1.2034675153423855e-10 
1.2034675153423855e-10 
1.2034675153423855e-10 
1.2034675153423855e-10 
1.2034675153423855e-10 
1.2034675153423855e-10 
1.2034675153423855e-10 
1.2034675153423855e-10 
1.200901698322493e-10 
1.1820471878502096e-10 
1.1717290896930316e-10 
1.1663304004765738e-10 
1.1637167213575628e-10 
1.1626394665852174e-10 
1.1623767593909762e-10 
1.1623767593909762e-10 
1.1623767593909762e-10 
1.1623767593909762e-10 
1.1623767593909762e-10 
1.1623767593909762e-10 
1.1623767593909762e-10 
1.1623767593909762e-10 
1.1623767593909762e-10 
1.1623767593909762e-10 
1.1623767593909762e-10 
1.1623767593909762e-10 
1.1623767593909762e-10 
1.1623767593909762e-10 
1.162376692867004e-10 
1.162376692867004e-10 
1.162376692867004e-10 
1.162376692867004e-10 
1.162376692867004e-10 
1.162376692867004e-10 
1.162376692867004e-10 
1.162376692867004e-10 
1.162376692867004e-10 
1.162376692867004e-10 
1.162376692867004e-10 
1.1623766315911449e-10 
1.1623766315911449e-10 
1.1623766315911449e-10 
1.1623766315911449e-10 
1.1623766143712216e-10 
1.1623766143712216e-10 
1.1623766143712216e-10 
1.1623766143712216e-10 
1.1623766139199211e-10 
1.1623766139199211e-10 
1.1623766139199211e-10 
1.1623766139199211e-10 
1.1623766101366994e-10 
1.1623766101366994e-10 
1.1623766101366994e-10 
1.1623766101366994e-10 
1.1623766101366994e-10 
1.1623766101366994e-10 
1.1623766101366994e-10 
1.1623766101366994e-10 
1.1623766101366994e-10 
1.1623766101366994e-10 
1.1623766101366994e-10 
1.1623766099361677e-10 
1.1623766099361677e-10 
1.1623766099361677e-10 
1.1623766099361677e-10 
1.1623766098934385e-10 
1.1623766098934385e-10 
1.1623766098934385e-10 
1.1623766098934385e-10 
1.1623766098934385e-10 
1.1623766098934385e-10 
1.1623766098934385e-10 
1.1623766098934385e-10 
1.1623766098934385e-10 
1.1623766098934385e-10 
1.1623766098934385e-10 
1.1623766098432228e-10 
1.1623766098208825e-10 
1.1623766098208825e-10 
1.1623766098208825e-10 
1.1623766098208825e-10 
1.1623766098208825e-10 
1.1623766098208825e-10 
1.1623766098198379e-10 
1.16237660977302e-10 
1.1623766097516342e-10 
1.1623766097516342e-10 
1.1623766097453702e-10 
1.1623766097453702e-10 
1.1623766097453702e-10 
1.1623766097003303e-10 
1.16237660968243e-10 
1.1623766096519803e-10 
1.1623766096015899e-10 
1.1623766096015899e-10 
1.1623766096015899e-10 
1.1623766096015899e-10 
1.1623766095581286e-10 
1.1623766095455791e-10 
1.1623766094810605e-10 
1.1623766094326718e-10 
1.1623766094239334e-10 
1.1623766094239334e-10 
1.1623766094239334e-10 
1.1623766094239334e-10 
1.1623766094239334e-10 
1.1623766094239334e-10 
1.1623766094239334e-10 
1.1623766094239334e-10 
1.1623766094239334e-10 
1.1623766094239334e-10 
1.1623766094239334e-10 
1.1623766094239334e-10 
1.1623766094239334e-10 
1.1623766094239334e-10 
1.1623766094239334e-10 
1.1623766094239334e-10 
1.1623766094239334e-10 
1.1623766094239334e-10 
1.1623766094239334e-10 
1.1623766094239334e-10 
1.1623766094239334e-10 
1.1623766094239334e-10 
1.1623766094239334e-10 
1.1623766094239334e-10 
1.1623766094239334e-10 
1.1623766094239334e-10 
1.1623766094239334e-10 
1.1623766094239334e-10 
1.1623766094239334e-10 
4.5595354788293459e-11 
4.5595354788293459e-11 
4.5595354788293459e-11 
4.5595354788293459e-11 
4.5595354788293459e-11 
4.5595354788293459e-11 
4.5595354788293459e-11 
4.5595354788293459e-11 
4.5595354788293459e-11 
4.5595354788293459e-11 
4.5595354788293459e-11 
4.5595354788293459e-11 
4.5595354788293459e-11 
4.5595354788293459e-11 
4.5595354788293459e-11 
4.5595354788293459e-11 
4.5595354788293459e-11 
4.5595354788293459e-11 
4.5595354788293459e-11 
4.5595354788293459e-11 
3.5883934071218008e-11 
3.5883934071218008e-11 
3.5883934071218008e-11 
1.5565188325474603e-11 
1.5565188325474603e-11 
1.5565188325474603e-11 
1.5565188325474603e-11 
1.5565188325474603e-11 
1.5565188325474603e-11 
1.5565188325474603e-11 
1.5565188325474603e-11 
1.5565188325474603e-11 
1.5565188325474603e-11 
1.5565188325474603e-11 
1.5565188325474603e-11 
1.5565188325474603e-11 
1.5565188325474603e-11 
1.5565188325474603e-11 
1.5565188325474603e-11 
1.5565188325474603e-11 
1.5565188325474603e-11 
1.5565188325474603e-11 
1.5565188325474603e-11 
1.5565188325474603e-11 
1.5565188325474603e-11 
1.5565188325474603e-11 
1.5565188325474603e-11 
1.5565188325474603e-11 
1.5565188325474603e-11 
1.5565188325474603e-11 
1.5565188325474603e-11 
1.5565188325474603e-11 
1.5565188325474603e-11 
1.5565188325474603e-11 
1.5565188325474603e-11 
1.5565188325474603e-11 
1.5565188325474603e-11 
1.5565188325474603e-11 
1.5565188325474603e-11 
1.5565188325474603e-11 
1.5565188325474603e-11 
1.5565188325474603e-11 
1.5565188325474603e-11 
1.5565188325474603e-11 
1.5565188325474603e-11 
1.5565188325474603e-11 
1.5565188325474603e-11 
1.5565188325474603e-11 
1.5565188325474603e-11 
1.5565188325474603e-11 
1.5565188325474603e-11 
1.5565188325474603e-11 
1.5565188325474603e-11 
1.5565188325474603e-11 
1.5565188325474603e-11 
1.5565188325474603e-11 
1.5565188325474603e-11 
1.5565188325474603e-11 
1.5565188325474603e-11 
1.5565188325474603e-11 
1.5565188325474603e-11 
1.5565188325474603e-11 
1.5565188325474603e-11 
1.5565188325474603e-11 
1.5408185296290658e-11 
1.5263963988215579e-11 
1.5177749662341384e-11 
1.5124770012619942e-11 
1.5091331181631436e-11 
1.5069701795946532e-11 
1.5055408915431998e-11 
1.5045794422169753e-11 
1.5039234078066709e-11 
1.5034707914589294e-11 
1.5031559021109931e-11 
1.5029354787112721e-11 
1.5027804956219623e-11 
1.5026711820162169e-11 
1.5025939134259951e-11 
1.5025392169638505e-11 
1.5025004632840648e-11 
1.5024729903084589e-11 
1.5024535094390695e-11 
1.5024396951034115e-11 
1.5024298990409526e-11 
1.5024229544311774e-11 
1.5024180321096269e-11 
1.5024145440850565e-11 
1.5024120735632618e-11 
1.5024103242478685e-11 
1.502409085952243e-11 
1.5024082098570552e-11 
1.5024075904008919e-11 
1.5024071521425724e-11 
1.5024068424877305e-11 
1.5024066237315027e-11 
1.5024064693429912e-11 
1.5024063603173598e-11 
1.5024062835964947e-11 
1.5024062294434024e-11 
1.5024061914679211e-11 
1.5024061645664976e-11 
1.5024061454474893e-11 
1.5024061323067423e-11 
1.5024061229313813e-11 
1.5024061163226977e-11 
1.5024061115547686e-11 
1.5024061083215241e-11 
1.5024061058281461e-11 
1.5024061043373266e-11 
1.5024061035063636e-11 
1.5024061024710304e-11 
1.5024061018622665e-11 
1.5024061016217505e-11 
1.5024061012207272e-11 
1.5024061007686116e-11 
1.5024061005681001e-11 
1.502406100342042e-11 
1.502406100342042e-11 
1.502406100342042e-11 
1.5024061002581739e-11 
1.5024060999554772e-11 
1.5024060998460628e-11 
1.5024060998460628e-11 
1.5024060998460628e-11 
1.5024060998460628e-11 
1.5024060998460628e-11 
1.5024060998460628e-11 
1.5024060998460628e-11 
1.5024060998460628e-11 
1.5024060998460628e-11 
1.5024060998460628e-11 
1.5024060998460628e-11 
1.5024060998460628e-11 
1.5024060998460628e-11 
1.5024060998460628e-11 
1.5024060998460628e-11 
1.5024060998460628e-11 
1.5024060998460628e-11 
1.5024060998460628e-11 
1.5024060998460628e-11 
1.5024060998460628e-11 
1.5024060998460628e-11 
1.5024060998460628e-11 
1.5024060998460628e-11 
1.5024060998460628e-11 
1.5024060998460628e-11 
1.5024060998460628e-11 
1.5024060998460628e-11 
1.5024060998460628e-11 
1.5024060998460628e-11 
1.5024060998460628e-11 
1.5024060998460628e-11 
1.5024060998460628e-11 
1.5024060998460628e-11 
1.5024060998460628e-11 
1.5024060998460628e-11 
1.5024060998460628e-11 
1.5024060998460628e-11 
1.5024060998460628e-11 
1.5024060998460628e-11 
1.5024060998460628e-11 
1.5024060998460628e-11 
1.5024060998460628e-11 
1.5024060998460628e-11 
1.5024060998460628e-11 
1.5024060998460628e-11 
1.5024060998460628e-11 
1.5024060998460628e-11 
1.5024060998460628e-11 
1.5024060998460628e-11 
1.5024060998460628e-11 
1.5024060998460628e-11 
1.5024060998460628e-11 
1.5024060998460628e-11 
1.5024060998460628e-11 
1.5024060998460628e-11 
1.5024060998460628e-11 
1.5024060998460628e-11 
1.5024060998460628e-11 
1.5024060998460628e-11 
1.5024060998460628e-11 
1.5024060998460628e-11 
1.5024060998460628e-11 
1.5024060998460628e-11 
1.5024060998460628e-11 
1.5024060998460628e-11 
1.5024060998460628e-11 
1.5024060998460628e-11 
1.5024060998460628e-11 
1.5024060998460628e-11 
1.5024060998460628e-11 
1.5024060998460628e-11 
1.5024060998460628e-11 
1.5024060998460628e-11 
1.5024060998460628e-11 
1.5024060998460628e-11 
1.5024060998460628e-11 
1.5024060998460628e-11 
1.5024060998460628e-11 
1.5024060998460628e-11 
1.5024060998460628e-11 
1.5024060998460628e-11 
1.5024060998460628e-11 
1.5024060998460628e-11 
1.5024060998460628e-11 
1.5024060998460628e-11 
1.5024060998460628e-11 
1.5024060998460628e-11 
1.5024060998460628e-11 
1.5024060998460628e-11 
1.5024060998460628e-11 
1.5024060998460628e-11 
1.5024060998460628e-11 
1.5024060998460628e-11 
1.5024060998460628e-11 
1.5024060998460628e-11 
1.5024060998460628e-11 
1.2953272032716292e-11 
3.7922023550324898e-12 
3.7922023550324898e-12 
3.7922023550324898e-12 
3.3310917325117559e-12 
3.3310917325117559e-12 
3.3310917325117559e-12 
3.3310917325117559e-12 
3.2258032465658221e-12 
3.2258032465658221e-12 
3.2258032465658221e-12 
3.2258032465658221e-12 
3.2258032465658221e-12 
3.2258032465658221e-12 
3.2258032465658221e-12 
3.2241093768437566e-12 
3.2241093768437566e-12 
3.2241093768437566e-12 
3.2241093768437566e-12 
3.2241093768437566e-12 
3.2241093768437566e-12 
3.2241093768437566e-12 
3.2240149635800282e-12 
3.2240149635800282e-12 
3.2240149635800282e-12 
3.2240149635800282e-12 
3.2240149635800282e-12 
3.2240149635800282e-12 
3.2240149635800282e-12 
3.2240118667681938e-12 
3.2240118667681938e-12 
3.2240118667681938e-12 
3.2240118667681938e-12 
3.2240118667681938e-12 
3.2240118667681938e-12 
3.2240118667681938e-12 
3.2240118667681938e-12 
3.2240118667681938e-12 
3.2240118667681938e-12 
3.2240118667681938e-12 
3.2240118667681938e-12 
3.2240118667681938e-12 
3.2240118667681938e-12 
3.2240118667681938e-12 
3.2240118667681938e-12 
3.2240118667681938e-12 
3.2240118667681938e-12 
3.2240118667681938e-12 
3.2240118667681938e-12 
3.2240118667681938e-12 
3.2240118667681938e-12 
3.2240118667681938e-12 
3.2240118667681938e-12 
3.2240118667681938e-12 
3.2240118667681938e-12 
3.2240118667681938e-12 
3.2240118667681938e-12 
3.2240118667681938e-12 
3.2240118667681938e-12 
3.2240118667681938e-12 
3.2240118667681938e-12 
3.2240118667681938e-12 
3.2240118667681938e-12 
3.2240118667681938e-12 
3.2240118667681938e-12 
