0.38593637318878105 
0.38593544926952317 
0.38593452529578121 
0.38593360132574733 
0.3859326773598874 
0.38593175339820474 
0.38593082944069956 
0.38592990548737161 
0.38592898153822131 
0.38592805759324827 
0.37458102898180318 
0.35842624454274041 
0.35598869786424986 
0.34769567607772206 
0.34763165047505673 
0.34392796732664666 
0.3433926607866763 
0.33668504179924186 
0.33664116254615029 
0.33437751384009784 
0.33435020657683462 
0.3331861177706617 
0.3331784805588241 
0.3328447497216826 
0.33280855134864917 
0.33264165058700684 
0.33263987928309563 
0.33256858387340693 
0.33256750445382927 
0.33254099717125107 
0.33254021714533633 
0.33252004758670267 
0.33251138535535923 
0.33250190950240505 
0.33249866984072696 
0.33249397912274975 
0.33249271573427663 
0.33249014286659934 
0.33248953630404299 
0.33248793448634023 
0.33248734081094855 
0.33248647537378162 
0.33248584928547747 
0.33248512130883184 
0.33248453102121389 
0.33248388033031268 
0.33248329146516348 
0.3324826799570092 
0.33248209083494173 
0.3324814924086415 
0.33248090371386063 
0.33248031065839068 
0.33247972180534785 
0.332479131985917 
0.33247854282879263 
0.33247795374251821 
0.33247736472421102 
0.33247677594676067 
0.3324761869948083 
0.33247559823371958 
0.33247500947542763 
0.3324744207124179 
0.33247383193583735 
0.33247324318696209 
0.33247265443999952 
0.33247206569478799 
0.33247147695132645 
0.33247088820961507 
0.33247029946965362 
0.33246971073144221 
0.33246912199498069 
0.33246853326026921 
0.33246794452730755 
0.33246735579609588 
0.33246676706663392 
0.33246617833892195 
0.33246558961295969 
0.33246500088874731 
0.33246441216628464 
0.33246382344557179 
0.3324632347266086 
0.33246264600939518 
0.33246205729393136 
0.3324614685802173 
0.33246087986825273 
0.33246029115803793 
0.33245970244957257 
0.33245911374285686 
0.33245852503789058 
0.33245793633467402 
0.33245734763320672 
0.33245675893348908 
0.33245617023552076 
0.33245558153930194 
0.33245499284483243 
0.33245440415211241 
0.33245381546114161 
0.33245322677192024 
0.33245263808444808 
0.33245204939872519 
0.33245146071475157 
0.33245087203252716 
0.33245028335205196 
0.33244969467332597 
0.33244910599634908 
0.33244851732112141 
0.33244792864764283 
0.3324473399759133 
0.33244675130593287 
0.33244616263770149 
0.33244557397121915 
0.33244498530648575 
0.33244439664350134 
0.33244380798226592 
0.33244321932277943 
0.33244263066504182 
0.33244204200905308 
0.33244145335481323 
0.33244086470232215 
0.33244027605157989 
0.3324396874025865 
0.33243909875534178 
0.33243851010984588 
0.33243792146609863 
0.3324373328241001 
0.33243674418385022 
0.332436155545349 
0.33243556690859638 
0.33243497827359236 
0.33243438964033689 
0.33243380100883008 
0.3324332123790717 
0.33243262375106186 
0.33243203512480046 
0.33243144650028755 
0.33243085787752313 
0.33243026925650698 
0.33242968063723938 
0.33242909201971999 
0.33242850340394908 
0.33242791478992639 
0.33242732617765203 
0.33242673756712593 
0.3324261489583481 
0.33242556035131843 
0.33242497174603702 
0.33242438314250378 
0.33242379454071869 
0.33242320594068175 
0.33242261734239287 
0.33242202874585203 
0.33242144015105929 
0.3324208515580146 
0.33242026296671789 
0.33241967437716918 
0.33241908578936846 
0.33241849720331568 
0.33241790861901083 
0.3324173200364538 
0.33241673145564471 
0.33241614287658339 
0.33241555429926994 
0.33241496572370427 
0.33241437714988648 
0.33241378857781628 
0.33241320000749391 
0.3324126114389192 
0.33241202287209226 
0.33241143430701287 
0.33241084574368118 
0.33241025718209705 
0.33240966862226057 
0.33240908006417158 
0.33240849150783019 
0.3324079029532363 
0.3324073144003899 
0.33240672584929093 
0.33240613729993945 
0.33240554875233547 
0.33240496020647875 
0.33240437166236952 
0.33240378312000757 
0.33240319457939299 
0.33240260604052568 
0.3324020175034057 
0.33240142896803293 
0.33240084043440743 
0.33240025190252909 
0.33239966337239801 
0.33239907484401399 
0.33239848631737723 
0.33239789779248752 
0.33239730926934496 
0.33239672074794946 
0.33239613222830089 
0.33239554371039948 
0.33239495519424506 
0.33239436667983757 
0.33239377816717702 
0.33239318965626347 
0.33239260114709679 
0.33239201263967694 
0.33239142413400402 
0.33239083563007793 
0.33239024712789861 
0.33238965862746611 
0.33238907012878038 
0.33238848163184143 
0.33238789313664907 
0.33238730464320337 
0.3323867161515045 
0.33238612766155212 
0.33238553917334646 
0.33238495068688734 
0.33238436220217493 
0.33238377371920885 
0.33238318523798949 
0.3323825967585165 
0.33238200828079012 
0.33238141980481012 
0.33238083133057661 
0.33238024285808943 
0.33237965438734879 
0.33237906591835437 
0.33237847745110638 
0.33237788898560461 
0.33237730052184927 
0.33237671205984004 
0.33237612359957724 
0.3323755351410605 
0.33237494668429007 
0.33237435822926575 
0.3323737697759877 
0.33237318132445565 
0.3323725928746698 
0.33237200442662995 
0.33237141598033626 
0.3323708275357885 
0.33237023909298685 
0.33236965065193108 
0.33236906221262141 
0.33236847377505757 
0.33236788533923978 
0.33236729690516775 
0.33236670847284172 
0.3323661200422614 
0.33236553161342708 
0.33236494318633836 
0.33236435476099563 
0.33236376633739845 
0.33236317791554715 
0.33236258949544145 
0.33236200107708158 
0.3323614126604672 
0.3323608242455986 
0.33236023583247548 
0.33235964742109814 
0.33235905901146623 
0.33235847060357993 
0.33235788219743906 
0.3323572937930438 
0.33235670539039391 
0.33235611698948958 
0.33235552859033057 
0.33235494019291711 
0.33235435179724881 
0.33235376340332606 
0.33235317501114853 
0.33235258662071643 
0.33235199823202949 
0.33235140984508793 
0.33235082145989148 
0.33235023307644035 
0.33234964469473427 
0.33234905631477357 
0.33234846793655787 
0.33234787956008738 
0.33234729118536188 
0.3323467028123816 
0.3323461144411462 
0.33234552607165596 
0.33234493770391066 
0.33234434933791041 
0.33234376097365503 
0.33234317261114465 
0.3323425842503791 
0.3323419958913586 
0.33234140753408276 
0.33234081917855191 
0.33234023082476583 
0.33233964247272457 
0.33233905412242792 
0.33233846577387627 
0.33233787742706911 
0.33233728908200683 
0.33233670073868909 
0.33233611239711619 
0.33233552405728772 
0.33233493571920392 
0.33233434738286466 
0.33233375904827012 
0.33233317071541996 
0.3323325823843144 
0.33233199405495323 
0.3323314057273366 
0.33233081740146436 
0.33233022907733667 
0.33232964075495319 
0.33232905243431421 
0.3323284641154195 
0.33232787579826922 
0.33232728748286311 
0.33232669916920138 
0.33232611085728386 
0.33232552254711062 
0.33232493423868148 
0.33232434593199667 
0.33232375762705585 
0.3323231693238593 
0.3323225810224068 
0.33232199272269836 
0.3323214044247339 
0.33232081612851355 
0.33232022783403725 
0.33231963954130489 
0.33231905125031658 
0.3323184629610722 
0.33231787467357166 
0.3323172863878151 
0.33231669810380238 
0.33231610982153353 
0.33231552154100852 
0.33231493326222733 
0.33231434498518986 
0.33231375670989621 
0.33231316843634634 
0.33231258016454013 
0.33231199189447758 
0.33231140362615874 
0.33231081535958351 
0.33231022709475194 
0.33230963883166398 
0.33230905057031951 
0.33230846231071864 
0.33230787405286133 
0.33230728579674745 
0.33230669754237713 
0.33230610928975018 
0.33230552103886674 
0.33230493278972667 
0.33230434454232999 
0.33230375629667669 
0.33230316805276672 
0.33230257981060007 
0.33230199157017665 
0.3323014033314966 
0.33230081509455972 
0.33230022685936605 
0.33229963862591566 
0.33229905039420837 
0.3322984621642443 
0.33229787393602328 
0.33229728570954542 
0.33229669748481061 
0.33229610926181885 
0.33229552104057014 
0.33229493282106443 
0.33229434460330176 
0.33229375638728198 
0.33229316817300519 
0.33229257996047129 
0.33229199174968033 
0.33229140354063219 
0.33229081533332694 
0.3322902271277644 
0.33228963892394481 
0.33228905072186787 
0.33228846252153382 
0.33228787432294232 
0.33228728612609371 
0.3322866979309877 
0.33228610973762429 
0.33228552154600355 
0.33228493335612547 
0.33228434516798994 
0.33228375698159696 
0.33228316879694658 
0.3322825806140387 
0.33228199243287326 
0.33228140425345032 
0.33228081607576987 
0.3322802278998318 
0.33227963972563612 
0.33227905155318282 
0.33227846338247191 
0.33227787521350333 
0.33227728704627701 
0.33227669888079298 
0.33227611071705121 
0.33227552255505172 
0.33227493439479444 
0.33227434623627933 
0.33227375807950638 
0.33227316992447559 
0.33227258177118685 
0.33227199361964027 
0.33227140546983575 
0.33227081732177327 
0.33227022917545285 
0.33226964103087442 
0.33226905288803799 
0.33226846474694344 
0.33226787660759083 
0.33226728846998022 
0.33226670033411138 
0.33226611219998448 
0.33226552406759935 
0.33226493593695611 
0.33226434780805464 
0.33226375968089494 
0.33226317155547691 
0.33226258343180065 
0.33226199530986611 
0.33226140718967323 
0.33226081907122196 
0.3322602309545124 
0.3322596428395444 
0.33225905472631795 
0.3322584666148331 
0.33225787850508975 
0.3322572903970879 
0.3322567022908276 
0.33225611418630874 
0.33225552608353132 
0.33225493798249528 
0.33225434988320052 
0.33225376178564725 
0.3322531736898352 
0.33225258559576459 
0.3322519975034352 
0.33225140941284714 
0.33225082132400025 
0.33225023323689473 
0.33224964515153033 
0.33224905706790714 
0.332248468986025 
0.33224788090588414 
0.33224729282748428 
0.33224670475082563 
0.33224611667590787 
0.33224552860273132 
0.33224494053129566 
0.33224435246160106 
0.33224376439364739 
0.33224317632743472 
0.33224258826296288 
0.33224200020023209 
0.33224141213924202 
0.33224082407999295 
0.33224023602248459 
0.33223964796671712 
0.33223905991269032 
0.33223847186040445 
0.33223788380985914 
0.33223729576105471 
0.33223670771399078 
0.33223611966866767 
0.33223553162508507 
0.33223494358324324 
0.33223435554314185 
0.33223376750478112 
0.33223317946816094 
0.33223259143328132 
0.33223200340014208 
0.33223141536874345 
0.3322308273390851 
0.33223023931116741 
0.33222965128498994 
0.33222906326055296 
0.33222847523785626 
0.3322278872169 
0.3322272991976839 
0.3322267111802083 
0.33222612316447275 
0.33222553515047759 
0.33222494713822254 
0.33222435912770781 
0.33222377111893314 
0.33222318311189875 
0.33222259510660435 
0.33222200710305017 
0.33222141910123593 
0.33222083110116191 
0.33222024310282777 
0.33221965510623375 
0.33221906711137966 
0.33221847911826563 
0.33221789112689132 
0.33221730313725717 
0.33221671514936274 
0.33221612716320831 
0.3322155391787936 
0.33221495119611877 
0.33221436321518372 
0.3322137752359885 
0.33221318725853288 
0.33221259928281716 
0.33221201130884098 
0.33221142333660469 
0.33221083536610785 
0.33221024739735083 
0.33220965943033326 
0.33220907146505546 
0.33220848350151705 
0.33220789553971825 
0.33220730757965888 
0.33220671962133919 
0.33220613166475876 
0.33220554370991795 
0.33220495575681641 
0.33220436780545443 
0.33220377985583166 
0.33220319190794845 
0.33220260396180434 
0.33220201601739968 
0.33220142807473424 
0.33220084013380813 
0.33220025219462113 
0.33219966425717345 
0.33219907632146489 
0.33219848838749561 
0.33219790045526537 
0.3321973125247743 
0.33219672459602223 
0.33219613666900938 
0.33219554874373541 
0.33219496082020061 
0.3321943728984047 
0.33219378497834784 
0.33219319706002992 
0.33219260914345095 
0.3321920212286108 
0.33219143331550965 
0.33219084540414728 
0.3321902574945238 
0.33218966958663904 
0.33218908168049321 
0.33218849377608606 
0.33218790587341768 
0.33218731797248796 
0.33218673007329691 
0.33218614217584452 
0.3321855542801308 
0.33218496638615574 
0.33218437849391924 
0.33218379060342135 
0.33218320271466201 
0.33218261482764116 
0.33218202694235882 
0.33218143905881503 
0.33218085117700968 
0.33218026329694278 
0.33217967541861426 
0.33217908754202413 
0.33217849966717239 
0.33217791179405898 
0.33217732392268395 
0.33217673605304715 
0.33217614818514862 
0.33217556031898837 
0.33217497245456634 
0.33217438459188248 
0.33217379673093683 
0.33217320887172941 
0.33217262101426004 
0.33217203315852883 
0.33217144530453563 
0.33217085745228053 
0.33217026960176349 
0.33216968175298445 
0.3321690939059434 
0.3321685060606403 
0.3321679182170752 
0.33216733037524798 
0.33216674253515871 
0.33216615469680727 
0.33216556686019372 
0.332164979025318 
0.33216439119218005 
0.33216380336077989 
0.33216321553111749 
0.33216262770319283 
0.33216203987700588 
0.33216145205255659 
0.33216086422984503 
0.33216027640887108 
0.33215968858963474 
0.33215910077213601 
0.33215851295637483 
0.33215792514235126 
0.33215733733006514 
0.33215674951951657 
0.3321561617107055 
0.33215557390363182 
0.33215498609829558 
0.33215439829469678 
0.33215381049283532 
0.33215322269271125 
0.33215263489432456 
0.3321520470976751 
0.33215145930276296 
0.33215087150958816 
0.33215028371815047 
0.33214969592845012 
0.33214910814048693 
0.3321485203542609 
0.33214793256977204 
0.33214734478702024 
0.33214675700600566 
0.33214616922672802 
0.33214558144918754 
0.33214499367338407 
0.3321444058993176 
0.33214381812698812 
0.33214323035639565 
0.33214264258754 
0.33214205482042142 
0.33214146705503961 
0.33214087929139469 
0.33214029152948665 
0.33213970376931545 
0.33213911601088103 
0.33213852825418338 
0.33213794049922246 
0.33213735274599832 
0.33213676499451078 
0.33213617724476002 
0.33213558949674593 
0.33213500175046839 
0.33213441400592753 
0.33213382626312321 
0.33213323852205545 
0.3321326507827243 
0.3321320630451296 
0.33213147530927145 
0.33213088757514975 
0.33213029984276449 
0.33212971211211567 
0.33212912438320319 
0.33212853665602721 
0.33212794893058745 
0.33212736120688413 
0.33212677348491704 
0.33212618576468622 
0.33212559804619174 
0.33212501032943348 
0.33212442261441139 
0.33212383490112551 
0.33212324718957581 
0.33212265947976222 
0.33212207177168479 
0.33212148406534342 
0.33212089636073816 
0.33212030865786896 
0.33211972095673575 
0.33211913325733855 
0.33211854555967735 
0.33211795786375203 
0.33211737016956272 
0.33211678247710918 
0.33211619478639165 
0.33211560709740984 
0.33211501941016397 
0.33211443172465388 
0.33211384404087962 
0.33211325635884109 
0.33211266867853834 
0.33211208099997125 
0.33211149332313994 
0.33211090564804424 
0.33211031797468427 
0.33210973030305979 
0.33210914263317104 
0.33210855496501779 
0.3321079672986002 
0.33210737963391801 
0.33210679197097148 
0.33210620430976029 
0.33210561665028471 
0.33210502899254446 
0.33210444133653971 
0.33210385368227024 
0.33210326602973628 
0.33210267837893753 
0.33210209072987423 
0.3321015030825461 
0.33210091543695336 
0.33210032779309578 
0.33209974015097354 
0.33209915251058642 
0.33209856487193457 
0.33209797723501777 
0.3320973895998362 
0.33209680196638963 
0.33209621433467829 
0.33209562670470183 
0.33209503907646065 
0.33209445144995431 
0.33209386382518308 
0.33209327620214668 
0.3320926885808454 
0.33209210096127889 
0.33209151334344744 
0.33209092572735066 
0.33209033811298899 
0.33208975050036194 
0.33208916288946988 
0.33208857528031244 
0.33208798767288988 
0.33208740006720194 
0.33208681246324884 
0.33208622486103029 
0.33208563726054657 
0.33208504966179742 
0.33208446206478293 
0.33208387446950294 
0.33208328687595762 
0.3320826992841468 
0.33208211169407054 
0.33208152410572872 
0.33208093651912152 
0.33208034893424859 
0.33207976135111028 
0.33207917376970619 
0.33207858619003666 
0.33207799861210135 
0.33207741103590055 
0.33207682346143391 
0.33207623588870172 
0.33207564831770364 
0.33207506074843995 
0.33207447318091038 
0.33207388561511508 
0.33207329805105384 
0.33207271048872689 
0.33207212292813398 
0.33207153536927525 
0.33207094781215052 
0.33207036025675996 
0.33206977270310328 
0.33206918515118078 
0.33206859760099217 
0.33206801005253761 
0.33206742250581683 
0.33206683496083012 
0.33206624741757718 
0.33206565987605824 
0.33206507233627308 
0.33206448479822182 
0.33206389726190427 
0.33206330972732057 
0.33206272219447058 
0.33206213466335438 
0.33206154713397179 
0.33206095960632298 
0.33206037208040778 
0.33205978455622626 
0.33205919703377823 
0.33205860951306398 
0.33205802199408313 
0.33205743447683594 
0.33205684696132226 
0.33205625944754208 
0.33205567193549529 
0.33205508442518206 
0.33205449691660216 
0.33205390940975577 
0.33205332190464265 
0.33205273440126298 
0.3320521468996166 
0.33205155939970354 
0.33205097190152372 
0.33205038440507728 
0.33204979691036396 
0.33204920941738397 
0.33204862192613704 
0.33204803443662345 
0.33204744694884286 
0.33204685946279539 
0.33204627197848102 
0.33204568449589972 
0.33204509701505147 
0.33204450953593623 
0.3320439220585541 
0.33204333458290486 
0.33204274710898862 
0.33204215963680528 
0.33204157216635488 
0.33204098469763738 
0.33204039723065271 
0.33203980976540087 
0.33203922230188188 
0.33203863484009571 
0.33203804738004233 
0.33203745992172168 
0.33203687246513369 
0.33203628501027849 
0.3320356975571559 
0.33203511010576603 
0.33203452265610872 
0.33203393520818408 
0.332033347761992 
0.33203276031753248 
0.33203217287480558 
0.33203158543381112 
0.33203099799454916 
0.33203041055701965 
0.33202982312122259 
0.33202923568715798 
0.33202864825482575 
0.33202806082422587 
0.33202747339535843 
0.33202688596822322 
0.3320262985428204 
0.3320257111191498 
0.33202512369721149 
0.3320245362770054 
0.33202394885853148 
0.33202336144178979 
0.33202277402678032 
0.33202218661350291 
0.33202159920195767 
0.33202101179214449 
0.33202042438406343 
0.33201983697771437 
0.33201924957309731 
0.33201866217021231 
0.33201807476905926 
0.33201748736963821 
0.33201689997194905 
0.33201631257599179 
0.33201572518176642 
0.33201513778927294 
0.33201455039851124 
0.33201396300948138 
0.33201337562218336 
0.33201278823661706 
0.33201220085278255 
0.3320116134706797 
0.33201102609030858 
0.33201043871166913 
0.3320098513347613 
0.33200926395958513 
0.33200867658614053 
0.33200808921442759 
0.33200750184444611 
0.33200691447619624 
0.33200632710967787 
0.33200573974489095 
0.33200515238183548 
0.33200456502051151 
0.33200397766091888 
0.3320033903030577 
0.33200280294692791 
0.3320022155925294 
0.33200162823986229 
0.3320010408889264 
0.33200045353972185 
0.33199986619224853 
0.33199927884650643 
0.33199869150249561 
0.33199810416021586 
0.33199751681966733 
0.33199692948084991 
0.33199634214376361 
0.33199575480840843 
0.3319951674747843 
0.33199458014289124 
0.33199399281272918 
0.33199340548429807 
0.33199281815759796 
0.3319922308326288 
0.33199164350939053 
0.33199105618788322 
0.33199046886810679 
0.33198988155006121 
0.3319892942337464 
0.33198870691916244 
0.33198811960630931 
0.3319875322951869 
0.33198694498579523 
0.33198635767813423 
0.331985770372204 
0.3319851830680044 
0.33198459576553546 
0.33198400846479714 
0.33198342116578944 
0.33198283386851224 
0.33198224657296566 
0.33198165927914958 
0.331981071987064 
0.33198048469670893 
0.33197989740808431 
0.33197931012119014 
0.33197872283602631 
0.33197813555259292 
0.33197754827088993 
0.33197696099091728 
0.33197637371267491 
0.33197578643616282 
0.33197519916138096 
0.3319746118883295 
0.33197402461700798 
0.33197343734741691 
0.33197285007955579 
0.33197226281342501 
0.33197167554902424 
0.33197108828635369 
0.33197050102541309 
0.33196991376620266 
0.33196932650872218 
0.33196873925297182 
0.33196815199895136 
0.33196756474666095 
0.33196697749610032 
0.33196639024726982 
0.33196580300016909 
0.33196521575479832 
0.33196462851115727 
0.33196404126924622 
0.33196345402906474 
0.33196286679061332 
0.3319622795538914 
0.33196169231889938 
0.33196110508563698 
0.33196051785410435 
0.33195993062430129 
0.33195934339622796 
0.33195875616988418 
0.33195816894527008 
0.33195758172238543 
0.33195699450123045 
0.33195640728180481 
0.33195582006410884 
0.33195523284814221 
0.33195464563390525 
0.33195405842139752 
0.3319534712106193 
0.33195288400157036 
0.33195229679425092 
0.33195170958866066 
0.3319511223847999 
0.3319505351826682 
0.33194994798226601 
0.33194936078359288 
0.33194877358664909 
0.33194818639143436 
0.33194759919794897 
0.33194701200619259 
0.33194642481616543 
0.33194583762786728 
0.3319452504412983 
0.33194466325645827 
0.33194407607334742 
0.3319434888919654 
0.3319429017123125 
0.33194231453438849 
0.33194172735819349 
0.33194114018372733 
0.33194055301099024 
0.33193996583998175 
0.33193937867070233 
0.33193879150315159 
0.33193820433732973 
0.33193761717323655 
0.33193703001087227 
0.3319364428502366 
0.33193585569132972 
0.3319352685341514 
0.33193468137870186 
0.33193409422498082 
0.33193350707298852 
0.33193291992272478 
0.3319323327741896 
0.33193174562738292 
0.33193115848230487 
0.33193057133895515 
0.33192998419733405 
0.33192939705744129 
0.33192880991927709 
0.33192822278284112 
0.33192763564813366 
0.33192704851515442 
0.33192646138390369 
0.33192587425438114 
0.33192528712658698 
0.33192470000052099 
0.33192411287618329 
0.3319235257535737 
0.33192293863269245 
