0.1195136440846354 
0.1195136440846354 
0.1195136440846354 
0.1195136440846354 
0.1195136440846354 
0.1195136440846354 
0.1195136440846354 
0.1195136440846354 
0.1195136440846354 
0.1195136440846354 
0.1195136440846354 
0.1195136440846354 
0.1195136440846354 
0.1195136440846354 
0.1195136440846354 
0.1195136440846354 
0.1195136440846354 
0.1195136440846354 
0.1195136440846354 
0.1195136440846354 
0.1195136440846354 
0.1195136440846354 
0.1195136440846354 
0.1195136440846354 
0.1195136440846354 
0.1195136440846354 
0.1195136440846354 
0.1195136440846354 
0.1195136440846354 
0.1195136440846354 
0.1195136440846354 
0.1195136440846354 
0.1195136440846354 
0.11260825532658522 
0.097037642108514774 
0.082772960856349678 
0.069790903238671417 
0.058068313229028751 
0.047582187105933718 
0.038309673452863874 
0.030228073158261759 
0.023314839415534847 
0.017547577723055804 
0.012904045884161702 
0.0093621540071548888 
0.0068999645053026753 
0.0054956920968373246 
0.0051277038049560332 
0.0051277038049560332 
0.0051277038049560332 
0.0051277038049560332 
0.0051277038049560332 
0.0051277038049560332 
0.0051277038049560332 
0.0051277038049560332 
0.0051277038049560332 
0.0051277038049560332 
0.0051277038049560332 
0.0051251492023631981 
0.0051251492023631981 
0.0051251492023631981 
0.0051251492023631981 
0.0051251492023631981 
0.0051251492023631981 
0.0051251492023631981 
0.0051251492023631981 
0.0051251492023631981 
0.0051251492023631981 
0.0051251492023631981 
0.0051251492023631981 
0.0051251492023631981 
0.0051251492023631981 
0.0051251492023631981 
0.0051251492023631981 
0.0051251492023631981 
0.0051251492023631981 
0.005121891237671 
0.005121891237671 
0.005121891237671 
0.005121891237671 
0.005121891237671 
0.005121891237671 
0.005121891237671 
0.005121891237671 
0.005121891237671 
0.005121891237671 
0.005121891237671 
0.005121891237671 
0.0051198715293769405 
0.0051198715293769405 
0.0051198715293769405 
0.0051198715293769405 
0.0051198715293769405 
0.0049491430342962573 
0.0048794454447642476 
0.0048794454447642476 
0.0046152599077777159 
0.0045564623654017356 
0.0045564623654017356 
0.0045564623654017356 
0.0045564623654017356 
0.004267265237859065 
0.004267265237859065 
0.004267265237859065 
0.004267265237859065 
0.004245331901970799 
0.004245331901970799 
0.0042385506153843075 
0.0041203586914168424 
0.0041170571637818634 
0.0041170571637818634 
0.0041170571637818634 
0.0041170571637818634 
0.0040783737263144128 
0.0040783737263144128 
0.0040783737263144128 
0.004031551827075229 
0.004031551827075229 
0.004031551827075229 
0.004031551827075229 
0.004031551827075229 
0.0039887275864722285 
0.0039887275864722285 
0.0039887275864722285 
0.0039110648771017867 
0.0038449139713184325 
0.0038449139713184325 
0.0038449139713184325 
0.0038384128522216316 
0.0038384128522216316 
0.0038384128522216316 
0.0038384128522216316 
0.0037930131414400637 
0.0037930131414400637 
0.0037930131414400637 
0.0037930131414400637 
0.003709313691214034 
0.003709313691214034 
0.003709313691214034 
0.003709313691214034 
0.003709313691214034 
0.003709313691214034 
0.003709313691214034 
0.003707637780001191 
0.003707637780001191 
0.003707637780001191 
0.003707637780001191 
0.003707637780001191 
0.003707637780001191 
0.003707637780001191 
0.0036811510085194669 
0.0036811510085194669 
0.0036811510085194669 
0.0036811510085194669 
0.0036811510085194669 
0.0036811510085194669 
0.0036811510085194669 
0.0036800449974160707 
0.0036800449974160707 
0.0036800449974160707 
0.0036800449974160707 
0.0036643103508486249 
0.0036643103508486249 
0.0036643103508486249 
0.0036643103508486249 
0.0036643103508486249 
0.0036643103508486249 
0.0036643103508486249 
0.0036643103508486249 
0.0035745718855373669 
0.0035745718855373669 
0.0035745718855373669 
0.0034743896740609646 
0.0034743896740609646 
0.0034743896740609646 
0.0034743896740609646 
0.0032042740853094561 
0.0032042740853094561 
0.0032042740853094561 
0.0032042740853094561 
0.0031254284024680849 
0.0031254284024680849 
0.0031254284024680849 
0.0030833486854225226 
0.0030833486854225226 
0.0030833486854225226 
0.0030833486854225226 
0.0030833486854225226 
0.0030833486854225226 
0.0030833486854225226 
0.0030833486854225226 
0.0030833486854225226 
0.0030833486854225226 
0.0030833486854225226 
0.0030833486854225226 
0.0030026038152983175 
0.0030026038152983175 
0.0030026038152983175 
0.0030026038152983175 
0.0030026038152983175 
0.0030026038152983175 
0.0029603681976775021 
0.0029603681976775021 
0.0029603681976775021 
0.0029603681976775021 
0.0029303224000650787 
0.0029303224000650787 
0.0029303224000650787 
0.0029303224000650787 
0.0029303224000650787 
0.0029036253792592182 
0.0029036253792592182 
0.002854280693254458 
0.002854280693254458 
0.002854280693254458 
0.002854280693254458 
0.002854280693254458 
0.002854280693254458 
0.002854280693254458 
0.002854280693254458 
0.002854280693254458 
0.0028517414786227869 
0.0028517414786227869 
0.0028329814210607479 
0.0028329814210607479 
0.0028302195732314607 
0.0028302195732314607 
0.0028302195732314607 
0.0028302195732314607 
0.0028293518734922342 
0.0028293518734922342 
0.0028293518734922342 
0.0028293518734922342 
0.0027739558107164573 
0.0025565471874046523 
0.0024514363329554401 
0.0024490400882323311 
0.0022768284686802034 
0.0021564737387805362 
0.0018477755902552085 
0.0016053211645099023 
0.0014265980370934057 
0.0014265980370934057 
0.0014265980370934057 
0.0014265980370934057 
0.0013298652941547478 
0.0011527401180763939 
0.0010429156031358947 
0.0010008751990400594 
0.0010008751990400594 
0.0010008751990400594 
0.0010008751990400594 
0.0010008751990400594 
0.0010008751990400594 
0.00094282023127567529 
0.00094282023127567529 
0.0008604424047340502 
0.00075892839875772548 
0.00066366283326704638 
0.00057466799263905283 
0.00049199058544365816 
0.00041570174444365346 
0.00034291622347452444 
0.00021942290531949153 
0.00013249148032608356 
8.5631950137611255e-05 
6.2341917989195677e-05 
1.8153599171506339e-05 
1.7410874738829585e-06 
1.7410874738829585e-06 
1.7410874738829585e-06 
1.7410874738829585e-06 
1.7410874738829585e-06 
1.7410874738829585e-06 
1.7410874738829585e-06 
7.3375235801663969e-08 
7.3375235801663969e-08 
7.3375235801663969e-08 
7.3375235801663969e-08 
7.3375235801663969e-08 
7.3375235801663969e-08 
7.3375235801663969e-08 
7.3375235801663969e-08 
7.3375235801663969e-08 
7.3375235801663969e-08 
7.3375235801663969e-08 
1.5498467906912837e-08 
1.5498467906912837e-08 
1.5498467906912837e-08 
1.5498467906912837e-08 
1.5498467906912837e-08 
1.5498467906912837e-08 
1.5498467906912837e-08 
1.5498467906912837e-08 
1.5498467906912837e-08 
1.5498467906912837e-08 
1.5498467906912837e-08 
1.5498467906912837e-08 
1.5498467906912837e-08 
1.5498467906912837e-08 
1.5498467906912837e-08 
1.5498467906912837e-08 
1.5498467906912837e-08 
1.5498467906912837e-08 
1.5498467906912837e-08 
1.5498467906912837e-08 
1.5498467906912837e-08 
1.5498467906912837e-08 
1.5498467906912837e-08 
1.5498467906912837e-08 
1.5498467906912837e-08 
1.5498467906912837e-08 
1.5498467906912837e-08 
1.5498467906912837e-08 
1.5498467906912837e-08 
1.5498467906912837e-08 
1.5498467906912837e-08 
1.5498467906912837e-08 
1.5498467906912837e-08 
1.5498467906912837e-08 
1.5498467906912837e-08 
1.5498467906912837e-08 
1.5498467906912837e-08 
1.5498467906912837e-08 
1.5498467906912837e-08 
1.5498467906912837e-08 
1.5498467906912837e-08 
1.5498467906912837e-08 
1.5498467906912837e-08 
1.5498467906912837e-08 
1.5498467906912837e-08 
1.5498467906912837e-08 
1.5498467906912837e-08 
1.5498467906912837e-08 
1.5498467906912837e-08 
1.5498467906912837e-08 
1.5498467906912837e-08 
1.5498467906912837e-08 
1.5498467906912837e-08 
1.5498467906912837e-08 
1.5498467906912837e-08 
1.5498467906912837e-08 
1.5498467906912837e-08 
1.5498467906912837e-08 
1.5498467906912837e-08 
1.5498467906912837e-08 
1.5498467906912837e-08 
1.5498467906912837e-08 
1.5498467906912837e-08 
1.5498467906912837e-08 
1.5498467906912837e-08 
1.5498467906912837e-08 
1.5498467906912837e-08 
1.5498467906912837e-08 
1.5498467906912837e-08 
1.5498467906912837e-08 
1.5498467906912837e-08 
1.5498467906912837e-08 
1.5498467906912837e-08 
1.5498467906912837e-08 
1.5498467906912837e-08 
1.5498467906912837e-08 
1.5498467906912837e-08 
1.5498467906912837e-08 
1.5498467906912837e-08 
1.5498467906912837e-08 
1.5498467906912837e-08 
1.5498467906912837e-08 
1.5498467906912837e-08 
1.5498467906912837e-08 
1.5498467906912837e-08 
1.5498467906912837e-08 
1.5498467906912837e-08 
1.5498467906912837e-08 
1.5498467906912837e-08 
1.5498467906912837e-08 
1.5498467906912837e-08 
1.4604733505385315e-08 
1.4604733505385315e-08 
1.4604733505385315e-08 
1.4604733505385315e-08 
1.4604733505385315e-08 
1.4604733505385315e-08 
1.4604733505385315e-08 
1.4604733505385315e-08 
1.4604733505385315e-08 
1.4604733505385315e-08 
1.4604733505385315e-08 
1.4604733505385315e-08 
1.4604733505385315e-08 
1.4604733505385315e-08 
1.4604733505385315e-08 
1.4604733505385315e-08 
1.4604733505385315e-08 
1.4604733505385315e-08 
1.4604733505385315e-08 
1.4604733505385315e-08 
1.4604733505385315e-08 
1.4604733505385315e-08 
1.4604733505385315e-08 
1.4604733505385315e-08 
1.4604733505385315e-08 
1.4604733505385315e-08 
1.4604733505385315e-08 
1.4604733505385315e-08 
1.4604733505385315e-08 
1.4604733505385315e-08 
1.4604733505385315e-08 
1.4604733505385315e-08 
1.4604733505385315e-08 
1.4604733505385315e-08 
1.4604733505385315e-08 
1.4604733505385315e-08 
1.4604733505385315e-08 
1.4604733505385315e-08 
1.4604733505385315e-08 
1.4604733505385315e-08 
1.4604733505385315e-08 
1.4604733505385315e-08 
1.4604733505385315e-08 
1.4604733505385315e-08 
1.4604733505385315e-08 
1.4604733505385315e-08 
1.4604733505385315e-08 
1.4604733505385315e-08 
1.4604733505385315e-08 
1.4604733505385315e-08 
1.4604733505385315e-08 
1.4604733505385315e-08 
1.4604733505385315e-08 
1.4604733505385315e-08 
1.4604733505385315e-08 
1.4604733505385315e-08 
1.4604733505385315e-08 
1.3490034633480828e-08 
1.3490034633480828e-08 
1.3490034633480828e-08 
1.3490034633480828e-08 
1.3490034633480828e-08 
1.3490034633480828e-08 
1.3490034633480828e-08 
1.3490034633480828e-08 
1.3490034633480828e-08 
1.3490034633480828e-08 
1.3490034633480828e-08 
1.3490034633480828e-08 
1.3490034633480828e-08 
1.3490034633480828e-08 
1.3490034633480828e-08 
1.3490034633480828e-08 
1.3490034633480828e-08 
1.3490034633480828e-08 
1.3490034633480828e-08 
1.3490034633480828e-08 
1.3490034633480828e-08 
1.3490034633480828e-08 
1.3490034633480828e-08 
1.3490034633480828e-08 
1.3490034633480828e-08 
1.3490034633480828e-08 
1.3490034633480828e-08 
1.3490034633480828e-08 
1.3490034633480828e-08 
1.3490034633480828e-08 
1.3490034633480828e-08 
1.3490034633480828e-08 
1.3490034633480828e-08 
1.3490034633480828e-08 
1.3490034633480828e-08 
1.3490034633480828e-08 
1.3490034633480828e-08 
1.3490034633480828e-08 
1.3490034633480828e-08 
1.3490034633480828e-08 
1.3490034633480828e-08 
1.3490034633480828e-08 
1.3490034633480828e-08 
1.3490034633480828e-08 
1.3490034633480828e-08 
1.3490034633480828e-08 
1.3490034633480828e-08 
1.3490034633480828e-08 
1.3490034633480828e-08 
1.3490034633480828e-08 
1.3490034633480828e-08 
1.3490034633480828e-08 
1.3490034633480828e-08 
1.3490034633480828e-08 
1.3490034633480828e-08 
1.3490034633480828e-08 
1.3490034633480828e-08 
1.3490034633480828e-08 
1.3490034633480828e-08 
1.3490034633480828e-08 
1.3490034633480828e-08 
1.3490034633480828e-08 
1.3490034633480828e-08 
1.3490034633480828e-08 
1.3490034633480828e-08 
1.3490034633480828e-08 
1.3490034633480828e-08 
1.3490034633480828e-08 
1.3490034633480828e-08 
1.3490034633480828e-08 
1.3490034633480828e-08 
1.3490034633480828e-08 
1.3490034633480828e-08 
1.3490034633480828e-08 
1.3490034633480828e-08 
1.3490034633480828e-08 
1.3490034633480828e-08 
1.3490034633480828e-08 
1.3490034633480828e-08 
1.3490034633480828e-08 
1.3490034633480828e-08 
1.3490034633480828e-08 
1.3490034633480828e-08 
1.3490034633480828e-08 
1.3490034633480828e-08 
1.3490034633480828e-08 
1.3490034633480828e-08 
1.3490034633480828e-08 
1.3490034633480828e-08 
1.3490034633480828e-08 
1.3490034633480828e-08 
1.3490034633480828e-08 
1.3490034633480828e-08 
1.3490034633480828e-08 
1.3490034633480828e-08 
1.3490034633480828e-08 
1.3490034633480828e-08 
1.3490034633480828e-08 
1.3490034633480828e-08 
1.3490034633480828e-08 
1.3490034633480828e-08 
1.3490034633480828e-08 
1.3490034633480828e-08 
1.3490034633480828e-08 
1.3490034633480828e-08 
1.3490034633480828e-08 
1.3490034633480828e-08 
1.3490034633480828e-08 
1.3490034633480828e-08 
1.3490034633480828e-08 
1.3490034633480828e-08 
1.3490034633480828e-08 
1.3490034633480828e-08 
1.3490034633480828e-08 
1.3490034633480828e-08 
1.3490034633480828e-08 
1.3490034633480828e-08 
1.3490034633480828e-08 
1.3490034633480828e-08 
1.3490034633480828e-08 
1.3490034633480828e-08 
1.3490034633480828e-08 
1.3490034633480828e-08 
1.3490034633480828e-08 
1.3490034633480828e-08 
1.3490034633480828e-08 
1.3490034633480828e-08 
1.3490034633480828e-08 
1.3490034633480828e-08 
1.3490034633480828e-08 
1.3490034633480828e-08 
1.3490034633480828e-08 
1.3490034633480828e-08 
1.3490034633480828e-08 
1.3490034633480828e-08 
1.3490034633480828e-08 
1.3490034633480828e-08 
1.3490034633480828e-08 
1.3490034633480828e-08 
1.3490034633480828e-08 
1.3490034633480828e-08 
1.3490034633480828e-08 
1.3490034633480828e-08 
1.3490034633480828e-08 
1.3490034633480828e-08 
1.3490034633480828e-08 
1.3490034633480828e-08 
1.3490034633480828e-08 
1.3490034633480828e-08 
1.3490034633480828e-08 
1.3490034633480828e-08 
1.3490034633480828e-08 
1.3490034633480828e-08 
1.3490034633480828e-08 
1.3490034633480828e-08 
1.3490034633480828e-08 
1.3490034633480828e-08 
1.3490034633480828e-08 
1.3490034633480828e-08 
1.3490034633480828e-08 
1.3490034633480828e-08 
1.3490034633480828e-08 
1.3490034633480828e-08 
1.3490034633480828e-08 
1.3490034633480828e-08 
1.3490034633480828e-08 
1.3490034633480828e-08 
1.3490034633480828e-08 
1.3490034633480828e-08 
1.3490034633480828e-08 
1.3490034633480828e-08 
1.3490034633480828e-08 
1.3490034633480828e-08 
1.3490034633480828e-08 
1.3490034633480828e-08 
1.3490034633480828e-08 
1.3490034633480828e-08 
1.3490034633480828e-08 
1.3490034633480828e-08 
1.3490034633480828e-08 
1.3490034633480828e-08 
1.3490034633480828e-08 
1.3490034633480828e-08 
1.3490034633480828e-08 
1.3490034633480828e-08 
1.3490034633480828e-08 
1.3490034633480828e-08 
1.3490034633480828e-08 
1.3490034633480828e-08 
1.3490034633480828e-08 
1.3490034633480828e-08 
1.3490034633480828e-08 
1.3490034633480828e-08 
1.3490034633480828e-08 
1.3490034633480828e-08 
1.3490034633480828e-08 
1.3490034633480828e-08 
1.3490034633480828e-08 
1.3490034633480828e-08 
1.3490034633480828e-08 
1.3490034633480828e-08 
1.3490034633480828e-08 
1.3490034633480828e-08 
1.3490034633480828e-08 
1.3490034633480828e-08 
1.3490034633480828e-08 
1.3490034633480828e-08 
1.3490034633480828e-08 
1.3490034633480828e-08 
1.3490034633480828e-08 
1.3490034633480828e-08 
1.3490034633480828e-08 
1.3490034633480828e-08 
1.3490034633480828e-08 
1.3490034633480828e-08 
1.3490034633480828e-08 
1.3490034633480828e-08 
1.3490034633480828e-08 
1.3490034633480828e-08 
1.3490034633480828e-08 
1.3490034633480828e-08 
1.3490034633480828e-08 
1.3490034633480828e-08 
1.3490034633480828e-08 
1.3490034633480828e-08 
1.3490034633480828e-08 
1.3490034633480828e-08 
1.3490034633480828e-08 
1.3490034633480828e-08 
1.3490034633480828e-08 
1.3490034633480828e-08 
1.3490034633480828e-08 
1.3490034633480828e-08 
1.3490034633480828e-08 
1.3490034633480828e-08 
1.3490034633480828e-08 
1.3490034633480828e-08 
1.3490034633480828e-08 
1.3490034633480828e-08 
1.3490034633480828e-08 
1.3490034633480828e-08 
1.3490034633480828e-08 
1.3490034633480828e-08 
1.3490034633480828e-08 
1.3490034633480828e-08 
1.3490034633480828e-08 
1.3490034633480828e-08 
1.3490034633480828e-08 
1.3490034633480828e-08 
1.3490034633480828e-08 
1.3490034633480828e-08 
1.3490034633480828e-08 
1.3490034633480828e-08 
1.3490034633480828e-08 
1.3490034633480828e-08 
1.3490034633480828e-08 
1.3490034633480828e-08 
1.3490034633480828e-08 
1.3490034633480828e-08 
1.3490034633480828e-08 
1.3490034633480828e-08 
1.3490034633480828e-08 
1.3490034633480828e-08 
1.3490034633480828e-08 
1.3490034633480828e-08 
1.3490034633480828e-08 
1.3490034633480828e-08 
1.3490034633480828e-08 
1.3490034633480828e-08 
1.3490034633480828e-08 
1.3490034633480828e-08 
1.3490034633480828e-08 
1.3490034633480828e-08 
1.3490034633480828e-08 
1.3490034633480828e-08 
1.3490034633480828e-08 
1.3490034633480828e-08 
1.3490034633480828e-08 
1.3490034633480828e-08 
1.3490034633480828e-08 
1.3490034633480828e-08 
1.3490034633480828e-08 
1.3490034633480828e-08 
1.3490034633480828e-08 
1.3490034633480828e-08 
1.3490034633480828e-08 
1.3490034633480828e-08 
1.3490034633480828e-08 
1.3490034633480828e-08 
1.3490034633480828e-08 
1.3490034633480828e-08 
1.3490034633480828e-08 
1.3490034633480828e-08 
1.3490034633480828e-08 
1.3490034633480828e-08 
1.3490034633480828e-08 
1.3490034633480828e-08 
1.3490034633480828e-08 
1.3490034633480828e-08 
1.3490034633480828e-08 
1.3490034633480828e-08 
1.3490034633480828e-08 
1.3490034633480828e-08 
1.3490034633480828e-08 
1.3490034633480828e-08 
1.3490034633480828e-08 
1.3490034633480828e-08 
1.3490034633480828e-08 
1.3490034633480828e-08 
1.3490034633480828e-08 
1.3490034633480828e-08 
1.3490034633480828e-08 
1.3490034633480828e-08 
1.3490034633480828e-08 
1.3490034633480828e-08 
1.3490034633480828e-08 
1.3490034633480828e-08 
1.3490034633480828e-08 
1.3490034633480828e-08 
1.3490034633480828e-08 
1.3490034633480828e-08 
1.3490034633480828e-08 
1.3490034633480828e-08 
1.3490034633480828e-08 
1.3490034633480828e-08 
1.3490034633480828e-08 
1.3490034633480828e-08 
1.3490034633480828e-08 
1.3490034633480828e-08 
1.3490034633480828e-08 
1.3490034633480828e-08 
1.3490034633480828e-08 
1.3490034633480828e-08 
1.3490034633480828e-08 
1.3490034633480828e-08 
1.3490034633480828e-08 
1.3490034633480828e-08 
1.3490034633480828e-08 
1.3490034633480828e-08 
1.3490034633480828e-08 
1.3490034633480828e-08 
1.3490034633480828e-08 
1.3490034633480828e-08 
1.3490034633480828e-08 
1.3490034633480828e-08 
1.3490034633480828e-08 
1.3490034633480828e-08 
1.3490034633480828e-08 
1.3490034633480828e-08 
1.3490034633480828e-08 
1.3490034633480828e-08 
1.3490034633480828e-08 
1.3490034633480828e-08 
1.3490034633480828e-08 
1.3490034633480828e-08 
1.3490034633480828e-08 
1.3490034633480828e-08 
1.3490034633480828e-08 
1.3490034633480828e-08 
1.3490034633480828e-08 
1.3490034633480828e-08 
1.3490034633480828e-08 
1.3490034633480828e-08 
1.3490034633480828e-08 
1.3490034633480828e-08 
1.3490034633480828e-08 
1.3490034633480828e-08 
1.3490034633480828e-08 
1.3490034633480828e-08 
1.3490034633480828e-08 
1.3490034633480828e-08 
1.3490034633480828e-08 
1.3490034633480828e-08 
1.3490034633480828e-08 
1.3490034633480828e-08 
1.3490034633480828e-08 
1.3490034633480828e-08 
1.3490034633480828e-08 
1.3490034633480828e-08 
1.3490034633480828e-08 
1.3490034633480828e-08 
1.3490034633480828e-08 
1.3490034633480828e-08 
1.3490034633480828e-08 
1.3490034633480828e-08 
1.3490034633480828e-08 
1.3490034633480828e-08 
1.3490034633480828e-08 
1.3490034633480828e-08 
1.3490034633480828e-08 
1.3490034633480828e-08 
1.3490034633480828e-08 
1.3490034633480828e-08 
1.3490034633480828e-08 
1.3490034633480828e-08 
1.3490034633480828e-08 
1.3490034633480828e-08 
1.3490034633480828e-08 
1.3490034633480828e-08 
1.3490034633480828e-08 
1.3490034633480828e-08 
1.3490034633480828e-08 
1.3490034633480828e-08 
1.3490034633480828e-08 
1.3490034633480828e-08 
1.3490034633480828e-08 
1.3490034633480828e-08 
1.3490034633480828e-08 
1.3490034633480828e-08 
1.3490034633480828e-08 
1.3490034633480828e-08 
1.3490034633480828e-08 
1.3490034633480828e-08 
1.3490034633480828e-08 
1.3490034633480828e-08 
1.3490034633480828e-08 
1.3490034633480828e-08 
1.3490034633480828e-08 
1.3490034633480828e-08 
1.3490034633480828e-08 
1.3490034633480828e-08 
1.3490034633480828e-08 
1.3490034633480828e-08 
1.3490034633480828e-08 
1.3490034633480828e-08 
1.3490034633480828e-08 
1.3490034633480828e-08 
1.3490034633480828e-08 
1.3490034633480828e-08 
1.3490034633480828e-08 
1.3490034633480828e-08 
1.3490034633480828e-08 
1.3490034633480828e-08 
1.3490034633480828e-08 
1.3490034633480828e-08 
1.3490034633480828e-08 
1.3490034633480828e-08 
1.3490034633480828e-08 
1.3490034633480828e-08 
1.3490034633480828e-08 
1.3490034633480828e-08 
1.3490034633480828e-08 
1.3490034633480828e-08 
1.3490034633480828e-08 
1.3490034633480828e-08 
1.3490034633480828e-08 
1.3490034633480828e-08 
1.3490034633480828e-08 
1.3490034633480828e-08 
1.3490034633480828e-08 
1.3490034633480828e-08 
1.3490034633480828e-08 
1.3490034633480828e-08 
1.3490034633480828e-08 
1.3490034633480828e-08 
1.3490034633480828e-08 
1.3490034633480828e-08 
1.3490034633480828e-08 
1.3490034633480828e-08 
1.3490034633480828e-08 
1.3490034633480828e-08 
1.3490034633480828e-08 
1.3490034633480828e-08 
1.3490034633480828e-08 
1.3490034633480828e-08 
1.3490034633480828e-08 
1.3490034633480828e-08 
1.3490034633480828e-08 
1.3490034633480828e-08 
1.3490034633480828e-08 
1.3490034633480828e-08 
1.3490034633480828e-08 
1.3490034633480828e-08 
1.3490034633480828e-08 
1.3490034633480828e-08 
1.3490034633480828e-08 
1.3490034633480828e-08 
1.3490034633480828e-08 
1.3490034633480828e-08 
1.3490034633480828e-08 
1.3490034633480828e-08 
1.3490034633480828e-08 
1.3490034633480828e-08 
1.3490034633480828e-08 
1.3490034633480828e-08 
1.3490034633480828e-08 
1.3490034633480828e-08 
1.3490034633480828e-08 
1.3490034633480828e-08 
1.3490034633480828e-08 
1.3490034633480828e-08 
1.3490034633480828e-08 
1.3490034633480828e-08 
1.3490034633480828e-08 
1.3490034633480828e-08 
1.3490034633480828e-08 
1.3490034633480828e-08 
1.3490034633480828e-08 
1.3490034633480828e-08 
1.3490034633480828e-08 
1.3490034633480828e-08 
1.3490034633480828e-08 
1.3490034633480828e-08 
1.3490034633480828e-08 
1.3490034633480828e-08 
1.3490034633480828e-08 
1.3490034633480828e-08 
1.3490034633480828e-08 
1.3490034633480828e-08 
1.3490034633480828e-08 
1.3490034633480828e-08 
1.3490034633480828e-08 
1.3490034633480828e-08 
1.3490034633480828e-08 
1.3490034633480828e-08 
1.3490034633480828e-08 
1.3490034633480828e-08 
1.3490034633480828e-08 
1.3490034633480828e-08 
1.3490034633480828e-08 
1.3490034633480828e-08 
1.3490034633480828e-08 
1.3490034633480828e-08 
1.3490034633480828e-08 
1.3490034633480828e-08 
1.3490034633480828e-08 
1.3490034633480828e-08 
1.3490034633480828e-08 
1.3490034633480828e-08 
1.3490034633480828e-08 
1.3490034633480828e-08 
1.3490034633480828e-08 
1.3490034633480828e-08 
1.3490034633480828e-08 
1.3490034633480828e-08 
1.3490034633480828e-08 
1.3490034633480828e-08 
1.3490034633480828e-08 
1.3490034633480828e-08 
1.3490034633480828e-08 
1.3490034633480828e-08 
1.3490034633480828e-08 
1.3490034633480828e-08 
1.3490034633480828e-08 
1.3490034633480828e-08 
1.3490034633480828e-08 
1.3490034633480828e-08 
1.3490034633480828e-08 
1.3490034633480828e-08 
1.3490034633480828e-08 
1.3490034633480828e-08 
1.3490034633480828e-08 
1.3490034633480828e-08 
1.3490034633480828e-08 
1.3490034633480828e-08 
1.3490034633480828e-08 
1.3490034633480828e-08 
1.3490034633480828e-08 
1.3490034633480828e-08 
1.3490034633480828e-08 
1.3490034633480828e-08 
1.3490034633480828e-08 
1.3490034633480828e-08 
1.3490034633480828e-08 
1.3490034633480828e-08 
1.3490034633480828e-08 
