0.054221102291915291 
0.054220967104987416 
0.052675813154423053 
0.052675813154423053 
0.052675813154423053 
0.052675813154423053 
0.050784843438880872 
0.050784843438880872 
0.048591031806204332 
0.047186569575687787 
0.04661783071901493 
0.04661783071901493 
0.04661783071901493 
0.04661783071901493 
0.04661783071901493 
0.04661783071901493 
0.04661783071901493 
0.04661783071901493 
0.04661783071901493 
0.04661783071901493 
0.04661783071901493 
0.04661783071901493 
0.04661783071901493 
0.04661783071901493 
0.04661783071901493 
0.046617627975125329 
0.046617627975125329 
0.045240435051242756 
0.045240435051242756 
0.04461578296211538 
0.04461578296211538 
0.044463451223388482 
0.044184042177268693 
0.043665886384320632 
0.043665886384320632 
0.043261099676794063 
0.043032956610476084 
0.043032956610476084 
0.042850019681709005 
0.042616763015505738 
0.042399277445416501 
0.04166891918246151 
0.041294390320537465 
0.041244270414543031 
0.041244270414543031 
0.040844103091415819 
0.040601202215650056 
0.040601202215650056 
0.040528668232745577 
0.0402040747641021 
0.039929758445862211 
0.039698783803404067 
0.039505101132823447 
0.039343439687173208 
0.039209213110713695 
0.038777972518823707 
0.038079624202517891 
0.037446103701754677 
0.036871600270642589 
0.036350766892174723 
0.035878693267192369 
0.035450879329669574 
0.035063209159481468 
0.034711925318017631 
0.034319464313745669 
0.03370964128316329 
0.033151997340777818 
0.032641588998390245 
0.032174024772541936 
0.031745391144862821 
0.031352190113866432 
0.030991286309090954 
0.029771087824895758 
0.028887516068833254 
0.028828790692736604 
0.028590848283825035 
0.028261870171165101 
0.028137213012552606 
0.028137213012552606 
0.028137213012552606 
0.027888180419527724 
0.027428352015934479 
0.027014959464434662 
0.02664334329777859 
0.026309275346413682 
0.026008929480825709 
0.02573885179578982 
0.025415738892708244 
0.024720878445122777 
0.024049079735748189 
0.023441656230697862 
0.022891598071682721 
0.022235405413762739 
0.021396023548120251 
0.020769368203430678 
0.020322485657038925 
0.01949223873456167 
0.018750384324441104 
0.018085617431916421 
0.017488463654239617 
0.016125367700722551 
0.015239472305776658 
0.014992672642658404 
0.014166384046361268 
0.013295452212145347 
0.012559763226396695 
0.011772647801479038 
0.011264587500909319 
0.010520001206421586 
0.0092615607632914043 
0.008386409429144058 
0.0077651051841206879 
0.0070607975443749962 
0.0058456229259239339 
0.0044507203309438678 
0.0044507203309438678 
0.003712370814376917 
0.0030916843533219619 
0.0025971541784068708 
0.0021895034965132721 
0.0016947163180591723 
0.0013731722940797679 
0.0012554021364027993 
0.0010002861938734362 
0.00077297784703997993 
0.00062961932494554388 
0.00053520041211729894 
0.00052806110481357386 
0.00052806110481357386 
0.00052806110481357386 
0.00052806110481357386 
0.00050593068275747363 
0.00036039665158581305 
0.00025390362167693458 
0.00017965660899852963 
0.00011443967859354975 
4.5758316182863743e-05 
1.8645828022161557e-05 
2.5982291551020564e-06 
2.5982291551020564e-06 
2.5982291551020564e-06 
2.5982291551020564e-06 
2.5982291551020564e-06 
2.5982291551020564e-06 
2.5982291551020564e-06 
2.5982291551020564e-06 
2.5982291551020564e-06 
2.3640214003984123e-07 
2.3640214003984123e-07 
1.9996663752830129e-07 
1.9996663752830129e-07 
1.9996663752830129e-07 
8.0451698365752269e-08 
4.3883870351041677e-08 
4.3883870351041677e-08 
4.3883870351041677e-08 
4.3883870351041677e-08 
4.3883870351041677e-08 
4.3883870351041677e-08 
2.1380125827867709e-08 
3.1781645291062444e-09 
3.1781645291062444e-09 
3.1781645291062444e-09 
3.1781645291062444e-09 
3.1781645291062444e-09 
3.1781645291062444e-09 
3.1781645291062444e-09 
1.2527928850891497e-10 
1.2527928850891497e-10 
1.2527928850891497e-10 
1.2527928850891497e-10 
1.2527928850891497e-10 
1.2527928850891497e-10 
1.2527928850891497e-10 
1.2527928850891497e-10 
1.2527928850891497e-10 
1.2527928850891497e-10 
1.2527928850891497e-10 
1.2527928850891497e-10 
1.2527928850891497e-10 
1.2527928850891497e-10 
1.2527928850891497e-10 
1.2527928850891497e-10 
1.2527928850891497e-10 
1.2527928850891497e-10 
1.2527928850891497e-10 
1.2527928850891497e-10 
1.2527928850891497e-10 
1.2527928850891497e-10 
1.2527928850891497e-10 
1.2527928850891497e-10 
1.2527928850891497e-10 
1.2527928850891497e-10 
1.2527928850891497e-10 
1.2527928850891497e-10 
1.2527928850891497e-10 
1.2527928850891497e-10 
1.2527928850891497e-10 
1.2527928850891497e-10 
1.2527928850891497e-10 
1.2527928850891497e-10 
1.2527928850891497e-10 
1.2527928850891497e-10 
1.2527928850891497e-10 
1.2527928850891497e-10 
1.2527928850891497e-10 
1.2527928850891497e-10 
1.2527928850891497e-10 
1.2527928850891497e-10 
1.2527928850891497e-10 
1.2527928850891497e-10 
1.2527928850891497e-10 
1.2527928850891497e-10 
1.2527928850891497e-10 
1.2527928850891497e-10 
1.2527928850891497e-10 
1.2527928850891497e-10 
1.2527928850891497e-10 
1.2527928850891497e-10 
1.2527928850891497e-10 
1.2527928850891497e-10 
1.2527928850891497e-10 
1.2527928850891497e-10 
1.2527928850891497e-10 
1.2527928850891497e-10 
1.2527928850891497e-10 
1.2527928850891497e-10 
8.0780061465935169e-11 
8.0780061465935169e-11 
8.0780061465935169e-11 
8.0780061465935169e-11 
8.0780061465935169e-11 
8.0780061465935169e-11 
8.0780061465935169e-11 
8.0780061465935169e-11 
8.0780061465935169e-11 
8.0780061465935169e-11 
8.0780061465935169e-11 
1.9958028243609783e-11 
1.9958028243609783e-11 
1.9958028243609783e-11 
1.9958028243609783e-11 
1.9958028243609783e-11 
1.9958028243609783e-11 
1.9958028243609783e-11 
1.9958028243609783e-11 
1.9958028243609783e-11 
1.9958028243609783e-11 
1.7371275317327508e-11 
1.7371275317327508e-11 
1.7371275317327508e-11 
1.6147765990846045e-11 
1.6147765990846045e-11 
1.6147765990846045e-11 
1.6147765990846045e-11 
1.6147765990846045e-11 
7.7673129259720972e-12 
7.7673129259720972e-12 
7.7673129259720972e-12 
1.9194397171150418e-12 
1.9194397171150418e-12 
1.9194397171150418e-12 
1.9194397171150418e-12 
1.9194397171150418e-12 
1.9194397171150418e-12 
1.9194397171150418e-12 
1.9194397171150418e-12 
1.9194397171150418e-12 
1.9194397171150418e-12 
1.5445633275415785e-13 
1.5445633275415785e-13 
1.5445633275415785e-13 
1.5445633275415785e-13 
1.5445633275415785e-13 
1.5445633275415785e-13 
1.5445633275415785e-13 
1.5445633275415785e-13 
1.5445633275415785e-13 
1.5445633275415785e-13 
1.5445633275415785e-13 
1.5445633275415785e-13 
1.5445633275415785e-13 
1.5445633275415785e-13 
1.5445633275415785e-13 
1.5445633275415785e-13 
1.5445633275415785e-13 
1.5445633275415785e-13 
1.5445633275415785e-13 
1.5445633275415785e-13 
1.5445633275415785e-13 
1.5445633275415785e-13 
1.5445633275415785e-13 
1.5445633275415785e-13 
1.5445633275415785e-13 
1.5445633275415785e-13 
1.5445633275415785e-13 
1.5445633275415785e-13 
1.5445633275415785e-13 
1.5445633275415785e-13 
1.5445633275415785e-13 
1.5445633275415785e-13 
1.5445633275415785e-13 
1.5445633275415785e-13 
1.5445633275415785e-13 
1.5445633275415785e-13 
1.5445633275415785e-13 
1.5445633275415785e-13 
1.5445633275415785e-13 
1.5445633275415785e-13 
1.0137044472049812e-13 
1.0137044472049812e-13 
1.0137044472049812e-13 
1.0137044472049812e-13 
1.0137044472049812e-13 
1.0137044472049812e-13 
1.0137044472049812e-13 
1.0137044472049812e-13 
1.0137044472049812e-13 
1.0137044472049812e-13 
1.0137044472049812e-13 
1.0137044472049812e-13 
1.0137044472049812e-13 
1.0137044472049812e-13 
1.0137044472049812e-13 
1.0137044472049812e-13 
1.0137044472049812e-13 
1.0137044472049812e-13 
1.0137044472049812e-13 
1.0137044472049812e-13 
1.0137044472049812e-13 
1.0137044472049812e-13 
1.0137044472049812e-13 
1.0137044472049812e-13 
1.0137044472049812e-13 
1.0137044472049812e-13 
1.0137044472049812e-13 
1.0137044472049812e-13 
1.0137044472049812e-13 
1.0137044472049812e-13 
1.0137044472049812e-13 
1.0137044472049812e-13 
1.0137044472049812e-13 
1.0137044472049812e-13 
1.0137044472049812e-13 
1.0137044472049812e-13 
1.0137044472049812e-13 
1.0137044472049812e-13 
1.0137044472049812e-13 
1.0137044472049812e-13 
1.0137044472049812e-13 
1.0137044472049812e-13 
1.0137044472049812e-13 
1.0137044472049812e-13 
1.0137044472049812e-13 
1.0137044472049812e-13 
1.0137044472049812e-13 
1.0137044472049812e-13 
1.0137044472049812e-13 
1.0137044472049812e-13 
1.0137044472049812e-13 
1.0137044472049812e-13 
1.0137044472049812e-13 
1.0137044472049812e-13 
1.0137044472049812e-13 
1.0137044472049812e-13 
1.0137044472049812e-13 
1.0137044472049812e-13 
1.0137044472049812e-13 
1.0137044472049812e-13 
1.0137044472049812e-13 
1.0137044472049812e-13 
1.0137044472049812e-13 
1.0137044472049812e-13 
1.0137044472049812e-13 
1.0137044472049812e-13 
1.0137044472049812e-13 
1.0137044472049812e-13 
1.0137044472049812e-13 
1.0137044472049812e-13 
1.0137044472049812e-13 
1.0137044472049812e-13 
1.0137044472049812e-13 
1.0137044472049812e-13 
1.0137044472049812e-13 
1.0137044472049812e-13 
1.0137044472049812e-13 
1.0137044472049812e-13 
1.0137044472049812e-13 
1.0137044472049812e-13 
1.0137044472049812e-13 
1.0137044472049812e-13 
1.0137044472049812e-13 
1.0137044472049812e-13 
1.0137044472049812e-13 
1.0137044472049812e-13 
1.0137044472049812e-13 
1.0137044472049812e-13 
1.0137044472049812e-13 
1.0137044472049812e-13 
1.0137044472049812e-13 
1.0137044472049812e-13 
1.0137044472049812e-13 
1.0137044472049812e-13 
1.0137044472049812e-13 
1.0137044472049812e-13 
1.0137044472049812e-13 
1.0137044472049812e-13 
1.0137044472049812e-13 
1.0137044472049812e-13 
1.0137044472049812e-13 
1.0137044472049812e-13 
1.0137044472049812e-13 
1.0137044472049812e-13 
1.0137044472049812e-13 
1.0137044472049812e-13 
1.0137044472049812e-13 
1.0137044472049812e-13 
1.0137044472049812e-13 
1.0137044472049812e-13 
1.0137044472049812e-13 
1.0137044472049812e-13 
1.0137044472049812e-13 
1.0137044472049812e-13 
1.0137044472049812e-13 
1.0137044472049812e-13 
1.0137044472049812e-13 
1.0137044472049812e-13 
1.0137044472049812e-13 
1.0137044472049812e-13 
1.0137044472049812e-13 
1.0137044472049812e-13 
1.0137044472049812e-13 
1.0137044472049812e-13 
1.0137044472049812e-13 
1.0137044472049812e-13 
1.0137044472049812e-13 
1.0137044472049812e-13 
1.0137044472049812e-13 
1.0137044472049812e-13 
1.0137044472049812e-13 
1.0137044472049812e-13 
1.0137044472049812e-13 
1.0137044472049812e-13 
1.0137044472049812e-13 
1.0137044472049812e-13 
1.0137044472049812e-13 
1.0137044472049812e-13 
1.0137044472049812e-13 
1.0137044472049812e-13 
1.0137044472049812e-13 
1.0137044472049812e-13 
1.0137044472049812e-13 
1.0137044472049812e-13 
1.0137044472049812e-13 
1.0137044472049812e-13 
1.0137044472049812e-13 
1.0137044472049812e-13 
1.0137044472049812e-13 
1.0137044472049812e-13 
1.0137044472049812e-13 
1.0137044472049812e-13 
1.0137044472049812e-13 
1.0137044472049812e-13 
1.0137044472049812e-13 
1.0137044472049812e-13 
1.0137044472049812e-13 
1.0137044472049812e-13 
1.0137044472049812e-13 
1.0137044472049812e-13 
1.0137044472049812e-13 
1.0137044472049812e-13 
1.0137044472049812e-13 
1.0137044472049812e-13 
1.0137044472049812e-13 
1.0137044472049812e-13 
1.0137044472049812e-13 
1.0137044472049812e-13 
1.0137044472049812e-13 
1.0137044472049812e-13 
1.0137044472049812e-13 
1.0137044472049812e-13 
1.0137044472049812e-13 
1.0137044472049812e-13 
1.0137044472049812e-13 
1.0137044472049812e-13 
1.0137044472049812e-13 
1.0137044472049812e-13 
1.0137044472049812e-13 
1.0137044472049812e-13 
1.0137044472049812e-13 
1.0137044472049812e-13 
1.0137044472049812e-13 
1.0137044472049812e-13 
1.0137044472049812e-13 
1.0137044472049812e-13 
1.0137044472049812e-13 
1.0137044472049812e-13 
1.0137044472049812e-13 
1.0137044472049812e-13 
1.0137044472049812e-13 
1.0137044472049812e-13 
1.0137044472049812e-13 
1.0137044472049812e-13 
1.0137044472049812e-13 
1.0137044472049812e-13 
1.0137044472049812e-13 
1.0137044472049812e-13 
1.0137044472049812e-13 
1.0137044472049812e-13 
1.0137044472049812e-13 
1.0137044472049812e-13 
1.0137044472049812e-13 
1.0137044472049812e-13 
1.0137044472049812e-13 
1.0137044472049812e-13 
1.0137044472049812e-13 
1.0137044472049812e-13 
1.0137044472049812e-13 
1.0137044472049812e-13 
1.0137044472049812e-13 
1.0137044472049812e-13 
1.0137044472049812e-13 
1.0137044472049812e-13 
1.0137044472049812e-13 
1.0137044472049812e-13 
1.0137044472049812e-13 
1.0137044472049812e-13 
1.0137044472049812e-13 
1.0137044472049812e-13 
1.0137044472049812e-13 
1.0137044472049812e-13 
1.0137044472049812e-13 
1.0137044472049812e-13 
1.0137044472049812e-13 
1.0137044472049812e-13 
1.0137044472049812e-13 
1.0137044472049812e-13 
1.0137044472049812e-13 
1.0137044472049812e-13 
1.0137044472049812e-13 
1.0137044472049812e-13 
1.0137044472049812e-13 
1.0137044472049812e-13 
1.0137044472049812e-13 
1.0137044472049812e-13 
1.0137044472049812e-13 
1.0137044472049812e-13 
1.0137044472049812e-13 
1.0137044472049812e-13 
1.0137044472049812e-13 
1.0137044472049812e-13 
1.0137044472049812e-13 
1.0137044472049812e-13 
1.0137044472049812e-13 
1.0137044472049812e-13 
1.0137044472049812e-13 
1.0137044472049812e-13 
1.0137044472049812e-13 
1.0137044472049812e-13 
1.0137044472049812e-13 
1.0137044472049812e-13 
1.0137044472049812e-13 
1.0137044472049812e-13 
1.0137044472049812e-13 
1.0137044472049812e-13 
1.0137044472049812e-13 
1.0137044472049812e-13 
1.0137044472049812e-13 
1.0137044472049812e-13 
1.0137044472049812e-13 
1.0137044472049812e-13 
1.0137044472049812e-13 
1.0137044472049812e-13 
1.0137044472049812e-13 
1.0137044472049812e-13 
1.0137044472049812e-13 
1.0137044472049812e-13 
1.0137044472049812e-13 
1.0137044472049812e-13 
1.0137044472049812e-13 
1.0137044472049812e-13 
1.0137044472049812e-13 
1.0137044472049812e-13 
1.0137044472049812e-13 
1.0137044472049812e-13 
1.0137044472049812e-13 
1.0137044472049812e-13 
1.0137044472049812e-13 
1.0137044472049812e-13 
1.0137044472049812e-13 
1.0137044472049812e-13 
1.0137044472049812e-13 
1.0137044472049812e-13 
1.0137044472049812e-13 
1.0137044472049812e-13 
1.0137044472049812e-13 
1.0137044472049812e-13 
1.0137044472049812e-13 
1.0137044472049812e-13 
1.0137044472049812e-13 
1.0137044472049812e-13 
1.0137044472049812e-13 
1.0137044472049812e-13 
1.0137044472049812e-13 
1.0137044472049812e-13 
1.0137044472049812e-13 
1.0137044472049812e-13 
1.0137044472049812e-13 
1.0137044472049812e-13 
1.0137044472049812e-13 
1.0137044472049812e-13 
1.0137044472049812e-13 
1.0137044472049812e-13 
1.0137044472049812e-13 
1.0137044472049812e-13 
1.0137044472049812e-13 
1.0137044472049812e-13 
1.0137044472049812e-13 
1.0137044472049812e-13 
1.0137044472049812e-13 
1.0137044472049812e-13 
1.0137044472049812e-13 
1.0137044472049812e-13 
1.0137044472049812e-13 
1.0137044472049812e-13 
1.0137044472049812e-13 
1.0137044472049812e-13 
1.0137044472049812e-13 
1.0137044472049812e-13 
1.0137044472049812e-13 
1.0137044472049812e-13 
1.0137044472049812e-13 
1.0137044472049812e-13 
1.0137044472049812e-13 
1.0137044472049812e-13 
1.0137044472049812e-13 
1.0137044472049812e-13 
1.0137044472049812e-13 
1.0137044472049812e-13 
1.0137044472049812e-13 
1.0137044472049812e-13 
1.0137044472049812e-13 
1.0137044472049812e-13 
1.0137044472049812e-13 
1.0137044472049812e-13 
1.0137044472049812e-13 
1.0137044472049812e-13 
1.0137044472049812e-13 
1.0137044472049812e-13 
1.0137044472049812e-13 
1.0137044472049812e-13 
1.0137044472049812e-13 
1.0137044472049812e-13 
1.0137044472049812e-13 
1.0137044472049812e-13 
1.0137044472049812e-13 
1.0137044472049812e-13 
1.0137044472049812e-13 
1.0137044472049812e-13 
1.0137044472049812e-13 
1.0137044472049812e-13 
1.0137044472049812e-13 
1.0137044472049812e-13 
1.0137044472049812e-13 
1.0137044472049812e-13 
1.0137044472049812e-13 
1.0137044472049812e-13 
1.0137044472049812e-13 
1.0137044472049812e-13 
1.0137044472049812e-13 
1.0137044472049812e-13 
1.0137044472049812e-13 
1.0137044472049812e-13 
1.0137044472049812e-13 
1.0137044472049812e-13 
1.0137044472049812e-13 
1.0137044472049812e-13 
1.0137044472049812e-13 
1.0137044472049812e-13 
1.0137044472049812e-13 
1.0137044472049812e-13 
1.0137044472049812e-13 
1.0137044472049812e-13 
1.0137044472049812e-13 
1.0137044472049812e-13 
1.0137044472049812e-13 
1.0137044472049812e-13 
1.0137044472049812e-13 
1.0137044472049812e-13 
1.0137044472049812e-13 
1.0137044472049812e-13 
1.0137044472049812e-13 
1.0137044472049812e-13 
1.0137044472049812e-13 
1.0137044472049812e-13 
1.0137044472049812e-13 
1.0137044472049812e-13 
1.0137044472049812e-13 
1.0137044472049812e-13 
1.0137044472049812e-13 
1.0137044472049812e-13 
1.0137044472049812e-13 
1.0137044472049812e-13 
1.0137044472049812e-13 
1.0137044472049812e-13 
1.0137044472049812e-13 
1.0137044472049812e-13 
1.0137044472049812e-13 
1.0137044472049812e-13 
1.0137044472049812e-13 
1.0137044472049812e-13 
1.0137044472049812e-13 
1.0137044472049812e-13 
1.0137044472049812e-13 
1.0137044472049812e-13 
1.0137044472049812e-13 
1.0137044472049812e-13 
1.0137044472049812e-13 
1.0137044472049812e-13 
1.0137044472049812e-13 
1.0137044472049812e-13 
1.0137044472049812e-13 
1.0137044472049812e-13 
1.0137044472049812e-13 
1.0137044472049812e-13 
1.0137044472049812e-13 
1.0137044472049812e-13 
1.0137044472049812e-13 
1.0137044472049812e-13 
1.0137044472049812e-13 
1.0137044472049812e-13 
1.0137044472049812e-13 
1.0137044472049812e-13 
1.0137044472049812e-13 
1.0137044472049812e-13 
1.0137044472049812e-13 
1.0137044472049812e-13 
1.0137044472049812e-13 
1.0137044472049812e-13 
1.0137044472049812e-13 
1.0137044472049812e-13 
1.0137044472049812e-13 
1.0137044472049812e-13 
1.0137044472049812e-13 
1.0137044472049812e-13 
1.0137044472049812e-13 
1.0137044472049812e-13 
1.0137044472049812e-13 
1.0137044472049812e-13 
1.0137044472049812e-13 
1.0137044472049812e-13 
1.0137044472049812e-13 
1.0137044472049812e-13 
1.0137044472049812e-13 
1.0137044472049812e-13 
1.0137044472049812e-13 
1.0137044472049812e-13 
1.0137044472049812e-13 
1.0137044472049812e-13 
1.0137044472049812e-13 
1.0137044472049812e-13 
1.0137044472049812e-13 
1.0137044472049812e-13 
1.0137044472049812e-13 
1.0137044472049812e-13 
1.0137044472049812e-13 
1.0137044472049812e-13 
1.0137044472049812e-13 
1.0137044472049812e-13 
1.0137044472049812e-13 
1.0137044472049812e-13 
1.0137044472049812e-13 
1.0137044472049812e-13 
1.0137044472049812e-13 
1.0137044472049812e-13 
1.0137044472049812e-13 
1.0137044472049812e-13 
1.0137044472049812e-13 
1.0137044472049812e-13 
1.0137044472049812e-13 
1.0137044472049812e-13 
1.0137044472049812e-13 
1.0137044472049812e-13 
1.0137044472049812e-13 
1.0137044472049812e-13 
1.0137044472049812e-13 
1.0137044472049812e-13 
1.0137044472049812e-13 
1.0137044472049812e-13 
1.0137044472049812e-13 
1.0137044472049812e-13 
1.0137044472049812e-13 
1.0137044472049812e-13 
1.0137044472049812e-13 
1.0137044472049812e-13 
1.0137044472049812e-13 
1.0137044472049812e-13 
1.0137044472049812e-13 
1.0137044472049812e-13 
1.0137044472049812e-13 
1.0137044472049812e-13 
1.0137044472049812e-13 
1.0137044472049812e-13 
1.0137044472049812e-13 
1.0137044472049812e-13 
1.0137044472049812e-13 
1.0137044472049812e-13 
1.0137044472049812e-13 
1.0137044472049812e-13 
1.0137044472049812e-13 
1.0137044472049812e-13 
1.0137044472049812e-13 
1.0137044472049812e-13 
1.0137044472049812e-13 
1.0137044472049812e-13 
1.0137044472049812e-13 
1.0137044472049812e-13 
1.0137044472049812e-13 
1.0137044472049812e-13 
1.0137044472049812e-13 
1.0137044472049812e-13 
1.0137044472049812e-13 
1.0137044472049812e-13 
1.0137044472049812e-13 
1.0137044472049812e-13 
1.0137044472049812e-13 
1.0137044472049812e-13 
1.0137044472049812e-13 
1.0137044472049812e-13 
1.0137044472049812e-13 
1.0137044472049812e-13 
1.0137044472049812e-13 
1.0137044472049812e-13 
1.0137044472049812e-13 
1.0137044472049812e-13 
1.0137044472049812e-13 
1.0137044472049812e-13 
1.0137044472049812e-13 
1.0137044472049812e-13 
1.0137044472049812e-13 
1.0137044472049812e-13 
1.0137044472049812e-13 
1.0137044472049812e-13 
1.0137044472049812e-13 
1.0137044472049812e-13 
1.0137044472049812e-13 
1.0137044472049812e-13 
1.0137044472049812e-13 
1.0137044472049812e-13 
1.0137044472049812e-13 
1.0137044472049812e-13 
1.0137044472049812e-13 
1.0137044472049812e-13 
1.0137044472049812e-13 
1.0137044472049812e-13 
1.0137044472049812e-13 
1.0137044472049812e-13 
1.0137044472049812e-13 
1.0137044472049812e-13 
1.0137044472049812e-13 
1.0137044472049812e-13 
1.0137044472049812e-13 
1.0137044472049812e-13 
1.0137044472049812e-13 
1.0137044472049812e-13 
1.0137044472049812e-13 
1.0137044472049812e-13 
1.0137044472049812e-13 
1.0137044472049812e-13 
1.0137044472049812e-13 
1.0137044472049812e-13 
1.0137044472049812e-13 
1.0137044472049812e-13 
1.0137044472049812e-13 
1.0137044472049812e-13 
1.0137044472049812e-13 
1.0137044472049812e-13 
1.0137044472049812e-13 
1.0137044472049812e-13 
1.0137044472049812e-13 
1.0137044472049812e-13 
1.0137044472049812e-13 
1.0137044472049812e-13 
1.0137044472049812e-13 
1.0137044472049812e-13 
1.0137044472049812e-13 
1.0137044472049812e-13 
1.0137044472049812e-13 
1.0137044472049812e-13 
1.0137044472049812e-13 
1.0137044472049812e-13 
1.0137044472049812e-13 
1.0137044472049812e-13 
1.0137044472049812e-13 
1.0137044472049812e-13 
1.0137044472049812e-13 
1.0137044472049812e-13 
1.0137044472049812e-13 
1.0137044472049812e-13 
1.0137044472049812e-13 
1.0137044472049812e-13 
1.0137044472049812e-13 
1.0137044472049812e-13 
1.0137044472049812e-13 
1.0137044472049812e-13 
1.0137044472049812e-13 
1.0137044472049812e-13 
1.0137044472049812e-13 
1.0137044472049812e-13 
1.0137044472049812e-13 
1.0137044472049812e-13 
1.0137044472049812e-13 
1.0137044472049812e-13 
1.0137044472049812e-13 
1.0137044472049812e-13 
1.0137044472049812e-13 
1.0137044472049812e-13 
1.0137044472049812e-13 
1.0137044472049812e-13 
1.0137044472049812e-13 
1.0137044472049812e-13 
1.0137044472049812e-13 
1.0137044472049812e-13 
1.0137044472049812e-13 
1.0137044472049812e-13 
1.0137044472049812e-13 
1.0137044472049812e-13 
1.0137044472049812e-13 
1.0137044472049812e-13 
1.0137044472049812e-13 
1.0137044472049812e-13 
1.0137044472049812e-13 
1.0137044472049812e-13 
1.0137044472049812e-13 
1.0137044472049812e-13 
1.0137044472049812e-13 
1.0137044472049812e-13 
1.0137044472049812e-13 
1.0137044472049812e-13 
1.0137044472049812e-13 
1.0137044472049812e-13 
1.0137044472049812e-13 
1.0137044472049812e-13 
1.0137044472049812e-13 
1.0137044472049812e-13 
1.0137044472049812e-13 
1.0137044472049812e-13 
1.0137044472049812e-13 
1.0137044472049812e-13 
1.0137044472049812e-13 
1.0137044472049812e-13 
1.0137044472049812e-13 
1.0137044472049812e-13 
1.0137044472049812e-13 
1.0137044472049812e-13 
1.0137044472049812e-13 
1.0137044472049812e-13 
1.0137044472049812e-13 
1.0137044472049812e-13 
1.0137044472049812e-13 
1.0137044472049812e-13 
1.0137044472049812e-13 
1.0137044472049812e-13 
1.0137044472049812e-13 
1.0137044472049812e-13 
1.0137044472049812e-13 
1.0137044472049812e-13 
1.0137044472049812e-13 
1.0137044472049812e-13 
1.0137044472049812e-13 
1.0137044472049812e-13 
1.0137044472049812e-13 
1.0137044472049812e-13 
1.0137044472049812e-13 
1.0137044472049812e-13 
1.0137044472049812e-13 
1.0137044472049812e-13 
1.0137044472049812e-13 
1.0137044472049812e-13 
1.0137044472049812e-13 
1.0137044472049812e-13 
1.0137044472049812e-13 
1.0137044472049812e-13 
1.0137044472049812e-13 
1.0137044472049812e-13 
1.0137044472049812e-13 
1.0137044472049812e-13 
1.0137044472049812e-13 
1.0137044472049812e-13 
1.0137044472049812e-13 
1.0137044472049812e-13 
1.0137044472049812e-13 
1.0137044472049812e-13 
1.0137044472049812e-13 
1.0137044472049812e-13 
1.0137044472049812e-13 
1.0137044472049812e-13 
1.0137044472049812e-13 
1.0137044472049812e-13 
1.0137044472049812e-13 
