0.68552051893326205 
0.68552051893326205 
0.68552051893326205 
0.67327556055788584 
0.63512537212740605 
0.59909569511712724 
0.5652602786676173 
0.53368777361931596 
0.50444156181265742 
0.47757959851733578 
0.45315426838337158 
0.43121225527296392 
0.41179442629749663 
0.39493573034868246 
0.380665111376704 
0.36900543663145458 
0.35997344004570042 
0.35357968090124381 
0.34982851788108504 
0.34871809857223235 
0.34871809857223235 
0.34871809857223235 
0.34657166457478183 
0.33434437344023538 
0.32455600330562306 
0.31724671340232691 
0.3124513329375147 
0.31019927562452487 
0.30972981562091784 
0.30972981562091784 
0.27703917944335454 
0.24360509385283691 
0.21212954129116723 
0.18267424909214269 
0.1552969297806388 
0.13005115386254396 
0.10698623175392008 
0.086147105110386035 
0.067574247796949205 
0.051303576717190769 
0.037366372698919625 
0.025789211611176088 
0.016593905864848768 
0.0097974564262141017 
0.0054120154494674555 
0.0034448596108340723 
0.0024292402524566103 
0.00019211245147154887 
0.00019211245147154887 
0.00017037360381721989 
0.00017037360381721989 
0.00017037360381721989 
0.00017037360381721989 
0.00017037360381721989 
0.00017037360381721989 
0.00017037360381721989 
0.00017037360381721989 
0.00017037360381721989 
0.00017037360381721989 
0.00017037360381721989 
0.00017037360381721989 
0.00017037360381721989 
3.9584762645428206e-05 
3.9584762645428206e-05 
3.9584762645428206e-05 
3.9584762645428206e-05 
3.9584762645428206e-05 
3.9584762645428206e-05 
3.9584762645428206e-05 
1.6228443804333637e-06 
1.6228443804333637e-06 
1.6228443804333637e-06 
1.6228443804333637e-06 
1.6228443804333637e-06 
1.6228443804333637e-06 
1.6228443804333637e-06 
1.6228443804333637e-06 
1.6228443804333637e-06 
1.6228443804333637e-06 
1.6228443804333637e-06 
3.3379530972599269e-07 
3.3379530972599269e-07 
3.3379530972599269e-07 
3.3379530972599269e-07 
3.3379530972599269e-07 
3.3379530972599269e-07 
3.3379530972599269e-07 
3.3379530972599269e-07 
3.3379530972599269e-07 
3.3379530972599269e-07 
3.3379530972599269e-07 
3.3379530972599269e-07 
3.3379530972599269e-07 
3.3379530972599269e-07 
3.3379530972599269e-07 
3.3379530972599269e-07 
3.3379530972599269e-07 
3.3379530972599269e-07 
3.3379530972599269e-07 
3.3379530972599269e-07 
3.3379530972599269e-07 
3.3379530972599269e-07 
3.3379530972599269e-07 
3.3379530972599269e-07 
3.3379530972599269e-07 
3.3379530972599269e-07 
4.8793445617256737e-08 
4.8793445617256737e-08 
4.8793445617256737e-08 
4.8793445617256737e-08 
4.8793445617256737e-08 
4.8793445617256737e-08 
4.8793445617256737e-08 
4.8793445617256737e-08 
4.8793445617256737e-08 
4.8793445617256737e-08 
4.8793445617256737e-08 
4.8793445617256737e-08 
4.8793445617256737e-08 
4.8793445617256737e-08 
4.8793445617256737e-08 
4.8793445617256737e-08 
4.8793445617256737e-08 
4.8793445617256737e-08 
4.8793445617256737e-08 
4.8793445617256737e-08 
4.8793445617256737e-08 
4.8793445617256737e-08 
4.8793445617256737e-08 
4.8793445617256737e-08 
4.8793445617256737e-08 
4.8793445617256737e-08 
4.8793445617256737e-08 
4.8793445617256737e-08 
4.8793445617256737e-08 
4.8793445617256737e-08 
4.8793445617256737e-08 
4.8793445617256737e-08 
4.8793445617256737e-08 
4.8793445617256737e-08 
4.8793445617256737e-08 
4.8793445617256737e-08 
4.8793445617256737e-08 
4.8793445617256737e-08 
4.8793445617256737e-08 
4.8793445617256737e-08 
4.8793445617256737e-08 
4.8793445617256737e-08 
4.8793445617256737e-08 
4.8793445617256737e-08 
4.8793445617256737e-08 
4.8793445617256737e-08 
4.8793445617256737e-08 
4.8793445617256737e-08 
4.8793445617256737e-08 
4.8793445617256737e-08 
4.8793445617256737e-08 
4.8793445617256737e-08 
4.8793445617256737e-08 
4.8793445617256737e-08 
4.8793445617256737e-08 
4.8793445617256737e-08 
4.8793445617256737e-08 
4.8793445617256737e-08 
4.8793445617256737e-08 
4.8793445617256737e-08 
4.8793445617256737e-08 
4.8793445617256737e-08 
4.8793445617256737e-08 
4.8793445617256737e-08 
4.8793445617256737e-08 
4.8793445617256737e-08 
4.8793445617256737e-08 
4.8793445617256737e-08 
4.8793445617256737e-08 
4.8793445617256737e-08 
4.8793445617256737e-08 
4.8793445617256737e-08 
4.8793445617256737e-08 
4.8793445617256737e-08 
4.8793445617256737e-08 
4.8793445617256737e-08 
4.8793445617256737e-08 
4.8793445617256737e-08 
4.8793445617256737e-08 
4.8793445617256737e-08 
4.8793445617256737e-08 
4.453532320702891e-09 
4.453532320702891e-09 
4.453532320702891e-09 
4.453532320702891e-09 
4.453532320702891e-09 
4.453532320702891e-09 
4.453532320702891e-09 
4.453532320702891e-09 
4.453532320702891e-09 
4.453532320702891e-09 
4.453532320702891e-09 
4.453532320702891e-09 
4.453532320702891e-09 
4.453532320702891e-09 
4.453532320702891e-09 
4.453532320702891e-09 
4.453532320702891e-09 
4.453532320702891e-09 
4.453532320702891e-09 
4.453532320702891e-09 
4.453532320702891e-09 
4.453532320702891e-09 
4.453532320702891e-09 
4.453532320702891e-09 
4.453532320702891e-09 
4.453532320702891e-09 
4.453532320702891e-09 
4.453532320702891e-09 
4.453532320702891e-09 
3.614436416832234e-09 
3.614436416832234e-09 
3.614436416832234e-09 
3.614436416832234e-09 
3.614436416832234e-09 
3.614436416832234e-09 
3.614436416832234e-09 
3.614436416832234e-09 
3.614436416832234e-09 
3.614436416832234e-09 
3.614436416832234e-09 
3.614436416832234e-09 
3.614436416832234e-09 
3.614436416832234e-09 
3.614436416832234e-09 
3.614436416832234e-09 
3.614436416832234e-09 
3.614436416832234e-09 
3.614436416832234e-09 
3.614436416832234e-09 
3.614436416832234e-09 
3.614436416832234e-09 
3.614436416832234e-09 
3.614436416832234e-09 
3.614436416832234e-09 
3.614436416832234e-09 
3.614436416832234e-09 
3.614436416832234e-09 
3.614436416832234e-09 
3.614436416832234e-09 
3.614436416832234e-09 
3.614436416832234e-09 
3.614436416832234e-09 
3.614436416832234e-09 
3.614436416832234e-09 
3.614436416832234e-09 
3.614436416832234e-09 
3.614436416832234e-09 
3.614436416832234e-09 
3.614436416832234e-09 
3.614436416832234e-09 
3.614436416832234e-09 
3.614436416832234e-09 
3.614436416832234e-09 
3.614436416832234e-09 
3.614436416832234e-09 
3.614436416832234e-09 
3.614436416832234e-09 
3.614436416832234e-09 
3.614436416832234e-09 
3.614436416832234e-09 
3.614436416832234e-09 
3.614436416832234e-09 
3.614436416832234e-09 
3.614436416832234e-09 
3.614436416832234e-09 
3.614436416832234e-09 
3.614436416832234e-09 
3.614436416832234e-09 
3.614436416832234e-09 
3.614436416832234e-09 
3.614436416832234e-09 
3.614436416832234e-09 
3.614436416832234e-09 
3.614436416832234e-09 
3.614436416832234e-09 
3.614436416832234e-09 
3.614436416832234e-09 
3.614436416832234e-09 
3.614436416832234e-09 
3.614436416832234e-09 
3.614436416832234e-09 
3.614436416832234e-09 
3.614436416832234e-09 
3.614436416832234e-09 
3.614436416832234e-09 
3.614436416832234e-09 
3.614436416832234e-09 
3.614436416832234e-09 
3.614436416832234e-09 
3.614436416832234e-09 
3.614436416832234e-09 
3.614436416832234e-09 
3.614436416832234e-09 
3.614436416832234e-09 
3.614436416832234e-09 
3.614436416832234e-09 
3.614436416832234e-09 
3.614436416832234e-09 
3.614436416832234e-09 
3.614436416832234e-09 
3.614436416832234e-09 
3.614436416832234e-09 
3.614436416832234e-09 
3.614436416832234e-09 
3.614436416832234e-09 
3.614436416832234e-09 
3.614436416832234e-09 
3.614436416832234e-09 
3.614436416832234e-09 
3.614436416832234e-09 
3.614436416832234e-09 
3.614436416832234e-09 
3.614436416832234e-09 
3.614436416832234e-09 
3.614436416832234e-09 
3.614436416832234e-09 
3.614436416832234e-09 
3.614436416832234e-09 
3.614436416832234e-09 
3.614436416832234e-09 
3.614436416832234e-09 
3.614436416832234e-09 
3.614436416832234e-09 
3.614436416832234e-09 
3.614436416832234e-09 
3.614436416832234e-09 
3.614436416832234e-09 
3.614436416832234e-09 
3.614436416832234e-09 
3.614436416832234e-09 
3.614436416832234e-09 
3.614436416832234e-09 
3.614436416832234e-09 
3.614436416832234e-09 
3.614436416832234e-09 
3.614436416832234e-09 
3.614436416832234e-09 
3.614436416832234e-09 
3.614436416832234e-09 
3.614436416832234e-09 
3.614436416832234e-09 
3.614436416832234e-09 
3.614436416832234e-09 
3.614436416832234e-09 
3.614436416832234e-09 
3.614436416832234e-09 
3.614436416832234e-09 
3.614436416832234e-09 
3.614436416832234e-09 
3.614436416832234e-09 
3.614436416832234e-09 
3.614436416832234e-09 
3.614436416832234e-09 
3.614436416832234e-09 
3.614436416832234e-09 
3.614436416832234e-09 
3.614436416832234e-09 
3.614436416832234e-09 
3.614436416832234e-09 
3.614436416832234e-09 
3.614436416832234e-09 
3.614436416832234e-09 
3.614436416832234e-09 
3.614436416832234e-09 
3.614436416832234e-09 
3.614436416832234e-09 
3.614436416832234e-09 
3.614436416832234e-09 
3.614436416832234e-09 
3.614436416832234e-09 
3.614436416832234e-09 
3.614436416832234e-09 
3.614436416832234e-09 
3.614436416832234e-09 
3.614436416832234e-09 
3.614436416832234e-09 
3.614436416832234e-09 
3.614436416832234e-09 
3.614436416832234e-09 
3.614436416832234e-09 
3.614436416832234e-09 
3.614436416832234e-09 
3.614436416832234e-09 
3.614436416832234e-09 
3.614436416832234e-09 
3.614436416832234e-09 
3.614436416832234e-09 
3.614436416832234e-09 
3.614436416832234e-09 
3.614436416832234e-09 
3.614436416832234e-09 
3.614436416832234e-09 
3.614436416832234e-09 
3.614436416832234e-09 
3.614436416832234e-09 
3.614436416832234e-09 
3.614436416832234e-09 
3.614436416832234e-09 
3.614436416832234e-09 
3.614436416832234e-09 
3.614436416832234e-09 
3.614436416832234e-09 
3.614436416832234e-09 
3.614436416832234e-09 
3.614436416832234e-09 
3.614436416832234e-09 
3.614436416832234e-09 
3.614436416832234e-09 
3.614436416832234e-09 
3.614436416832234e-09 
3.614436416832234e-09 
3.614436416832234e-09 
3.614436416832234e-09 
3.614436416832234e-09 
3.614436416832234e-09 
3.614436416832234e-09 
3.614436416832234e-09 
3.614436416832234e-09 
3.614436416832234e-09 
3.614436416832234e-09 
3.614436416832234e-09 
3.614436416832234e-09 
3.614436416832234e-09 
3.614436416832234e-09 
3.614436416832234e-09 
3.614436416832234e-09 
3.614436416832234e-09 
3.614436416832234e-09 
3.614436416832234e-09 
3.614436416832234e-09 
3.614436416832234e-09 
3.614436416832234e-09 
3.614436416832234e-09 
3.614436416832234e-09 
3.614436416832234e-09 
3.614436416832234e-09 
3.614436416832234e-09 
3.614436416832234e-09 
3.614436416832234e-09 
3.614436416832234e-09 
3.614436416832234e-09 
3.614436416832234e-09 
3.614436416832234e-09 
3.614436416832234e-09 
3.614436416832234e-09 
3.614436416832234e-09 
3.614436416832234e-09 
3.614436416832234e-09 
3.614436416832234e-09 
3.614436416832234e-09 
3.614436416832234e-09 
3.614436416832234e-09 
3.614436416832234e-09 
3.614436416832234e-09 
3.614436416832234e-09 
3.614436416832234e-09 
3.614436416832234e-09 
3.614436416832234e-09 
3.614436416832234e-09 
3.614436416832234e-09 
3.614436416832234e-09 
3.614436416832234e-09 
3.614436416832234e-09 
3.614436416832234e-09 
3.614436416832234e-09 
3.614436416832234e-09 
3.614436416832234e-09 
3.614436416832234e-09 
3.614436416832234e-09 
3.614436416832234e-09 
3.614436416832234e-09 
3.614436416832234e-09 
3.614436416832234e-09 
3.614436416832234e-09 
3.614436416832234e-09 
3.614436416832234e-09 
3.614436416832234e-09 
3.614436416832234e-09 
3.614436416832234e-09 
3.614436416832234e-09 
3.614436416832234e-09 
3.614436416832234e-09 
3.614436416832234e-09 
3.614436416832234e-09 
3.614436416832234e-09 
3.614436416832234e-09 
3.614436416832234e-09 
3.614436416832234e-09 
3.614436416832234e-09 
3.614436416832234e-09 
3.614436416832234e-09 
3.614436416832234e-09 
3.614436416832234e-09 
3.614436416832234e-09 
3.614436416832234e-09 
3.614436416832234e-09 
3.614436416832234e-09 
3.614436416832234e-09 
3.614436416832234e-09 
3.614436416832234e-09 
3.614436416832234e-09 
3.614436416832234e-09 
3.614436416832234e-09 
3.614436416832234e-09 
3.614436416832234e-09 
3.614436416832234e-09 
3.614436416832234e-09 
3.614436416832234e-09 
3.614436416832234e-09 
3.614436416832234e-09 
3.614436416832234e-09 
3.614436416832234e-09 
3.614436416832234e-09 
3.614436416832234e-09 
3.614436416832234e-09 
3.614436416832234e-09 
3.614436416832234e-09 
3.614436416832234e-09 
3.614436416832234e-09 
3.614436416832234e-09 
3.614436416832234e-09 
3.614436416832234e-09 
3.614436416832234e-09 
3.614436416832234e-09 
3.614436416832234e-09 
3.614436416832234e-09 
3.614436416832234e-09 
3.614436416832234e-09 
3.614436416832234e-09 
3.614436416832234e-09 
3.614436416832234e-09 
3.614436416832234e-09 
3.614436416832234e-09 
3.614436416832234e-09 
3.614436416832234e-09 
3.614436416832234e-09 
3.614436416832234e-09 
3.614436416832234e-09 
3.614436416832234e-09 
3.614436416832234e-09 
3.614436416832234e-09 
3.614436416832234e-09 
3.614436416832234e-09 
3.614436416832234e-09 
3.614436416832234e-09 
3.614436416832234e-09 
3.614436416832234e-09 
3.614436416832234e-09 
3.614436416832234e-09 
3.614436416832234e-09 
3.614436416832234e-09 
3.614436416832234e-09 
3.614436416832234e-09 
3.614436416832234e-09 
3.614436416832234e-09 
3.614436416832234e-09 
3.614436416832234e-09 
3.614436416832234e-09 
3.614436416832234e-09 
3.614436416832234e-09 
3.614436416832234e-09 
3.614436416832234e-09 
3.614436416832234e-09 
3.614436416832234e-09 
3.614436416832234e-09 
3.614436416832234e-09 
3.614436416832234e-09 
3.614436416832234e-09 
3.614436416832234e-09 
3.614436416832234e-09 
3.614436416832234e-09 
3.614436416832234e-09 
3.614436416832234e-09 
3.614436416832234e-09 
3.614436416832234e-09 
3.614436416832234e-09 
3.614436416832234e-09 
3.614436416832234e-09 
3.614436416832234e-09 
3.614436416832234e-09 
3.614436416832234e-09 
3.614436416832234e-09 
3.614436416832234e-09 
3.614436416832234e-09 
3.614436416832234e-09 
3.614436416832234e-09 
3.614436416832234e-09 
3.614436416832234e-09 
3.614436416832234e-09 
3.614436416832234e-09 
3.614436416832234e-09 
3.614436416832234e-09 
3.614436416832234e-09 
3.614436416832234e-09 
3.614436416832234e-09 
3.614436416832234e-09 
3.614436416832234e-09 
3.614436416832234e-09 
3.614436416832234e-09 
3.614436416832234e-09 
3.614436416832234e-09 
3.614436416832234e-09 
3.614436416832234e-09 
3.614436416832234e-09 
3.614436416832234e-09 
3.614436416832234e-09 
3.614436416832234e-09 
3.614436416832234e-09 
3.614436416832234e-09 
3.614436416832234e-09 
3.614436416832234e-09 
3.614436416832234e-09 
3.614436416832234e-09 
3.614436416832234e-09 
3.614436416832234e-09 
3.614436416832234e-09 
3.614436416832234e-09 
3.614436416832234e-09 
3.614436416832234e-09 
3.614436416832234e-09 
3.614436416832234e-09 
3.614436416832234e-09 
3.614436416832234e-09 
3.614436416832234e-09 
3.614436416832234e-09 
3.614436416832234e-09 
3.614436416832234e-09 
3.614436416832234e-09 
3.614436416832234e-09 
3.614436416832234e-09 
3.614436416832234e-09 
3.614436416832234e-09 
3.614436416832234e-09 
3.614436416832234e-09 
3.614436416832234e-09 
3.614436416832234e-09 
3.614436416832234e-09 
3.614436416832234e-09 
3.614436416832234e-09 
3.614436416832234e-09 
3.614436416832234e-09 
3.614436416832234e-09 
3.614436416832234e-09 
3.614436416832234e-09 
3.614436416832234e-09 
3.614436416832234e-09 
3.614436416832234e-09 
3.614436416832234e-09 
3.614436416832234e-09 
3.614436416832234e-09 
3.614436416832234e-09 
3.614436416832234e-09 
3.614436416832234e-09 
3.614436416832234e-09 
3.614436416832234e-09 
3.614436416832234e-09 
3.614436416832234e-09 
3.614436416832234e-09 
3.614436416832234e-09 
3.614436416832234e-09 
3.614436416832234e-09 
3.614436416832234e-09 
3.614436416832234e-09 
3.614436416832234e-09 
3.614436416832234e-09 
3.614436416832234e-09 
3.614436416832234e-09 
3.614436416832234e-09 
3.614436416832234e-09 
3.614436416832234e-09 
3.614436416832234e-09 
3.614436416832234e-09 
3.614436416832234e-09 
3.614436416832234e-09 
3.614436416832234e-09 
3.614436416832234e-09 
3.614436416832234e-09 
3.614436416832234e-09 
3.614436416832234e-09 
3.614436416832234e-09 
3.614436416832234e-09 
3.614436416832234e-09 
3.614436416832234e-09 
3.614436416832234e-09 
3.614436416832234e-09 
3.614436416832234e-09 
3.614436416832234e-09 
3.614436416832234e-09 
3.614436416832234e-09 
3.614436416832234e-09 
3.614436416832234e-09 
3.614436416832234e-09 
3.614436416832234e-09 
3.614436416832234e-09 
3.614436416832234e-09 
3.614436416832234e-09 
3.614436416832234e-09 
3.614436416832234e-09 
3.614436416832234e-09 
3.614436416832234e-09 
3.614436416832234e-09 
3.614436416832234e-09 
3.614436416832234e-09 
3.614436416832234e-09 
3.614436416832234e-09 
3.614436416832234e-09 
3.614436416832234e-09 
3.614436416832234e-09 
3.614436416832234e-09 
3.614436416832234e-09 
3.614436416832234e-09 
3.614436416832234e-09 
3.614436416832234e-09 
3.614436416832234e-09 
3.614436416832234e-09 
3.614436416832234e-09 
3.614436416832234e-09 
3.614436416832234e-09 
3.614436416832234e-09 
3.614436416832234e-09 
3.614436416832234e-09 
3.614436416832234e-09 
3.614436416832234e-09 
3.614436416832234e-09 
3.614436416832234e-09 
3.614436416832234e-09 
3.614436416832234e-09 
3.614436416832234e-09 
3.614436416832234e-09 
3.614436416832234e-09 
3.614436416832234e-09 
3.614436416832234e-09 
3.614436416832234e-09 
3.614436416832234e-09 
3.614436416832234e-09 
3.614436416832234e-09 
3.614436416832234e-09 
3.614436416832234e-09 
3.614436416832234e-09 
3.614436416832234e-09 
3.614436416832234e-09 
3.614436416832234e-09 
3.614436416832234e-09 
3.614436416832234e-09 
3.614436416832234e-09 
3.614436416832234e-09 
3.614436416832234e-09 
3.614436416832234e-09 
3.614436416832234e-09 
3.614436416832234e-09 
3.614436416832234e-09 
3.614436416832234e-09 
3.614436416832234e-09 
3.614436416832234e-09 
3.614436416832234e-09 
3.614436416832234e-09 
3.614436416832234e-09 
3.614436416832234e-09 
3.614436416832234e-09 
3.614436416832234e-09 
3.614436416832234e-09 
3.614436416832234e-09 
3.614436416832234e-09 
3.614436416832234e-09 
3.614436416832234e-09 
3.614436416832234e-09 
3.614436416832234e-09 
3.614436416832234e-09 
3.614436416832234e-09 
3.614436416832234e-09 
3.614436416832234e-09 
3.614436416832234e-09 
3.614436416832234e-09 
3.614436416832234e-09 
3.614436416832234e-09 
3.614436416832234e-09 
3.614436416832234e-09 
3.614436416832234e-09 
3.614436416832234e-09 
3.614436416832234e-09 
3.614436416832234e-09 
3.614436416832234e-09 
3.614436416832234e-09 
3.614436416832234e-09 
3.614436416832234e-09 
3.614436416832234e-09 
3.614436416832234e-09 
3.614436416832234e-09 
3.614436416832234e-09 
3.614436416832234e-09 
3.614436416832234e-09 
3.614436416832234e-09 
3.614436416832234e-09 
3.614436416832234e-09 
3.614436416832234e-09 
3.614436416832234e-09 
3.614436416832234e-09 
3.614436416832234e-09 
3.614436416832234e-09 
3.614436416832234e-09 
3.614436416832234e-09 
3.614436416832234e-09 
3.614436416832234e-09 
3.614436416832234e-09 
3.614436416832234e-09 
3.614436416832234e-09 
3.614436416832234e-09 
3.614436416832234e-09 
3.614436416832234e-09 
3.614436416832234e-09 
3.614436416832234e-09 
3.614436416832234e-09 
3.614436416832234e-09 
3.614436416832234e-09 
3.614436416832234e-09 
3.614436416832234e-09 
3.614436416832234e-09 
3.614436416832234e-09 
3.614436416832234e-09 
3.614436416832234e-09 
3.614436416832234e-09 
3.614436416832234e-09 
3.614436416832234e-09 
3.614436416832234e-09 
3.614436416832234e-09 
3.614436416832234e-09 
3.614436416832234e-09 
3.614436416832234e-09 
3.614436416832234e-09 
3.614436416832234e-09 
3.614436416832234e-09 
3.614436416832234e-09 
3.614436416832234e-09 
3.614436416832234e-09 
3.614436416832234e-09 
3.614436416832234e-09 
3.614436416832234e-09 
3.614436416832234e-09 
3.614436416832234e-09 
3.614436416832234e-09 
3.614436416832234e-09 
3.614436416832234e-09 
3.614436416832234e-09 
3.614436416832234e-09 
3.614436416832234e-09 
3.614436416832234e-09 
3.614436416832234e-09 
3.614436416832234e-09 
3.614436416832234e-09 
3.614436416832234e-09 
3.614436416832234e-09 
3.614436416832234e-09 
3.614436416832234e-09 
3.614436416832234e-09 
3.614436416832234e-09 
3.614436416832234e-09 
3.614436416832234e-09 
3.614436416832234e-09 
3.614436416832234e-09 
3.614436416832234e-09 
3.614436416832234e-09 
3.614436416832234e-09 
3.614436416832234e-09 
3.614436416832234e-09 
3.614436416832234e-09 
3.614436416832234e-09 
3.614436416832234e-09 
3.614436416832234e-09 
3.614436416832234e-09 
3.614436416832234e-09 
3.614436416832234e-09 
3.614436416832234e-09 
3.614436416832234e-09 
3.614436416832234e-09 
3.614436416832234e-09 
3.614436416832234e-09 
3.614436416832234e-09 
3.614436416832234e-09 
3.614436416832234e-09 
3.614436416832234e-09 
3.614436416832234e-09 
3.614436416832234e-09 
3.614436416832234e-09 
3.614436416832234e-09 
3.614436416832234e-09 
3.614436416832234e-09 
3.614436416832234e-09 
3.614436416832234e-09 
3.614436416832234e-09 
3.614436416832234e-09 
3.614436416832234e-09 
3.614436416832234e-09 
3.614436416832234e-09 
3.614436416832234e-09 
3.614436416832234e-09 
3.614436416832234e-09 
3.614436416832234e-09 
3.614436416832234e-09 
3.614436416832234e-09 
3.614436416832234e-09 
3.614436416832234e-09 
3.614436416832234e-09 
3.614436416832234e-09 
3.614436416832234e-09 
3.614436416832234e-09 
3.614436416832234e-09 
3.614436416832234e-09 
3.614436416832234e-09 
3.614436416832234e-09 
3.614436416832234e-09 
3.614436416832234e-09 
3.614436416832234e-09 
3.614436416832234e-09 
3.614436416832234e-09 
3.614436416832234e-09 
3.614436416832234e-09 
3.614436416832234e-09 
3.614436416832234e-09 
3.614436416832234e-09 
3.614436416832234e-09 
3.614436416832234e-09 
3.614436416832234e-09 
3.614436416832234e-09 
3.614436416832234e-09 
3.614436416832234e-09 
3.614436416832234e-09 
3.614436416832234e-09 
3.614436416832234e-09 
3.614436416832234e-09 
3.614436416832234e-09 
3.614436416832234e-09 
3.614436416832234e-09 
3.614436416832234e-09 
3.614436416832234e-09 
3.614436416832234e-09 
3.614436416832234e-09 
3.614436416832234e-09 
3.614436416832234e-09 
3.614436416832234e-09 
3.614436416832234e-09 
3.614436416832234e-09 
3.614436416832234e-09 
3.614436416832234e-09 
3.614436416832234e-09 
3.614436416832234e-09 
3.614436416832234e-09 
3.614436416832234e-09 
3.614436416832234e-09 
3.614436416832234e-09 
3.614436416832234e-09 
3.614436416832234e-09 
3.614436416832234e-09 
3.614436416832234e-09 
3.614436416832234e-09 
3.614436416832234e-09 
3.614436416832234e-09 
3.614436416832234e-09 
3.614436416832234e-09 
3.614436416832234e-09 
3.614436416832234e-09 
3.614436416832234e-09 
3.614436416832234e-09 
3.614436416832234e-09 
3.614436416832234e-09 
3.614436416832234e-09 
3.614436416832234e-09 
3.614436416832234e-09 
3.614436416832234e-09 
3.614436416832234e-09 
3.614436416832234e-09 
3.614436416832234e-09 
3.614436416832234e-09 
3.614436416832234e-09 
3.614436416832234e-09 
3.614436416832234e-09 
3.614436416832234e-09 
3.614436416832234e-09 
3.614436416832234e-09 
3.614436416832234e-09 
3.614436416832234e-09 
3.614436416832234e-09 
3.614436416832234e-09 
3.614436416832234e-09 
3.614436416832234e-09 
3.614436416832234e-09 
3.614436416832234e-09 
3.614436416832234e-09 
3.614436416832234e-09 
3.614436416832234e-09 
3.614436416832234e-09 
3.614436416832234e-09 
3.614436416832234e-09 
3.614436416832234e-09 
