0.71584322242287446 
0.71584322242287446 
0.71584322242287446 
0.71259483877262031 
0.70165168454387572 
0.69001124825968718 
0.67769033241139531 
0.66470740905069536 
0.65108261978962845 
0.63683777580058876 
0.62199635781631935 
0.60658351612991357 
0.59062607059481387 
0.57415251062481409 
0.55719299519405918 
0.53977935283704148 
0.52194508164860476 
0.50372534928394452 
0.48515699295860315 
0.4662785194484752 
0.44713010508980605 
0.42775359577918876 
0.40819250697356779 
0.388492023690238 
0.36869900050684512 
0.34886196156138394 
0.32903110055219709 
0.30925828073798184 
0.28959703493778227 
0.27010256553099471 
0.25083174445736334 
0.2318431132169837 
0.21319688287030142 
0.19495493403811306 
0.17718081690156345 
0.15993975120214937 
0.14329862624171591 
0.12732600088245927 
0.11209210354692566 
0.097668832218012064 
0.084129754438964227 
0.071550107313379241 
0.060006797505203185 
0.049578401238732875 
0.040345164298615219 
0.032389002029847444 
0.025793499337776339 
0.020643910688099124 
0.017027160106863198 
0.015031841180465829 
0.014748217055654565 
0.014748217055654565 
0.014748217055654565 
0.014748217055654565 
0.014647568910348791 
0.014647568910348791 
0.014647568910348791 
0.014647568910348791 
0.014647568910348791 
0.014647568910348791 
0.014647568910348791 
0.014647568910348791 
0.014647568910348791 
0.014647568910348791 
0.014647568910348791 
0.014647568910348791 
0.014647568910348791 
0.014647568910348791 
0.014647568910348791 
0.014647568910348791 
0.014647568910348791 
0.014647568910348791 
0.014647568910348791 
0.014647568910348791 
0.014647568910348791 
0.014647568910348791 
0.014647568910348791 
0.014647568910348791 
0.014647568910348791 
0.014647568910348791 
0.014647568910348791 
0.014647568910348791 
0.014647568910348791 
0.014647568910348791 
0.014304317263494327 
0.014304317263494327 
0.014304317263494327 
0.014304317263494327 
0.014304317263494327 
0.014304317263494327 
0.014304317263494327 
0.014304317263494327 
0.014304317263494327 
0.014304317263494327 
0.014304317263494327 
0.014304317263494327 
0.014304317263494327 
0.014304317263494327 
0.014304317263494327 
0.01407281283903406 
0.013955867637323677 
0.013321000089969831 
0.013321000089969831 
0.013228566817915505 
0.012861790645506599 
0.012678564405438169 
0.012290700563537749 
0.011991089757933917 
0.011663201611673963 
0.010839810457747959 
0.010017986969801993 
0.0094046816053473137 
0.0087805306234980517 
0.0078934751974623629 
0.0071449991452747288 
0.0066253018005548014 
0.0060530675506569962 
0.0054379782071123173 
0.0049834611246484164 
0.0047058999285869213 
0.004084652124399909 
0.003573419174168712 
0.0035046845231055846 
0.0032334197457599195 
0.002753000687727299 
0.0023256398812267413 
0.0019472446930854036 
0.0016139668161760233 
0.0013222022694170065 
0.0010685913977723238 
0.0008500188722515425 
0.00066361368990986184 
0.0005067491738480665 
0.00037704297321254935 
0.00027235706319530737 
0.00019079774503394855 
0.00013071564601165674 
9.0705719457261704e-05 
6.9607244745180434e-05 
5.055648794211798e-05 
1.1847321872041177e-05 
2.7237102549716577e-06 
2.7237102549716577e-06 
2.7237102549716577e-06 
2.7237102549716577e-06 
1.8334660435551588e-06 
1.8334660435551588e-06 
1.8334660435551588e-06 
1.6349122779144061e-06 
1.6349122779144061e-06 
1.6349122779144061e-06 
1.6349122779144061e-06 
1.0614192539103664e-06 
1.0614192539103664e-06 
1.7052281079412552e-07 
1.7052281079412552e-07 
1.7052281079412552e-07 
1.7052281079412552e-07 
1.7052281079412552e-07 
1.7052281079412552e-07 
1.7052281079412552e-07 
1.7052281079412552e-07 
1.7052281079412552e-07 
1.7052281079412552e-07 
1.7052281079412552e-07 
1.7052281079412552e-07 
1.7052281079412552e-07 
1.7052281079412552e-07 
1.7052281079412552e-07 
1.7052281079412552e-07 
1.7052281079412552e-07 
1.7052281079412552e-07 
1.7052281079412552e-07 
1.7052281079412552e-07 
1.2579289696795647e-07 
1.2579289696795647e-07 
1.2579289696795647e-07 
1.2579289696795647e-07 
1.2579289696795647e-07 
1.2579289696795647e-07 
1.2579289696795647e-07 
1.2579289696795647e-07 
1.2579289696795647e-07 
1.2579289696795647e-07 
1.2579289696795647e-07 
1.2579289696795647e-07 
1.2579289696795647e-07 
1.2579289696795647e-07 
1.2579289696795647e-07 
5.6051392167898404e-08 
5.6051392167898404e-08 
5.6051392167898404e-08 
5.6051392167898404e-08 
5.6051392167898404e-08 
5.6051392167898404e-08 
5.6051392167898404e-08 
5.6051392167898404e-08 
5.6051392167898404e-08 
5.6051392167898404e-08 
5.6051392167898404e-08 
5.6051392167898404e-08 
5.6051392167898404e-08 
5.6051392167898404e-08 
5.6051392167898404e-08 
5.6051392167898404e-08 
5.6051392167898404e-08 
5.6051392167898404e-08 
5.6051392167898404e-08 
5.6051392167898404e-08 
5.6051392167898404e-08 
5.6051392167898404e-08 
5.6051392167898404e-08 
5.6051392167898404e-08 
5.6051392167898404e-08 
5.6051392167898404e-08 
5.6051392167898404e-08 
5.6051392167898404e-08 
5.6051392167898404e-08 
4.8370240996737828e-08 
4.8370240996737828e-08 
4.8370240996737828e-08 
4.8370240996737828e-08 
4.8370240996737828e-08 
4.8370240996737828e-08 
4.8370240996737828e-08 
4.8370240996737828e-08 
4.8370240996737828e-08 
4.8370240996737828e-08 
4.8370240996737828e-08 
4.8370240996737828e-08 
4.8370240996737828e-08 
1.8292153600577086e-08 
1.8292153600577086e-08 
1.8292153600577086e-08 
1.8292153600577086e-08 
1.8292153600577086e-08 
1.8292153600577086e-08 
1.8292153600577086e-08 
1.8292153600577086e-08 
1.8292153600577086e-08 
1.8292153600577086e-08 
1.8292153600577086e-08 
1.8292153600577086e-08 
1.8292153600577086e-08 
1.8292153600577086e-08 
1.8292153600577086e-08 
1.8292153600577086e-08 
1.8292153600577086e-08 
1.8292153600577086e-08 
1.8292153600577086e-08 
1.8292153600577086e-08 
1.8292153600577086e-08 
1.8292153600577086e-08 
1.8292153600577086e-08 
1.8292153600577086e-08 
1.8292153600577086e-08 
1.8292153600577086e-08 
1.8292153600577086e-08 
1.8292153600577086e-08 
1.8292153600577086e-08 
1.8292153600577086e-08 
1.8292153600577086e-08 
1.8292153600577086e-08 
1.8292153600577086e-08 
1.8292153600577086e-08 
1.8292153600577086e-08 
1.8292153600577086e-08 
1.8292153600577086e-08 
1.8292153600577086e-08 
1.8292153600577086e-08 
1.8292153600577086e-08 
1.8292153600577086e-08 
1.8292153600577086e-08 
1.8292153600577086e-08 
1.8292153600577086e-08 
1.8292153600577086e-08 
1.8292153600577086e-08 
1.8292153600577086e-08 
1.8292153600577086e-08 
1.8292153600577086e-08 
1.8292153600577086e-08 
1.8292153600577086e-08 
1.8292153600577086e-08 
1.8292153600577086e-08 
1.8292153600577086e-08 
1.8292153600577086e-08 
1.8292153600577086e-08 
1.8292153600577086e-08 
1.8292153600577086e-08 
1.8292153600577086e-08 
1.8292153600577086e-08 
1.8292153600577086e-08 
1.8292153600577086e-08 
1.8292153600577086e-08 
1.8292153600577086e-08 
1.8292153600577086e-08 
1.8292153600577086e-08 
1.8292153600577086e-08 
5.255231592626871e-09 
3.0202562425349544e-10 
3.0202562425349544e-10 
3.0202562425349544e-10 
3.0202562425349544e-10 
3.0202562425349544e-10 
3.0202562425349544e-10 
3.0202562425349544e-10 
3.0202562425349544e-10 
3.0202562425349544e-10 
3.0202562425349544e-10 
3.0202562425349544e-10 
3.0202562425349544e-10 
3.0202562425349544e-10 
3.0202562425349544e-10 
3.0202562425349544e-10 
3.0202562425349544e-10 
3.0202562425349544e-10 
3.0202562425349544e-10 
3.0202562425349544e-10 
3.0202562425349544e-10 
3.0202562425349544e-10 
3.0202562425349544e-10 
3.0202562425349544e-10 
3.0202562425349544e-10 
3.0202562425349544e-10 
3.0202562425349544e-10 
3.0202562425349544e-10 
3.0202562425349544e-10 
3.0202562425349544e-10 
3.0202562425349544e-10 
3.0202562425349544e-10 
3.0202562425349544e-10 
3.0202562425349544e-10 
3.0202562425349544e-10 
3.0202562425349544e-10 
3.0202562425349544e-10 
3.0202562425349544e-10 
3.0202562425349544e-10 
3.0202562425349544e-10 
3.0202562425349544e-10 
3.0202562425349544e-10 
3.0202562425349544e-10 
3.0202562425349544e-10 
3.0202562425349544e-10 
3.0202562425349544e-10 
3.0202562425349544e-10 
3.0202562425349544e-10 
3.0202562425349544e-10 
3.0202562425349544e-10 
3.0202562425349544e-10 
3.0202562425349544e-10 
3.0202562425349544e-10 
3.0202562425349544e-10 
3.0202562425349544e-10 
3.0202562425349544e-10 
3.0202562425349544e-10 
3.0202562425349544e-10 
3.0202562425349544e-10 
3.0202562425349544e-10 
3.0202562425349544e-10 
3.0202562425349544e-10 
3.0202562425349544e-10 
3.0202562425349544e-10 
3.0202562425349544e-10 
3.0202562425349544e-10 
3.0202562425349544e-10 
3.0202562425349544e-10 
3.0202562425349544e-10 
3.0202562425349544e-10 
3.0202562425349544e-10 
3.0202562425349544e-10 
3.0202562425349544e-10 
3.0202562425349544e-10 
3.0202562425349544e-10 
3.0202562425349544e-10 
3.0202562425349544e-10 
3.0202562425349544e-10 
3.0202562425349544e-10 
3.0202562425349544e-10 
3.0202562425349544e-10 
3.0202562425349544e-10 
3.0202562425349544e-10 
3.0202562425349544e-10 
3.0202562425349544e-10 
3.0202562425349544e-10 
3.0202562425349544e-10 
3.0202562425349544e-10 
3.0202562425349544e-10 
3.0202562425349544e-10 
3.0202562425349544e-10 
3.0202562425349544e-10 
3.0202562425349544e-10 
3.0202562425349544e-10 
3.0202562425349544e-10 
3.0202562425349544e-10 
3.0202562425349544e-10 
3.0202562425349544e-10 
3.0202562425349544e-10 
3.0202562425349544e-10 
3.0202562425349544e-10 
3.0202562425349544e-10 
3.0202562425349544e-10 
3.0202562425349544e-10 
3.0202562425349544e-10 
3.0202562425349544e-10 
3.0202562425349544e-10 
3.0202562425349544e-10 
3.0202562425349544e-10 
3.0202562425349544e-10 
3.0202562425349544e-10 
3.0202562425349544e-10 
3.0202562425349544e-10 
3.0202562425349544e-10 
3.0202562425349544e-10 
3.0202562425349544e-10 
3.0202562425349544e-10 
3.0202562425349544e-10 
3.0202562425349544e-10 
3.0202562425349544e-10 
3.0202562425349544e-10 
3.0202562425349544e-10 
3.0202562425349544e-10 
3.0202562425349544e-10 
3.0202562425349544e-10 
3.0202562425349544e-10 
3.0202562425349544e-10 
3.0202562425349544e-10 
3.0202562425349544e-10 
3.0202562425349544e-10 
3.0202562425349544e-10 
3.0202562425349544e-10 
3.0202562425349544e-10 
3.0202562425349544e-10 
3.0202562425349544e-10 
3.0202562425349544e-10 
3.0202562425349544e-10 
3.0202562425349544e-10 
3.0202562425349544e-10 
3.0202562425349544e-10 
3.0202562425349544e-10 
3.0202562425349544e-10 
3.0202562425349544e-10 
3.0202562425349544e-10 
3.0202562425349544e-10 
3.0202562425349544e-10 
3.0202562425349544e-10 
3.0202562425349544e-10 
3.0202562425349544e-10 
3.0202562425349544e-10 
3.0202562425349544e-10 
3.0202562425349544e-10 
3.0202562425349544e-10 
3.0202562425349544e-10 
3.0202562425349544e-10 
3.0202562425349544e-10 
3.0202562425349544e-10 
3.0202562425349544e-10 
3.0202562425349544e-10 
3.0202562425349544e-10 
3.0202562425349544e-10 
3.0202562425349544e-10 
3.0202562425349544e-10 
3.0202562425349544e-10 
3.0202562425349544e-10 
3.0202562425349544e-10 
3.0202562425349544e-10 
3.0202562425349544e-10 
3.0202562425349544e-10 
3.0202562425349544e-10 
3.0202562425349544e-10 
3.0202562425349544e-10 
3.0202562425349544e-10 
3.0202562425349544e-10 
3.0202562425349544e-10 
3.0202562425349544e-10 
3.0202562425349544e-10 
3.0202562425349544e-10 
3.0202562425349544e-10 
3.0202562425349544e-10 
3.0202562425349544e-10 
3.0202562425349544e-10 
3.0202562425349544e-10 
3.0202562425349544e-10 
3.0202562425349544e-10 
3.0202562425349544e-10 
3.0202562425349544e-10 
3.0202562425349544e-10 
3.0202562425349544e-10 
3.0202562425349544e-10 
3.0202562425349544e-10 
3.0202562425349544e-10 
3.0202562425349544e-10 
3.0202562425349544e-10 
3.0202562425349544e-10 
3.0202562425349544e-10 
3.0202562425349544e-10 
3.0202562425349544e-10 
3.0202562425349544e-10 
3.0202562425349544e-10 
3.0202562425349544e-10 
3.0202562425349544e-10 
3.0202562425349544e-10 
3.0202562425349544e-10 
3.0202562425349544e-10 
3.0202562425349544e-10 
3.0202562425349544e-10 
3.0202562425349544e-10 
3.0202562425349544e-10 
3.0202562425349544e-10 
3.0202562425349544e-10 
3.0202562425349544e-10 
3.0202562425349544e-10 
3.0202562425349544e-10 
3.0202562425349544e-10 
3.0202562425349544e-10 
3.0202562425349544e-10 
3.0202562425349544e-10 
3.0202562425349544e-10 
3.0202562425349544e-10 
3.0202562425349544e-10 
3.0202562425349544e-10 
3.0202562425349544e-10 
3.0202562425349544e-10 
3.0202562425349544e-10 
3.0202562425349544e-10 
3.0202562425349544e-10 
3.0202562425349544e-10 
3.0202562425349544e-10 
3.0202562425349544e-10 
3.0202562425349544e-10 
3.0202562425349544e-10 
3.0202562425349544e-10 
3.0202562425349544e-10 
3.0202562425349544e-10 
3.0202562425349544e-10 
3.0202562425349544e-10 
3.0202562425349544e-10 
3.0202562425349544e-10 
3.0202562425349544e-10 
3.0202562425349544e-10 
3.0202562425349544e-10 
3.0202562425349544e-10 
3.0202562425349544e-10 
3.0202562425349544e-10 
3.0202562425349544e-10 
3.0202562425349544e-10 
3.0202562425349544e-10 
3.0202562425349544e-10 
3.0202562425349544e-10 
3.0202562425349544e-10 
3.0202562425349544e-10 
3.0202562425349544e-10 
3.0202562425349544e-10 
3.0202562425349544e-10 
3.0202562425349544e-10 
3.0202562425349544e-10 
3.0202562425349544e-10 
3.0202562425349544e-10 
3.0202562425349544e-10 
3.0202562425349544e-10 
3.0202562425349544e-10 
3.0202562425349544e-10 
3.0202562425349544e-10 
3.0202562425349544e-10 
3.0202562425349544e-10 
3.0202562425349544e-10 
3.0202562425349544e-10 
3.0202562425349544e-10 
3.0202562425349544e-10 
3.0202562425349544e-10 
3.0202562425349544e-10 
3.0202562425349544e-10 
3.0202562425349544e-10 
3.0202562425349544e-10 
3.0202562425349544e-10 
3.0202562425349544e-10 
3.0202562425349544e-10 
3.0202562425349544e-10 
3.0202562425349544e-10 
3.0202562425349544e-10 
3.0202562425349544e-10 
3.0202562425349544e-10 
3.0202562425349544e-10 
3.0202562425349544e-10 
3.0202562425349544e-10 
3.0202562425349544e-10 
3.0202562425349544e-10 
3.0202562425349544e-10 
3.0202562425349544e-10 
3.0202562425349544e-10 
3.0202562425349544e-10 
3.0202562425349544e-10 
3.0202562425349544e-10 
3.0202562425349544e-10 
3.0202562425349544e-10 
3.0202562425349544e-10 
3.0202562425349544e-10 
3.0202562425349544e-10 
3.0202562425349544e-10 
3.0202562425349544e-10 
3.0202562425349544e-10 
3.0202562425349544e-10 
3.0202562425349544e-10 
3.0202562425349544e-10 
3.0202562425349544e-10 
3.0202562425349544e-10 
3.0202562425349544e-10 
3.0202562425349544e-10 
3.0202562425349544e-10 
3.0202562425349544e-10 
3.0202562425349544e-10 
3.0202562425349544e-10 
3.0202562425349544e-10 
3.0202562425349544e-10 
3.0202562425349544e-10 
3.0202562425349544e-10 
3.0202562425349544e-10 
3.0202562425349544e-10 
3.0202562425349544e-10 
3.0202562425349544e-10 
3.0202562425349544e-10 
3.0202562425349544e-10 
3.0202562425349544e-10 
3.0202562425349544e-10 
3.0202562425349544e-10 
3.0202562425349544e-10 
3.0202562425349544e-10 
3.0202562425349544e-10 
3.0202562425349544e-10 
3.0202562425349544e-10 
3.0202562425349544e-10 
3.0202562425349544e-10 
3.0202562425349544e-10 
3.0202562425349544e-10 
3.0202562425349544e-10 
3.0202562425349544e-10 
3.0202562425349544e-10 
3.0202562425349544e-10 
3.0202562425349544e-10 
3.0202562425349544e-10 
3.0202562425349544e-10 
3.0202562425349544e-10 
3.0202562425349544e-10 
3.0202562425349544e-10 
3.0202562425349544e-10 
3.0202562425349544e-10 
3.0202562425349544e-10 
3.0202562425349544e-10 
3.0202562425349544e-10 
3.0202562425349544e-10 
3.0202562425349544e-10 
3.0202562425349544e-10 
3.0202562425349544e-10 
3.0202562425349544e-10 
3.0202562425349544e-10 
3.0202562425349544e-10 
3.0202562425349544e-10 
3.0202562425349544e-10 
3.0202562425349544e-10 
3.0202562425349544e-10 
3.0202562425349544e-10 
3.0202562425349544e-10 
3.0202562425349544e-10 
3.0202562425349544e-10 
3.0202562425349544e-10 
3.0202562425349544e-10 
3.0202562425349544e-10 
3.0202562425349544e-10 
3.0202562425349544e-10 
3.0202562425349544e-10 
3.0202562425349544e-10 
3.0202562425349544e-10 
3.0202562425349544e-10 
3.0202562425349544e-10 
3.0202562425349544e-10 
3.0202562425349544e-10 
3.0202562425349544e-10 
3.0202562425349544e-10 
3.0202562425349544e-10 
3.0202562425349544e-10 
3.0202562425349544e-10 
3.0202562425349544e-10 
3.0202562425349544e-10 
3.0202562425349544e-10 
3.0202562425349544e-10 
3.0202562425349544e-10 
3.0202562425349544e-10 
3.0202562425349544e-10 
3.0202562425349544e-10 
3.0202562425349544e-10 
3.0202562425349544e-10 
3.0202562425349544e-10 
3.0202562425349544e-10 
3.0202562425349544e-10 
3.0202562425349544e-10 
3.0202562425349544e-10 
3.0202562425349544e-10 
3.0202562425349544e-10 
3.0202562425349544e-10 
3.0202562425349544e-10 
3.0202562425349544e-10 
3.0202562425349544e-10 
3.0202562425349544e-10 
3.0202562425349544e-10 
3.0202562425349544e-10 
3.0202562425349544e-10 
3.0202562425349544e-10 
3.0202562425349544e-10 
3.0202562425349544e-10 
3.0202562425349544e-10 
3.0202562425349544e-10 
3.0202562425349544e-10 
3.0202562425349544e-10 
3.0202562425349544e-10 
3.0202562425349544e-10 
3.0202562425349544e-10 
3.0202562425349544e-10 
3.0202562425349544e-10 
3.0202562425349544e-10 
3.0202562425349544e-10 
3.0202562425349544e-10 
3.0202562425349544e-10 
3.0202562425349544e-10 
3.0202562425349544e-10 
3.0202562425349544e-10 
3.0202562425349544e-10 
3.0202562425349544e-10 
3.0202562425349544e-10 
3.0202562425349544e-10 
3.0202562425349544e-10 
3.0202562425349544e-10 
3.0202562425349544e-10 
3.0202562425349544e-10 
3.0202562425349544e-10 
3.0202562425349544e-10 
3.0202562425349544e-10 
3.0202562425349544e-10 
3.0202562425349544e-10 
3.0202562425349544e-10 
3.0202562425349544e-10 
3.0202562425349544e-10 
3.0202562425349544e-10 
3.0202562425349544e-10 
3.0202562425349544e-10 
3.0202562425349544e-10 
3.0202562425349544e-10 
3.0202562425349544e-10 
3.0202562425349544e-10 
3.0202562425349544e-10 
3.0202562425349544e-10 
3.0202562425349544e-10 
3.0202562425349544e-10 
3.0202562425349544e-10 
3.0202562425349544e-10 
3.0202562425349544e-10 
3.0202562425349544e-10 
3.0202562425349544e-10 
3.0202562425349544e-10 
3.0202562425349544e-10 
3.0202562425349544e-10 
3.0202562425349544e-10 
3.0202562425349544e-10 
3.0202562425349544e-10 
3.0202562425349544e-10 
3.0202562425349544e-10 
3.0202562425349544e-10 
3.0202562425349544e-10 
3.0202562425349544e-10 
3.0202562425349544e-10 
3.0202562425349544e-10 
3.0202562425349544e-10 
3.0202562425349544e-10 
3.0202562425349544e-10 
3.0202562425349544e-10 
3.0202562425349544e-10 
3.0202562425349544e-10 
3.0202562425349544e-10 
3.0202562425349544e-10 
3.0202562425349544e-10 
3.0202562425349544e-10 
3.0202562425349544e-10 
3.0202562425349544e-10 
3.0202562425349544e-10 
3.0202562425349544e-10 
3.0202562425349544e-10 
3.0202562425349544e-10 
3.0202562425349544e-10 
3.0202562425349544e-10 
3.0202562425349544e-10 
3.0202562425349544e-10 
3.0202562425349544e-10 
3.0202562425349544e-10 
3.0202562425349544e-10 
3.0202562425349544e-10 
3.0202562425349544e-10 
3.0202562425349544e-10 
3.0202562425349544e-10 
3.0202562425349544e-10 
3.0202562425349544e-10 
3.0202562425349544e-10 
3.0202562425349544e-10 
3.0202562425349544e-10 
3.0202562425349544e-10 
3.0202562425349544e-10 
3.0202562425349544e-10 
3.0202562425349544e-10 
3.0202562425349544e-10 
3.0202562425349544e-10 
3.0202562425349544e-10 
3.0202562425349544e-10 
3.0202562425349544e-10 
3.0202562425349544e-10 
3.0202562425349544e-10 
3.0202562425349544e-10 
3.0202562425349544e-10 
3.0202562425349544e-10 
3.0202562425349544e-10 
3.0202562425349544e-10 
3.0202562425349544e-10 
3.0202562425349544e-10 
3.0202562425349544e-10 
3.0202562425349544e-10 
3.0202562425349544e-10 
3.0202562425349544e-10 
3.0202562425349544e-10 
3.0202562425349544e-10 
3.0202562425349544e-10 
3.0202562425349544e-10 
3.0202562425349544e-10 
3.0202562425349544e-10 
3.0202562425349544e-10 
3.0202562425349544e-10 
3.0202562425349544e-10 
3.0202562425349544e-10 
3.0202562425349544e-10 
3.0202562425349544e-10 
3.0202562425349544e-10 
3.0202562425349544e-10 
3.0202562425349544e-10 
3.0202562425349544e-10 
3.0202562425349544e-10 
3.0202562425349544e-10 
3.0202562425349544e-10 
3.0202562425349544e-10 
3.0202562425349544e-10 
3.0202562425349544e-10 
3.0202562425349544e-10 
3.0202562425349544e-10 
3.0202562425349544e-10 
3.0202562425349544e-10 
3.0202562425349544e-10 
3.0202562425349544e-10 
3.0202562425349544e-10 
3.0202562425349544e-10 
3.0202562425349544e-10 
3.0202562425349544e-10 
3.0202562425349544e-10 
3.0202562425349544e-10 
3.0202562425349544e-10 
3.0202562425349544e-10 
3.0202562425349544e-10 
3.0202562425349544e-10 
3.0202562425349544e-10 
3.0202562425349544e-10 
3.0202562425349544e-10 
3.0202562425349544e-10 
3.0202562425349544e-10 
3.0202562425349544e-10 
3.0202562425349544e-10 
3.0202562425349544e-10 
3.0202562425349544e-10 
3.0202562425349544e-10 
3.0202562425349544e-10 
3.0202562425349544e-10 
3.0202562425349544e-10 
3.0202562425349544e-10 
3.0202562425349544e-10 
3.0202562425349544e-10 
3.0202562425349544e-10 
3.0202562425349544e-10 
3.0202562425349544e-10 
3.0202562425349544e-10 
3.0202562425349544e-10 
3.0202562425349544e-10 
3.0202562425349544e-10 
3.0202562425349544e-10 
3.0202562425349544e-10 
3.0202562425349544e-10 
3.0202562425349544e-10 
3.0202562425349544e-10 
3.0202562425349544e-10 
3.0202562425349544e-10 
3.0202562425349544e-10 
3.0202562425349544e-10 
3.0202562425349544e-10 
3.0202562425349544e-10 
3.0202562425349544e-10 
3.0202562425349544e-10 
3.0202562425349544e-10 
3.0202562425349544e-10 
3.0202562425349544e-10 
3.0202562425349544e-10 
3.0202562425349544e-10 
3.0202562425349544e-10 
3.0202562425349544e-10 
3.0202562425349544e-10 
3.0202562425349544e-10 
3.0202562425349544e-10 
3.0202562425349544e-10 
3.0202562425349544e-10 
3.0202562425349544e-10 
3.0202562425349544e-10 
3.0202562425349544e-10 
3.0202562425349544e-10 
3.0202562425349544e-10 
3.0202562425349544e-10 
3.0202562425349544e-10 
3.0202562425349544e-10 
3.0202562425349544e-10 
3.0202562425349544e-10 
3.0202562425349544e-10 
3.0202562425349544e-10 
3.0202562425349544e-10 
3.0202562425349544e-10 
3.0202562425349544e-10 
3.0202562425349544e-10 
3.0202562425349544e-10 
3.0202562425349544e-10 
3.0202562425349544e-10 
3.0202562425349544e-10 
3.0202562425349544e-10 
3.0202562425349544e-10 
3.0202562425349544e-10 
3.0202562425349544e-10 
3.0202562425349544e-10 
3.0202562425349544e-10 
3.0202562425349544e-10 
3.0202562425349544e-10 
3.0202562425349544e-10 
3.0202562425349544e-10 
3.0202562425349544e-10 
3.0202562425349544e-10 
3.0202562425349544e-10 
3.0202562425349544e-10 
3.0202562425349544e-10 
3.0202562425349544e-10 
3.0202562425349544e-10 
3.0202562425349544e-10 
3.0202562425349544e-10 
3.0202562425349544e-10 
3.0202562425349544e-10 
3.0202562425349544e-10 
3.0202562425349544e-10 
3.0202562425349544e-10 
3.0202562425349544e-10 
3.0202562425349544e-10 
3.0202562425349544e-10 
3.0202562425349544e-10 
3.0202562425349544e-10 
3.0202562425349544e-10 
3.0202562425349544e-10 
3.0202562425349544e-10 
3.0202562425349544e-10 
3.0202562425349544e-10 
3.0202562425349544e-10 
3.0202562425349544e-10 
3.0202562425349544e-10 
3.0202562425349544e-10 
3.0202562425349544e-10 
3.0202562425349544e-10 
3.0202562425349544e-10 
3.0202562425349544e-10 
3.0202562425349544e-10 
3.0202562425349544e-10 
3.0202562425349544e-10 
3.0202562425349544e-10 
3.0202562425349544e-10 
3.0202562425349544e-10 
3.0202562425349544e-10 
3.0202562425349544e-10 
3.0202562425349544e-10 
3.0202562425349544e-10 
3.0202562425349544e-10 
3.0202562425349544e-10 
3.0202562425349544e-10 
3.0202562425349544e-10 
3.0202562425349544e-10 
3.0202562425349544e-10 
3.0202562425349544e-10 
3.0202562425349544e-10 
3.0202562425349544e-10 
3.0202562425349544e-10 
3.0202562425349544e-10 
3.0202562425349544e-10 
3.0202562425349544e-10 
3.0202562425349544e-10 
3.0202562425349544e-10 
3.0202562425349544e-10 
3.0202562425349544e-10 
3.0202562425349544e-10 
3.0202562425349544e-10 
