0.38195598738449033 
0.38195598738449033 
0.20651013638512028 
0.062917687623135862 
0.062917687623135862 
0.062917687623135862 
0.062917687623135862 
0.062917687623135862 
0.062917687623135862 
0.062917687623135862 
0.061191523155509631 
0.058873028985047593 
0.058873028985047593 
0.014577369004846264 
0.014577369004846264 
0.014577369004846264 
0.014577369004846264 
0.014577369004846264 
0.014577369004846264 
0.014577369004846264 
0.014577369004846264 
0.014577369004846264 
0.014577369004846264 
0.014577369004846264 
0.014577369004846264 
0.012584172916133805 
0.012584172916133805 
0.012156416997525024 
0.011279407704892453 
0.011279407704892453 
0.0010713195439707216 
0.0010713195439707216 
0.0010713195439707216 
0.0010713195439707216 
0.0010713195439707216 
0.0010713195439707216 
0.0010713195439707216 
0.00042858118609241712 
0.00042858118609241712 
0.00042858118609241712 
0.00042858118609241712 
0.00042858118609241712 
0.00042858118609241712 
0.00042858118609241712 
0.00042858118609241712 
0.00042858118609241712 
0.00017479697209286065 
0.00017479697209286065 
0.00017479697209286065 
0.00017479697209286065 
0.00017479697209286065 
0.00017479697209286065 
0.00017479697209286065 
0.00017479697209286065 
0.00017479697209286065 
6.1565680425672319e-05 
6.1565680425672319e-05 
6.1565680425672319e-05 
6.1565680425672319e-05 
6.1565680425672319e-05 
6.1565680425672319e-05 
6.1565680425672319e-05 
4.9549087367824363e-05 
4.9549087367824363e-05 
4.9549087367824363e-05 
4.9549087367824363e-05 
4.9549087367824363e-05 
4.9549087367824363e-05 
4.9549087367824363e-05 
4.9549087367824363e-05 
4.9549087367824363e-05 
4.9549087367824363e-05 
4.9549087367824363e-05 
4.9549087367824363e-05 
4.9549087367824363e-05 
4.9549087367824363e-05 
4.9549087367824363e-05 
4.9549087367824363e-05 
4.9549087367824363e-05 
4.9549087367824363e-05 
4.9549087367824363e-05 
4.4985213860386889e-05 
4.4985213860386889e-05 
4.4985213860386889e-05 
4.4985213860386889e-05 
1.2129610283408056e-05 
1.2129610283408056e-05 
1.2129610283408056e-05 
1.2129610283408056e-05 
1.2129610283408056e-05 
1.2129610283408056e-05 
1.0987445930439433e-05 
1.0987445930439433e-05 
1.0987445930439433e-05 
1.0987445930439433e-05 
1.0987445930439433e-05 
1.0987445930439433e-05 
9.9440577996594813e-06 
9.9440577996594813e-06 
9.9440577996594813e-06 
9.9440577996594813e-06 
9.9440577996594813e-06 
9.9440577996594813e-06 
9.9440577996594813e-06 
5.741032333237431e-06 
5.741032333237431e-06 
5.741032333237431e-06 
5.741032333237431e-06 
5.741032333237431e-06 
5.741032333237431e-06 
3.1794477691787963e-06 
3.1794477691787963e-06 
3.1794477691787963e-06 
3.1794477691787963e-06 
3.1794477691787963e-06 
3.1794477691787963e-06 
3.5439102460671445e-08 
3.5439102460671445e-08 
3.5439102460671445e-08 
3.5439102460671445e-08 
3.5439102460671445e-08 
3.5439102460671445e-08 
3.5439102460671445e-08 
3.5439102460671445e-08 
3.5439102460671445e-08 
3.5439102460671445e-08 
3.5439102460671445e-08 
3.5439102460671445e-08 
3.5439102460671445e-08 
3.5439102460671445e-08 
3.5439102460671445e-08 
3.5439102460671445e-08 
3.5439102460671445e-08 
3.5439102460671445e-08 
3.5439102460671445e-08 
3.5439102460671445e-08 
3.5439102460671445e-08 
3.5439102460671445e-08 
3.5439102460671445e-08 
3.5439102460671445e-08 
3.5439102460671445e-08 
1.1218665684604482e-08 
1.1218665684604482e-08 
1.1218665684604482e-08 
1.1218665684604482e-08 
1.1218665684604482e-08 
1.1218665684604482e-08 
1.1218665684604482e-08 
1.1218665684604482e-08 
1.1218665684604482e-08 
1.1218665684604482e-08 
1.1218665684604482e-08 
1.1218665684604482e-08 
1.1218665684604482e-08 
1.1218665684604482e-08 
1.1218665684604482e-08 
1.1218665684604482e-08 
1.1218665684604482e-08 
1.1218665684604482e-08 
1.1218665684604482e-08 
1.1218665684604482e-08 
1.1218665684604482e-08 
1.1218665684604482e-08 
1.1218665684604482e-08 
1.1218665684604482e-08 
1.1218665684604482e-08 
1.1218665684604482e-08 
1.1218665684604482e-08 
1.1218665684604482e-08 
1.1218665684604482e-08 
1.1218665684604482e-08 
1.1218665684604482e-08 
1.1218665684604482e-08 
1.1218665684604482e-08 
1.1218665684604482e-08 
1.1218665684604482e-08 
1.1218665684604482e-08 
1.1218665684604482e-08 
1.1218665684604482e-08 
1.1218665684604482e-08 
1.1218665684604482e-08 
1.1218665684604482e-08 
1.1218665684604482e-08 
1.1218665684604482e-08 
1.1218665684604482e-08 
1.1218665684604482e-08 
1.1218665684604482e-08 
1.1218665684604482e-08 
1.1218665684604482e-08 
1.1218665684604482e-08 
1.1218665684604482e-08 
1.1218665684604482e-08 
1.1218665684604482e-08 
1.1218665684604482e-08 
1.1218665684604482e-08 
1.1218665684604482e-08 
1.1218665684604482e-08 
1.1218665684604482e-08 
1.1218665684604482e-08 
1.1218665684604482e-08 
1.1218665684604482e-08 
1.1218665684604482e-08 
1.1218665684604482e-08 
1.1218665684604482e-08 
1.1218665684604482e-08 
1.1218665684604482e-08 
1.1218665684604482e-08 
1.1218665684604482e-08 
1.1218665684604482e-08 
1.1218665684604482e-08 
1.1218665684604482e-08 
1.1218665684604482e-08 
1.1218665684604482e-08 
1.1218665684604482e-08 
1.1218665684604482e-08 
1.1218665684604482e-08 
1.1218665684604482e-08 
1.1218665684604482e-08 
1.1218665684604482e-08 
1.1218665684604482e-08 
1.1218665684604482e-08 
1.1218665684604482e-08 
1.1218665684604482e-08 
1.1218665684604482e-08 
1.1218665684604482e-08 
1.1218665684604482e-08 
1.1218665684604482e-08 
1.1218665684604482e-08 
1.1218665684604482e-08 
1.1218665684604482e-08 
1.1218665684604482e-08 
1.1218665684604482e-08 
1.1218665684604482e-08 
1.1218665684604482e-08 
1.1218665684604482e-08 
1.1218665684604482e-08 
1.1218665684604482e-08 
1.1218665684604482e-08 
1.1218665684604482e-08 
1.1218665684604482e-08 
1.1218665684604482e-08 
1.1218665684604482e-08 
1.1218665684604482e-08 
1.1218665684604482e-08 
1.1218665684604482e-08 
1.1218665684604482e-08 
1.1218665684604482e-08 
1.1218665684604482e-08 
1.1218665684604482e-08 
1.1218665684604482e-08 
1.1218665684604482e-08 
1.1218665684604482e-08 
1.1218665684604482e-08 
1.1218665684604482e-08 
1.1218665684604482e-08 
1.1218665684604482e-08 
1.1218665684604482e-08 
1.1218665684604482e-08 
1.1218665684604482e-08 
1.1218665684604482e-08 
1.1218665684604482e-08 
1.1218665684604482e-08 
1.1218665684604482e-08 
1.1218665684604482e-08 
1.1218665684604482e-08 
1.0584135542477568e-08 
1.0584135542477568e-08 
1.0584135542477568e-08 
1.0584135542477568e-08 
1.0584135542477568e-08 
1.0584135542477568e-08 
1.0584135542477568e-08 
1.0565288895293567e-08 
1.0565288895293567e-08 
1.0565288895293567e-08 
1.0565288895293567e-08 
1.0565288895293567e-08 
1.0565288895293567e-08 
1.0565288895293567e-08 
1.0558237260879316e-08 
1.0558237260879316e-08 
1.0558237260879316e-08 
1.0558237260879316e-08 
1.0558237260879316e-08 
1.0558237260879316e-08 
1.0558237260879316e-08 
1.0555388056145555e-08 
1.0555388056145555e-08 
1.0555388056145555e-08 
1.0555388056145555e-08 
1.0555388056145555e-08 
1.0555388056145555e-08 
1.0555388056145555e-08 
1.0554155042489095e-08 
1.0554155042489095e-08 
1.0554155042489095e-08 
1.0554155042489095e-08 
1.0553397852817836e-08 
1.0553397852817836e-08 
1.0553397852817836e-08 
1.0553397852817836e-08 
1.0551485440408314e-08 
1.0551485440408314e-08 
1.0551485440408314e-08 
1.0551485440408314e-08 
1.0551403024014606e-08 
1.0551403024014606e-08 
1.0551403024014606e-08 
1.0551403024014606e-08 
1.0550462967226645e-08 
1.0550462967226645e-08 
1.0550462967226645e-08 
1.0550462967226645e-08 
1.0550462967226645e-08 
1.0550462967226645e-08 
1.0550462967226645e-08 
1.0550417240317499e-08 
1.0550417240317499e-08 
1.0550417240317499e-08 
1.0550417240317499e-08 
1.0549973785874149e-08 
1.0549973785874149e-08 
1.0549973785874149e-08 
1.0549973785874149e-08 
1.0549973785874149e-08 
1.0549973785874149e-08 
1.0549973785874149e-08 
1.0549970931939628e-08 
1.0549970931939628e-08 
1.0549970931939628e-08 
1.0549970931939628e-08 
1.0549970931939628e-08 
1.0549970931939628e-08 
1.0549970931939628e-08 
1.0549970181837083e-08 
1.0549970181837083e-08 
1.0549970181837083e-08 
1.0549970181837083e-08 
1.0549941584687968e-08 
1.0549941584687968e-08 
1.0549941584687968e-08 
1.0549941584687968e-08 
1.0549941584687968e-08 
1.0549941584687968e-08 
1.0549941584687968e-08 
1.0549941584687968e-08 
1.0549941584687968e-08 
1.0549941584687968e-08 
1.0549941584687968e-08 
1.0549941584687968e-08 
1.0549941584687968e-08 
1.0549941584687968e-08 
1.0549941584687968e-08 
1.0549941584687968e-08 
1.0549941584687968e-08 
1.0549941584687968e-08 
1.0549939597441114e-08 
1.0549939597441114e-08 
1.0549939597441114e-08 
1.0549939597441114e-08 
1.0549939597441114e-08 
1.0549939597441114e-08 
1.0549939597441114e-08 
1.0549939597441114e-08 
1.0549939597441114e-08 
1.0549939597441114e-08 
1.0549939597441114e-08 
1.0549939597441114e-08 
1.0549939597441114e-08 
1.0549939597441114e-08 
1.0549939597441114e-08 
1.0549939597441114e-08 
1.0549939597441114e-08 
1.0549939597441114e-08 
1.0549939553126801e-08 
1.0549939553126801e-08 
1.0549939553126801e-08 
1.0549939553126801e-08 
1.0549939553021861e-08 
1.0549939553021861e-08 
1.0549939553021861e-08 
1.0549939553021861e-08 
1.0549939538631916e-08 
1.0549939538631916e-08 
1.0549939538631916e-08 
1.0549939538631916e-08 
1.0549939538631916e-08 
1.0549939538631916e-08 
1.0549939538631916e-08 
1.0549939538631916e-08 
1.0549939538631916e-08 
1.0549939538631916e-08 
1.0549939538631916e-08 
1.0549939534217017e-08 
1.0549939534217017e-08 
1.0549939534217017e-08 
1.0549939534217017e-08 
1.0549939534217017e-08 
1.0549939534217017e-08 
1.0549939534217017e-08 
1.0549939534217017e-08 
1.0549939534217017e-08 
1.0549939534217017e-08 
1.0549939534217017e-08 
1.0549939534076929e-08 
1.0549939534076929e-08 
1.0549939534076929e-08 
1.0549939534076929e-08 
1.0549939533864227e-08 
1.0549939533864227e-08 
1.0549939533864227e-08 
1.0549939533864227e-08 
1.0549939533864227e-08 
1.0549939533864227e-08 
1.0549939533864227e-08 
1.0549939533864227e-08 
1.0549939533864227e-08 
1.0549939533864227e-08 
1.0549939533864227e-08 
1.0549939533864227e-08 
1.0549939533864227e-08 
1.054993953384818e-08 
1.054993953381419e-08 
1.054993953381419e-08 
1.0549939533709981e-08 
1.0549939533584468e-08 
1.0549939533584468e-08 
1.0549939533584468e-08 
1.0549939533584468e-08 
1.0549939533584468e-08 
1.0549939533584468e-08 
1.0378622991941384e-08 
1.0378622991941384e-08 
1.0378622991941384e-08 
1.0378622991941384e-08 
1.0249876722702188e-08 
1.0249876722702188e-08 
1.0249876722702188e-08 
1.0249876722702188e-08 
9.9622214536086139e-09 
9.9622214536086139e-09 
9.9622214536086139e-09 
9.9622214536086139e-09 
9.9622214536086139e-09 
9.9622214536086139e-09 
9.9622214536086139e-09 
9.9622214536086139e-09 
9.9622214536086139e-09 
9.9622214536086139e-09 
9.9622214536086139e-09 
9.8538128966021125e-09 
9.8538128966021125e-09 
9.8538128966021125e-09 
9.8538128966021125e-09 
9.8538128966021125e-09 
9.8538128966021125e-09 
9.8538128966021125e-09 
9.8538128966021125e-09 
9.8538128966021125e-09 
9.8538128966021125e-09 
9.8538128966021125e-09 
9.8538128966021125e-09 
9.8538128966021125e-09 
9.8538128966021125e-09 
9.8538128966021125e-09 
9.8538128966021125e-09 
9.8538128966021125e-09 
9.8538128966021125e-09 
9.8535493449202735e-09 
9.8535493449202735e-09 
9.8535493449202735e-09 
9.8535493449202735e-09 
9.8526416346526991e-09 
9.8526416346526991e-09 
9.8526416346526991e-09 
9.8526416346526991e-09 
9.8526416346526991e-09 
4.9710665557704078e-09 
4.9710665557704078e-09 
4.9710665557704078e-09 
4.9710665557704078e-09 
4.9710665557704078e-09 
4.9710665557704078e-09 
4.9710665557704078e-09 
4.9710665557704078e-09 
4.9710665557704078e-09 
4.9710665557704078e-09 
4.9710665557704078e-09 
4.9710665557704078e-09 
4.9710665557704078e-09 
4.9710665557704078e-09 
4.9710665557704078e-09 
4.9710665557704078e-09 
4.9710665557704078e-09 
4.9710665557704078e-09 
4.9710665557704078e-09 
4.9710665557704078e-09 
4.9710665557704078e-09 
4.9710665557704078e-09 
4.9710665557704078e-09 
4.9710665557704078e-09 
4.9710665557704078e-09 
4.9710665557704078e-09 
4.9710665557704078e-09 
4.9710665557704078e-09 
4.9710665557704078e-09 
4.9710665557704078e-09 
4.9710665557704078e-09 
4.9710665557704078e-09 
4.9710665557704078e-09 
4.9710665557704078e-09 
4.9710665557704078e-09 
4.9710665557704078e-09 
4.9710665557704078e-09 
4.9710665557704078e-09 
4.9710665557704078e-09 
4.9710665557704078e-09 
4.9710665557704078e-09 
4.9710665557704078e-09 
4.9710665557704078e-09 
4.7919140661306133e-09 
4.7919140661306133e-09 
4.7919140661306133e-09 
4.7919140661306133e-09 
1.3181018712787584e-09 
1.3181018712787584e-09 
1.3181018712787584e-09 
1.3181018712787584e-09 
1.3181018712787584e-09 
1.3181018712787584e-09 
1.3181018712787584e-09 
1.3181018712787584e-09 
1.3181018712787584e-09 
1.3181018712787584e-09 
1.3181018712787584e-09 
1.3181018712787584e-09 
1.3181018712787584e-09 
1.3181018712787584e-09 
1.3181018712787584e-09 
1.3181018712787584e-09 
1.3181018712787584e-09 
1.3181018712787584e-09 
1.3181018712787584e-09 
1.3181018712787584e-09 
1.3181018712787584e-09 
1.3181018712787584e-09 
1.3012870557757105e-09 
1.7343267470704152e-10 
1.7343267470704152e-10 
1.7343267470704152e-10 
1.7343267470704152e-10 
1.7343267470704152e-10 
1.7343267470704152e-10 
1.7343267470704152e-10 
1.7343267470704152e-10 
1.7343267470704152e-10 
1.7343267470704152e-10 
1.7343267470704152e-10 
1.7343267470704152e-10 
1.7343267470704152e-10 
1.7343267470704152e-10 
1.7343267470704152e-10 
1.7343267470704152e-10 
1.7343267470704152e-10 
1.7343267470704152e-10 
1.7343267470704152e-10 
1.7343267470704152e-10 
1.7343267470704152e-10 
1.0292742053196088e-10 
1.0292742053196088e-10 
1.0292742053196088e-10 
1.0292742053196088e-10 
1.0292742053196088e-10 
1.0292742053196088e-10 
1.0292742053196088e-10 
1.0292742053196088e-10 
1.0292742053196088e-10 
1.0292742053196088e-10 
1.0292742053196088e-10 
9.5915824238259872e-11 
9.5915824238259872e-11 
9.5915824238259872e-11 
9.5915824238259872e-11 
9.5458491731539612e-11 
9.5458491731539612e-11 
9.5458491731539612e-11 
9.5458491731539612e-11 
9.4742419311891999e-11 
9.4742419311891999e-11 
9.4742419311891999e-11 
9.4742419311891999e-11 
9.4742419311891999e-11 
9.4742419311891999e-11 
9.4742419311891999e-11 
9.4742419311891999e-11 
9.4742419311891999e-11 
9.4742419311891999e-11 
9.4742419311891999e-11 
9.4609283851972834e-11 
9.4609283851972834e-11 
9.4609283851972834e-11 
9.4609283851972834e-11 
9.4609283851972834e-11 
9.4609283851972834e-11 
9.4609283851972834e-11 
9.4609283851972834e-11 
9.4609283851972834e-11 
9.4609283851972834e-11 
9.4609283851972834e-11 
9.4609283851972834e-11 
9.4609283851972834e-11 
9.4609283851972834e-11 
9.4609283851972834e-11 
9.4609283851972834e-11 
9.4609283851972834e-11 
9.4609283851972834e-11 
9.4609177557006267e-11 
9.4609177557006267e-11 
9.4609177557006267e-11 
9.4609177557006267e-11 
9.4608789814892188e-11 
9.4608789814892188e-11 
9.4608789814892188e-11 
9.4608789814892188e-11 
9.4608789814892188e-11 
9.4608789814892188e-11 
9.4608789814892188e-11 
9.4608781961318558e-11 
9.4608781961318558e-11 
9.4608781961318558e-11 
9.4608781961318558e-11 
9.4608781961318558e-11 
9.4608781961318558e-11 
9.4608781961318558e-11 
9.4608780607569127e-11 
9.4608780607569127e-11 
9.4608780607569127e-11 
9.4608780607569127e-11 
9.4608780607569127e-11 
9.4608780607569127e-11 
9.4608780607569127e-11 
9.4608780363346933e-11 
9.4608780363346933e-11 
9.4608780363346933e-11 
9.4608780363346933e-11 
9.4608780363346933e-11 
9.4608780363346933e-11 
9.4608780363346933e-11 
9.4608780313455431e-11 
9.4608780313455431e-11 
9.4608780313455431e-11 
9.4608780313455431e-11 
9.4608780313455431e-11 
9.4608780313455431e-11 
9.4608780313455431e-11 
9.4608780313455431e-11 
9.4608780313455431e-11 
9.4608780313455431e-11 
9.4608780313455431e-11 
9.4608780313455431e-11 
9.4608780313455431e-11 
9.4608780313455431e-11 
9.4608780313455431e-11 
9.4608780313455431e-11 
9.4608780313455431e-11 
9.4608780313455431e-11 
9.4608780313455431e-11 
9.4608780313455431e-11 
9.4608780313455431e-11 
9.4608780313455431e-11 
9.4608780313455431e-11 
9.4608780313455431e-11 
9.4608780313455431e-11 
9.4608780313455431e-11 
9.4608780313455431e-11 
4.6757044969724242e-11 
4.6757044969724242e-11 
4.6757044969724242e-11 
4.6757044969724242e-11 
4.6757044969724242e-11 
4.6757044969724242e-11 
4.6757044969724242e-11 
4.6757044969724242e-11 
4.6757044969724242e-11 
4.6757044969724242e-11 
4.6757044969724242e-11 
4.6757044969724242e-11 
4.6757044969724242e-11 
4.6757044969724242e-11 
4.6757044969724242e-11 
4.6757044969724242e-11 
4.6757044969724242e-11 
4.6757044969724242e-11 
4.6757044969724242e-11 
4.6757044969724242e-11 
4.6757044969724242e-11 
4.6757044969724242e-11 
4.6757044969724242e-11 
4.6757044969724242e-11 
4.6757044969724242e-11 
4.6757044969724242e-11 
4.6757044969724242e-11 
4.6757044969724242e-11 
4.6757044969724242e-11 
4.6757044969724242e-11 
4.6757044969724242e-11 
4.6757044969724242e-11 
4.6757044969724242e-11 
4.6757044969724242e-11 
4.6757044969724242e-11 
4.6757044969724242e-11 
4.6757044969724242e-11 
4.6757044969724242e-11 
4.6757044969724242e-11 
4.6757044969724242e-11 
4.6757044969724242e-11 
4.6757044969724242e-11 
4.6757044969724242e-11 
4.6757044969724242e-11 
4.6757044969724242e-11 
4.6757044969724242e-11 
4.6757044969724242e-11 
4.6757044969724242e-11 
4.6757044969724242e-11 
4.6757044969724242e-11 
4.6757044969724242e-11 
4.6757044969724242e-11 
4.6757044969724242e-11 
4.6757044969724242e-11 
4.6757044969724242e-11 
4.6757044969724242e-11 
4.6757044969724242e-11 
4.6757044969724242e-11 
4.6757044969724242e-11 
4.6757044969724242e-11 
4.6757044969724242e-11 
4.6757044969724242e-11 
4.6757044969724242e-11 
4.6757044969724242e-11 
4.6757044969724242e-11 
4.6757044969724242e-11 
4.6757044969724242e-11 
4.6757044969724242e-11 
4.6757044969724242e-11 
4.6757044969724242e-11 
4.6757044969724242e-11 
4.6757044969724242e-11 
4.6757044969724242e-11 
4.6757044969724242e-11 
4.6757044969724242e-11 
4.6757044969724242e-11 
4.6757044969724242e-11 
4.6757044969724242e-11 
4.6757044969724242e-11 
4.6757044969724242e-11 
4.6757044969724242e-11 
4.6757044969724242e-11 
4.6757044969724242e-11 
4.6757044969724242e-11 
4.6757044969724242e-11 
4.6757044969724242e-11 
4.6757044969724242e-11 
4.6757044969724242e-11 
4.6757044969724242e-11 
4.6757044969724242e-11 
4.6757044969724242e-11 
4.6757044969724242e-11 
4.6757044969724242e-11 
4.6757044969724242e-11 
4.6757044969724242e-11 
4.6757044969724242e-11 
4.6757044969724242e-11 
4.6757044969724242e-11 
4.6757044969724242e-11 
4.6757044969724242e-11 
4.6757044969724242e-11 
4.6757044969724242e-11 
4.6757044969724242e-11 
4.6757044969724242e-11 
4.6757044969724242e-11 
4.6757044969724242e-11 
4.6757044969724242e-11 
4.6757044969724242e-11 
4.6757044969724242e-11 
4.6757044969724242e-11 
4.6757044969724242e-11 
4.6757044969724242e-11 
4.6757044969724242e-11 
4.6757044969724242e-11 
3.8176491154211981e-11 
3.8176491154211981e-11 
3.8176491154211981e-11 
3.745792979068002e-11 
3.745792979068002e-11 
3.745792979068002e-11 
3.745792979068002e-11 
3.745792979068002e-11 
3.745792979068002e-11 
3.745792979068002e-11 
3.7438369506861064e-11 
3.7438369506861064e-11 
3.7438369506861064e-11 
3.7438369506861064e-11 
3.7438369506861064e-11 
3.7438369506861064e-11 
3.7438369506861064e-11 
3.7438369506861064e-11 
3.7438369506861064e-11 
3.7438369506861064e-11 
3.7438369506861064e-11 
3.7438369506861064e-11 
3.7438369506861064e-11 
3.7438369506861064e-11 
3.7438369506861064e-11 
3.7438369506861064e-11 
3.7438369506861064e-11 
3.7438317944586124e-11 
3.7438317944586124e-11 
3.7438317944586124e-11 
3.7438317944586124e-11 
3.7438317944586124e-11 
3.7438317944586124e-11 
3.7438317944586124e-11 
3.7438317944586124e-11 
3.7438317944586124e-11 
3.7438317944586124e-11 
3.7438317944586124e-11 
3.7438317944586124e-11 
3.7438317944586124e-11 
3.7438317944586124e-11 
3.7438317944586124e-11 
3.7438317944586124e-11 
3.7438317944586124e-11 
3.7438317944586124e-11 
3.7438317944586124e-11 
3.7438317944586124e-11 
3.7438317944586124e-11 
3.7438317944586124e-11 
3.7438317944586124e-11 
3.7438317944586124e-11 
3.7438317944586124e-11 
3.7438317944586124e-11 
3.7438317944586124e-11 
3.7438317944586124e-11 
3.7438317944586124e-11 
3.7438317944586124e-11 
3.7438317944586124e-11 
3.7438317944586124e-11 
3.7438317944586124e-11 
3.7438317944586124e-11 
3.7438317944586124e-11 
3.7438317944586124e-11 
3.7438317944586124e-11 
3.7438317944586124e-11 
3.7438317944586124e-11 
3.7438317944586124e-11 
3.7438317944586124e-11 
3.7438317944586124e-11 
3.7438317944586124e-11 
3.7438317944586124e-11 
3.7438317944586124e-11 
3.7438317944586124e-11 
3.7438317944586124e-11 
3.7438317944586124e-11 
3.7438317944586124e-11 
3.7438317944586124e-11 
3.7438317944586124e-11 
3.7438317944586124e-11 
3.7438317944586124e-11 
3.7438317944586124e-11 
3.7438317944586124e-11 
3.7438317944586124e-11 
3.7438317944586124e-11 
3.7438317944586124e-11 
3.7438317944586124e-11 
3.7438317944586124e-11 
3.7438317944586124e-11 
3.7438317944586124e-11 
3.7438317944586124e-11 
3.7438317944586124e-11 
3.7438317944586124e-11 
3.7438317944586124e-11 
3.7438317944586124e-11 
3.7438317944586124e-11 
3.7438317944586124e-11 
3.7438317944586124e-11 
3.7438317944586124e-11 
3.7438317944586124e-11 
3.7438317944586124e-11 
3.7438317944586124e-11 
3.7438317944586124e-11 
3.7438317944586124e-11 
3.7438317944586124e-11 
3.7438317944586124e-11 
3.7438317944586124e-11 
3.7438317944586124e-11 
3.7438317944586124e-11 
3.7438317944586124e-11 
3.7438317944586124e-11 
3.7438317944586124e-11 
3.7438317944586124e-11 
3.7438317944586124e-11 
3.7438317944586124e-11 
3.7438317944586124e-11 
3.7438317944586124e-11 
3.7438317944586124e-11 
3.7438317944586124e-11 
3.7438317944586124e-11 
3.7438317944586124e-11 
3.7438317944586124e-11 
3.7438317944586124e-11 
3.7438317944586124e-11 
3.7438317944586124e-11 
3.7438317944586124e-11 
3.7438317944586124e-11 
3.7438317944586124e-11 
3.7438317944586124e-11 
3.7438317944586124e-11 
3.7438317944586124e-11 
3.7438317944586124e-11 
3.7438317944586124e-11 
3.7438317944586124e-11 
3.7438317944586124e-11 
3.7438317944586124e-11 
3.7438317944586124e-11 
3.7438317944586124e-11 
3.7438317944586124e-11 
3.7438317944586124e-11 
3.7438317944586124e-11 
3.7438317944586124e-11 
3.7438317944586124e-11 
3.7438317944586124e-11 
3.7438317944586124e-11 
3.7438317944586124e-11 
3.7438317944586124e-11 
3.7438317944586124e-11 
3.7438317944586124e-11 
3.7438317944586124e-11 
3.7438317944586124e-11 
3.7438317944586124e-11 
3.7438317944586124e-11 
3.7438317944586124e-11 
3.7438317944586124e-11 
3.7438317944586124e-11 
3.7438317944586124e-11 
3.7438317944586124e-11 
3.7438317944586124e-11 
3.7438317944586124e-11 
3.7438317944586124e-11 
8.220472338885463e-12 
8.220472338885463e-12 
8.220472338885463e-12 
8.220472338885463e-12 
1.5477445226524135e-13 
1.5477445226524135e-13 
1.5477445226524135e-13 
1.5477445226524135e-13 
1.5477445226524135e-13 
1.5477445226524135e-13 
1.5477445226524135e-13 
3.9336398813673804e-14 
3.9336398813673804e-14 
3.9336398813673804e-14 
3.9336398813673804e-14 
3.9336398813673804e-14 
3.9336398813673804e-14 
3.9336398813673804e-14 
3.9336398813673804e-14 
3.9336398813673804e-14 
3.9336398813673804e-14 
3.9336398813673804e-14 
3.9336398813673804e-14 
3.9336398813673804e-14 
3.9336398813673804e-14 
3.9336398813673804e-14 
3.9336398813673804e-14 
3.9336398813673804e-14 
3.9336398813673804e-14 
3.9336398813673804e-14 
3.9336398813673804e-14 
3.9336398813673804e-14 
3.9336398813673804e-14 
3.9336398813673804e-14 
3.9336398813673804e-14 
3.9336398813673804e-14 
3.9336398813673804e-14 
3.9336398813673804e-14 
3.9336398813673804e-14 
3.9336398813673804e-14 
3.9336398813673804e-14 
3.9336398813673804e-14 
3.9336398813673804e-14 
3.9336398813673804e-14 
3.9336398813673804e-14 
3.9336398813673804e-14 
3.9336398813673804e-14 
3.9336398813673804e-14 
3.9336398813673804e-14 
3.9336398813673804e-14 
3.9336398813673804e-14 
