0.51390209343793558 
0.51390209343793558 
0.51390209343793558 
0.50433263594683675 
0.47489371625138532 
0.44765987749078384 
0.42265654839799971 
0.39990624922689233 
0.37942857084783421 
0.36124015800267761 
0.32774043426048893 
0.29010499365543763 
0.25474453472073677 
0.22171216983607156 
0.19105715503116161 
0.16282479592812193 
0.13705636148603895 
0.11378900572180695 
0.093055697565021966 
0.074885158988176936 
0.059301811536533355 
0.046325731364949552 
0.035972612871609799 
0.028253741001089572 
0.02271357740266633 
0.018812265797086947 
0.017542295022363374 
0.017542295022363374 
0.017542295022363374 
0.017542295022363374 
0.017542295022363374 
0.017542295022363374 
0.017542295022363374 
0.017542295022363374 
0.015600275225420845 
0.0097245439370537978 
0.0064980531473370906 
0.0059230791960200868 
0.0059230791960200868 
0.0034023961733149477 
0.0029734293526370026 
0.0029734293526370026 
0.0029734293526370026 
0.0026521106716800302 
0.0015386673335712198 
0.00076099791085204593 
0.00031924101074543021 
8.4966609732450848e-06 
8.4966609732450848e-06 
8.4966609732450848e-06 
8.4966609732450848e-06 
8.4966609732450848e-06 
8.4966609732450848e-06 
8.4966609732450848e-06 
8.4966609732450848e-06 
8.4966609732450848e-06 
8.4966609732450848e-06 
8.4966609732450848e-06 
8.4966609732450848e-06 
8.4966609732450848e-06 
8.4966609732450848e-06 
8.4966609732450848e-06 
7.1425145674597346e-06 
7.1425145674597346e-06 
7.1425145674597346e-06 
7.1425145674597346e-06 
7.1425145674597346e-06 
7.1425145674597346e-06 
7.1425145674597346e-06 
7.1425145674597346e-06 
7.1425145674597346e-06 
7.1425145674597346e-06 
7.1425145674597346e-06 
7.1425145674597346e-06 
7.1425145674597346e-06 
7.1425145674597346e-06 
7.1425145674597346e-06 
7.1425145674597346e-06 
7.1425145674597346e-06 
7.1425145674597346e-06 
6.0701418777009408e-06 
9.7994171555093601e-08 
9.7994171555093601e-08 
9.7994171555093601e-08 
9.7994171555093601e-08 
9.7994171555093601e-08 
9.7994171555093601e-08 
9.7994171555093601e-08 
9.7994171555093601e-08 
9.7994171555093601e-08 
9.7994171555093601e-08 
9.7994171555093601e-08 
9.7994171555093601e-08 
9.7994171555093601e-08 
9.7994171555093601e-08 
9.7994171555093601e-08 
9.7994171555093601e-08 
4.4777868635215157e-08 
4.4777868635215157e-08 
4.4777868635215157e-08 
4.4777868635215157e-08 
4.4777868635215157e-08 
4.4777868635215157e-08 
4.4777868635215157e-08 
4.4777868635215157e-08 
4.4777868635215157e-08 
4.4777868635215157e-08 
4.4777868635215157e-08 
4.4777868635215157e-08 
4.4777868635215157e-08 
4.4777868635215157e-08 
4.4777868635215157e-08 
4.4777868635215157e-08 
4.4777868635215157e-08 
4.4777868635215157e-08 
4.4777868635215157e-08 
4.4777868635215157e-08 
4.4777868635215157e-08 
4.4777868635215157e-08 
4.4777868635215157e-08 
4.4777868635215157e-08 
4.4777868635215157e-08 
4.4777868635215157e-08 
4.4777868635215157e-08 
4.4777868635215157e-08 
4.4777868635215157e-08 
4.4777868635215157e-08 
4.4777868635215157e-08 
4.4777868635215157e-08 
4.4777868635215157e-08 
4.4777868635215157e-08 
4.4777868635215157e-08 
4.4777868635215157e-08 
4.4777868635215157e-08 
4.4777868635215157e-08 
4.4777868635215157e-08 
4.4777868635215157e-08 
4.4777868635215157e-08 
4.4777868635215157e-08 
4.4777868635215157e-08 
4.4777868635215157e-08 
4.4777868635215157e-08 
4.4777868635215157e-08 
4.4777868635215157e-08 
4.4777868635215157e-08 
4.4777868635215157e-08 
4.4777868635215157e-08 
4.4777868635215157e-08 
4.4777868635215157e-08 
4.4777868635215157e-08 
4.4777868635215157e-08 
4.4777868635215157e-08 
4.4777868635215157e-08 
4.4777868635215157e-08 
4.4777868635215157e-08 
4.4777868635215157e-08 
4.4777868635215157e-08 
4.4777868635215157e-08 
4.4777868635215157e-08 
4.4777868635215157e-08 
4.4777868635215157e-08 
4.4777868635215157e-08 
4.4777868635215157e-08 
4.4777868635215157e-08 
4.4777868635215157e-08 
4.4777868635215157e-08 
4.4777868635215157e-08 
4.4777868635215157e-08 
4.4777868635215157e-08 
4.4777868635215157e-08 
4.4777868635215157e-08 
4.4777868635215157e-08 
4.4777868635215157e-08 
4.4777868635215157e-08 
4.4777868635215157e-08 
4.4777868635215157e-08 
4.4777868635215157e-08 
4.4777868635215157e-08 
4.4777868635215157e-08 
4.4777868635215157e-08 
4.4777868635215157e-08 
4.4777868635215157e-08 
6.4830847357200128e-09 
6.4830847357200128e-09 
6.4830847357200128e-09 
6.4830847357200128e-09 
6.4830847357200128e-09 
6.4830847357200128e-09 
6.4830847357200128e-09 
6.4830847357200128e-09 
6.4830847357200128e-09 
6.4830847357200128e-09 
6.4830847357200128e-09 
6.4830847357200128e-09 
6.4830847357200128e-09 
6.4830847357200128e-09 
6.4830847357200128e-09 
6.4830847357200128e-09 
6.4830847357200128e-09 
6.4830847357200128e-09 
6.4830847357200128e-09 
6.4830847357200128e-09 
6.4830847357200128e-09 
6.4830847357200128e-09 
6.4830847357200128e-09 
6.4830847357200128e-09 
6.4830847357200128e-09 
6.4830847357200128e-09 
6.4830847357200128e-09 
6.4830847357200128e-09 
6.4830847357200128e-09 
6.4830847357200128e-09 
6.4830847357200128e-09 
6.4830847357200128e-09 
6.4830847357200128e-09 
6.4830847357200128e-09 
6.4830847357200128e-09 
6.4830847357200128e-09 
6.4830847357200128e-09 
6.4830847357200128e-09 
6.4830847357200128e-09 
6.4830847357200128e-09 
6.4830847357200128e-09 
6.4830847357200128e-09 
6.4830847357200128e-09 
6.4830847357200128e-09 
6.4830847357200128e-09 
6.4830847357200128e-09 
6.4830847357200128e-09 
6.4830847357200128e-09 
6.4830847357200128e-09 
6.4830847357200128e-09 
6.4830847357200128e-09 
6.4830847357200128e-09 
6.4830847357200128e-09 
6.4830847357200128e-09 
6.4830847357200128e-09 
6.4830847357200128e-09 
6.4830847357200128e-09 
6.4830847357200128e-09 
6.4830847357200128e-09 
6.4830847357200128e-09 
6.4830847357200128e-09 
6.4830847357200128e-09 
6.4830847357200128e-09 
6.4830847357200128e-09 
6.4830847357200128e-09 
6.4830847357200128e-09 
6.4830847357200128e-09 
6.4830847357200128e-09 
6.4830847357200128e-09 
6.4830847357200128e-09 
6.4830847357200128e-09 
6.4830847357200128e-09 
6.4830847357200128e-09 
6.4830847357200128e-09 
6.4830847357200128e-09 
6.4830847357200128e-09 
6.4830847357200128e-09 
6.4830847357200128e-09 
6.4830847357200128e-09 
6.4830847357200128e-09 
6.4830847357200128e-09 
6.4830847357200128e-09 
6.4830847357200128e-09 
6.4830847357200128e-09 
6.4830847357200128e-09 
6.4830847357200128e-09 
6.4830847357200128e-09 
6.4830847357200128e-09 
6.4830847357200128e-09 
6.4830847357200128e-09 
6.4830847357200128e-09 
6.4830847357200128e-09 
6.4830847357200128e-09 
6.4830847357200128e-09 
6.4830847357200128e-09 
6.4830847357200128e-09 
6.4830847357200128e-09 
6.4830847357200128e-09 
6.4830847357200128e-09 
6.4830847357200128e-09 
6.4830847357200128e-09 
6.4830847357200128e-09 
6.4830847357200128e-09 
6.4830847357200128e-09 
6.4830847357200128e-09 
6.4830847357200128e-09 
6.4830847357200128e-09 
6.4830847357200128e-09 
6.4830847357200128e-09 
6.4830847357200128e-09 
6.4830847357200128e-09 
6.4830847357200128e-09 
6.4830847357200128e-09 
6.4830847357200128e-09 
6.4830847357200128e-09 
6.4830847357200128e-09 
6.4830847357200128e-09 
6.4830847357200128e-09 
6.4830847357200128e-09 
6.4830847357200128e-09 
6.4830847357200128e-09 
6.4830847357200128e-09 
6.4830847357200128e-09 
6.4830847357200128e-09 
6.4830847357200128e-09 
6.4830847357200128e-09 
6.4830847357200128e-09 
6.4830847357200128e-09 
6.4830847357200128e-09 
6.4830847357200128e-09 
6.4830847357200128e-09 
6.4830847357200128e-09 
6.4830847357200128e-09 
6.4830847357200128e-09 
6.4830847357200128e-09 
6.4830847357200128e-09 
6.4830847357200128e-09 
6.4830847357200128e-09 
6.4830847357200128e-09 
6.4830847357200128e-09 
6.4830847357200128e-09 
6.4830847357200128e-09 
6.4830847357200128e-09 
6.4830847357200128e-09 
6.4830847357200128e-09 
6.4830847357200128e-09 
6.4830847357200128e-09 
6.4830847357200128e-09 
6.4830847357200128e-09 
6.4830847357200128e-09 
6.4830847357200128e-09 
6.4830847357200128e-09 
6.4830847357200128e-09 
6.4830847357200128e-09 
6.4830847357200128e-09 
6.4830847357200128e-09 
6.4830847357200128e-09 
6.4830847357200128e-09 
6.4830847357200128e-09 
6.4830847357200128e-09 
6.4830847357200128e-09 
6.4830847357200128e-09 
6.4830847357200128e-09 
6.4830847357200128e-09 
6.4830847357200128e-09 
6.4830847357200128e-09 
6.4830847357200128e-09 
6.4830847357200128e-09 
6.4830847357200128e-09 
6.4830847357200128e-09 
6.4830847357200128e-09 
6.4830847357200128e-09 
6.4830847357200128e-09 
6.4830847357200128e-09 
6.4830847357200128e-09 
6.4830847357200128e-09 
6.4830847357200128e-09 
6.4830847357200128e-09 
6.4830847357200128e-09 
6.4830847357200128e-09 
6.4830847357200128e-09 
6.4830847357200128e-09 
6.4830847357200128e-09 
6.4830847357200128e-09 
6.4830847357200128e-09 
6.4830847357200128e-09 
6.4830847357200128e-09 
6.4830847357200128e-09 
6.4830847357200128e-09 
6.4830847357200128e-09 
6.4830847357200128e-09 
6.4830847357200128e-09 
6.4830847357200128e-09 
6.4830847357200128e-09 
6.4830847357200128e-09 
6.4830847357200128e-09 
6.4830847357200128e-09 
6.4830847357200128e-09 
6.4830847357200128e-09 
6.4830847357200128e-09 
6.4830847357200128e-09 
6.4830847357200128e-09 
6.4830847357200128e-09 
6.4830847357200128e-09 
6.4830847357200128e-09 
6.4830847357200128e-09 
6.4830847357200128e-09 
6.4830847357200128e-09 
6.4830847357200128e-09 
6.4830847357200128e-09 
6.4830847357200128e-09 
6.4830847357200128e-09 
6.4830847357200128e-09 
6.4830847357200128e-09 
6.4830847357200128e-09 
6.4830847357200128e-09 
6.4830847357200128e-09 
6.4830847357200128e-09 
6.4830847357200128e-09 
6.4830847357200128e-09 
6.4830847357200128e-09 
6.4830847357200128e-09 
6.4830847357200128e-09 
6.4830847357200128e-09 
6.4830847357200128e-09 
6.4830847357200128e-09 
6.4830847357200128e-09 
6.4830847357200128e-09 
6.4830847357200128e-09 
6.4830847357200128e-09 
1.8067991547354723e-11 
1.8067991547354723e-11 
1.8067991547354723e-11 
1.8067991547354723e-11 
1.8067991547354723e-11 
1.8067991547354723e-11 
1.8067991547354723e-11 
1.8067991547354723e-11 
1.8067991547354723e-11 
1.8067991547354723e-11 
1.8067991547354723e-11 
1.8067991547354723e-11 
1.8067991547354723e-11 
1.8067991547354723e-11 
1.8067991547354723e-11 
1.8067991547354723e-11 
1.8067991547354723e-11 
1.8067991547354723e-11 
1.8067991547354723e-11 
1.8067991547354723e-11 
1.8067991547354723e-11 
1.8067991547354723e-11 
1.8067991547354723e-11 
1.8067991547354723e-11 
1.8067991547354723e-11 
1.8067991547354723e-11 
1.8067991547354723e-11 
1.8067991547354723e-11 
1.8067991547354723e-11 
1.8067991547354723e-11 
1.8067991547354723e-11 
1.8067991547354723e-11 
1.8067991547354723e-11 
1.8067991547354723e-11 
1.8067991547354723e-11 
1.8067991547354723e-11 
1.8067991547354723e-11 
1.8067991547354723e-11 
1.8067991547354723e-11 
1.8067991547354723e-11 
1.8067991547354723e-11 
1.8067991547354723e-11 
1.8067991547354723e-11 
1.8067991547354723e-11 
1.8067991547354723e-11 
1.8067991547354723e-11 
1.8067991547354723e-11 
1.8067991547354723e-11 
1.8067991547354723e-11 
1.8067991547354723e-11 
1.8067991547354723e-11 
1.8067991547354723e-11 
1.8067991547354723e-11 
1.8067991547354723e-11 
1.8067991547354723e-11 
1.8067991547354723e-11 
1.8067991547354723e-11 
1.8067991547354723e-11 
1.8067991547354723e-11 
1.8067991547354723e-11 
1.8067991547354723e-11 
1.8067991547354723e-11 
1.8067991547354723e-11 
1.8067991547354723e-11 
1.8067991547354723e-11 
1.8067991547354723e-11 
1.8067991547354723e-11 
1.8067991547354723e-11 
1.8067991547354723e-11 
1.8067991547354723e-11 
1.8067991547354723e-11 
1.8067991547354723e-11 
1.8067991547354723e-11 
1.8067991547354723e-11 
1.8067991547354723e-11 
1.8067991547354723e-11 
1.8067991547354723e-11 
1.8067991547354723e-11 
1.8067991547354723e-11 
1.8067991547354723e-11 
1.8067991547354723e-11 
1.8067991547354723e-11 
1.8067991547354723e-11 
1.8067991547354723e-11 
1.8067991547354723e-11 
1.8067991547354723e-11 
1.8067991547354723e-11 
1.8067991547354723e-11 
1.8067991547354723e-11 
1.8067991547354723e-11 
1.8067991547354723e-11 
1.8067991547354723e-11 
1.8067991547354723e-11 
1.8067991547354723e-11 
1.8067991547354723e-11 
1.8067991547354723e-11 
1.8067991547354723e-11 
1.8067991547354723e-11 
1.8067991547354723e-11 
1.8067991547354723e-11 
1.8067991547354723e-11 
1.8067991547354723e-11 
1.8067991547354723e-11 
1.8067991547354723e-11 
1.8067991547354723e-11 
1.8067991547354723e-11 
1.8067991547354723e-11 
1.8067991547354723e-11 
1.8067991547354723e-11 
1.8067991547354723e-11 
1.8067991547354723e-11 
1.8067991547354723e-11 
1.8067991547354723e-11 
1.8067991547354723e-11 
1.8067991547354723e-11 
1.8067991547354723e-11 
1.8067991547354723e-11 
1.8067991547354723e-11 
1.8067991547354723e-11 
1.8067991547354723e-11 
1.8067991547354723e-11 
1.8067991547354723e-11 
1.8067991547354723e-11 
1.8067991547354723e-11 
1.8067991547354723e-11 
1.8067991547354723e-11 
1.8067991547354723e-11 
1.8067991547354723e-11 
1.8067991547354723e-11 
1.8067991547354723e-11 
1.8067991547354723e-11 
1.8067991547354723e-11 
1.8067991547354723e-11 
1.8067991547354723e-11 
1.8067991547354723e-11 
1.8067991547354723e-11 
1.8067991547354723e-11 
1.8067991547354723e-11 
1.8067991547354723e-11 
1.8067991547354723e-11 
1.8067991547354723e-11 
1.8067991547354723e-11 
1.8067991547354723e-11 
1.8067991547354723e-11 
1.8067991547354723e-11 
1.8067991547354723e-11 
1.8067991547354723e-11 
1.8067991547354723e-11 
1.8067991547354723e-11 
1.8067991547354723e-11 
1.8067991547354723e-11 
1.8067991547354723e-11 
1.8067991547354723e-11 
1.8067991547354723e-11 
1.8067991547354723e-11 
1.8067991547354723e-11 
1.8067991547354723e-11 
1.8067991547354723e-11 
1.8067991547354723e-11 
1.8067991547354723e-11 
1.8067991547354723e-11 
1.8067991547354723e-11 
1.8067991547354723e-11 
1.8067991547354723e-11 
1.8067991547354723e-11 
1.8067991547354723e-11 
1.8067991547354723e-11 
1.8067991547354723e-11 
1.8067991547354723e-11 
1.8067991547354723e-11 
1.8067991547354723e-11 
1.8067991547354723e-11 
1.8067991547354723e-11 
1.8067991547354723e-11 
1.8067991547354723e-11 
1.8067991547354723e-11 
1.8067991547354723e-11 
1.8067991547354723e-11 
1.8067991547354723e-11 
1.8067991547354723e-11 
1.8067991547354723e-11 
1.8067991547354723e-11 
1.8067991547354723e-11 
1.8067991547354723e-11 
1.8067991547354723e-11 
1.8067991547354723e-11 
1.8067991547354723e-11 
1.8067991547354723e-11 
1.8067991547354723e-11 
1.8067991547354723e-11 
1.8067991547354723e-11 
1.8067991547354723e-11 
1.8067991547354723e-11 
1.8067991547354723e-11 
1.8067991547354723e-11 
1.8067991547354723e-11 
1.8067991547354723e-11 
1.8067991547354723e-11 
1.8067991547354723e-11 
1.8067991547354723e-11 
1.8067991547354723e-11 
1.8067991547354723e-11 
1.8067991547354723e-11 
1.8067991547354723e-11 
1.8067991547354723e-11 
1.8067991547354723e-11 
1.8067991547354723e-11 
1.8067991547354723e-11 
1.8067991547354723e-11 
1.8067991547354723e-11 
1.8067991547354723e-11 
1.8067991547354723e-11 
1.8067991547354723e-11 
1.8067991547354723e-11 
1.8067991547354723e-11 
1.8067991547354723e-11 
1.8067991547354723e-11 
1.8067991547354723e-11 
1.8067991547354723e-11 
1.8067991547354723e-11 
1.8067991547354723e-11 
1.8067991547354723e-11 
1.8067991547354723e-11 
1.8067991547354723e-11 
1.8067991547354723e-11 
1.8067991547354723e-11 
1.8067991547354723e-11 
1.8067991547354723e-11 
1.8067991547354723e-11 
1.8067991547354723e-11 
1.8067991547354723e-11 
1.8067991547354723e-11 
1.8067991547354723e-11 
1.8067991547354723e-11 
1.8067991547354723e-11 
1.8067991547354723e-11 
1.8067991547354723e-11 
1.8067991547354723e-11 
1.8067991547354723e-11 
1.8067991547354723e-11 
1.8067991547354723e-11 
1.8067991547354723e-11 
1.8067991547354723e-11 
1.8067991547354723e-11 
1.8067991547354723e-11 
1.8067991547354723e-11 
1.8067991547354723e-11 
1.8067991547354723e-11 
1.8067991547354723e-11 
1.8067991547354723e-11 
1.8067991547354723e-11 
1.8067991547354723e-11 
1.8067991547354723e-11 
1.8067991547354723e-11 
1.8067991547354723e-11 
1.8067991547354723e-11 
1.8067991547354723e-11 
1.8067991547354723e-11 
1.8067991547354723e-11 
1.8067991547354723e-11 
1.8067991547354723e-11 
1.8067991547354723e-11 
1.8067991547354723e-11 
1.8067991547354723e-11 
1.8067991547354723e-11 
1.8067991547354723e-11 
1.8067991547354723e-11 
1.8067991547354723e-11 
1.8067991547354723e-11 
1.8067991547354723e-11 
1.8067991547354723e-11 
1.8067991547354723e-11 
1.8067991547354723e-11 
1.8067991547354723e-11 
1.8067991547354723e-11 
1.8067991547354723e-11 
1.8067991547354723e-11 
1.8067991547354723e-11 
1.8067991547354723e-11 
1.8067991547354723e-11 
1.8067991547354723e-11 
1.8067991547354723e-11 
1.8067991547354723e-11 
1.8067991547354723e-11 
1.8067991547354723e-11 
1.8067991547354723e-11 
1.8067991547354723e-11 
1.8067991547354723e-11 
1.8067991547354723e-11 
1.8067991547354723e-11 
1.8067991547354723e-11 
1.8067991547354723e-11 
1.8067991547354723e-11 
1.8067991547354723e-11 
1.8067991547354723e-11 
1.8067991547354723e-11 
1.8067991547354723e-11 
1.8067991547354723e-11 
1.8067991547354723e-11 
1.8067991547354723e-11 
1.8067991547354723e-11 
1.8067991547354723e-11 
1.8067991547354723e-11 
1.8067991547354723e-11 
1.8067991547354723e-11 
1.8067991547354723e-11 
1.8067991547354723e-11 
1.8067991547354723e-11 
1.8067991547354723e-11 
1.8067991547354723e-11 
1.8067991547354723e-11 
1.8067991547354723e-11 
1.8067991547354723e-11 
1.8067991547354723e-11 
1.8067991547354723e-11 
1.8067991547354723e-11 
1.8067991547354723e-11 
1.8067991547354723e-11 
1.8067991547354723e-11 
1.8067991547354723e-11 
1.8067991547354723e-11 
1.8067991547354723e-11 
1.8067991547354723e-11 
1.8067991547354723e-11 
1.8067991547354723e-11 
1.8067991547354723e-11 
1.8067991547354723e-11 
1.8067991547354723e-11 
1.8067991547354723e-11 
1.8067991547354723e-11 
1.8067991547354723e-11 
1.8067991547354723e-11 
1.8067991547354723e-11 
1.8067991547354723e-11 
1.8067991547354723e-11 
1.8067991547354723e-11 
1.8067991547354723e-11 
1.8067991547354723e-11 
1.8067991547354723e-11 
1.8067991547354723e-11 
1.8067991547354723e-11 
1.8067991547354723e-11 
1.8067991547354723e-11 
1.8067991547354723e-11 
1.8067991547354723e-11 
1.8067991547354723e-11 
1.8067991547354723e-11 
1.8067991547354723e-11 
1.8067991547354723e-11 
1.8067991547354723e-11 
1.8067991547354723e-11 
1.8067991547354723e-11 
1.8067991547354723e-11 
1.8067991547354723e-11 
1.8067991547354723e-11 
1.8067991547354723e-11 
1.8067991547354723e-11 
1.8067991547354723e-11 
1.8067991547354723e-11 
1.8067991547354723e-11 
1.8067991547354723e-11 
1.8067991547354723e-11 
1.8067991547354723e-11 
1.8067991547354723e-11 
1.8067991547354723e-11 
1.8067991547354723e-11 
1.8067991547354723e-11 
1.8067991547354723e-11 
1.8067991547354723e-11 
1.8067991547354723e-11 
1.8067991547354723e-11 
1.8067991547354723e-11 
1.8067991547354723e-11 
1.8067991547354723e-11 
1.8067991547354723e-11 
1.8067991547354723e-11 
1.8067991547354723e-11 
1.8067991547354723e-11 
1.8067991547354723e-11 
1.8067991547354723e-11 
1.8067991547354723e-11 
1.8067991547354723e-11 
1.8067991547354723e-11 
1.8067991547354723e-11 
1.8067991547354723e-11 
1.8067991547354723e-11 
1.8067991547354723e-11 
1.8067991547354723e-11 
1.8067991547354723e-11 
1.8067991547354723e-11 
1.8067991547354723e-11 
1.8067991547354723e-11 
1.8067991547354723e-11 
1.8067991547354723e-11 
1.8067991547354723e-11 
1.8067991547354723e-11 
1.8067991547354723e-11 
1.8067991547354723e-11 
1.8067991547354723e-11 
1.8067991547354723e-11 
1.8067991547354723e-11 
1.8067991547354723e-11 
1.8067991547354723e-11 
1.8067991547354723e-11 
1.8067991547354723e-11 
1.8067991547354723e-11 
1.8067991547354723e-11 
1.8067991547354723e-11 
1.8067991547354723e-11 
1.8067991547354723e-11 
1.8067991547354723e-11 
1.8067991547354723e-11 
1.8067991547354723e-11 
1.8067991547354723e-11 
1.8067991547354723e-11 
1.8067991547354723e-11 
1.8067991547354723e-11 
1.8067991547354723e-11 
1.8067991547354723e-11 
1.8067991547354723e-11 
1.8067991547354723e-11 
1.8067991547354723e-11 
1.8067991547354723e-11 
1.8067991547354723e-11 
1.8067991547354723e-11 
1.8067991547354723e-11 
1.8067991547354723e-11 
1.8067991547354723e-11 
1.8067991547354723e-11 
1.8067991547354723e-11 
1.8067991547354723e-11 
1.8067991547354723e-11 
1.8067991547354723e-11 
1.8067991547354723e-11 
1.8067991547354723e-11 
1.8067991547354723e-11 
1.8067991547354723e-11 
1.8067991547354723e-11 
1.8067991547354723e-11 
1.8067991547354723e-11 
1.8067991547354723e-11 
1.8067991547354723e-11 
1.8067991547354723e-11 
1.8067991547354723e-11 
1.8067991547354723e-11 
1.8067991547354723e-11 
1.8067991547354723e-11 
1.8067991547354723e-11 
1.8067991547354723e-11 
1.8067991547354723e-11 
1.8067991547354723e-11 
1.8067991547354723e-11 
1.8067991547354723e-11 
1.8067991547354723e-11 
1.8067991547354723e-11 
1.8067991547354723e-11 
1.8067991547354723e-11 
1.8067991547354723e-11 
1.8067991547354723e-11 
1.8067991547354723e-11 
1.8067991547354723e-11 
1.8067991547354723e-11 
1.8067991547354723e-11 
1.8067991547354723e-11 
1.8067991547354723e-11 
1.8067991547354723e-11 
1.8067991547354723e-11 
1.8067991547354723e-11 
1.8067991547354723e-11 
1.8067991547354723e-11 
1.8067991547354723e-11 
1.8067991547354723e-11 
1.8067991547354723e-11 
1.8067991547354723e-11 
1.8067991547354723e-11 
1.8067991547354723e-11 
1.8067991547354723e-11 
1.8067991547354723e-11 
1.8067991547354723e-11 
1.8067991547354723e-11 
1.8067991547354723e-11 
1.8067991547354723e-11 
1.8067991547354723e-11 
1.8067991547354723e-11 
1.8067991547354723e-11 
1.8067991547354723e-11 
1.8067991547354723e-11 
1.8067991547354723e-11 
1.8067991547354723e-11 
1.8067991547354723e-11 
1.8067991547354723e-11 
1.8067991547354723e-11 
1.8067991547354723e-11 
1.8067991547354723e-11 
1.8067991547354723e-11 
1.8067991547354723e-11 
1.8067991547354723e-11 
1.8067991547354723e-11 
1.8067991547354723e-11 
1.8067991547354723e-11 
1.8067991547354723e-11 
1.8067991547354723e-11 
1.8067991547354723e-11 
1.8067991547354723e-11 
1.8067991547354723e-11 
1.8067991547354723e-11 
1.8067991547354723e-11 
1.8067991547354723e-11 
1.8067991547354723e-11 
1.8067991547354723e-11 
1.8067991547354723e-11 
1.8067991547354723e-11 
1.8067991547354723e-11 
1.8067991547354723e-11 
1.8067991547354723e-11 
1.8067991547354723e-11 
1.8067991547354723e-11 
1.8067991547354723e-11 
1.8067991547354723e-11 
1.8067991547354723e-11 
1.8067991547354723e-11 
1.8067991547354723e-11 
1.8067991547354723e-11 
1.8067991547354723e-11 
1.8067991547354723e-11 
1.8067991547354723e-11 
1.8067991547354723e-11 
1.8067991547354723e-11 
1.8067991547354723e-11 
1.8067991547354723e-11 
1.8067991547354723e-11 
1.8067991547354723e-11 
1.8067991547354723e-11 
1.8067991547354723e-11 
1.8067991547354723e-11 
1.8067991547354723e-11 
1.8067991547354723e-11 
1.8067991547354723e-11 
1.8067991547354723e-11 
1.8067991547354723e-11 
1.8067991547354723e-11 
1.8067991547354723e-11 
1.8067991547354723e-11 
1.8067991547354723e-11 
1.8067991547354723e-11 
1.8067991547354723e-11 
1.8067991547354723e-11 
1.8067991547354723e-11 
1.8067991547354723e-11 
1.8067991547354723e-11 
1.8067991547354723e-11 
1.8067991547354723e-11 
1.8067991547354723e-11 
1.8067991547354723e-11 
1.8067991547354723e-11 
1.8067991547354723e-11 
1.8067991547354723e-11 
1.8067991547354723e-11 
1.8067991547354723e-11 
1.8067991547354723e-11 
1.8067991547354723e-11 
1.8067991547354723e-11 
1.8067991547354723e-11 
1.8067991547354723e-11 
1.8067991547354723e-11 
1.8067991547354723e-11 
1.8067991547354723e-11 
1.8067991547354723e-11 
1.8067991547354723e-11 
1.8067991547354723e-11 
1.8067991547354723e-11 
1.8067991547354723e-11 
1.8067991547354723e-11 
1.8067991547354723e-11 
1.8067991547354723e-11 
1.8067991547354723e-11 
1.8067991547354723e-11 
1.8067991547354723e-11 
1.8067991547354723e-11 
1.8067991547354723e-11 
1.8067991547354723e-11 
1.8067991547354723e-11 
1.8067991547354723e-11 
1.8067991547354723e-11 
1.8067991547354723e-11 
1.8067991547354723e-11 
1.8067991547354723e-11 
1.8067991547354723e-11 
