0.53041779952726531 
0.070903396121368756 
0.070903396121368756 
0.015015956588160906 
0.015015956588160906 
0.015015956588160906 
0.015015956588160906 
0.015015956588160906 
0.0065818033601588999 
0.0065818033601588999 
0.0017021597661133203 
0.0017021597661133203 
0.0017021597661133203 
0.0017021597661133203 
0.0017021597661133203 
0.0017021597661133203 
0.0017021597661133203 
0.0017021597661133203 
0.0017021597661133203 
0.0017021597661133203 
0.0017021597661133203 
0.0017021597661133203 
0.00071117196619607803 
0.00071117196619607803 
0.00071117196619607803 
0.00071117196619607803 
0.00071117196619607803 
0.00071117196619607803 
0.00071117196619607803 
0.00071117196619607803 
0.00071117196619607803 
0.00071117196619607803 
0.00071117196619607803 
0.00071117196619607803 
0.00071117196619607803 
0.00071117196619607803 
9.1708521554156874e-05 
9.1708521554156874e-05 
9.1708521554156874e-05 
9.1708521554156874e-05 
9.1708521554156874e-05 
9.1708521554156874e-05 
9.1708521554156874e-05 
9.1708521554156874e-05 
9.1708521554156874e-05 
9.1708521554156874e-05 
9.1708521554156874e-05 
9.1708521554156874e-05 
9.1708521554156874e-05 
9.1708521554156874e-05 
9.1708521554156874e-05 
9.1708521554156874e-05 
9.1708521554156874e-05 
9.1708521554156874e-05 
9.1708521554156874e-05 
9.1708521554156874e-05 
9.1708521554156874e-05 
9.1708521554156874e-05 
7.7418969194220644e-05 
7.7418969194220644e-05 
7.7418969194220644e-05 
7.7418969194220644e-05 
7.7418969194220644e-05 
7.7418969194220644e-05 
7.7418969194220644e-05 
3.3907726126436444e-05 
3.3907726126436444e-05 
3.3907726126436444e-05 
3.3907726126436444e-05 
3.3907726126436444e-05 
3.3907726126436444e-05 
3.3907726126436444e-05 
3.3907726126436444e-05 
3.3907726126436444e-05 
3.3907726126436444e-05 
3.3907726126436444e-05 
3.3907726126436444e-05 
3.3907726126436444e-05 
3.3907726126436444e-05 
3.3907726126436444e-05 
2.1734631341474575e-05 
2.1734631341474575e-05 
2.1734631341474575e-05 
2.1734631341474575e-05 
2.1734631341474575e-05 
2.1734631341474575e-05 
2.1734631341474575e-05 
2.1734631341474575e-05 
2.1734631341474575e-05 
2.1734631341474575e-05 
2.3766056543861325e-06 
2.3766056543861325e-06 
2.3766056543861325e-06 
2.3766056543861325e-06 
2.3766056543861325e-06 
2.3766056543861325e-06 
2.3766056543861325e-06 
2.3766056543861325e-06 
2.3766056543861325e-06 
2.3766056543861325e-06 
2.3766056543861325e-06 
2.3766056543861325e-06 
2.3766056543861325e-06 
2.3766056543861325e-06 
2.5189771735156796e-07 
2.5189771735156796e-07 
2.5189771735156796e-07 
2.5189771735156796e-07 
2.5189771735156796e-07 
2.5189771735156796e-07 
2.5189771735156796e-07 
2.5189771735156796e-07 
2.5189771735156796e-07 
2.5189771735156796e-07 
2.5189771735156796e-07 
2.5189771735156796e-07 
2.5189771735156796e-07 
2.5189771735156796e-07 
2.5189771735156796e-07 
2.5189771735156796e-07 
2.5189771735156796e-07 
2.5189771735156796e-07 
2.5189771735156796e-07 
2.5189771735156796e-07 
2.5189771735156796e-07 
2.5189771735156796e-07 
2.5189771735156796e-07 
2.5189771735156796e-07 
2.5189771735156796e-07 
2.5189771735156796e-07 
2.5189771735156796e-07 
2.5189771735156796e-07 
2.5189771735156796e-07 
2.5189771735156796e-07 
1.1241188890842579e-07 
1.1241188890842579e-07 
1.8834861115202273e-08 
1.8834861115202273e-08 
1.8834861115202273e-08 
1.8834861115202273e-08 
1.8834861115202273e-08 
1.8834861115202273e-08 
1.8834861115202273e-08 
1.8834861115202273e-08 
1.8834861115202273e-08 
1.8834861115202273e-08 
1.8834861115202273e-08 
1.8834861115202273e-08 
1.8834861115202273e-08 
1.8834861115202273e-08 
1.8834861115202273e-08 
1.8834861115202273e-08 
1.8834861115202273e-08 
1.8834861115202273e-08 
1.8834861115202273e-08 
1.8834861115202273e-08 
1.8834861115202273e-08 
1.8834861115202273e-08 
1.8834861115202273e-08 
1.8834861115202273e-08 
1.8834861115202273e-08 
1.8834861115202273e-08 
1.8834861115202273e-08 
1.8834861115202273e-08 
1.8834861115202273e-08 
1.8834861115202273e-08 
1.8834861115202273e-08 
1.8834861115202273e-08 
1.8834861115202273e-08 
1.8834861115202273e-08 
1.8834861115202273e-08 
1.8834861115202273e-08 
1.8834861115202273e-08 
1.8834861115202273e-08 
1.8834861115202273e-08 
1.8834861115202273e-08 
1.8834861115202273e-08 
1.8834861115202273e-08 
1.8834861115202273e-08 
1.8834861115202273e-08 
1.8834861115202273e-08 
1.4007175752617229e-08 
1.4007175752617229e-08 
1.4007175752617229e-08 
1.4007175752617229e-08 
1.4007175752617229e-08 
1.4007175752617229e-08 
1.4007175752617229e-08 
9.1475379493388687e-09 
9.1475379493388687e-09 
9.1475379493388687e-09 
9.1475379493388687e-09 
9.1475379493388687e-09 
9.1475379493388687e-09 
9.1475379493388687e-09 
9.1475379493388687e-09 
9.1475379493388687e-09 
9.1475379493388687e-09 
9.1475379493388687e-09 
9.1475379493388687e-09 
9.1475379493388687e-09 
9.1475379493388687e-09 
9.1475379493388687e-09 
9.1475379493388687e-09 
9.1475379493388687e-09 
9.1475379493388687e-09 
9.1475379493388687e-09 
9.1475379493388687e-09 
9.1475379493388687e-09 
9.1475379493388687e-09 
9.1475379493388687e-09 
9.1475379493388687e-09 
9.1475379493388687e-09 
9.1475379493388687e-09 
9.1475379493388687e-09 
9.1475379493388687e-09 
9.1475379493388687e-09 
9.1475379493388687e-09 
9.1475379493388687e-09 
9.1475379493388687e-09 
9.1475379493388687e-09 
9.1475379493388687e-09 
9.1475379493388687e-09 
9.1475379493388687e-09 
9.1475379493388687e-09 
9.1475379493388687e-09 
7.9508439831954547e-09 
7.9508439831954547e-09 
7.9508439831954547e-09 
7.9508439831954547e-09 
3.8784271350067456e-09 
3.8784271350067456e-09 
3.8784271350067456e-09 
3.8784271350067456e-09 
3.8784271350067456e-09 
3.8784271350067456e-09 
3.8784271350067456e-09 
3.1154905322239301e-09 
3.1154905322239301e-09 
3.1154905322239301e-09 
3.1154905322239301e-09 
2.8624462800053152e-09 
2.8624462800053152e-09 
2.8624462800053152e-09 
2.8624462800053152e-09 
2.508790841737607e-09 
2.508790841737607e-09 
2.508790841737607e-09 
2.508790841737607e-09 
2.4101756146421849e-09 
2.4101756146421849e-09 
2.4101756146421849e-09 
2.4101756146421849e-09 
2.2221970930047519e-09 
2.2221970930047519e-09 
2.2221970930047519e-09 
2.2221970930047519e-09 
2.1921270354496869e-09 
2.1921270354496869e-09 
2.1921270354496869e-09 
2.1921270354496869e-09 
2.0913141218770193e-09 
2.0913141218770193e-09 
2.0913141218770193e-09 
2.0913141218770193e-09 
2.0887238605382663e-09 
2.0887238605382663e-09 
2.0887238605382663e-09 
2.0887238605382663e-09 
2.0338533079922172e-09 
2.0338533079922172e-09 
2.0338533079922172e-09 
2.0338533079922172e-09 
2.0338533079922172e-09 
2.0338533079922172e-09 
2.0338533079922172e-09 
2.0252335364290275e-09 
2.0252335364290275e-09 
2.0252335364290275e-09 
2.0252335364290275e-09 
2.0015905599635175e-09 
2.0015905599635175e-09 
2.0015905599635175e-09 
2.0015905599635175e-09 
2.0015905599635175e-09 
2.0015905599635175e-09 
2.0015905599635175e-09 
2.000320131756439e-09 
2.000320131756439e-09 
2.000320131756439e-09 
2.000320131756439e-09 
1.9991232003135906e-09 
1.9991232003135906e-09 
1.9991232003135906e-09 
1.9991232003135906e-09 
1.9979056187224842e-09 
1.9979056187224842e-09 
1.9979056187224842e-09 
1.9979056187224842e-09 
1.9974817355716823e-09 
1.9974817355716823e-09 
1.9974817355716823e-09 
1.9974817355716823e-09 
1.9969321751744928e-09 
1.9969321751744928e-09 
1.9969321751744928e-09 
1.9969321751744928e-09 
1.9968061648611979e-09 
1.9968061648611979e-09 
1.9968061648611979e-09 
1.9968061648611979e-09 
1.9965534781007932e-09 
1.9965534781007932e-09 
1.9965534781007932e-09 
1.9965534781007932e-09 
1.9965319397741155e-09 
1.9965319397741155e-09 
1.9965319397741155e-09 
1.9965319397741155e-09 
1.9964124797766658e-09 
1.9964124797766658e-09 
1.9964124797766658e-09 
1.9964124797766658e-09 
1.9964124797766658e-09 
1.9964124797766658e-09 
1.9964124797766658e-09 
1.9964091491075919e-09 
1.9964091491075919e-09 
1.9964091491075919e-09 
1.9964091491075919e-09 
1.9963456443505834e-09 
1.9963456443505834e-09 
1.9963456443505834e-09 
1.9963456443505834e-09 
1.9963456443505834e-09 
1.9963456443505834e-09 
1.9963456443505834e-09 
1.9963456443505834e-09 
1.9963456443505834e-09 
1.9963456443505834e-09 
1.9963456443505834e-09 
1.9963456443505834e-09 
1.9963456443505834e-09 
1.9963456443505834e-09 
1.9963456443505834e-09 
1.9963456443505834e-09 
1.9963456443505834e-09 
1.9963456443505834e-09 
1.9963435349268366e-09 
1.9963435349268366e-09 
1.9963435349268366e-09 
1.9963435349268366e-09 
1.9963435349268366e-09 
1.9963435349268366e-09 
1.9963435349268366e-09 
1.9963434239045341e-09 
1.9963434239045341e-09 
1.9963434239045341e-09 
1.9963434239045341e-09 
1.9963429798153243e-09 
1.9963429798153243e-09 
1.9963429798153243e-09 
1.9963429798153243e-09 
1.9963429798153243e-09 
1.9963429798153243e-09 
1.9963429798153243e-09 
1.9963429798153243e-09 
1.9963429798153243e-09 
1.9963429798153243e-09 
1.9963429798153243e-09 
1.9963428687930218e-09 
1.9963428687930218e-09 
1.9963428687930218e-09 
1.9963428687930218e-09 
1.9963428687930218e-09 
1.9963428687930218e-09 
1.9963427577707193e-09 
1.9963427577707193e-09 
1.9963427577707193e-09 
1.9963427577707193e-09 
1.9963427577707193e-09 
1.9963427577707193e-09 
1.9963427577707193e-09 
1.9963427577707193e-09 
1.9963427577707193e-09 
1.9963427577707193e-09 
1.9963427577707193e-09 
1.9963427577707193e-09 
1.9963427577707193e-09 
1.9963427577707193e-09 
1.9963427577707193e-09 
1.9963427577707193e-09 
1.9963427577707193e-09 
1.9963427577707193e-09 
1.9963427577707193e-09 
1.9963427577707193e-09 
1.9963427577707193e-09 
1.9963427577707193e-09 
1.9963427577707193e-09 
1.9963427577707193e-09 
1.9963427577707193e-09 
1.9963427577707193e-09 
1.9963427577707193e-09 
1.9963427577707193e-09 
1.9963427577707193e-09 
1.9963427577707193e-09 
1.9963427577707193e-09 
1.9963427577707193e-09 
1.9963427577707193e-09 
1.9963427577707193e-09 
1.9963427577707193e-09 
1.9963427577707193e-09 
1.9963427577707193e-09 
1.9963427577707193e-09 
1.9963427577707193e-09 
1.9963427577707193e-09 
1.9963427577707193e-09 
1.9963427577707193e-09 
1.9963427577707193e-09 
1.9963427577707193e-09 
1.9963427577707193e-09 
1.9963427577707193e-09 
1.9963427577707193e-09 
1.9963427577707193e-09 
1.9963427577707193e-09 
1.9963427577707193e-09 
1.9963427577707193e-09 
1.9963427577707193e-09 
1.9963427577707193e-09 
1.9963427577707193e-09 
1.9963427577707193e-09 
1.9963427577707193e-09 
1.9963427577707193e-09 
1.9963427577707193e-09 
1.9963427577707193e-09 
1.9963427577707193e-09 
1.9963427577707193e-09 
1.9963427577707193e-09 
1.9963427577707193e-09 
1.9963427577707193e-09 
1.9963427577707193e-09 
1.9963427577707193e-09 
1.9963427577707193e-09 
1.9963427577707193e-09 
1.9963427577707193e-09 
1.9963427577707193e-09 
1.9963427577707193e-09 
1.9963427577707193e-09 
1.9963427577707193e-09 
1.9963427577707193e-09 
1.9963427577707193e-09 
1.9963427577707193e-09 
1.9963427577707193e-09 
1.9963427577707193e-09 
1.9963427577707193e-09 
1.9963427577707193e-09 
1.9963427577707193e-09 
1.9963427577707193e-09 
1.9963427577707193e-09 
1.9963427577707193e-09 
1.9963427577707193e-09 
1.9963427577707193e-09 
1.9963427577707193e-09 
1.9963427577707193e-09 
1.9963427577707193e-09 
1.9963427577707193e-09 
1.9963427577707193e-09 
1.9963427577707193e-09 
1.9963427577707193e-09 
1.9963427577707193e-09 
1.9963427577707193e-09 
1.9963427577707193e-09 
1.9963427577707193e-09 
1.9963427577707193e-09 
1.9963427577707193e-09 
1.9963427577707193e-09 
1.9963427577707193e-09 
1.9963427577707193e-09 
1.9963427577707193e-09 
1.9963427577707193e-09 
1.9963427577707193e-09 
1.9963427577707193e-09 
1.9963427577707193e-09 
1.9963427577707193e-09 
1.9963427577707193e-09 
1.9963427577707193e-09 
1.9963427577707193e-09 
1.9963427577707193e-09 
1.9963427577707193e-09 
1.9963427577707193e-09 
1.9963427577707193e-09 
1.9963427577707193e-09 
1.9963427577707193e-09 
1.9963427577707193e-09 
1.9963427577707193e-09 
1.9963427577707193e-09 
1.9963427577707193e-09 
1.9963427577707193e-09 
1.9963427577707193e-09 
1.9963427577707193e-09 
1.9963427577707193e-09 
1.9963427577707193e-09 
1.9963427577707193e-09 
1.9963427577707193e-09 
1.9963427577707193e-09 
1.9963427577707193e-09 
1.9963427577707193e-09 
1.9963427577707193e-09 
1.9963427577707193e-09 
1.9963427577707193e-09 
1.9963427577707193e-09 
1.9963427577707193e-09 
1.9963427577707193e-09 
1.9963427577707193e-09 
1.9963427577707193e-09 
1.9963427577707193e-09 
1.9963427577707193e-09 
1.9963427577707193e-09 
1.9963427577707193e-09 
1.9963427577707193e-09 
1.9963427577707193e-09 
1.9963427577707193e-09 
1.9963427577707193e-09 
1.9963427577707193e-09 
1.9963427577707193e-09 
1.9963427577707193e-09 
1.9963427577707193e-09 
1.9963427577707193e-09 
1.9963427577707193e-09 
1.4093931577363605e-09 
7.2075234669455313e-10 
7.2075234669455313e-10 
7.2075234669455313e-10 
7.2075234669455313e-10 
2.7798430224379445e-10 
2.7798430224379445e-10 
2.7798430224379445e-10 
2.7798430224379445e-10 
2.7798430224379445e-10 
2.7798430224379445e-10 
2.7798430224379445e-10 
2.7193269858116764e-10 
2.7193269858116764e-10 
2.7193269858116764e-10 
2.7193269858116764e-10 
2.7193269858116764e-10 
2.7193269858116764e-10 
2.7193269858116764e-10 
2.7096513921520682e-10 
2.7096513921520682e-10 
2.7096513921520682e-10 
2.7096513921520682e-10 
2.7096513921520682e-10 
2.7096513921520682e-10 
2.7096513921520682e-10 
2.7090074627977856e-10 
2.7090074627977856e-10 
2.7090074627977856e-10 
2.7090074627977856e-10 
2.7090074627977856e-10 
2.7090074627977856e-10 
2.7090074627977856e-10 
2.7090074627977856e-10 
2.7090074627977856e-10 
2.7090074627977856e-10 
2.7090074627977856e-10 
2.7090074627977856e-10 
2.7090074627977856e-10 
2.7090074627977856e-10 
2.7090074627977856e-10 
2.7090074627977856e-10 
2.7090074627977856e-10 
2.7090074627977856e-10 
2.7090074627977856e-10 
2.7090074627977856e-10 
2.7090074627977856e-10 
2.7090074627977856e-10 
2.7090074627977856e-10 
2.7090074627977856e-10 
2.7090074627977856e-10 
2.7089630538768006e-10 
2.7089630538768006e-10 
2.7089630538768006e-10 
2.7089630538768006e-10 
2.7089486209774805e-10 
2.7089486209774805e-10 
2.7089486209774805e-10 
2.7089486209774805e-10 
2.7089486209774805e-10 
2.7089486209774805e-10 
2.7089486209774805e-10 
2.7089486209774805e-10 
2.7089486209774805e-10 
2.7089486209774805e-10 
2.7089486209774805e-10 
2.7089486209774805e-10 
2.7089486209774805e-10 
2.7089486209774805e-10 
2.7089486209774805e-10 
2.7089486209774805e-10 
2.7089486209774805e-10 
2.7089486209774805e-10 
2.7089486209774805e-10 
2.7089486209774805e-10 
2.7089486209774805e-10 
2.7089486209774805e-10 
2.7089486209774805e-10 
2.7089486209774805e-10 
2.7089475107544558e-10 
2.7089475107544558e-10 
2.7089475107544558e-10 
2.7089475107544558e-10 
2.7089475107544558e-10 
2.7089475107544558e-10 
2.7089475107544558e-10 
2.7089475107544558e-10 
2.7089475107544558e-10 
2.7089475107544558e-10 
2.7089475107544558e-10 
2.7089464005314312e-10 
2.7089464005314312e-10 
2.7089464005314312e-10 
2.7089464005314312e-10 
2.7089464005314312e-10 
2.7089464005314312e-10 
2.7089464005314312e-10 
2.7089464005314312e-10 
2.7089464005314312e-10 
2.7089464005314312e-10 
2.7089464005314312e-10 
2.7089464005314312e-10 
2.7089464005314312e-10 
2.7089464005314312e-10 
2.7089464005314312e-10 
2.7089464005314312e-10 
2.7089464005314312e-10 
2.7089464005314312e-10 
2.7089464005314312e-10 
2.7089464005314312e-10 
2.7089464005314312e-10 
2.7089464005314312e-10 
2.7089464005314312e-10 
2.7089464005314312e-10 
2.7089464005314312e-10 
2.7089464005314312e-10 
2.7089464005314312e-10 
2.7089464005314312e-10 
2.7089464005314312e-10 
2.7089464005314312e-10 
2.7089464005314312e-10 
2.7089464005314312e-10 
2.7089464005314312e-10 
2.7089464005314312e-10 
2.7089464005314312e-10 
2.7089464005314312e-10 
2.7089464005314312e-10 
2.7089464005314312e-10 
2.7089464005314312e-10 
2.7089464005314312e-10 
2.7089464005314312e-10 
2.7089464005314312e-10 
2.7089464005314312e-10 
2.7089464005314312e-10 
2.7089464005314312e-10 
2.7089464005314312e-10 
2.7089464005314312e-10 
2.7089464005314312e-10 
2.7089464005314312e-10 
2.7089464005314312e-10 
2.7089464005314312e-10 
2.7089464005314312e-10 
2.7089464005314312e-10 
2.7089464005314312e-10 
2.7089464005314312e-10 
2.7089464005314312e-10 
2.7089464005314312e-10 
2.7089464005314312e-10 
2.7089464005314312e-10 
2.7089464005314312e-10 
2.7089464005314312e-10 
2.7089464005314312e-10 
2.7089464005314312e-10 
2.7089464005314312e-10 
2.7089464005314312e-10 
2.7089464005314312e-10 
2.7089464005314312e-10 
2.7089464005314312e-10 
2.7089464005314312e-10 
2.7089464005314312e-10 
2.7089464005314312e-10 
2.7089464005314312e-10 
2.7089464005314312e-10 
2.7089464005314312e-10 
2.7089464005314312e-10 
2.7089464005314312e-10 
2.7089464005314312e-10 
2.7089464005314312e-10 
2.7089464005314312e-10 
2.7089464005314312e-10 
2.7089464005314312e-10 
2.7089464005314312e-10 
2.7089464005314312e-10 
2.7089464005314312e-10 
2.7089464005314312e-10 
2.7089464005314312e-10 
2.7089464005314312e-10 
2.7089464005314312e-10 
2.7089464005314312e-10 
2.7089464005314312e-10 
2.7089464005314312e-10 
2.7089464005314312e-10 
2.7089464005314312e-10 
2.7089464005314312e-10 
2.7089464005314312e-10 
2.7089464005314312e-10 
2.7089464005314312e-10 
2.7089464005314312e-10 
2.7089464005314312e-10 
2.7089464005314312e-10 
2.7089464005314312e-10 
2.7089464005314312e-10 
2.7089464005314312e-10 
2.7089464005314312e-10 
2.7089464005314312e-10 
2.7089464005314312e-10 
2.7089464005314312e-10 
2.7089464005314312e-10 
2.7089464005314312e-10 
2.7089464005314312e-10 
2.7089464005314312e-10 
2.7089464005314312e-10 
2.7089464005314312e-10 
2.7089464005314312e-10 
2.7089464005314312e-10 
2.7089464005314312e-10 
2.7089464005314312e-10 
2.7089464005314312e-10 
2.0496893071708655e-10 
2.0496893071708655e-10 
2.0496893071708655e-10 
2.0496893071708655e-10 
2.0496893071708655e-10 
2.0496893071708655e-10 
2.0496893071708655e-10 
1.9722434796420885e-10 
1.9722434796420885e-10 
1.9722434796420885e-10 
1.9722434796420885e-10 
1.9722434796420885e-10 
1.9722434796420885e-10 
1.9722434796420885e-10 
1.9722434796420885e-10 
1.9722434796420885e-10 
1.9722434796420885e-10 
1.9722434796420885e-10 
1.9435797415923162e-10 
1.9435797415923162e-10 
1.9435797415923162e-10 
1.9435797415923162e-10 
1.9199442036210712e-10 
1.9199442036210712e-10 
1.9199442036210712e-10 
1.9199442036210712e-10 
1.9199442036210712e-10 
1.9199442036210712e-10 
1.9199442036210712e-10 
1.9199442036210712e-10 
1.9199442036210712e-10 
1.9199442036210712e-10 
1.9199042355921847e-10 
1.9199042355921847e-10 
1.9199042355921847e-10 
1.9199042355921847e-10 
1.9199042355921847e-10 
1.9199042355921847e-10 
1.9199042355921847e-10 
1.9199020151461355e-10 
1.9199020151461355e-10 
1.9199020151461355e-10 
1.9199020151461355e-10 
1.9199020151461355e-10 
1.9199020151461355e-10 
1.9199020151461355e-10 
1.9199020151461355e-10 
1.9199020151461355e-10 
1.9199020151461355e-10 
1.9199020151461355e-10 
1.9199009049231108e-10 
1.9199009049231108e-10 
1.9199009049231108e-10 
1.9199009049231108e-10 
1.9199009049231108e-10 
1.9199009049231108e-10 
1.9199009049231108e-10 
1.9199009049231108e-10 
1.9199009049231108e-10 
1.9199009049231108e-10 
1.9199009049231108e-10 
1.9199009049231108e-10 
1.9199009049231108e-10 
1.9199009049231108e-10 
1.9199009049231108e-10 
1.9199009049231108e-10 
1.9199009049231108e-10 
1.9199009049231108e-10 
1.9199009049231108e-10 
1.9199009049231108e-10 
1.9199009049231108e-10 
1.9199009049231108e-10 
1.9199009049231108e-10 
1.9198997947000862e-10 
1.9198997947000862e-10 
1.9198997947000862e-10 
1.9198997947000862e-10 
1.9198997947000862e-10 
1.9198997947000862e-10 
1.9198997947000862e-10 
1.9198997947000862e-10 
1.9198997947000862e-10 
1.9198997947000862e-10 
1.9198997947000862e-10 
1.9198997947000862e-10 
1.9198997947000862e-10 
1.9198997947000862e-10 
1.9198997947000862e-10 
1.9198997947000862e-10 
1.9198997947000862e-10 
1.9198997947000862e-10 
1.9198997947000862e-10 
1.9198997947000862e-10 
1.9198997947000862e-10 
1.9198997947000862e-10 
1.9198997947000862e-10 
1.9198997947000862e-10 
1.9198997947000862e-10 
1.9198997947000862e-10 
1.9198997947000862e-10 
1.9198997947000862e-10 
1.9198997947000862e-10 
1.9198997947000862e-10 
1.9198997947000862e-10 
1.9198997947000862e-10 
1.9198997947000862e-10 
1.9198997947000862e-10 
1.9198997947000862e-10 
1.9198997947000862e-10 
1.9198997947000862e-10 
1.9198997947000862e-10 
1.9198997947000862e-10 
1.9198997947000862e-10 
1.9198997947000862e-10 
1.9198997947000862e-10 
1.9198997947000862e-10 
1.9198997947000862e-10 
1.9198997947000862e-10 
1.9198997947000862e-10 
1.9198997947000862e-10 
1.9198997947000862e-10 
1.9198997947000862e-10 
1.9198997947000862e-10 
1.9198997947000862e-10 
1.9198997947000862e-10 
1.9198997947000862e-10 
1.9198997947000862e-10 
1.9198997947000862e-10 
1.9198997947000862e-10 
1.9198997947000862e-10 
1.9198997947000862e-10 
1.9198997947000862e-10 
1.9198997947000862e-10 
1.9198997947000862e-10 
1.9198997947000862e-10 
1.9198997947000862e-10 
1.9198997947000862e-10 
1.9198997947000862e-10 
1.9198997947000862e-10 
1.9198997947000862e-10 
1.9198997947000862e-10 
1.9198997947000862e-10 
1.9198997947000862e-10 
1.9198997947000862e-10 
1.9198997947000862e-10 
1.9198997947000862e-10 
1.9198997947000862e-10 
1.9198997947000862e-10 
1.9198997947000862e-10 
1.9198997947000862e-10 
1.9198997947000862e-10 
1.9198997947000862e-10 
1.9198997947000862e-10 
1.9198997947000862e-10 
1.9198997947000862e-10 
1.9198997947000862e-10 
1.9198997947000862e-10 
1.9198997947000862e-10 
1.9198997947000862e-10 
1.9198997947000862e-10 
1.9198997947000862e-10 
1.9198997947000862e-10 
1.9198997947000862e-10 
1.9198997947000862e-10 
1.9198997947000862e-10 
1.9198997947000862e-10 
1.9198997947000862e-10 
1.9198997947000862e-10 
1.9198997947000862e-10 
1.795796844561437e-10 
1.795796844561437e-10 
1.795796844561437e-10 
1.795796844561437e-10 
1.795796844561437e-10 
1.795796844561437e-10 
1.795796844561437e-10 
1.6549195347437262e-10 
1.6549195347437262e-10 
1.6549195347437262e-10 
1.6549195347437262e-10 
1.6549195347437262e-10 
1.6549195347437262e-10 
1.6549195347437262e-10 
1.6549195347437262e-10 
1.6549195347437262e-10 
1.6549195347437262e-10 
1.6549195347437262e-10 
1.6549195347437262e-10 
1.6549195347437262e-10 
1.6523793444633839e-10 
1.6523793444633839e-10 
1.6523793444633839e-10 
1.6523793444633839e-10 
1.6523793444633839e-10 
1.6523793444633839e-10 
1.6523793444633839e-10 
1.6523793444633839e-10 
1.6523793444633839e-10 
1.6523793444633839e-10 
1.6523782342403592e-10 
1.6523782342403592e-10 
1.6523782342403592e-10 
1.6523782342403592e-10 
1.6523782342403592e-10 
1.6523782342403592e-10 
1.6523782342403592e-10 
1.6523782342403592e-10 
1.6523782342403592e-10 
1.6523782342403592e-10 
1.6523771240173346e-10 
1.6523771240173346e-10 
1.6523771240173346e-10 
1.6523771240173346e-10 
1.6523771240173346e-10 
1.6523771240173346e-10 
1.6523771240173346e-10 
1.6523771240173346e-10 
1.6523771240173346e-10 
1.6523771240173346e-10 
1.65237601379431e-10 
1.65237601379431e-10 
1.65237601379431e-10 
1.65237601379431e-10 
1.65237601379431e-10 
1.65237601379431e-10 
1.65237601379431e-10 
1.65237601379431e-10 
1.65237601379431e-10 
1.65237601379431e-10 
1.65237601379431e-10 
1.65237601379431e-10 
1.65237601379431e-10 
1.65237601379431e-10 
1.65237601379431e-10 
1.65237601379431e-10 
1.65237601379431e-10 
1.65237601379431e-10 
1.65237601379431e-10 
1.65237601379431e-10 
1.65237601379431e-10 
1.65237601379431e-10 
1.65237601379431e-10 
1.65237601379431e-10 
1.65237601379431e-10 
1.65237601379431e-10 
1.65237601379431e-10 
1.65237601379431e-10 
1.65237601379431e-10 
1.65237601379431e-10 
1.65237601379431e-10 
1.65237601379431e-10 
1.65237601379431e-10 
1.65237601379431e-10 
1.65237601379431e-10 
1.65237601379431e-10 
1.65237601379431e-10 
1.65237601379431e-10 
1.65237601379431e-10 
1.65237601379431e-10 
1.65237601379431e-10 
1.65237601379431e-10 
1.65237601379431e-10 
1.65237601379431e-10 
