1.9368950298498782 
1.7942207428118058 
1.6600925166165035 
1.5344371086434618 
1.4171814969879142 
1.3082528804608367 
1.2075786785889475 
1.1150865316147078 
1.0307043004963217 
0.95436006690773456 
0.88598213323863551 
0.82549902259445651 
0.77283947879637116 
0.72793246638129605 
0.69070717060189069 
0.66109299742655669 
0.63901957353943839 
0.62441674634042288 
0.61721458394513939 
0.61721458394513939 
0.61721458394513939 
0.61652359545991942 
0.61652359545991942 
0.61652359545991942 
0.61652359545991942 
0.61652359545991942 
0.61652359545991942 
0.61652359545991942 
0.58357852564835666 
0.55090355161063798 
0.52192799765491382 
0.49643727023400702 
0.47422314614714778 
0.45508377253997545 
0.43882366690453756 
0.42525371707929038 
0.41419118124909837 
0.40545968794523407 
0.39888923604537924 
0.39431619477362367 
0.39158330370046557 
0.39053967274281165 
0.39053967274281165 
0.39053967274281165 
0.39053967274281165 
0.39053967274281165 
0.39053967274281165 
0.39053967274281165 
0.39053967274281165 
0.39053967274281165 
0.39053967274281165 
0.39053967274281165 
0.39053967274281165 
0.39053967274281165 
0.3905056546649649 
0.3905056546649649 
0.3905056546649649 
0.3905056546649649 
0.3905056546649649 
0.37965187208702511 
0.36697757075644338 
0.35535498997660447 
0.34472235228290571 
0.33501941874520991 
0.32618748896784505 
0.31816940108960445 
0.31090953178374675 
0.3043537962579958 
0.29844964825454079 
0.29314608005003623 
0.28839362245560196 
0.28414434481682294 
0.28035185501374954 
0.27697129946089744 
0.27302153138687368 
0.26759393660381736 
0.26214884250354076 
0.25667906465640111 
0.25117980426253284 
0.24564864815184626 
0.24008556878402856 
0.23407937506792509 
0.22692865417369334 
0.22013245312021523 
0.21375183423390212 
0.20785125849517475 
0.20249858553846353 
0.19776507365220838 
0.1937253797788587 
0.1904575595148735 
0.18804306711072125 
0.18656675547087989 
0.18611687615383726 
0.18611687615383726 
0.18514187506618099 
0.18336836365758769 
0.18191275312322969 
0.1807983989762687 
0.17957783523641607 
0.17650363172587333 
0.17324327501560008 
0.17025557014722867 
0.1680898289226857 
0.16380250149618178 
0.16006163672334406 
0.15515849690966993 
0.15089015154861002 
0.14650391121332504 
0.14301051631555556 
0.14057843629391131 
0.13649854454976182 
0.13229658672992695 
0.12873569205809315 
0.12579748415676689 
0.12228947744316659 
0.11873553143929041 
0.1154380808951827 
0.11237633334293919 
0.10928835190270618 
0.10649575069168646 
0.10355038909575118 
0.1004889461214952 
0.097407147865623919 
0.094458025951227848 
0.091660622974055181 
0.089035469173304432 
0.086604582431624388 
0.084120380338198505 
0.081522126980531573 
0.078628705870705029 
0.075896742219150826 
0.073408479091500847 
0.071112751733295926 
0.069244158030863201 
0.066976068953276666 
0.064899091013163629 
0.062888754868476671 
0.060693974189011381 
0.058551971580453464 
0.056464490868675291 
0.054434213102247601 
0.052464756552439741 
0.050560676713219434 
0.048727466301252999 
0.046971555255905136 
0.045151882365059889 
0.043354240925280084 
0.041656930638743379 
0.040007601269601158 
0.038398643996871554 
0.036724980133111713 
0.035123852683132159 
0.033598128434261965 
0.032104338601909137 
0.03063733041559711 
0.029210041435462849 
0.027820760070781145 
0.026468453605588468 
0.025152768198682968 
0.023874028883624446 
0.022633239568734413 
0.021432083037096036 
0.02027292094655413 
0.019158793829715234 
0.018093421093947525 
0.01708120102138086 
0.016057500480989848 
0.015070538059258639 
0.014123361169322484 
0.013216162789494184 
0.012314592529256273 
0.011455550988080114 
0.010628067250373543 
0.0098425130205626859 
0.0090954309859098883 
0.0083838468123612845 
0.0076997603884129866 
0.0070494522888501646 
0.0064828992211180434 
0.0058700892346358518 
0.0053067249208944341 
0.0047566558441538139 
0.0042529611985107629 
0.0037727120597629586 
0.0033529029850145001 
0.003000793825138401 
0.0026306943130831907 
0.0022547029357936491 
0.0018825335886649081 
0.0015588665052920858 
0.0012876604489384157 
0.0010581444976730683 
0.00089306163332251716 
0.00072885862490726849 
0.00053979087984162171 
0.00035218466987382515 
0.00020657743143213399 
0.00012080517602151185 
6.2562724653846154e-05 
6.2562724653846154e-05 
6.2562724653846154e-05 
2.2655885712096973e-05 
5.0560988391509839e-06 
5.0560988391509839e-06 
5.0560988391509839e-06 
5.0560988391509839e-06 
5.4918636506291894e-07 
5.4918636506291894e-07 
5.4918636506291894e-07 
5.4918636506291894e-07 
7.8192103749666092e-08 
7.8192103749666092e-08 
7.8192103749666092e-08 
7.8192103749666092e-08 
7.8192103749666092e-08 
7.8192103749666092e-08 
7.8192103749666092e-08 
7.8192103749666092e-08 
7.8192103749666092e-08 
7.8192103749666092e-08 
7.8192103749666092e-08 
7.8192103749666092e-08 
7.8192103749666092e-08 
3.7682421905935815e-08 
3.7682421905935815e-08 
3.7682421905935815e-08 
3.7682421905935815e-08 
3.7682421905935815e-08 
3.7682421905935815e-08 
3.7682421905935815e-08 
3.7682421905935815e-08 
3.7682421905935815e-08 
3.7682421905935815e-08 
3.7682421905935815e-08 
3.7682421905935815e-08 
3.7682421905935815e-08 
9.8439189757694572e-09 
9.8439189757694572e-09 
9.8439189757694572e-09 
9.8439189757694572e-09 
9.8439189757694572e-09 
9.8439189757694572e-09 
9.8439189757694572e-09 
9.8439189757694572e-09 
9.8439189757694572e-09 
9.8439189757694572e-09 
9.8439189757694572e-09 
9.8439189757694572e-09 
9.8439189757694572e-09 
9.8439189757694572e-09 
9.8439189757694572e-09 
9.8439189757694572e-09 
9.8439189757694572e-09 
9.8439189757694572e-09 
9.8439189757694572e-09 
9.8439189757694572e-09 
9.8439189757694572e-09 
9.8439189757694572e-09 
9.8439189757694572e-09 
9.8439189757694572e-09 
9.8439189757694572e-09 
9.8439189757694572e-09 
9.8439189757694572e-09 
9.8439189757694572e-09 
9.8439189757694572e-09 
9.8439189757694572e-09 
9.8439189757694572e-09 
9.8439189757694572e-09 
9.8439189757694572e-09 
9.8439189757694572e-09 
9.8439189757694572e-09 
9.8439189757694572e-09 
9.8439189757694572e-09 
9.8439189757694572e-09 
9.8439189757694572e-09 
9.8439189757694572e-09 
9.8439189757694572e-09 
9.8439189757694572e-09 
9.8439189757694572e-09 
9.8439189757694572e-09 
9.8439189757694572e-09 
9.8439189757694572e-09 
9.8439189757694572e-09 
9.8439189757694572e-09 
9.8439189757694572e-09 
9.8439189757694572e-09 
9.8439189757694572e-09 
9.8439189757694572e-09 
9.8439189757694572e-09 
9.8439189757694572e-09 
9.8439189757694572e-09 
9.8439189757694572e-09 
9.8439189757694572e-09 
9.8439189757694572e-09 
9.8439189757694572e-09 
9.8439189757694572e-09 
9.8439189757694572e-09 
9.8439189757694572e-09 
9.8439189757694572e-09 
9.8439189757694572e-09 
9.8439189757694572e-09 
9.8439189757694572e-09 
9.8439189757694572e-09 
9.8439189757694572e-09 
9.8439189757694572e-09 
9.8439189757694572e-09 
9.8439189757694572e-09 
9.8439189757694572e-09 
9.8439189757694572e-09 
9.8439189757694572e-09 
9.8439189757694572e-09 
9.8439189757694572e-09 
9.8439189757694572e-09 
9.8439189757694572e-09 
9.8439189757694572e-09 
9.8439189757694572e-09 
9.8439189757694572e-09 
9.8439189757694572e-09 
9.8439189757694572e-09 
9.8439189757694572e-09 
9.8439189757694572e-09 
9.8439189757694572e-09 
9.8439189757694572e-09 
9.8439189757694572e-09 
9.8439189757694572e-09 
9.8439189757694572e-09 
9.8439189757694572e-09 
9.8439189757694572e-09 
9.8439189757694572e-09 
9.8439189757694572e-09 
9.8439189757694572e-09 
9.8439189757694572e-09 
9.8439189757694572e-09 
9.8439189757694572e-09 
9.8439189757694572e-09 
9.8439189757694572e-09 
9.8439189757694572e-09 
9.8439189757694572e-09 
9.8439189757694572e-09 
9.8439189757694572e-09 
9.8439189757694572e-09 
9.8439189757694572e-09 
9.8439189757694572e-09 
9.8439189757694572e-09 
9.8439189757694572e-09 
9.8439189757694572e-09 
9.8439189757694572e-09 
9.8439189757694572e-09 
9.8439189757694572e-09 
9.8439189757694572e-09 
9.8439189757694572e-09 
9.8439189757694572e-09 
9.8439189757694572e-09 
9.8439189757694572e-09 
9.8439189757694572e-09 
9.8439189757694572e-09 
9.8439189757694572e-09 
9.8439189757694572e-09 
9.8439189757694572e-09 
9.8439189757694572e-09 
9.8439189757694572e-09 
9.8439189757694572e-09 
9.8439189757694572e-09 
9.8439189757694572e-09 
9.8439189757694572e-09 
9.8439189757694572e-09 
9.8439189757694572e-09 
9.8439189757694572e-09 
9.8439189757694572e-09 
9.8439189757694572e-09 
9.8439189757694572e-09 
9.8439189757694572e-09 
9.8439189757694572e-09 
9.8439189757694572e-09 
9.8439189757694572e-09 
9.8439189757694572e-09 
9.8439189757694572e-09 
9.8439189757694572e-09 
9.8439189757694572e-09 
9.8439189757694572e-09 
9.8439189757694572e-09 
9.8439189757694572e-09 
9.8439189757694572e-09 
8.0990144913060951e-09 
8.0990144913060951e-09 
4.879465373456247e-09 
4.879465373456247e-09 
4.879465373456247e-09 
4.879465373456247e-09 
4.879465373456247e-09 
4.879465373456247e-09 
4.879465373456247e-09 
4.879465373456247e-09 
4.879465373456247e-09 
4.879465373456247e-09 
4.879465373456247e-09 
4.879465373456247e-09 
4.879465373456247e-09 
4.879465373456247e-09 
4.879465373456247e-09 
4.879465373456247e-09 
4.879465373456247e-09 
4.879465373456247e-09 
4.879465373456247e-09 
4.879465373456247e-09 
4.879465373456247e-09 
4.879465373456247e-09 
4.879465373456247e-09 
4.879465373456247e-09 
4.879465373456247e-09 
4.879465373456247e-09 
4.879465373456247e-09 
4.879465373456247e-09 
4.879465373456247e-09 
4.879465373456247e-09 
4.879465373456247e-09 
4.879465373456247e-09 
4.879465373456247e-09 
4.879465373456247e-09 
4.879465373456247e-09 
4.879465373456247e-09 
4.879465373456247e-09 
4.879465373456247e-09 
4.879465373456247e-09 
4.879465373456247e-09 
4.879465373456247e-09 
4.879465373456247e-09 
4.879465373456247e-09 
4.879465373456247e-09 
4.879465373456247e-09 
4.879465373456247e-09 
4.879465373456247e-09 
4.879465373456247e-09 
4.879465373456247e-09 
4.879465373456247e-09 
4.879465373456247e-09 
4.879465373456247e-09 
4.879465373456247e-09 
4.879465373456247e-09 
4.879465373456247e-09 
4.879465373456247e-09 
4.879465373456247e-09 
4.879465373456247e-09 
4.879465373456247e-09 
4.879465373456247e-09 
4.879465373456247e-09 
4.879465373456247e-09 
4.879465373456247e-09 
4.879465373456247e-09 
4.879465373456247e-09 
4.879465373456247e-09 
4.879465373456247e-09 
4.879465373456247e-09 
4.879465373456247e-09 
4.879465373456247e-09 
4.879465373456247e-09 
4.879465373456247e-09 
4.879465373456247e-09 
4.879465373456247e-09 
4.879465373456247e-09 
4.879465373456247e-09 
4.879465373456247e-09 
4.879465373456247e-09 
4.879465373456247e-09 
4.879465373456247e-09 
4.879465373456247e-09 
4.879465373456247e-09 
4.879465373456247e-09 
4.879465373456247e-09 
4.879465373456247e-09 
4.879465373456247e-09 
4.879465373456247e-09 
4.879465373456247e-09 
4.879465373456247e-09 
4.879465373456247e-09 
4.879465373456247e-09 
3.4430886018699633e-09 
3.4430886018699633e-09 
3.4430886018699633e-09 
3.4430886018699633e-09 
3.4430886018699633e-09 
3.4430886018699633e-09 
3.4430886018699633e-09 
3.4430886018699633e-09 
3.4430886018699633e-09 
3.4430886018699633e-09 
3.4430886018699633e-09 
3.4430886018699633e-09 
3.4430886018699633e-09 
3.4430886018699633e-09 
3.4430886018699633e-09 
3.4430886018699633e-09 
3.4430886018699633e-09 
3.4430886018699633e-09 
3.4430886018699633e-09 
3.4430886018699633e-09 
3.4430886018699633e-09 
3.4430886018699633e-09 
3.4430886018699633e-09 
3.4430886018699633e-09 
3.4430886018699633e-09 
3.4430886018699633e-09 
4.7298543767724498e-10 
4.7298543767724498e-10 
4.7298543767724498e-10 
4.7298543767724498e-10 
4.7298543767724498e-10 
4.7298543767724498e-10 
4.7298543767724498e-10 
4.7298543767724498e-10 
4.7298543767724498e-10 
4.7298543767724498e-10 
4.7298543767724498e-10 
4.7298543767724498e-10 
4.7298543767724498e-10 
4.7298543767724498e-10 
4.7298543767724498e-10 
4.7298543767724498e-10 
4.7298543767724498e-10 
4.7298543767724498e-10 
4.7298543767724498e-10 
4.7298543767724498e-10 
4.7298543767724498e-10 
4.7298543767724498e-10 
4.7298543767724498e-10 
4.7298543767724498e-10 
4.7298543767724498e-10 
4.7298543767724498e-10 
4.7298543767724498e-10 
4.7298543767724498e-10 
4.7298543767724498e-10 
4.7298543767724498e-10 
4.7298543767724498e-10 
4.7298543767724498e-10 
4.7298543767724498e-10 
4.7298543767724498e-10 
4.7298543767724498e-10 
4.7298543767724498e-10 
4.7298543767724498e-10 
4.7298543767724498e-10 
4.7298543767724498e-10 
4.7298543767724498e-10 
4.7298543767724498e-10 
4.7298543767724498e-10 
4.7298543767724498e-10 
4.7298543767724498e-10 
4.7298543767724498e-10 
4.7298543767724498e-10 
4.7298543767724498e-10 
4.7298543767724498e-10 
4.7298543767724498e-10 
4.7298543767724498e-10 
4.7298543767724498e-10 
4.7298543767724498e-10 
4.7298543767724498e-10 
4.7298543767724498e-10 
4.7298543767724498e-10 
4.7298543767724498e-10 
4.7298543767724498e-10 
4.7298543767724498e-10 
4.7298543767724498e-10 
4.7298543767724498e-10 
4.7298543767724498e-10 
4.7298543767724498e-10 
4.7298543767724498e-10 
4.7298543767724498e-10 
4.7298543767724498e-10 
4.7298543767724498e-10 
4.7298543767724498e-10 
4.7298543767724498e-10 
4.7298543767724498e-10 
4.7298543767724498e-10 
4.7298543767724498e-10 
4.7298543767724498e-10 
4.7298543767724498e-10 
4.7298543767724498e-10 
4.7298543767724498e-10 
4.7298543767724498e-10 
4.7298543767724498e-10 
4.7298543767724498e-10 
4.7298543767724498e-10 
4.7298543767724498e-10 
4.7298543767724498e-10 
4.7298543767724498e-10 
4.7298543767724498e-10 
4.7298543767724498e-10 
4.7298543767724498e-10 
4.7298543767724498e-10 
4.7298543767724498e-10 
4.7298543767724498e-10 
4.7298543767724498e-10 
4.7298543767724498e-10 
4.7298543767724498e-10 
4.7298543767724498e-10 
4.7298543767724498e-10 
4.7298543767724498e-10 
4.7298543767724498e-10 
4.7298543767724498e-10 
4.7298543767724498e-10 
4.7298543767724498e-10 
4.7298543767724498e-10 
4.7298543767724498e-10 
4.7298543767724498e-10 
4.7298543767724498e-10 
4.7298543767724498e-10 
4.7298543767724498e-10 
4.7298543767724498e-10 
4.7298543767724498e-10 
4.7298543767724498e-10 
4.7298543767724498e-10 
4.7298543767724498e-10 
4.7298543767724498e-10 
4.7298543767724498e-10 
4.7298543767724498e-10 
4.7298543767724498e-10 
4.7298543767724498e-10 
4.7298543767724498e-10 
4.7298543767724498e-10 
4.7298543767724498e-10 
4.7298543767724498e-10 
4.7298543767724498e-10 
4.7298543767724498e-10 
4.7298543767724498e-10 
4.7298543767724498e-10 
4.7298543767724498e-10 
4.7298543767724498e-10 
4.7298543767724498e-10 
4.7298543767724498e-10 
4.7298543767724498e-10 
4.7298543767724498e-10 
4.7298543767724498e-10 
4.7298543767724498e-10 
4.7298543767724498e-10 
4.7298543767724498e-10 
4.7298543767724498e-10 
4.7298543767724498e-10 
4.7298543767724498e-10 
4.7298543767724498e-10 
4.7298543767724498e-10 
4.7298543767724498e-10 
4.7298543767724498e-10 
4.7298543767724498e-10 
4.7298543767724498e-10 
4.7298543767724498e-10 
4.7298543767724498e-10 
4.7298543767724498e-10 
4.7298543767724498e-10 
4.7298543767724498e-10 
4.7298543767724498e-10 
4.7298543767724498e-10 
4.7298543767724498e-10 
4.7298543767724498e-10 
4.7298543767724498e-10 
4.7298543767724498e-10 
4.7298543767724498e-10 
4.7298543767724498e-10 
4.7298543767724498e-10 
4.7298543767724498e-10 
4.7298543767724498e-10 
4.7298543767724498e-10 
4.7298543767724498e-10 
4.7298543767724498e-10 
4.7298543767724498e-10 
4.7298543767724498e-10 
4.7298543767724498e-10 
4.7298543767724498e-10 
4.7298543767724498e-10 
4.7298543767724498e-10 
4.7298543767724498e-10 
4.7298543767724498e-10 
4.7298543767724498e-10 
4.7298543767724498e-10 
4.7298543767724498e-10 
4.7298543767724498e-10 
4.7298543767724498e-10 
4.7298543767724498e-10 
4.7298543767724498e-10 
4.7298543767724498e-10 
4.7298543767724498e-10 
4.7298543767724498e-10 
4.7298543767724498e-10 
4.7298543767724498e-10 
4.7298543767724498e-10 
4.7298543767724498e-10 
4.7298543767724498e-10 
4.7298543767724498e-10 
4.7298543767724498e-10 
4.7298543767724498e-10 
4.7298543767724498e-10 
4.7298543767724498e-10 
4.7298543767724498e-10 
4.7298543767724498e-10 
4.7298543767724498e-10 
4.7298543767724498e-10 
4.7298543767724498e-10 
4.7298543767724498e-10 
4.7298543767724498e-10 
4.7298543767724498e-10 
4.7298543767724498e-10 
4.7298543767724498e-10 
4.7298543767724498e-10 
4.7298543767724498e-10 
4.7298543767724498e-10 
4.7298543767724498e-10 
4.7298543767724498e-10 
4.7298543767724498e-10 
4.7298543767724498e-10 
4.7298543767724498e-10 
4.7298543767724498e-10 
4.7298543767724498e-10 
4.7298543767724498e-10 
4.7298543767724498e-10 
4.7298543767724498e-10 
4.7298543767724498e-10 
4.7298543767724498e-10 
4.7298543767724498e-10 
4.7298543767724498e-10 
4.7298543767724498e-10 
4.7298543767724498e-10 
4.7298543767724498e-10 
4.7298543767724498e-10 
4.7298543767724498e-10 
4.7298543767724498e-10 
4.7298543767724498e-10 
4.7298543767724498e-10 
4.7298543767724498e-10 
4.7298543767724498e-10 
4.7298543767724498e-10 
4.7298543767724498e-10 
4.7298543767724498e-10 
4.7298543767724498e-10 
4.7298543767724498e-10 
4.7298543767724498e-10 
4.7298543767724498e-10 
4.7298543767724498e-10 
4.7298543767724498e-10 
4.7298543767724498e-10 
4.7298543767724498e-10 
4.7298543767724498e-10 
4.7298543767724498e-10 
4.7298543767724498e-10 
4.7298543767724498e-10 
4.7298543767724498e-10 
4.7298543767724498e-10 
4.7298543767724498e-10 
4.7298543767724498e-10 
4.7298543767724498e-10 
4.7298543767724498e-10 
4.7298543767724498e-10 
4.7298543767724498e-10 
4.7298543767724498e-10 
4.7298543767724498e-10 
4.7298543767724498e-10 
4.7298543767724498e-10 
4.7298543767724498e-10 
4.7298543767724498e-10 
4.7298543767724498e-10 
4.7298543767724498e-10 
4.7298543767724498e-10 
4.7298543767724498e-10 
4.7298543767724498e-10 
4.7298543767724498e-10 
4.7298543767724498e-10 
4.7298543767724498e-10 
4.7298543767724498e-10 
4.7298543767724498e-10 
4.7298543767724498e-10 
4.7298543767724498e-10 
4.7298543767724498e-10 
4.7298543767724498e-10 
4.7298543767724498e-10 
4.7298543767724498e-10 
4.7298543767724498e-10 
4.7298543767724498e-10 
4.7298543767724498e-10 
4.7298543767724498e-10 
4.7298543767724498e-10 
4.7298543767724498e-10 
4.7298543767724498e-10 
4.7298543767724498e-10 
4.7298543767724498e-10 
4.7298543767724498e-10 
4.7298543767724498e-10 
4.7298543767724498e-10 
4.7298543767724498e-10 
4.7298543767724498e-10 
4.7298543767724498e-10 
4.7298543767724498e-10 
4.7298543767724498e-10 
4.7298543767724498e-10 
4.7298543767724498e-10 
4.7298543767724498e-10 
4.7298543767724498e-10 
4.7298543767724498e-10 
4.7298543767724498e-10 
4.7298543767724498e-10 
4.7298543767724498e-10 
4.7298543767724498e-10 
4.7298543767724498e-10 
4.7298543767724498e-10 
4.7298543767724498e-10 
4.7298543767724498e-10 
4.7298543767724498e-10 
4.7298543767724498e-10 
4.7298543767724498e-10 
4.7298543767724498e-10 
4.7298543767724498e-10 
4.7298543767724498e-10 
4.7298543767724498e-10 
4.7298543767724498e-10 
4.7298543767724498e-10 
4.7298543767724498e-10 
4.7298543767724498e-10 
4.7298543767724498e-10 
4.7298543767724498e-10 
4.7298543767724498e-10 
4.7298543767724498e-10 
4.7298543767724498e-10 
4.7298543767724498e-10 
4.7298543767724498e-10 
4.7298543767724498e-10 
4.7298543767724498e-10 
4.7298543767724498e-10 
4.7298543767724498e-10 
4.7298543767724498e-10 
4.7298543767724498e-10 
4.7298543767724498e-10 
4.7298543767724498e-10 
4.7298543767724498e-10 
4.7298543767724498e-10 
4.7298543767724498e-10 
4.7298543767724498e-10 
4.7298543767724498e-10 
4.7298543767724498e-10 
4.7298543767724498e-10 
4.7298543767724498e-10 
4.7298543767724498e-10 
4.7298543767724498e-10 
4.7298543767724498e-10 
4.7298543767724498e-10 
4.7298543767724498e-10 
4.7298543767724498e-10 
4.7298543767724498e-10 
4.7298543767724498e-10 
4.7298543767724498e-10 
4.7298543767724498e-10 
4.7298543767724498e-10 
4.7298543767724498e-10 
4.7298543767724498e-10 
4.7298543767724498e-10 
4.7298543767724498e-10 
4.7298543767724498e-10 
4.7298543767724498e-10 
4.7298543767724498e-10 
4.7298543767724498e-10 
4.7298543767724498e-10 
4.7298543767724498e-10 
4.7298543767724498e-10 
4.7298543767724498e-10 
4.7298543767724498e-10 
4.7298543767724498e-10 
4.7298543767724498e-10 
4.7298543767724498e-10 
4.7298543767724498e-10 
4.7298543767724498e-10 
4.7298543767724498e-10 
4.7298543767724498e-10 
4.7298543767724498e-10 
4.7298543767724498e-10 
4.7298543767724498e-10 
4.7298543767724498e-10 
4.7298543767724498e-10 
4.7298543767724498e-10 
4.7298543767724498e-10 
4.7298543767724498e-10 
4.7298543767724498e-10 
4.7298543767724498e-10 
4.7298543767724498e-10 
4.7298543767724498e-10 
4.7298543767724498e-10 
4.7298543767724498e-10 
4.7298543767724498e-10 
4.7298543767724498e-10 
4.7298543767724498e-10 
4.7298543767724498e-10 
4.7298543767724498e-10 
4.7298543767724498e-10 
4.7298543767724498e-10 
4.7298543767724498e-10 
4.7298543767724498e-10 
4.7298543767724498e-10 
4.7298543767724498e-10 
4.7298543767724498e-10 
4.7298543767724498e-10 
4.7298543767724498e-10 
4.7298543767724498e-10 
4.7298543767724498e-10 
4.7298543767724498e-10 
4.7298543767724498e-10 
4.7298543767724498e-10 
4.7298543767724498e-10 
4.7298543767724498e-10 
4.7298543767724498e-10 
4.7298543767724498e-10 
4.7298543767724498e-10 
4.7298543767724498e-10 
4.7298543767724498e-10 
4.7298543767724498e-10 
4.7298543767724498e-10 
4.7298543767724498e-10 
4.7298543767724498e-10 
4.7298543767724498e-10 
4.7298543767724498e-10 
4.7298543767724498e-10 
4.7298543767724498e-10 
4.7298543767724498e-10 
4.7298543767724498e-10 
4.7298543767724498e-10 
4.7298543767724498e-10 
4.7298543767724498e-10 
4.7298543767724498e-10 
4.7298543767724498e-10 
4.7298543767724498e-10 
4.7298543767724498e-10 
4.7298543767724498e-10 
4.7298543767724498e-10 
4.7298543767724498e-10 
4.7298543767724498e-10 
4.7298543767724498e-10 
4.7298543767724498e-10 
4.7298543767724498e-10 
4.7298543767724498e-10 
4.7298543767724498e-10 
4.7298543767724498e-10 
4.7298543767724498e-10 
4.7298543767724498e-10 
4.7298543767724498e-10 
4.7298543767724498e-10 
4.7298543767724498e-10 
4.7298543767724498e-10 
4.7298543767724498e-10 
4.7298543767724498e-10 
4.7298543767724498e-10 
4.7298543767724498e-10 
4.7298543767724498e-10 
4.7298543767724498e-10 
4.7298543767724498e-10 
4.7298543767724498e-10 
4.7298543767724498e-10 
4.7298543767724498e-10 
4.7298543767724498e-10 
4.7298543767724498e-10 
4.7298543767724498e-10 
4.7298543767724498e-10 
4.7298543767724498e-10 
4.7298543767724498e-10 
4.7298543767724498e-10 
4.7298543767724498e-10 
4.7298543767724498e-10 
4.7298543767724498e-10 
4.7298543767724498e-10 
4.7298543767724498e-10 
4.7298543767724498e-10 
4.7298543767724498e-10 
4.7298543767724498e-10 
4.7298543767724498e-10 
4.7298543767724498e-10 
4.7298543767724498e-10 
4.7298543767724498e-10 
4.7298543767724498e-10 
4.7298543767724498e-10 
4.7298543767724498e-10 
4.7298543767724498e-10 
4.7298543767724498e-10 
4.7298543767724498e-10 
4.7298543767724498e-10 
4.7298543767724498e-10 
4.7298543767724498e-10 
4.7298543767724498e-10 
4.7298543767724498e-10 
4.7298543767724498e-10 
4.7298543767724498e-10 
4.7298543767724498e-10 
4.7298543767724498e-10 
4.7298543767724498e-10 
4.7298543767724498e-10 
4.7298543767724498e-10 
4.7298543767724498e-10 
4.7298543767724498e-10 
4.7298543767724498e-10 
4.7298543767724498e-10 
4.7298543767724498e-10 
4.7298543767724498e-10 
4.7298543767724498e-10 
4.7298543767724498e-10 
4.7298543767724498e-10 
4.7298543767724498e-10 
4.7298543767724498e-10 
4.7298543767724498e-10 
4.7298543767724498e-10 
