0.37318077624664614 
0.019520151086946935 
0.019520151086946935 
0.019520151086946935 
0.019520151086946935 
0.019520151086946935 
0.019520151086946935 
0.011244072360569013 
0.011244072360569013 
0.010225722818384742 
0.010225722818384742 
0.0065597845318361436 
0.0065597845318361436 
0.0013791695900565726 
0.0013791695900565726 
0.0013791695900565726 
0.00079724342362286205 
0.00079724342362286205 
0.00079724342362286205 
0.00079724342362286205 
0.00079724342362286205 
0.00079724342362286205 
0.00079724342362286205 
0.00079724342362286205 
0.00079724342362286205 
0.00079724342362286205 
0.00079724342362286205 
0.00079724342362286205 
0.00079724342362286205 
0.00079724342362286205 
0.00079724342362286205 
0.0001375173521924733 
4.1711413156897414e-05 
4.1711413156897414e-05 
4.1711413156897414e-05 
4.1711413156897414e-05 
4.1711413156897414e-05 
4.1711413156897414e-05 
4.1711413156897414e-05 
4.1711413156897414e-05 
4.1711413156897414e-05 
5.8833454700257803e-06 
5.8833454700257803e-06 
5.8833454700257803e-06 
5.8833454700257803e-06 
5.8833454700257803e-06 
5.8833454700257803e-06 
5.8833454700257803e-06 
5.8833454700257803e-06 
5.8833454700257803e-06 
5.8833454700257803e-06 
5.8833454700257803e-06 
5.8833454700257803e-06 
5.8833454700257803e-06 
5.8833454700257803e-06 
5.8833454700257803e-06 
5.8833454700257803e-06 
5.8833454700257803e-06 
5.8833454700257803e-06 
5.8833454700257803e-06 
5.8833454700257803e-06 
5.8833454700257803e-06 
5.8833454700257803e-06 
5.8833454700257803e-06 
5.8833454700257803e-06 
5.8833454700257803e-06 
5.8833454700257803e-06 
5.8833454700257803e-06 
5.8833454700257803e-06 
5.8833454700257803e-06 
5.8833454700257803e-06 
5.8833454700257803e-06 
5.8833454700257803e-06 
5.8833454700257803e-06 
5.8833454700257803e-06 
5.8833454700257803e-06 
5.8833454700257803e-06 
5.8833454700257803e-06 
5.8833454700257803e-06 
5.8833454700257803e-06 
5.8833454700257803e-06 
5.8833454700257803e-06 
5.8833454700257803e-06 
5.8833454700257803e-06 
5.8833454700257803e-06 
5.8833454700257803e-06 
5.8833454700257803e-06 
5.8833454700257803e-06 
5.8833454700257803e-06 
5.8833454700257803e-06 
1.071666940966054e-06 
1.0183753815784513e-06 
1.0183753815784513e-06 
1.0183753815784513e-06 
1.0183753815784513e-06 
1.0183753815784513e-06 
1.0183753815784513e-06 
1.0183753815784513e-06 
1.0183753815784513e-06 
1.0183753815784513e-06 
1.0183753815784513e-06 
1.0183753815784513e-06 
7.8364673561370779e-07 
4.9620066278066588e-08 
4.9620066278066588e-08 
4.9620066278066588e-08 
4.9620066278066588e-08 
4.9620066278066588e-08 
4.9620066278066588e-08 
4.9620066278066588e-08 
4.9620066278066588e-08 
4.9620066278066588e-08 
4.9620066278066588e-08 
4.9620066278066588e-08 
4.9620066278066588e-08 
4.9620066278066588e-08 
4.9620066278066588e-08 
4.9620066278066588e-08 
4.9620066278066588e-08 
4.9620066278066588e-08 
4.9620066278066588e-08 
4.9620066278066588e-08 
4.9620066278066588e-08 
4.9620066278066588e-08 
4.9620066278066588e-08 
4.9620066278066588e-08 
4.9620066278066588e-08 
4.9620066278066588e-08 
4.9620066278066588e-08 
4.9620066278066588e-08 
4.9620066278066588e-08 
4.9620066278066588e-08 
4.9620066278066588e-08 
4.9620066278066588e-08 
4.9620066278066588e-08 
4.9620066278066588e-08 
4.9620066278066588e-08 
4.9620066278066588e-08 
4.9620066278066588e-08 
4.9620066278066588e-08 
4.9620066278066588e-08 
4.9620066278066588e-08 
4.9620066278066588e-08 
4.9620066278066588e-08 
4.9620066278066588e-08 
4.9620066278066588e-08 
4.9620066278066588e-08 
4.9620066278066588e-08 
4.9620066278066588e-08 
4.9620066278066588e-08 
4.9620066278066588e-08 
4.9620066278066588e-08 
4.9620066278066588e-08 
4.9620066278066588e-08 
4.9620066278066588e-08 
4.9620066278066588e-08 
4.9620066278066588e-08 
4.9620066278066588e-08 
4.9620066278066588e-08 
4.9620066278066588e-08 
4.9620066278066588e-08 
4.9620066278066588e-08 
4.9620066278066588e-08 
4.9620066278066588e-08 
4.9620066278066588e-08 
4.9620066278066588e-08 
4.9620066278066588e-08 
4.9620066278066588e-08 
4.9620066278066588e-08 
4.9620066278066588e-08 
4.9620066278066588e-08 
4.9620066278066588e-08 
4.9620066278066588e-08 
4.9620066278066588e-08 
4.9620066278066588e-08 
4.9620066278066588e-08 
4.9620066278066588e-08 
4.9620066278066588e-08 
4.9620066278066588e-08 
4.7986594253757175e-08 
4.7986594253757175e-08 
4.7986594253757175e-08 
4.7986594253757175e-08 
4.7986594253757175e-08 
4.7986594253757175e-08 
4.7986594253757175e-08 
4.7986594253757175e-08 
4.7986594253757175e-08 
4.7986594253757175e-08 
3.9744428415033894e-08 
3.9744428415033894e-08 
3.9744428415033894e-08 
3.9744428415033894e-08 
1.0617418833014369e-08 
1.0617418833014369e-08 
1.0617418833014369e-08 
1.0617418833014369e-08 
1.0617418833014369e-08 
1.0617418833014369e-08 
1.0617418833014369e-08 
5.7316571488996715e-09 
5.7316571488996715e-09 
5.7316571488996715e-09 
5.7316571488996715e-09 
5.7316571488996715e-09 
5.7316571488996715e-09 
5.7316571488996715e-09 
3.8728368290108506e-09 
3.8728368290108506e-09 
3.8728368290108506e-09 
3.8728368290108506e-09 
3.8728368290108506e-09 
3.8728368290108506e-09 
3.8728368290108506e-09 
3.8728368290108506e-09 
3.8728368290108506e-09 
3.8728368290108506e-09 
3.8728368290108506e-09 
3.8728368290108506e-09 
3.8728368290108506e-09 
3.8728368290108506e-09 
3.8728368290108506e-09 
3.8728368290108506e-09 
3.8728368290108506e-09 
3.8728368290108506e-09 
3.8728368290108506e-09 
3.8728368290108506e-09 
3.8728368290108506e-09 
3.8728368290108506e-09 
3.8728368290108506e-09 
3.8728368290108506e-09 
3.8728368290108506e-09 
3.8728368290108506e-09 
3.8728368290108506e-09 
3.8728368290108506e-09 
3.8728368290108506e-09 
3.8728368290108506e-09 
3.8728368290108506e-09 
3.8728368290108506e-09 
3.8728368290108506e-09 
3.8728368290108506e-09 
3.8728368290108506e-09 
3.8728368290108506e-09 
3.8728368290108506e-09 
3.8728368290108506e-09 
3.8728368290108506e-09 
3.8728368290108506e-09 
3.8728368290108506e-09 
3.8728368290108506e-09 
3.8728368290108506e-09 
3.8728368290108506e-09 
3.8728368290108506e-09 
3.8728368290108506e-09 
3.8728368290108506e-09 
3.8728368290108506e-09 
3.8728368290108506e-09 
2.8196075474440363e-09 
2.8196075474440363e-09 
2.8196075474440363e-09 
2.8196075474440363e-09 
2.8196075474440363e-09 
2.8196075474440363e-09 
2.8196075474440363e-09 
2.7809906599784995e-09 
2.7809906599784995e-09 
2.7809906599784995e-09 
2.7809906599784995e-09 
2.7809906599784995e-09 
2.7809906599784995e-09 
2.7809906599784995e-09 
2.7674548208622696e-09 
2.7674548208622696e-09 
2.7674548208622696e-09 
2.7674548208622696e-09 
2.7674548208622696e-09 
2.7674548208622696e-09 
2.7674548208622696e-09 
2.7624088572153482e-09 
2.7624088572153482e-09 
2.7624088572153482e-09 
2.7624088572153482e-09 
2.7624088572153482e-09 
2.7624088572153482e-09 
2.7624088572153482e-09 
2.7603800356601482e-09 
2.7603800356601482e-09 
2.7603800356601482e-09 
2.7603800356601482e-09 
2.7603800356601482e-09 
2.7603800356601482e-09 
2.7603800356601482e-09 
2.7595045137829288e-09 
2.7595045137829288e-09 
2.7595045137829288e-09 
2.7595045137829288e-09 
2.7593091145305948e-09 
2.7593091145305948e-09 
2.7593091145305948e-09 
2.7593091145305948e-09 
2.7577162775571651e-09 
2.7577162775571651e-09 
2.7577162775571651e-09 
2.7577162775571651e-09 
2.7577162775571651e-09 
2.7577162775571651e-09 
2.7577162775571651e-09 
2.7575961514259006e-09 
2.7575961514259006e-09 
2.7575961514259006e-09 
2.7575961514259006e-09 
2.7568037852532257e-09 
2.7568037852532257e-09 
2.7568037852532257e-09 
2.7568037852532257e-09 
2.7568037852532257e-09 
2.7568037852532257e-09 
2.7568037852532257e-09 
2.7567939042683065e-09 
2.7567939042683065e-09 
2.7567939042683065e-09 
2.7567939042683065e-09 
2.7567939042683065e-09 
2.7567939042683065e-09 
2.7567939042683065e-09 
2.7567899074654179e-09 
2.7567899074654179e-09 
2.7567899074654179e-09 
2.7567899074654179e-09 
2.7567360616487235e-09 
2.7567360616487235e-09 
2.7567360616487235e-09 
2.7567360616487235e-09 
2.7567360616487235e-09 
2.7567360616487235e-09 
2.7567360616487235e-09 
2.7567358396041186e-09 
2.7567358396041186e-09 
2.7567358396041186e-09 
2.7567358396041186e-09 
2.7567358396041186e-09 
2.7567358396041186e-09 
2.7567358396041186e-09 
2.7567358396041186e-09 
2.7567358396041186e-09 
2.7567358396041186e-09 
2.7567358396041186e-09 
2.7567313987120201e-09 
2.7567313987120201e-09 
2.7567313987120201e-09 
2.7567313987120201e-09 
2.7567313987120201e-09 
2.7567313987120201e-09 
2.7567313987120201e-09 
2.7567313987120201e-09 
2.7567313987120201e-09 
2.7567313987120201e-09 
2.7567313987120201e-09 
2.7567313987120201e-09 
2.7567313987120201e-09 
2.7567313987120201e-09 
2.7567313987120201e-09 
2.7567313987120201e-09 
2.7567313987120201e-09 
2.7567313987120201e-09 
2.7567313987120201e-09 
2.7567313987120201e-09 
2.7567313987120201e-09 
2.7567313987120201e-09 
2.7567313987120201e-09 
2.7567313987120201e-09 
2.7567313987120201e-09 
2.7567313987120201e-09 
2.7567313987120201e-09 
2.7567313987120201e-09 
2.7567313987120201e-09 
2.7567313987120201e-09 
2.7567313987120201e-09 
2.7567313987120201e-09 
2.7567313987120201e-09 
2.7567313987120201e-09 
2.7567313987120201e-09 
2.7567313987120201e-09 
2.7567313987120201e-09 
2.7567313987120201e-09 
2.7567313987120201e-09 
2.7567313987120201e-09 
2.7567313987120201e-09 
2.7567313987120201e-09 
2.7567313987120201e-09 
2.7567313987120201e-09 
2.7567313987120201e-09 
2.7567313987120201e-09 
2.7567312876897176e-09 
2.7567312876897176e-09 
2.7567312876897176e-09 
2.7567312876897176e-09 
2.7567312876897176e-09 
2.7567312876897176e-09 
2.7567312876897176e-09 
2.7567312876897176e-09 
2.7567312876897176e-09 
2.7567312876897176e-09 
2.7567312876897176e-09 
2.7567312876897176e-09 
2.7567312876897176e-09 
2.7567312876897176e-09 
2.7567312876897176e-09 
2.7567312876897176e-09 
2.7567312876897176e-09 
2.7567312876897176e-09 
2.7567312876897176e-09 
2.7567312876897176e-09 
2.7567312876897176e-09 
2.7567312876897176e-09 
2.7567312876897176e-09 
2.7567312876897176e-09 
2.7567312876897176e-09 
2.7567312876897176e-09 
2.7567312876897176e-09 
2.7567312876897176e-09 
2.7567312876897176e-09 
2.7567312876897176e-09 
2.7567312876897176e-09 
2.7567312876897176e-09 
2.7567312876897176e-09 
2.7567312876897176e-09 
2.7567312876897176e-09 
2.7567312876897176e-09 
2.7567312876897176e-09 
2.7567312876897176e-09 
2.7567312876897176e-09 
2.7567312876897176e-09 
2.7567312876897176e-09 
2.7567312876897176e-09 
2.7567312876897176e-09 
2.7567312876897176e-09 
2.7567312876897176e-09 
2.7567312876897176e-09 
2.7567312876897176e-09 
2.7567312876897176e-09 
2.7567312876897176e-09 
2.7567312876897176e-09 
2.7567312876897176e-09 
2.7567312876897176e-09 
2.7567312876897176e-09 
2.7567312876897176e-09 
2.7567312876897176e-09 
2.7567312876897176e-09 
2.7567312876897176e-09 
2.7567312876897176e-09 
2.7567312876897176e-09 
2.7567312876897176e-09 
2.7567312876897176e-09 
2.7567312876897176e-09 
2.7567312876897176e-09 
2.7567312876897176e-09 
2.7567312876897176e-09 
2.7567312876897176e-09 
2.7567312876897176e-09 
2.7567312876897176e-09 
2.7567312876897176e-09 
2.7567312876897176e-09 
2.7567312876897176e-09 
2.7567312876897176e-09 
2.7567312876897176e-09 
2.7567312876897176e-09 
2.7567312876897176e-09 
2.7567312876897176e-09 
2.7567312876897176e-09 
2.7567312876897176e-09 
2.7567312876897176e-09 
2.7567312876897176e-09 
2.7567312876897176e-09 
2.7567312876897176e-09 
2.7567312876897176e-09 
2.7567312876897176e-09 
2.7567312876897176e-09 
2.7567312876897176e-09 
2.7567312876897176e-09 
2.7567312876897176e-09 
2.7567312876897176e-09 
2.7567312876897176e-09 
2.7567312876897176e-09 
2.7567312876897176e-09 
2.7567312876897176e-09 
2.7567312876897176e-09 
2.7567312876897176e-09 
2.7567312876897176e-09 
2.7567312876897176e-09 
2.7567312876897176e-09 
2.7567312876897176e-09 
2.7567312876897176e-09 
2.7567312876897176e-09 
2.7567312876897176e-09 
2.7567312876897176e-09 
2.7567312876897176e-09 
2.7567312876897176e-09 
2.7567312876897176e-09 
2.7567312876897176e-09 
2.7567312876897176e-09 
2.7567312876897176e-09 
2.7567312876897176e-09 
2.7567312876897176e-09 
2.7567312876897176e-09 
2.7567312876897176e-09 
2.7567312876897176e-09 
2.7567312876897176e-09 
2.7567312876897176e-09 
2.7567312876897176e-09 
2.7567312876897176e-09 
2.7567312876897176e-09 
2.7567312876897176e-09 
2.7567312876897176e-09 
2.7567312876897176e-09 
2.7567312876897176e-09 
2.7567312876897176e-09 
2.7567312876897176e-09 
2.7567312876897176e-09 
2.7567312876897176e-09 
2.7567312876897176e-09 
2.7567312876897176e-09 
2.7567312876897176e-09 
2.7567312876897176e-09 
2.7567312876897176e-09 
2.7567312876897176e-09 
2.7567312876897176e-09 
2.7567312876897176e-09 
2.7567312876897176e-09 
2.7567312876897176e-09 
2.7567312876897176e-09 
2.7567312876897176e-09 
6.0450311423210223e-11 
6.0450311423210223e-11 
6.0450311423210223e-11 
6.0450311423210223e-11 
6.0450311423210223e-11 
6.0450311423210223e-11 
6.0450311423210223e-11 
4.4613090999234828e-11 
4.4613090999234828e-11 
4.4613090999234828e-11 
4.4613090999234828e-11 
4.4613090999234828e-11 
4.4613090999234828e-11 
4.4613090999234828e-11 
4.4613090999234828e-11 
4.4613090999234828e-11 
4.4613090999234828e-11 
4.4613090999234828e-11 
4.4613090999234828e-11 
4.4613090999234828e-11 
4.4613090999234828e-11 
4.4613090999234828e-11 
4.4613090999234828e-11 
4.4613090999234828e-11 
4.4613090999234828e-11 
4.4613090999234828e-11 
4.4613090999234828e-11 
4.4613090999234828e-11 
4.4613090999234828e-11 
4.4613090999234828e-11 
4.4613090999234828e-11 
4.45924408509768e-11 
4.45924408509768e-11 
4.45924408509768e-11 
4.45924408509768e-11 
4.45924408509768e-11 
4.45924408509768e-11 
4.45924408509768e-11 
4.4585890535131512e-11 
4.4585890535131512e-11 
4.4585890535131512e-11 
4.4585890535131512e-11 
4.4585890535131512e-11 
4.4585890535131512e-11 
4.4585890535131512e-11 
4.4585890535131512e-11 
4.4585890535131512e-11 
4.4585890535131512e-11 
4.4585890535131512e-11 
4.4585890535131512e-11 
4.4585890535131512e-11 
4.4585890535131512e-11 
4.4585890535131512e-11 
4.4585890535131512e-11 
4.4585890535131512e-11 
4.4585890535131512e-11 
4.4585890535131512e-11 
4.4585890535131512e-11 
4.4585890535131512e-11 
4.4585890535131512e-11 
4.4585890535131512e-11 
4.4585890535131512e-11 
4.4585779512829049e-11 
4.4585557468224124e-11 
4.4585557468224124e-11 
4.4585557468224124e-11 
4.4585557468224124e-11 
4.4585557468224124e-11 
4.4585557468224124e-11 
4.4585557468224124e-11 
4.4585557468224124e-11 
4.4585557468224124e-11 
4.4585557468224124e-11 
4.4585557468224124e-11 
4.4585557468224124e-11 
4.4585557468224124e-11 
4.4585557468224124e-11 
4.4585557468224124e-11 
4.4585557468224124e-11 
4.4585557468224124e-11 
4.4585557468224124e-11 
4.4585557468224124e-11 
4.4585557468224124e-11 
4.4585557468224124e-11 
4.4585557468224124e-11 
4.4585557468224124e-11 
4.4585557468224124e-11 
4.4585557468224124e-11 
4.4585557468224124e-11 
4.4585557468224124e-11 
4.4585557468224124e-11 
4.4585557468224124e-11 
4.4585557468224124e-11 
4.4585557468224124e-11 
4.4585557468224124e-11 
4.4585557468224124e-11 
4.4585557468224124e-11 
4.4585557468224124e-11 
4.4585557468224124e-11 
4.4585557468224124e-11 
4.4585557468224124e-11 
4.4585557468224124e-11 
4.4585557468224124e-11 
4.4585557468224124e-11 
4.4585557468224124e-11 
4.4585557468224124e-11 
4.4585557468224124e-11 
4.4585557468224124e-11 
4.4585557468224124e-11 
4.4585557468224124e-11 
4.4585557468224124e-11 
4.4585557468224124e-11 
4.4585557468224124e-11 
4.4585557468224124e-11 
4.4585557468224124e-11 
4.4585557468224124e-11 
4.4585557468224124e-11 
4.4585557468224124e-11 
4.4585557468224124e-11 
4.4585557468224124e-11 
4.4585557468224124e-11 
4.4585557468224124e-11 
4.4585557468224124e-11 
4.4585557468224124e-11 
4.4585557468224124e-11 
4.4585557468224124e-11 
4.4585557468224124e-11 
4.4585557468224124e-11 
4.4585557468224124e-11 
4.4585557468224124e-11 
4.4585557468224124e-11 
4.4585557468224124e-11 
4.4585557468224124e-11 
4.4585557468224124e-11 
4.4585557468224124e-11 
4.4585557468224124e-11 
4.4585557468224124e-11 
4.4585557468224124e-11 
4.4585557468224124e-11 
4.4585557468224124e-11 
4.4585557468224124e-11 
4.4585557468224124e-11 
4.4585557468224124e-11 
4.4585557468224124e-11 
4.4585557468224124e-11 
4.4585557468224124e-11 
4.4585557468224124e-11 
4.4585557468224124e-11 
4.4585557468224124e-11 
4.4585557468224124e-11 
4.4585557468224124e-11 
4.4585557468224124e-11 
4.4585557468224124e-11 
4.4585557468224124e-11 
4.4585557468224124e-11 
4.4585557468224124e-11 
4.4585557468224124e-11 
4.4585557468224124e-11 
4.4585557468224124e-11 
4.4585557468224124e-11 
4.4585557468224124e-11 
4.4585557468224124e-11 
4.4585557468224124e-11 
4.4585557468224124e-11 
4.4585557468224124e-11 
4.4585557468224124e-11 
4.4585557468224124e-11 
4.4585557468224124e-11 
4.4585557468224124e-11 
4.4585557468224124e-11 
4.4585557468224124e-11 
4.4585557468224124e-11 
4.4585557468224124e-11 
4.4585557468224124e-11 
4.4585557468224124e-11 
4.4585557468224124e-11 
4.4585557468224124e-11 
4.4585557468224124e-11 
4.4585557468224124e-11 
4.4585557468224124e-11 
4.4585557468224124e-11 
4.4585557468224124e-11 
4.4585557468224124e-11 
4.4585557468224124e-11 
4.4585557468224124e-11 
4.4585557468224124e-11 
4.4585557468224124e-11 
4.4585557468224124e-11 
4.4585557468224124e-11 
4.4585557468224124e-11 
4.4585557468224124e-11 
4.4585557468224124e-11 
4.4585557468224124e-11 
4.4585557468224124e-11 
4.4585557468224124e-11 
4.4585557468224124e-11 
4.4585557468224124e-11 
4.4585557468224124e-11 
4.4585557468224124e-11 
4.4585557468224124e-11 
4.4585557468224124e-11 
4.4585557468224124e-11 
4.4585557468224124e-11 
4.4585557468224124e-11 
4.4585557468224124e-11 
4.4585557468224124e-11 
4.4585557468224124e-11 
4.4585557468224124e-11 
4.4585557468224124e-11 
4.4585557468224124e-11 
4.4585557468224124e-11 
4.4585557468224124e-11 
4.4585557468224124e-11 
4.4585557468224124e-11 
4.4585557468224124e-11 
4.4585557468224124e-11 
4.4585557468224124e-11 
4.4585557468224124e-11 
4.4585557468224124e-11 
4.4585557468224124e-11 
4.4585557468224124e-11 
4.4585557468224124e-11 
4.4585557468224124e-11 
4.4585557468224124e-11 
4.4585557468224124e-11 
4.4585557468224124e-11 
4.4585557468224124e-11 
4.4585557468224124e-11 
4.4585557468224124e-11 
4.4585557468224124e-11 
4.4585557468224124e-11 
4.4585557468224124e-11 
4.4585557468224124e-11 
4.4585557468224124e-11 
4.4585557468224124e-11 
4.4585557468224124e-11 
4.4585557468224124e-11 
4.4585557468224124e-11 
4.4585557468224124e-11 
4.4585557468224124e-11 
4.4585557468224124e-11 
4.4585557468224124e-11 
4.4585557468224124e-11 
4.4585557468224124e-11 
4.4585557468224124e-11 
4.4585557468224124e-11 
4.4585557468224124e-11 
4.4585557468224124e-11 
4.4585557468224124e-11 
4.4585557468224124e-11 
4.4585557468224124e-11 
4.4585557468224124e-11 
4.4585557468224124e-11 
4.2205239303427788e-11 
3.9827918740797941e-11 
3.8846037497819452e-11 
3.8509861965962955e-11 
3.8455683082361247e-11 
3.8455683082361247e-11 
3.8455683082361247e-11 
3.8455683082361247e-11 
3.8455461037756322e-11 
3.8455461037756322e-11 
3.8455461037756322e-11 
3.8455461037756322e-11 
3.8453795703219384e-11 
3.8453795703219384e-11 
3.8453795703219384e-11 
3.8453795703219384e-11 
3.8453795703219384e-11 
3.8453795703219384e-11 
3.8453795703219384e-11 
3.8453795703219384e-11 
3.8453795703219384e-11 
3.8453795703219384e-11 
3.8453795703219384e-11 
3.8453795703219384e-11 
3.8453795703219384e-11 
3.8453795703219384e-11 
3.8453795703219384e-11 
3.8453795703219384e-11 
3.8453795703219384e-11 
3.8453795703219384e-11 
3.8453795703219384e-11 
3.8453795703219384e-11 
3.8453795703219384e-11 
3.8453795703219384e-11 
3.8453795703219384e-11 
3.8453795703219384e-11 
3.8453795703219384e-11 
3.8453795703219384e-11 
3.8453795703219384e-11 
3.8453795703219384e-11 
3.8453795703219384e-11 
3.8453795703219384e-11 
3.8453795703219384e-11 
3.8453795703219384e-11 
3.8453795703219384e-11 
3.8453795703219384e-11 
3.8453795703219384e-11 
3.8453795703219384e-11 
3.8453795703219384e-11 
3.8453795703219384e-11 
3.8453795703219384e-11 
3.8453795703219384e-11 
3.8453795703219384e-11 
3.8453795703219384e-11 
3.8453795703219384e-11 
3.8453795703219384e-11 
3.8453795703219384e-11 
3.8453795703219384e-11 
3.8453795703219384e-11 
3.8453795703219384e-11 
3.8453795703219384e-11 
3.8453795703219384e-11 
3.8453795703219384e-11 
3.8453795703219384e-11 
3.8453795703219384e-11 
3.8453795703219384e-11 
3.8453795703219384e-11 
3.8453795703219384e-11 
3.8453795703219384e-11 
3.8453795703219384e-11 
3.8453795703219384e-11 
3.8453795703219384e-11 
3.8453795703219384e-11 
3.8453795703219384e-11 
3.8453795703219384e-11 
3.8453795703219384e-11 
3.8453795703219384e-11 
3.8453795703219384e-11 
3.8453795703219384e-11 
3.8453795703219384e-11 
3.8453795703219384e-11 
3.8453795703219384e-11 
3.8453795703219384e-11 
3.8453795703219384e-11 
3.8453795703219384e-11 
3.8453795703219384e-11 
3.8453795703219384e-11 
3.8453795703219384e-11 
3.8453795703219384e-11 
3.8453795703219384e-11 
3.8453795703219384e-11 
3.8453795703219384e-11 
3.8453795703219384e-11 
3.8453795703219384e-11 
3.8453795703219384e-11 
3.8453795703219384e-11 
3.8453795703219384e-11 
3.8453795703219384e-11 
3.8453795703219384e-11 
3.8453795703219384e-11 
3.8453795703219384e-11 
3.8453795703219384e-11 
3.8453795703219384e-11 
3.8453795703219384e-11 
3.8453795703219384e-11 
3.8453795703219384e-11 
3.8453795703219384e-11 
3.8453795703219384e-11 
3.8453795703219384e-11 
3.8453795703219384e-11 
3.8453795703219384e-11 
3.8453795703219384e-11 
3.8453795703219384e-11 
3.8453795703219384e-11 
3.8453795703219384e-11 
3.8453795703219384e-11 
3.8453795703219384e-11 
3.8453795703219384e-11 
3.8453795703219384e-11 
3.8453795703219384e-11 
3.8453795703219384e-11 
3.8453795703219384e-11 
3.8453795703219384e-11 
3.8453795703219384e-11 
3.8453795703219384e-11 
3.8453795703219384e-11 
3.8453795703219384e-11 
3.8453795703219384e-11 
3.8453795703219384e-11 
3.8453795703219384e-11 
3.8453795703219384e-11 
3.8453795703219384e-11 
3.8453795703219384e-11 
1.8094747922248189e-11 
1.8094747922248189e-11 
1.8094747922248189e-11 
1.8094747922248189e-11 
1.562383555864244e-11 
1.562383555864244e-11 
1.562383555864244e-11 
1.562383555864244e-11 
1.5139556275300947e-11 
1.5139556275300947e-11 
1.5139556275300947e-11 
1.5139556275300947e-11 
1.503908109157237e-11 
1.503908109157237e-11 
1.503908109157237e-11 
1.503908109157237e-11 
1.5021206500875905e-11 
1.5021206500875905e-11 
1.5021206500875905e-11 
1.5021206500875905e-11 
1.5016765608777405e-11 
1.5016765608777405e-11 
1.5016765608777405e-11 
1.5016765608777405e-11 
1.5016432541870017e-11 
1.5016432541870017e-11 
1.5016432541870017e-11 
1.5016432541870017e-11 
1.5016210497265092e-11 
1.5016210497265092e-11 
1.5016210497265092e-11 
1.501609947496263e-11 
1.501609947496263e-11 
1.5015988452660167e-11 
1.5015988452660167e-11 
1.5015988452660167e-11 
1.5015988452660167e-11 
1.5015988452660167e-11 
1.5015877430357705e-11 
1.5015877430357705e-11 
1.5015877430357705e-11 
1.5015877430357705e-11 
1.5015877430357705e-11 
1.5015877430357705e-11 
1.5015877430357705e-11 
1.5015877430357705e-11 
1.5015877430357705e-11 
1.5015877430357705e-11 
1.5015877430357705e-11 
1.5015877430357705e-11 
1.5015877430357705e-11 
1.5015877430357705e-11 
1.5015877430357705e-11 
1.5015877430357705e-11 
1.5015877430357705e-11 
1.5015877430357705e-11 
1.5015877430357705e-11 
1.5015877430357705e-11 
1.5015877430357705e-11 
1.5015877430357705e-11 
1.5015877430357705e-11 
1.5015877430357705e-11 
1.5015877430357705e-11 
1.5015877430357705e-11 
1.5015877430357705e-11 
1.5015877430357705e-11 
1.5015877430357705e-11 
1.5015877430357705e-11 
1.5015877430357705e-11 
1.5015877430357705e-11 
1.5015877430357705e-11 
1.5015877430357705e-11 
1.5015877430357705e-11 
1.5015877430357705e-11 
1.5015877430357705e-11 
1.5015877430357705e-11 
1.5015877430357705e-11 
1.5015877430357705e-11 
1.5015877430357705e-11 
1.5015877430357705e-11 
1.5015877430357705e-11 
1.5015877430357705e-11 
1.5015877430357705e-11 
