1.674145780865669 
0.47343698428352909 
0.47343698428352909 
0.47343698428352909 
0.47343698428352909 
0.16207769601606753 
0.16207769601606753 
0.16207769601606753 
0.16207769601606753 
0.16207769601606753 
0.15703802800060793 
0.15703802800060793 
0.054538056460026081 
0.054538056460026081 
0.054538056460026081 
0.054538056460026081 
0.054538056460026081 
0.054538056460026081 
0.054538056460026081 
0.054538056460026081 
0.051841702664626801 
0.051841702664626801 
0.051841702664626801 
0.049965827982170918 
0.049965827982170918 
0.049965827982170918 
0.049814105530528362 
0.049814105530528362 
0.049814105530528362 
0.047250808417132951 
0.046350593499684706 
0.034937644906935184 
0.019181264745633968 
0.0047718578757573859 
0.0025352820722433617 
0.0025352820722433617 
0.0025352820722433617 
0.0010002763446102353 
0.00090888532448265983 
0.00090888532448265983 
0.00090888532448265983 
0.00090888532448265983 
0.00090888532448265983 
0.00090888532448265983 
0.00013146845412133568 
0.00013146845412133568 
0.00013146845412133568 
0.00013146845412133568 
0.00013146845412133568 
0.00013146845412133568 
0.00013146845412133568 
0.00013146845412133568 
0.00013146845412133568 
0.00013146845412133568 
0.00013146845412133568 
0.00013146845412133568 
0.00013146845412133568 
0.00013146845412133568 
0.00013146845412133568 
0.00013146845412133568 
0.00013146845412133568 
0.00013146845412133568 
0.00010509513373676905 
0.00010509513373676905 
7.375454023827134e-05 
7.375454023827134e-05 
7.375454023827134e-05 
7.375454023827134e-05 
7.3671030492566703e-05 
4.6773088534778315e-06 
4.6773088534778315e-06 
4.6773088534778315e-06 
4.6773088534778315e-06 
4.6773088534778315e-06 
4.6773088534778315e-06 
4.6773088534778315e-06 
4.6773088534778315e-06 
4.6773088534778315e-06 
4.6773088534778315e-06 
4.6773088534778315e-06 
4.6773088534778315e-06 
4.6773088534778315e-06 
4.6773088534778315e-06 
4.6773088534778315e-06 
4.6773088534778315e-06 
4.6773088534778315e-06 
4.6773088534778315e-06 
4.6773088534778315e-06 
4.6773088534778315e-06 
4.6773088534778315e-06 
4.6773088534778315e-06 
4.6773088534778315e-06 
2.3223184652280841e-06 
2.3223184652280841e-06 
3.6622594910273121e-07 
3.6622594910273121e-07 
3.6622594910273121e-07 
3.6622594910273121e-07 
3.6622594910273121e-07 
3.6622594910273121e-07 
3.6622594910273121e-07 
3.6622594910273121e-07 
3.6622594910273121e-07 
3.6622594910273121e-07 
3.6622594910273121e-07 
3.6622594910273121e-07 
3.6622594910273121e-07 
3.6622594910273121e-07 
3.6622594910273121e-07 
3.6622594910273121e-07 
2.2864667936298691e-07 
2.2864667936298691e-07 
2.2864667936298691e-07 
2.2864667936298691e-07 
2.2864667936298691e-07 
2.2864667936298691e-07 
2.2864667936298691e-07 
2.2864667936298691e-07 
2.2864667936298691e-07 
2.2864667936298691e-07 
2.2864667936298691e-07 
2.2864667936298691e-07 
2.2864667936298691e-07 
2.2864667936298691e-07 
2.2864667936298691e-07 
2.2864667936298691e-07 
1.9023703916034592e-07 
1.1476109491530797e-07 
1.1476109491530797e-07 
1.1476109491530797e-07 
1.1476109491530797e-07 
1.1476109491530797e-07 
1.1476109491530797e-07 
1.1476109491530797e-07 
1.1476109491530797e-07 
1.1476109491530797e-07 
1.1476109491530797e-07 
1.1476109491530797e-07 
1.1476109491530797e-07 
1.1476109491530797e-07 
1.1476109491530797e-07 
1.1476109491530797e-07 
1.1476109491530797e-07 
1.1476109491530797e-07 
1.1476109491530797e-07 
1.1476109491530797e-07 
1.1476109491530797e-07 
1.1095711314975104e-07 
1.1095711314975104e-07 
6.9172054615459294e-09 
6.9172054615459294e-09 
6.9172054615459294e-09 
6.9172054615459294e-09 
6.9172054615459294e-09 
6.9172054615459294e-09 
6.9172054615459294e-09 
2.7603433798420368e-09 
2.7603433798420368e-09 
2.7603433798420368e-09 
2.7603433798420368e-09 
2.7603433798420368e-09 
2.7603433798420368e-09 
2.7603433798420368e-09 
2.7603433798420368e-09 
2.7603433798420368e-09 
2.7603433798420368e-09 
2.7603433798420368e-09 
2.7603433798420368e-09 
2.7603433798420368e-09 
2.7603433798420368e-09 
2.7603433798420368e-09 
2.7603433798420368e-09 
2.7603433798420368e-09 
2.7603433798420368e-09 
2.7603433798420368e-09 
2.7603433798420368e-09 
2.3712279549937982e-09 
2.3712279549937982e-09 
2.009914822531751e-09 
2.009914822531751e-09 
2.009914822531751e-09 
2.009914822531751e-09 
2.009914822531751e-09 
3.1264843106872664e-10 
3.1264843106872664e-10 
2.7018397569235531e-10 
2.7018397569235531e-10 
2.7018397569235531e-10 
2.7018397569235531e-10 
2.7018397569235531e-10 
1.615354042800665e-10 
1.615354042800665e-10 
1.615354042800665e-10 
1.615354042800665e-10 
1.615354042800665e-10 
1.615354042800665e-10 
1.615354042800665e-10 
1.3887086424276972e-10 
1.362755280479285e-10 
1.362755280479285e-10 
1.362755280479285e-10 
1.362755280479285e-10 
1.362755280479285e-10 
1.362755280479285e-10 
1.3237959117963058e-10 
1.1535229369010813e-10 
1.1535229369010813e-10 
1.1535229369010813e-10 
8.4751447941648793e-11 
8.4751447941648793e-11 
8.4751447941648793e-11 
7.8655439627352026e-11 
5.5085661155630119e-11 
2.5397227118048709e-11 
2.5397227118048709e-11 
2.5397227118048709e-11 
2.5397227118048709e-11 
2.5397227118048709e-11 
5.6982730861873353e-12 
5.6982730861873353e-12 
5.0944665388312364e-14 
5.0944665388312364e-14 
5.0944665388312364e-14 
5.0944665388312364e-14 
5.0944665388312364e-14 
5.0944665388312364e-14 
5.0944665388312364e-14 
5.0944665388312364e-14 
5.0944665388312364e-14 
5.0944665388312364e-14 
5.0944665388312364e-14 
5.0944665388312364e-14 
5.0944665388312364e-14 
5.0944665388312364e-14 
5.0944665388312364e-14 
5.0944665388312364e-14 
5.0944665388312364e-14 
5.0944665388312364e-14 
5.0944665388312364e-14 
5.0944665388312364e-14 
5.0944665388312364e-14 
4.0718058662484705e-14 
4.0718058662484705e-14 
4.0718058662484705e-14 
4.0718058662484705e-14 
4.0718058662484705e-14 
4.0718058662484705e-14 
4.0718058662484705e-14 
4.0718058662484705e-14 
4.0718058662484705e-14 
4.0718058662484705e-14 
4.0718058662484705e-14 
4.0718058662484705e-14 
4.0718058662484705e-14 
4.0718058662484705e-14 
4.0718058662484705e-14 
4.0718058662484705e-14 
4.0718058662484705e-14 
4.0718058662484705e-14 
4.0718058662484705e-14 
4.0718058662484705e-14 
4.0718058662484705e-14 
4.0718058662484705e-14 
4.0718058662484705e-14 
4.0718058662484705e-14 
4.0718058662484705e-14 
4.0718058662484705e-14 
4.0718058662484705e-14 
4.0718058662484705e-14 
4.0718058662484705e-14 
4.0718058662484705e-14 
4.0718058662484705e-14 
4.0718058662484705e-14 
4.0718058662484705e-14 
4.0718058662484705e-14 
4.0718058662484705e-14 
4.0718058662484705e-14 
4.0718058662484705e-14 
4.0718058662484705e-14 
4.0718058662484705e-14 
4.0718058662484705e-14 
4.0718058662484705e-14 
4.0718058662484705e-14 
4.0718058662484705e-14 
4.0718058662484705e-14 
4.0718058662484705e-14 
4.0718058662484705e-14 
4.0718058662484705e-14 
4.0718058662484705e-14 
4.0718058662484705e-14 
4.0718058662484705e-14 
4.0718058662484705e-14 
4.0718058662484705e-14 
4.0718058662484705e-14 
4.0718058662484705e-14 
4.0718058662484705e-14 
4.0718058662484705e-14 
4.0718058662484705e-14 
4.0718058662484705e-14 
4.0718058662484705e-14 
4.0718058662484705e-14 
4.0718058662484705e-14 
4.0718058662484705e-14 
4.0718058662484705e-14 
4.0718058662484705e-14 
4.0718058662484705e-14 
4.0718058662484705e-14 
4.0718058662484705e-14 
4.0718058662484705e-14 
4.0718058662484705e-14 
4.0718058662484705e-14 
4.0718058662484705e-14 
4.0718058662484705e-14 
4.0718058662484705e-14 
4.0718058662484705e-14 
4.0718058662484705e-14 
4.0718058662484705e-14 
4.0718058662484705e-14 
4.0718058662484705e-14 
4.0718058662484705e-14 
4.0718058662484705e-14 
4.0718058662484705e-14 
4.0718058662484705e-14 
4.0718058662484705e-14 
4.0718058662484705e-14 
4.0718058662484705e-14 
4.0718058662484705e-14 
4.0718058662484705e-14 
4.0718058662484705e-14 
4.0718058662484705e-14 
4.0718058662484705e-14 
4.0718058662484705e-14 
4.0718058662484705e-14 
4.0718058662484705e-14 
4.0718058662484705e-14 
4.0718058662484705e-14 
4.0718058662484705e-14 
4.0718058662484705e-14 
4.0718058662484705e-14 
4.0718058662484705e-14 
4.0718058662484705e-14 
4.0718058662484705e-14 
4.0718058662484705e-14 
4.0718058662484705e-14 
4.0718058662484705e-14 
4.0718058662484705e-14 
4.0718058662484705e-14 
4.0718058662484705e-14 
4.0718058662484705e-14 
4.0718058662484705e-14 
4.0718058662484705e-14 
4.0718058662484705e-14 
4.0718058662484705e-14 
4.0718058662484705e-14 
4.0718058662484705e-14 
4.0718058662484705e-14 
4.0718058662484705e-14 
4.0718058662484705e-14 
4.0718058662484705e-14 
4.0718058662484705e-14 
4.0718058662484705e-14 
4.0718058662484705e-14 
4.0718058662484705e-14 
4.0718058662484705e-14 
4.0718058662484705e-14 
4.0718058662484705e-14 
4.0718058662484705e-14 
4.0718058662484705e-14 
4.0718058662484705e-14 
4.0718058662484705e-14 
4.0718058662484705e-14 
4.0718058662484705e-14 
4.0718058662484705e-14 
4.0718058662484705e-14 
4.0718058662484705e-14 
4.0718058662484705e-14 
4.0718058662484705e-14 
4.0718058662484705e-14 
4.0718058662484705e-14 
4.0718058662484705e-14 
4.0718058662484705e-14 
4.0718058662484705e-14 
4.0718058662484705e-14 
4.0718058662484705e-14 
4.0718058662484705e-14 
4.0718058662484705e-14 
4.0718058662484705e-14 
4.0718058662484705e-14 
4.0718058662484705e-14 
4.0718058662484705e-14 
4.0718058662484705e-14 
4.0718058662484705e-14 
4.0718058662484705e-14 
4.0718058662484705e-14 
4.0718058662484705e-14 
4.0718058662484705e-14 
4.0718058662484705e-14 
4.0718058662484705e-14 
4.0718058662484705e-14 
4.0718058662484705e-14 
4.0718058662484705e-14 
4.0718058662484705e-14 
4.0718058662484705e-14 
4.0718058662484705e-14 
4.0718058662484705e-14 
4.0718058662484705e-14 
4.0718058662484705e-14 
4.0718058662484705e-14 
4.0718058662484705e-14 
4.0718058662484705e-14 
4.0718058662484705e-14 
4.0718058662484705e-14 
4.0718058662484705e-14 
4.0718058662484705e-14 
4.0718058662484705e-14 
4.0718058662484705e-14 
4.0718058662484705e-14 
4.0718058662484705e-14 
4.0718058662484705e-14 
4.0718058662484705e-14 
4.0718058662484705e-14 
4.0718058662484705e-14 
4.0718058662484705e-14 
4.0718058662484705e-14 
4.0718058662484705e-14 
4.0718058662484705e-14 
4.0718058662484705e-14 
4.0718058662484705e-14 
4.0718058662484705e-14 
4.0718058662484705e-14 
4.0718058662484705e-14 
4.0718058662484705e-14 
4.0718058662484705e-14 
4.0718058662484705e-14 
4.0718058662484705e-14 
4.0718058662484705e-14 
4.0718058662484705e-14 
4.0718058662484705e-14 
4.0718058662484705e-14 
4.0718058662484705e-14 
4.0718058662484705e-14 
4.0718058662484705e-14 
4.0718058662484705e-14 
4.0718058662484705e-14 
4.0718058662484705e-14 
4.0718058662484705e-14 
4.0718058662484705e-14 
4.0718058662484705e-14 
4.0718058662484705e-14 
4.0718058662484705e-14 
4.0718058662484705e-14 
4.0718058662484705e-14 
4.0718058662484705e-14 
4.0718058662484705e-14 
4.0718058662484705e-14 
4.0718058662484705e-14 
4.0718058662484705e-14 
4.0718058662484705e-14 
4.0718058662484705e-14 
4.0718058662484705e-14 
4.0718058662484705e-14 
4.0718058662484705e-14 
4.0718058662484705e-14 
4.0718058662484705e-14 
4.0718058662484705e-14 
4.0718058662484705e-14 
4.0718058662484705e-14 
4.0718058662484705e-14 
4.0718058662484705e-14 
4.0718058662484705e-14 
4.0718058662484705e-14 
4.0718058662484705e-14 
4.0718058662484705e-14 
4.0718058662484705e-14 
4.0718058662484705e-14 
4.0718058662484705e-14 
4.0718058662484705e-14 
4.0718058662484705e-14 
4.0718058662484705e-14 
4.0718058662484705e-14 
4.0718058662484705e-14 
4.0718058662484705e-14 
4.0718058662484705e-14 
4.0718058662484705e-14 
4.0718058662484705e-14 
4.0718058662484705e-14 
4.0718058662484705e-14 
4.0718058662484705e-14 
4.0718058662484705e-14 
4.0718058662484705e-14 
4.0718058662484705e-14 
4.0718058662484705e-14 
4.0718058662484705e-14 
4.0718058662484705e-14 
4.0718058662484705e-14 
4.0718058662484705e-14 
4.0718058662484705e-14 
4.0718058662484705e-14 
4.0718058662484705e-14 
4.0718058662484705e-14 
4.0718058662484705e-14 
4.0718058662484705e-14 
4.0718058662484705e-14 
4.0718058662484705e-14 
4.0718058662484705e-14 
4.0718058662484705e-14 
4.0718058662484705e-14 
4.0718058662484705e-14 
4.0718058662484705e-14 
4.0718058662484705e-14 
4.0718058662484705e-14 
4.0718058662484705e-14 
4.0718058662484705e-14 
4.0718058662484705e-14 
4.0718058662484705e-14 
4.0718058662484705e-14 
4.0718058662484705e-14 
4.0718058662484705e-14 
4.0718058662484705e-14 
4.0718058662484705e-14 
4.0718058662484705e-14 
4.0718058662484705e-14 
4.0718058662484705e-14 
4.0718058662484705e-14 
4.0718058662484705e-14 
4.0718058662484705e-14 
4.0718058662484705e-14 
4.0718058662484705e-14 
4.0718058662484705e-14 
4.0718058662484705e-14 
4.0718058662484705e-14 
4.0718058662484705e-14 
4.0718058662484705e-14 
4.0718058662484705e-14 
4.0718058662484705e-14 
4.0718058662484705e-14 
4.0718058662484705e-14 
4.0718058662484705e-14 
4.0718058662484705e-14 
4.0718058662484705e-14 
4.0718058662484705e-14 
4.0718058662484705e-14 
4.0718058662484705e-14 
4.0718058662484705e-14 
4.0718058662484705e-14 
4.0718058662484705e-14 
4.0718058662484705e-14 
4.0718058662484705e-14 
4.0718058662484705e-14 
4.0718058662484705e-14 
4.0718058662484705e-14 
4.0718058662484705e-14 
4.0718058662484705e-14 
4.0718058662484705e-14 
4.0718058662484705e-14 
4.0718058662484705e-14 
4.0718058662484705e-14 
4.0718058662484705e-14 
4.0718058662484705e-14 
4.0718058662484705e-14 
4.0718058662484705e-14 
4.0718058662484705e-14 
4.0718058662484705e-14 
4.0718058662484705e-14 
4.0718058662484705e-14 
4.0718058662484705e-14 
4.0718058662484705e-14 
4.0718058662484705e-14 
4.0718058662484705e-14 
4.0718058662484705e-14 
4.0718058662484705e-14 
4.0718058662484705e-14 
4.0718058662484705e-14 
4.0718058662484705e-14 
4.0718058662484705e-14 
4.0718058662484705e-14 
4.0718058662484705e-14 
4.0718058662484705e-14 
4.0718058662484705e-14 
4.0718058662484705e-14 
4.0718058662484705e-14 
4.0718058662484705e-14 
4.0718058662484705e-14 
4.0718058662484705e-14 
4.0718058662484705e-14 
4.0718058662484705e-14 
4.0718058662484705e-14 
4.0718058662484705e-14 
4.0718058662484705e-14 
4.0718058662484705e-14 
4.0718058662484705e-14 
4.0718058662484705e-14 
4.0718058662484705e-14 
4.0718058662484705e-14 
4.0718058662484705e-14 
4.0718058662484705e-14 
4.0718058662484705e-14 
4.0718058662484705e-14 
4.0718058662484705e-14 
4.0718058662484705e-14 
4.0718058662484705e-14 
4.0718058662484705e-14 
4.0718058662484705e-14 
4.0718058662484705e-14 
4.0718058662484705e-14 
4.0718058662484705e-14 
4.0718058662484705e-14 
4.0718058662484705e-14 
4.0718058662484705e-14 
4.0718058662484705e-14 
4.0718058662484705e-14 
4.0718058662484705e-14 
4.0718058662484705e-14 
4.0718058662484705e-14 
4.0718058662484705e-14 
4.0718058662484705e-14 
4.0718058662484705e-14 
4.0718058662484705e-14 
4.0718058662484705e-14 
4.0718058662484705e-14 
4.0718058662484705e-14 
4.0718058662484705e-14 
4.0718058662484705e-14 
4.0718058662484705e-14 
4.0718058662484705e-14 
4.0718058662484705e-14 
4.0718058662484705e-14 
4.0718058662484705e-14 
4.0718058662484705e-14 
4.0718058662484705e-14 
4.0718058662484705e-14 
4.0718058662484705e-14 
4.0718058662484705e-14 
4.0718058662484705e-14 
4.0718058662484705e-14 
4.0718058662484705e-14 
4.0718058662484705e-14 
4.0718058662484705e-14 
4.0718058662484705e-14 
4.0718058662484705e-14 
4.0718058662484705e-14 
4.0718058662484705e-14 
4.0718058662484705e-14 
4.0718058662484705e-14 
4.0718058662484705e-14 
4.0718058662484705e-14 
4.0718058662484705e-14 
4.0718058662484705e-14 
4.0718058662484705e-14 
4.0718058662484705e-14 
4.0718058662484705e-14 
4.0718058662484705e-14 
4.0718058662484705e-14 
4.0718058662484705e-14 
4.0718058662484705e-14 
4.0718058662484705e-14 
4.0718058662484705e-14 
4.0718058662484705e-14 
4.0718058662484705e-14 
4.0718058662484705e-14 
4.0718058662484705e-14 
4.0718058662484705e-14 
4.0718058662484705e-14 
4.0718058662484705e-14 
4.0718058662484705e-14 
4.0718058662484705e-14 
4.0718058662484705e-14 
4.0718058662484705e-14 
4.0718058662484705e-14 
4.0718058662484705e-14 
4.0718058662484705e-14 
4.0718058662484705e-14 
4.0718058662484705e-14 
4.0718058662484705e-14 
4.0718058662484705e-14 
4.0718058662484705e-14 
4.0718058662484705e-14 
4.0718058662484705e-14 
4.0718058662484705e-14 
4.0718058662484705e-14 
4.0718058662484705e-14 
4.0718058662484705e-14 
4.0718058662484705e-14 
4.0718058662484705e-14 
4.0718058662484705e-14 
4.0718058662484705e-14 
4.0718058662484705e-14 
4.0718058662484705e-14 
4.0718058662484705e-14 
4.0718058662484705e-14 
4.0718058662484705e-14 
4.0718058662484705e-14 
4.0718058662484705e-14 
4.0718058662484705e-14 
4.0718058662484705e-14 
4.0718058662484705e-14 
4.0718058662484705e-14 
4.0718058662484705e-14 
4.0718058662484705e-14 
4.0718058662484705e-14 
4.0718058662484705e-14 
4.0718058662484705e-14 
4.0718058662484705e-14 
4.0718058662484705e-14 
4.0718058662484705e-14 
4.0718058662484705e-14 
4.0718058662484705e-14 
4.0718058662484705e-14 
4.0718058662484705e-14 
4.0718058662484705e-14 
4.0718058662484705e-14 
4.0718058662484705e-14 
4.0718058662484705e-14 
4.0718058662484705e-14 
4.0718058662484705e-14 
4.0718058662484705e-14 
4.0718058662484705e-14 
4.0718058662484705e-14 
4.0718058662484705e-14 
4.0718058662484705e-14 
4.0718058662484705e-14 
4.0718058662484705e-14 
4.0718058662484705e-14 
4.0718058662484705e-14 
4.0718058662484705e-14 
4.0718058662484705e-14 
4.0718058662484705e-14 
4.0718058662484705e-14 
4.0718058662484705e-14 
4.0718058662484705e-14 
4.0718058662484705e-14 
4.0718058662484705e-14 
4.0718058662484705e-14 
4.0718058662484705e-14 
4.0718058662484705e-14 
4.0718058662484705e-14 
4.0718058662484705e-14 
4.0718058662484705e-14 
4.0718058662484705e-14 
4.0718058662484705e-14 
4.0718058662484705e-14 
4.0718058662484705e-14 
4.0718058662484705e-14 
4.0718058662484705e-14 
4.0718058662484705e-14 
4.0718058662484705e-14 
4.0718058662484705e-14 
4.0718058662484705e-14 
4.0718058662484705e-14 
4.0718058662484705e-14 
4.0718058662484705e-14 
4.0718058662484705e-14 
4.0718058662484705e-14 
4.0718058662484705e-14 
4.0718058662484705e-14 
4.0718058662484705e-14 
4.0718058662484705e-14 
4.0718058662484705e-14 
4.0718058662484705e-14 
4.0718058662484705e-14 
4.0718058662484705e-14 
4.0718058662484705e-14 
4.0718058662484705e-14 
4.0718058662484705e-14 
4.0718058662484705e-14 
4.0718058662484705e-14 
4.0718058662484705e-14 
4.0718058662484705e-14 
4.0718058662484705e-14 
4.0718058662484705e-14 
4.0718058662484705e-14 
4.0718058662484705e-14 
4.0718058662484705e-14 
4.0718058662484705e-14 
4.0718058662484705e-14 
4.0718058662484705e-14 
4.0718058662484705e-14 
4.0718058662484705e-14 
4.0718058662484705e-14 
4.0718058662484705e-14 
4.0718058662484705e-14 
4.0718058662484705e-14 
4.0718058662484705e-14 
4.0718058662484705e-14 
4.0718058662484705e-14 
4.0718058662484705e-14 
4.0718058662484705e-14 
4.0718058662484705e-14 
4.0718058662484705e-14 
4.0718058662484705e-14 
4.0718058662484705e-14 
4.0718058662484705e-14 
4.0718058662484705e-14 
4.0718058662484705e-14 
4.0718058662484705e-14 
4.0718058662484705e-14 
4.0718058662484705e-14 
4.0718058662484705e-14 
4.0718058662484705e-14 
4.0718058662484705e-14 
4.0718058662484705e-14 
4.0718058662484705e-14 
4.0718058662484705e-14 
4.0718058662484705e-14 
4.0718058662484705e-14 
4.0718058662484705e-14 
4.0718058662484705e-14 
4.0718058662484705e-14 
4.0718058662484705e-14 
4.0718058662484705e-14 
4.0718058662484705e-14 
4.0718058662484705e-14 
4.0718058662484705e-14 
4.0718058662484705e-14 
4.0718058662484705e-14 
4.0718058662484705e-14 
4.0718058662484705e-14 
4.0718058662484705e-14 
4.0718058662484705e-14 
4.0718058662484705e-14 
4.0718058662484705e-14 
4.0718058662484705e-14 
4.0718058662484705e-14 
4.0718058662484705e-14 
4.0718058662484705e-14 
4.0718058662484705e-14 
4.0718058662484705e-14 
4.0718058662484705e-14 
4.0718058662484705e-14 
4.0718058662484705e-14 
4.0718058662484705e-14 
4.0718058662484705e-14 
4.0718058662484705e-14 
4.0718058662484705e-14 
4.0718058662484705e-14 
4.0718058662484705e-14 
4.0718058662484705e-14 
4.0718058662484705e-14 
4.0718058662484705e-14 
4.0718058662484705e-14 
4.0718058662484705e-14 
4.0718058662484705e-14 
4.0718058662484705e-14 
4.0718058662484705e-14 
4.0718058662484705e-14 
4.0718058662484705e-14 
4.0718058662484705e-14 
4.0718058662484705e-14 
4.0718058662484705e-14 
4.0718058662484705e-14 
4.0718058662484705e-14 
4.0718058662484705e-14 
4.0718058662484705e-14 
4.0718058662484705e-14 
4.0718058662484705e-14 
4.0718058662484705e-14 
4.0718058662484705e-14 
4.0718058662484705e-14 
4.0718058662484705e-14 
4.0718058662484705e-14 
4.0718058662484705e-14 
4.0718058662484705e-14 
4.0718058662484705e-14 
4.0718058662484705e-14 
4.0718058662484705e-14 
4.0718058662484705e-14 
4.0718058662484705e-14 
4.0718058662484705e-14 
4.0718058662484705e-14 
4.0718058662484705e-14 
4.0718058662484705e-14 
4.0718058662484705e-14 
4.0718058662484705e-14 
4.0718058662484705e-14 
4.0718058662484705e-14 
4.0718058662484705e-14 
4.0718058662484705e-14 
4.0718058662484705e-14 
4.0718058662484705e-14 
4.0718058662484705e-14 
4.0718058662484705e-14 
4.0718058662484705e-14 
4.0718058662484705e-14 
4.0718058662484705e-14 
4.0718058662484705e-14 
4.0718058662484705e-14 
4.0718058662484705e-14 
4.0718058662484705e-14 
4.0718058662484705e-14 
4.0718058662484705e-14 
4.0718058662484705e-14 
4.0718058662484705e-14 
4.0718058662484705e-14 
4.0718058662484705e-14 
4.0718058662484705e-14 
4.0718058662484705e-14 
4.0718058662484705e-14 
4.0718058662484705e-14 
4.0718058662484705e-14 
4.0718058662484705e-14 
4.0718058662484705e-14 
4.0718058662484705e-14 
4.0718058662484705e-14 
4.0718058662484705e-14 
4.0718058662484705e-14 
4.0718058662484705e-14 
4.0718058662484705e-14 
4.0718058662484705e-14 
4.0718058662484705e-14 
4.0718058662484705e-14 
4.0718058662484705e-14 
4.0718058662484705e-14 
4.0718058662484705e-14 
4.0718058662484705e-14 
4.0718058662484705e-14 
4.0718058662484705e-14 
4.0718058662484705e-14 
4.0718058662484705e-14 
4.0718058662484705e-14 
4.0718058662484705e-14 
4.0718058662484705e-14 
4.0718058662484705e-14 
4.0718058662484705e-14 
4.0718058662484705e-14 
4.0718058662484705e-14 
4.0718058662484705e-14 
4.0718058662484705e-14 
4.0718058662484705e-14 
4.0718058662484705e-14 
4.0718058662484705e-14 
4.0718058662484705e-14 
4.0718058662484705e-14 
4.0718058662484705e-14 
4.0718058662484705e-14 
4.0718058662484705e-14 
4.0718058662484705e-14 
4.0718058662484705e-14 
4.0718058662484705e-14 
4.0718058662484705e-14 
4.0718058662484705e-14 
4.0718058662484705e-14 
4.0718058662484705e-14 
4.0718058662484705e-14 
4.0718058662484705e-14 
4.0718058662484705e-14 
4.0718058662484705e-14 
4.0718058662484705e-14 
4.0718058662484705e-14 
4.0718058662484705e-14 
4.0718058662484705e-14 
4.0718058662484705e-14 
4.0718058662484705e-14 
4.0718058662484705e-14 
4.0718058662484705e-14 
4.0718058662484705e-14 
4.0718058662484705e-14 
4.0718058662484705e-14 
4.0718058662484705e-14 
4.0718058662484705e-14 
4.0718058662484705e-14 
4.0718058662484705e-14 
4.0718058662484705e-14 
4.0718058662484705e-14 
4.0718058662484705e-14 
4.0718058662484705e-14 
4.0718058662484705e-14 
4.0718058662484705e-14 
4.0718058662484705e-14 
4.0718058662484705e-14 
4.0718058662484705e-14 
4.0718058662484705e-14 
4.0718058662484705e-14 
4.0718058662484705e-14 
4.0718058662484705e-14 
4.0718058662484705e-14 
4.0718058662484705e-14 
4.0718058662484705e-14 
4.0718058662484705e-14 
4.0718058662484705e-14 
4.0718058662484705e-14 
4.0718058662484705e-14 
4.0718058662484705e-14 
4.0718058662484705e-14 
4.0718058662484705e-14 
4.0718058662484705e-14 
4.0718058662484705e-14 
4.0718058662484705e-14 
4.0718058662484705e-14 
4.0718058662484705e-14 
4.0718058662484705e-14 
4.0718058662484705e-14 
4.0718058662484705e-14 
4.0718058662484705e-14 
4.0718058662484705e-14 
4.0718058662484705e-14 
4.0718058662484705e-14 
4.0718058662484705e-14 
4.0718058662484705e-14 
4.0718058662484705e-14 
4.0718058662484705e-14 
