0.59300833343916937 
0.14249521911519847 
0.14249521911519847 
0.053614918719435134 
0.010412878964149108 
0.010412878964149108 
0.010412878964149108 
0.0047731090406255561 
0.0047731090406255561 
0.0047731090406255561 
0.0047731090406255561 
0.0047731090406255561 
0.003228309440384991 
0.00035250207647707921 
0.00035250207647707921 
0.00035250207647707921 
0.00035250207647707921 
0.00035250207647707921 
0.00035250207647707921 
0.00011861494839549014 
0.00011861494839549014 
0.00011861494839549014 
0.00011861494839549014 
0.00011861494839549014 
0.00011861494839549014 
0.00011861494839549014 
0.00011861494839549014 
0.00011861494839549014 
0.00011861494839549014 
0.00011861494839549014 
0.00011861494839549014 
0.00011861494839549014 
0.00011861494839549014 
0.00011861494839549014 
0.00011861494839549014 
0.00011861494839549014 
0.00011861494839549014 
0.00011861494839549014 
0.00011861494839549014 
0.00011861494839549014 
0.00011861494839549014 
0.00011861494839549014 
0.00011861494839549014 
0.00011861494839549014 
0.00011861494839549014 
0.00011861494839549014 
5.2276058391642621e-05 
5.2276058391642621e-05 
5.2276058391642621e-05 
5.2276058391642621e-05 
5.2276058391642621e-05 
5.2276058391642621e-05 
5.2276058391642621e-05 
5.2276058391642621e-05 
5.2276058391642621e-05 
5.2276058391642621e-05 
5.2276058391642621e-05 
5.2276058391642621e-05 
5.2276058391642621e-05 
5.2276058391642621e-05 
5.2276058391642621e-05 
5.2276058391642621e-05 
5.2276058391642621e-05 
5.2276058391642621e-05 
1.7264322989873904e-05 
1.7264322989873904e-05 
1.7264322989873904e-05 
1.7264322989873904e-05 
1.7264322989873904e-05 
1.7264322989873904e-05 
1.7264322989873904e-05 
1.5995089778897409e-05 
1.5995089778897409e-05 
1.5995089778897409e-05 
1.5995089778897409e-05 
1.5995089778897409e-05 
1.5995089778897409e-05 
1.5995089778897409e-05 
4.6126433317361659e-07 
4.6126433317361659e-07 
4.6126433317361659e-07 
4.6126433317361659e-07 
4.6126433317361659e-07 
4.6126433317361659e-07 
4.6126433317361659e-07 
4.6126433317361659e-07 
4.6126433317361659e-07 
4.6126433317361659e-07 
4.6126433317361659e-07 
4.6126433317361659e-07 
4.6126433317361659e-07 
4.6126433317361659e-07 
4.6126433317361659e-07 
4.6126433317361659e-07 
4.6126433317361659e-07 
4.6126433317361659e-07 
4.6126433317361659e-07 
4.6126433317361659e-07 
4.6126433317361659e-07 
4.6126433317361659e-07 
4.6126433317361659e-07 
4.6126433317361659e-07 
4.6126433317361659e-07 
3.1840233882807212e-07 
3.1840233882807212e-07 
3.1840233882807212e-07 
3.1840233882807212e-07 
3.1840233882807212e-07 
3.1840233882807212e-07 
3.1840233882807212e-07 
3.1840233882807212e-07 
3.1840233882807212e-07 
3.1840233882807212e-07 
3.1840233882807212e-07 
3.1840233882807212e-07 
3.1840233882807212e-07 
3.1840233882807212e-07 
3.1840233882807212e-07 
3.1840233882807212e-07 
3.1840233882807212e-07 
3.1840233882807212e-07 
3.1840233882807212e-07 
3.1840233882807212e-07 
3.1840233882807212e-07 
3.1840233882807212e-07 
3.1840233882807212e-07 
3.1840233882807212e-07 
3.1840233882807212e-07 
3.1840233882807212e-07 
3.1840233882807212e-07 
3.1840233882807212e-07 
3.1840233882807212e-07 
3.1023003466135179e-07 
3.1023003466135179e-07 
3.1023003466135179e-07 
7.5991686276921655e-08 
7.5991686276921655e-08 
7.5991686276921655e-08 
7.5991686276921655e-08 
7.5991686276921655e-08 
7.5991686276921655e-08 
7.5991686276921655e-08 
3.2262624349854718e-08 
3.2262624349854718e-08 
3.2262624349854718e-08 
3.2262624349854718e-08 
3.2262624349854718e-08 
3.2262624349854718e-08 
3.2262624349854718e-08 
3.2262624349854718e-08 
1.6186418871910746e-08 
1.6186418871910746e-08 
1.6186418871910746e-08 
1.6186418871910746e-08 
1.6186418871910746e-08 
1.6186418871910746e-08 
1.6186418871910746e-08 
3.8953281711329169e-09 
3.8953281711329169e-09 
3.8953281711329169e-09 
3.8953281711329169e-09 
3.8953281711329169e-09 
3.8953281711329169e-09 
3.8953281711329169e-09 
2.8067115298568979e-09 
2.8067115298568979e-09 
2.8067115298568979e-09 
2.8067115298568979e-09 
2.8067115298568979e-09 
2.8067115298568979e-09 
2.8067115298568979e-09 
2.8067115298568979e-09 
2.8067115298568979e-09 
2.8067115298568979e-09 
2.8067115298568979e-09 
2.8067115298568979e-09 
2.8067115298568979e-09 
2.8067115298568979e-09 
2.8067115298568979e-09 
2.8067115298568979e-09 
2.8067115298568979e-09 
9.0549123754612992e-10 
9.0549123754612992e-10 
9.0549123754612992e-10 
9.0549123754612992e-10 
9.0549123754612992e-10 
9.0549123754612992e-10 
9.0549123754612992e-10 
9.0549123754612992e-10 
9.0549123754612992e-10 
9.0549123754612992e-10 
9.0549123754612992e-10 
9.0549123754612992e-10 
9.0549123754612992e-10 
9.0549123754612992e-10 
9.0549123754612992e-10 
4.4013925837305123e-10 
4.4013925837305123e-10 
4.4013925837305123e-10 
4.3298764573762583e-10 
3.781254198642614e-10 
3.781254198642614e-10 
3.781254198642614e-10 
1.8219048492085221e-10 
1.8219048492085221e-10 
1.8219048492085221e-10 
1.8219048492085221e-10 
1.8219048492085221e-10 
1.8219048492085221e-10 
1.8219048492085221e-10 
1.8219048492085221e-10 
1.8219048492085221e-10 
1.8219048492085221e-10 
1.8219048492085221e-10 
1.8219048492085221e-10 
1.8219048492085221e-10 
1.8219048492085221e-10 
1.1225687046589883e-10 
1.1225687046589883e-10 
1.1225687046589883e-10 
1.0550760265459758e-10 
1.0550760265459758e-10 
1.9558799024821383e-11 
1.9558799024821383e-11 
2.2783996911357463e-12 
2.2783996911357463e-12 
2.2783996911357463e-12 
2.2783996911357463e-12 
2.2783996911357463e-12 
2.2783996911357463e-12 
2.2783996911357463e-12 
1.822986206434507e-12 
1.822986206434507e-12 
1.822986206434507e-12 
1.822986206434507e-12 
1.822986206434507e-12 
1.822986206434507e-12 
1.822986206434507e-12 
1.822986206434507e-12 
1.822986206434507e-12 
1.822986206434507e-12 
1.822986206434507e-12 
1.822986206434507e-12 
1.822986206434507e-12 
1.822986206434507e-12 
1.822986206434507e-12 
1.822986206434507e-12 
1.822986206434507e-12 
1.822986206434507e-12 
1.822986206434507e-12 
1.822986206434507e-12 
1.822986206434507e-12 
1.822986206434507e-12 
1.822986206434507e-12 
1.822986206434507e-12 
1.7745804825608502e-12 
1.7745804825608502e-12 
1.7745804825608502e-12 
1.7745804825608502e-12 
1.7745804825608502e-12 
1.7745804825608502e-12 
1.7745804825608502e-12 
1.7745804825608502e-12 
1.7745804825608502e-12 
1.7745804825608502e-12 
1.7745804825608502e-12 
1.7745804825608502e-12 
1.7745804825608502e-12 
1.7745804825608502e-12 
1.7745804825608502e-12 
1.7745804825608502e-12 
1.7745804825608502e-12 
1.7745804825608502e-12 
1.7745804825608502e-12 
1.7745804825608502e-12 
1.7745804825608502e-12 
1.7745804825608502e-12 
1.7745804825608502e-12 
1.7745804825608502e-12 
1.7745804825608502e-12 
1.7745804825608502e-12 
1.7745804825608502e-12 
1.7745804825608502e-12 
1.7745804825608502e-12 
1.7745804825608502e-12 
1.7745804825608502e-12 
1.7745804825608502e-12 
1.7745804825608502e-12 
1.7745804825608502e-12 
1.7745804825608502e-12 
1.7745804825608502e-12 
1.7745804825608502e-12 
1.7745804825608502e-12 
1.7745804825608502e-12 
1.7745804825608502e-12 
1.7745804825608502e-12 
1.7745804825608502e-12 
1.7745804825608502e-12 
1.7745804825608502e-12 
1.7745804825608502e-12 
1.7745804825608502e-12 
1.7745804825608502e-12 
1.7745804825608502e-12 
1.7745804825608502e-12 
1.7745804825608502e-12 
1.7745804825608502e-12 
1.7745804825608502e-12 
1.7745804825608502e-12 
1.7745804825608502e-12 
1.7745804825608502e-12 
1.7745804825608502e-12 
1.7745804825608502e-12 
1.7745804825608502e-12 
1.7745804825608502e-12 
1.7745804825608502e-12 
1.7745804825608502e-12 
1.7745804825608502e-12 
1.7745804825608502e-12 
1.7745804825608502e-12 
1.7745804825608502e-12 
1.7745804825608502e-12 
1.7745804825608502e-12 
1.7745804825608502e-12 
1.7745804825608502e-12 
1.7745804825608502e-12 
1.7745804825608502e-12 
1.7745804825608502e-12 
1.7745804825608502e-12 
1.7745804825608502e-12 
1.7745804825608502e-12 
1.7745804825608502e-12 
1.7745804825608502e-12 
1.7745804825608502e-12 
1.7745804825608502e-12 
1.7745804825608502e-12 
1.7745804825608502e-12 
1.7745804825608502e-12 
1.7745804825608502e-12 
1.7745804825608502e-12 
1.7745804825608502e-12 
1.7745804825608502e-12 
1.7745804825608502e-12 
1.7745804825608502e-12 
1.7745804825608502e-12 
1.7745804825608502e-12 
1.7745804825608502e-12 
1.7745804825608502e-12 
1.7745804825608502e-12 
1.7745804825608502e-12 
1.7745804825608502e-12 
1.7745804825608502e-12 
1.7745804825608502e-12 
1.7745804825608502e-12 
1.7745804825608502e-12 
1.7745804825608502e-12 
1.7745804825608502e-12 
1.7745804825608502e-12 
1.7745804825608502e-12 
1.7745804825608502e-12 
1.7745804825608502e-12 
1.7745804825608502e-12 
1.7745804825608502e-12 
1.7745804825608502e-12 
1.7745804825608502e-12 
1.7745804825608502e-12 
1.7745804825608502e-12 
1.7745804825608502e-12 
1.7745804825608502e-12 
1.7745804825608502e-12 
1.7745804825608502e-12 
1.7745804825608502e-12 
1.7745804825608502e-12 
1.7745804825608502e-12 
1.7745804825608502e-12 
1.7745804825608502e-12 
1.7745804825608502e-12 
1.7745804825608502e-12 
1.7745804825608502e-12 
1.7745804825608502e-12 
1.7745804825608502e-12 
1.7745804825608502e-12 
1.7745804825608502e-12 
1.7745804825608502e-12 
1.7745804825608502e-12 
1.7745804825608502e-12 
1.7745804825608502e-12 
1.7745804825608502e-12 
1.7745804825608502e-12 
1.7745804825608502e-12 
1.7745804825608502e-12 
1.7745804825608502e-12 
1.7745804825608502e-12 
1.7745804825608502e-12 
1.7745804825608502e-12 
1.7745804825608502e-12 
1.7745804825608502e-12 
1.7745804825608502e-12 
1.7745804825608502e-12 
1.7745804825608502e-12 
1.7745804825608502e-12 
1.7745804825608502e-12 
1.7745804825608502e-12 
1.7745804825608502e-12 
1.7745804825608502e-12 
1.7745804825608502e-12 
1.7745804825608502e-12 
1.7745804825608502e-12 
1.7745804825608502e-12 
1.7745804825608502e-12 
1.7745804825608502e-12 
1.7745804825608502e-12 
1.7745804825608502e-12 
1.7745804825608502e-12 
1.7745804825608502e-12 
1.7745804825608502e-12 
1.7745804825608502e-12 
1.7745804825608502e-12 
1.7745804825608502e-12 
1.7745804825608502e-12 
1.7745804825608502e-12 
1.7745804825608502e-12 
1.7745804825608502e-12 
1.7745804825608502e-12 
1.7745804825608502e-12 
1.7745804825608502e-12 
1.7745804825608502e-12 
1.7745804825608502e-12 
1.7745804825608502e-12 
1.7745804825608502e-12 
1.7745804825608502e-12 
1.7745804825608502e-12 
1.7745804825608502e-12 
1.7745804825608502e-12 
1.7745804825608502e-12 
1.7745804825608502e-12 
1.7745804825608502e-12 
1.7745804825608502e-12 
1.7745804825608502e-12 
1.7745804825608502e-12 
1.7745804825608502e-12 
1.7745804825608502e-12 
1.7745804825608502e-12 
1.7745804825608502e-12 
1.7745804825608502e-12 
1.7745804825608502e-12 
1.7745804825608502e-12 
1.7745804825608502e-12 
1.7745804825608502e-12 
1.7745804825608502e-12 
1.7745804825608502e-12 
1.7745804825608502e-12 
1.7745804825608502e-12 
1.7745804825608502e-12 
1.7745804825608502e-12 
1.7745804825608502e-12 
1.7745804825608502e-12 
1.7745804825608502e-12 
1.7745804825608502e-12 
1.7745804825608502e-12 
1.7745804825608502e-12 
1.7745804825608502e-12 
1.7745804825608502e-12 
1.7745804825608502e-12 
1.7745804825608502e-12 
1.7745804825608502e-12 
1.7745804825608502e-12 
1.7745804825608502e-12 
1.7745804825608502e-12 
1.7745804825608502e-12 
1.7745804825608502e-12 
1.7745804825608502e-12 
1.7745804825608502e-12 
1.7745804825608502e-12 
1.7745804825608502e-12 
1.7745804825608502e-12 
1.7745804825608502e-12 
1.7745804825608502e-12 
1.7745804825608502e-12 
1.7745804825608502e-12 
1.7745804825608502e-12 
1.7745804825608502e-12 
1.7745804825608502e-12 
1.7745804825608502e-12 
1.7745804825608502e-12 
1.7745804825608502e-12 
1.7745804825608502e-12 
1.7745804825608502e-12 
1.7745804825608502e-12 
1.7745804825608502e-12 
1.7745804825608502e-12 
1.7745804825608502e-12 
1.7745804825608502e-12 
1.7745804825608502e-12 
1.7745804825608502e-12 
1.7745804825608502e-12 
1.7745804825608502e-12 
1.7745804825608502e-12 
1.7745804825608502e-12 
1.7745804825608502e-12 
1.7745804825608502e-12 
1.7745804825608502e-12 
1.7745804825608502e-12 
1.7745804825608502e-12 
1.7745804825608502e-12 
1.7745804825608502e-12 
1.7745804825608502e-12 
1.7745804825608502e-12 
1.7745804825608502e-12 
1.7745804825608502e-12 
1.7745804825608502e-12 
1.7745804825608502e-12 
1.7745804825608502e-12 
1.7745804825608502e-12 
1.7745804825608502e-12 
1.7745804825608502e-12 
1.7745804825608502e-12 
1.7745804825608502e-12 
1.7745804825608502e-12 
1.7745804825608502e-12 
1.7745804825608502e-12 
1.7745804825608502e-12 
1.7745804825608502e-12 
1.7745804825608502e-12 
1.7745804825608502e-12 
1.7745804825608502e-12 
1.7745804825608502e-12 
1.7745804825608502e-12 
1.7745804825608502e-12 
1.7745804825608502e-12 
1.7745804825608502e-12 
1.7745804825608502e-12 
1.7745804825608502e-12 
1.7745804825608502e-12 
1.7745804825608502e-12 
1.7745804825608502e-12 
1.7745804825608502e-12 
1.7745804825608502e-12 
1.7745804825608502e-12 
1.7745804825608502e-12 
1.7745804825608502e-12 
1.7745804825608502e-12 
1.7745804825608502e-12 
1.7745804825608502e-12 
1.7745804825608502e-12 
1.7745804825608502e-12 
1.7745804825608502e-12 
1.7745804825608502e-12 
1.7745804825608502e-12 
1.7745804825608502e-12 
1.7745804825608502e-12 
1.7745804825608502e-12 
1.7745804825608502e-12 
1.7745804825608502e-12 
1.7745804825608502e-12 
1.7745804825608502e-12 
1.7745804825608502e-12 
1.7745804825608502e-12 
1.7745804825608502e-12 
1.7745804825608502e-12 
1.7745804825608502e-12 
1.7745804825608502e-12 
1.7745804825608502e-12 
1.7745804825608502e-12 
1.7745804825608502e-12 
1.7745804825608502e-12 
1.7745804825608502e-12 
1.7745804825608502e-12 
1.7745804825608502e-12 
1.7745804825608502e-12 
1.7745804825608502e-12 
1.7745804825608502e-12 
1.7745804825608502e-12 
1.7745804825608502e-12 
1.7745804825608502e-12 
1.7745804825608502e-12 
1.7745804825608502e-12 
1.7745804825608502e-12 
1.7745804825608502e-12 
1.7745804825608502e-12 
1.7745804825608502e-12 
1.7745804825608502e-12 
1.7745804825608502e-12 
1.7745804825608502e-12 
1.7745804825608502e-12 
1.7745804825608502e-12 
1.7745804825608502e-12 
1.7745804825608502e-12 
1.7745804825608502e-12 
1.7745804825608502e-12 
1.7745804825608502e-12 
1.7745804825608502e-12 
1.7745804825608502e-12 
1.7745804825608502e-12 
1.7745804825608502e-12 
1.7745804825608502e-12 
1.7745804825608502e-12 
1.7745804825608502e-12 
1.7745804825608502e-12 
1.7745804825608502e-12 
1.7745804825608502e-12 
1.7745804825608502e-12 
1.7745804825608502e-12 
1.7745804825608502e-12 
1.7745804825608502e-12 
1.7745804825608502e-12 
1.7745804825608502e-12 
1.7745804825608502e-12 
1.7745804825608502e-12 
1.7745804825608502e-12 
1.7745804825608502e-12 
1.7745804825608502e-12 
1.7745804825608502e-12 
1.7745804825608502e-12 
1.7745804825608502e-12 
1.7745804825608502e-12 
1.7745804825608502e-12 
1.7745804825608502e-12 
1.7745804825608502e-12 
1.7745804825608502e-12 
1.7745804825608502e-12 
1.7745804825608502e-12 
1.7745804825608502e-12 
1.7745804825608502e-12 
1.7745804825608502e-12 
1.7745804825608502e-12 
1.7745804825608502e-12 
1.7745804825608502e-12 
1.7745804825608502e-12 
1.7745804825608502e-12 
1.7745804825608502e-12 
1.7745804825608502e-12 
1.7745804825608502e-12 
1.7745804825608502e-12 
1.7745804825608502e-12 
1.7745804825608502e-12 
1.7745804825608502e-12 
1.7745804825608502e-12 
1.7745804825608502e-12 
1.7745804825608502e-12 
1.7745804825608502e-12 
1.7745804825608502e-12 
1.7745804825608502e-12 
1.7745804825608502e-12 
1.7745804825608502e-12 
1.7745804825608502e-12 
1.7745804825608502e-12 
1.7745804825608502e-12 
1.7745804825608502e-12 
1.7745804825608502e-12 
1.7745804825608502e-12 
1.7745804825608502e-12 
1.7745804825608502e-12 
1.7745804825608502e-12 
1.7745804825608502e-12 
1.7745804825608502e-12 
1.7745804825608502e-12 
1.7745804825608502e-12 
1.7745804825608502e-12 
1.7745804825608502e-12 
1.7745804825608502e-12 
1.7745804825608502e-12 
1.7745804825608502e-12 
1.7745804825608502e-12 
1.7745804825608502e-12 
1.7745804825608502e-12 
1.7745804825608502e-12 
1.7745804825608502e-12 
1.7745804825608502e-12 
1.7745804825608502e-12 
1.7745804825608502e-12 
1.7745804825608502e-12 
1.7745804825608502e-12 
1.7745804825608502e-12 
1.7745804825608502e-12 
1.7745804825608502e-12 
1.7745804825608502e-12 
1.7745804825608502e-12 
1.7745804825608502e-12 
1.7745804825608502e-12 
1.7745804825608502e-12 
1.7745804825608502e-12 
1.7745804825608502e-12 
1.7745804825608502e-12 
1.7745804825608502e-12 
1.7745804825608502e-12 
1.7745804825608502e-12 
1.7745804825608502e-12 
1.7745804825608502e-12 
1.7745804825608502e-12 
1.7745804825608502e-12 
1.7745804825608502e-12 
1.7745804825608502e-12 
1.7745804825608502e-12 
1.7745804825608502e-12 
1.7745804825608502e-12 
1.7745804825608502e-12 
1.7745804825608502e-12 
1.7745804825608502e-12 
1.7745804825608502e-12 
1.7745804825608502e-12 
1.7745804825608502e-12 
1.7745804825608502e-12 
1.7745804825608502e-12 
1.7745804825608502e-12 
1.7745804825608502e-12 
1.7745804825608502e-12 
1.7745804825608502e-12 
1.7745804825608502e-12 
1.7745804825608502e-12 
1.7745804825608502e-12 
1.7745804825608502e-12 
1.7745804825608502e-12 
1.7745804825608502e-12 
1.7745804825608502e-12 
1.7745804825608502e-12 
1.7745804825608502e-12 
1.7745804825608502e-12 
1.7745804825608502e-12 
1.7745804825608502e-12 
1.7745804825608502e-12 
1.7745804825608502e-12 
1.7745804825608502e-12 
1.7745804825608502e-12 
1.7745804825608502e-12 
1.7745804825608502e-12 
1.7745804825608502e-12 
1.7745804825608502e-12 
1.7745804825608502e-12 
1.7745804825608502e-12 
1.7745804825608502e-12 
1.7745804825608502e-12 
1.7745804825608502e-12 
1.7745804825608502e-12 
1.7745804825608502e-12 
1.7745804825608502e-12 
1.7745804825608502e-12 
1.7745804825608502e-12 
1.7745804825608502e-12 
1.7745804825608502e-12 
1.7745804825608502e-12 
1.7745804825608502e-12 
1.7745804825608502e-12 
1.7745804825608502e-12 
1.7745804825608502e-12 
1.7745804825608502e-12 
1.7745804825608502e-12 
1.7745804825608502e-12 
1.7745804825608502e-12 
1.7745804825608502e-12 
1.7745804825608502e-12 
1.7745804825608502e-12 
1.7745804825608502e-12 
1.7745804825608502e-12 
1.7745804825608502e-12 
1.7745804825608502e-12 
1.7745804825608502e-12 
1.7745804825608502e-12 
1.7745804825608502e-12 
1.7745804825608502e-12 
1.7745804825608502e-12 
1.7745804825608502e-12 
1.7745804825608502e-12 
1.7745804825608502e-12 
1.7745804825608502e-12 
1.7745804825608502e-12 
1.7745804825608502e-12 
1.7745804825608502e-12 
1.7745804825608502e-12 
1.7745804825608502e-12 
1.7745804825608502e-12 
1.7745804825608502e-12 
1.7745804825608502e-12 
1.7745804825608502e-12 
1.7745804825608502e-12 
1.7745804825608502e-12 
1.7745804825608502e-12 
1.7745804825608502e-12 
1.7745804825608502e-12 
1.7745804825608502e-12 
1.7745804825608502e-12 
1.7745804825608502e-12 
1.7745804825608502e-12 
1.7745804825608502e-12 
1.7745804825608502e-12 
1.7745804825608502e-12 
1.7745804825608502e-12 
1.7745804825608502e-12 
1.7745804825608502e-12 
1.7745804825608502e-12 
1.7745804825608502e-12 
1.7745804825608502e-12 
1.7745804825608502e-12 
1.7745804825608502e-12 
1.7745804825608502e-12 
1.7745804825608502e-12 
1.7745804825608502e-12 
1.7745804825608502e-12 
1.7745804825608502e-12 
1.7745804825608502e-12 
1.7745804825608502e-12 
1.7745804825608502e-12 
1.7745804825608502e-12 
1.7745804825608502e-12 
1.7745804825608502e-12 
1.7745804825608502e-12 
1.7745804825608502e-12 
1.7745804825608502e-12 
1.7745804825608502e-12 
1.7745804825608502e-12 
1.7745804825608502e-12 
1.7745804825608502e-12 
1.7745804825608502e-12 
1.7745804825608502e-12 
1.7745804825608502e-12 
1.7745804825608502e-12 
1.7745804825608502e-12 
1.7745804825608502e-12 
1.7745804825608502e-12 
1.7745804825608502e-12 
1.7745804825608502e-12 
1.7745804825608502e-12 
1.7745804825608502e-12 
1.7745804825608502e-12 
1.7745804825608502e-12 
1.7745804825608502e-12 
1.7745804825608502e-12 
1.7745804825608502e-12 
1.7745804825608502e-12 
1.7745804825608502e-12 
1.7745804825608502e-12 
1.7745804825608502e-12 
1.7745804825608502e-12 
1.7745804825608502e-12 
1.7745804825608502e-12 
1.7745804825608502e-12 
1.7745804825608502e-12 
1.7745804825608502e-12 
1.7745804825608502e-12 
1.7745804825608502e-12 
1.7745804825608502e-12 
1.7745804825608502e-12 
1.7745804825608502e-12 
1.7745804825608502e-12 
1.7745804825608502e-12 
1.7745804825608502e-12 
1.7745804825608502e-12 
1.7745804825608502e-12 
1.7745804825608502e-12 
1.7745804825608502e-12 
1.7745804825608502e-12 
1.7745804825608502e-12 
1.7745804825608502e-12 
1.7745804825608502e-12 
1.7745804825608502e-12 
1.7745804825608502e-12 
1.7745804825608502e-12 
1.7745804825608502e-12 
1.7745804825608502e-12 
1.7745804825608502e-12 
1.7745804825608502e-12 
1.7745804825608502e-12 
1.7745804825608502e-12 
1.7745804825608502e-12 
1.7745804825608502e-12 
1.7745804825608502e-12 
1.7745804825608502e-12 
1.7745804825608502e-12 
1.7745804825608502e-12 
1.7745804825608502e-12 
1.7745804825608502e-12 
1.7745804825608502e-12 
1.7745804825608502e-12 
1.7745804825608502e-12 
1.7745804825608502e-12 
1.7745804825608502e-12 
1.7745804825608502e-12 
1.7745804825608502e-12 
1.7745804825608502e-12 
1.7745804825608502e-12 
1.7745804825608502e-12 
1.7745804825608502e-12 
1.7745804825608502e-12 
1.7745804825608502e-12 
1.7745804825608502e-12 
1.7745804825608502e-12 
1.7745804825608502e-12 
1.7745804825608502e-12 
1.7745804825608502e-12 
1.7745804825608502e-12 
1.7745804825608502e-12 
1.7745804825608502e-12 
1.7745804825608502e-12 
1.7745804825608502e-12 
1.7745804825608502e-12 
1.7745804825608502e-12 
1.7745804825608502e-12 
1.7745804825608502e-12 
1.7745804825608502e-12 
1.7745804825608502e-12 
1.7745804825608502e-12 
1.7745804825608502e-12 
1.7745804825608502e-12 
1.7745804825608502e-12 
1.7745804825608502e-12 
1.7745804825608502e-12 
1.7745804825608502e-12 
1.7745804825608502e-12 
1.7745804825608502e-12 
1.7745804825608502e-12 
1.7745804825608502e-12 
1.7745804825608502e-12 
1.7745804825608502e-12 
1.7745804825608502e-12 
1.7745804825608502e-12 
1.7745804825608502e-12 
1.7745804825608502e-12 
1.7745804825608502e-12 
1.7745804825608502e-12 
1.7745804825608502e-12 
1.7745804825608502e-12 
1.7745804825608502e-12 
1.7745804825608502e-12 
1.7745804825608502e-12 
1.7745804825608502e-12 
1.7745804825608502e-12 
1.7745804825608502e-12 
1.7745804825608502e-12 
1.7745804825608502e-12 
1.7745804825608502e-12 
1.7745804825608502e-12 
1.7745804825608502e-12 
1.7745804825608502e-12 
1.7745804825608502e-12 
1.7745804825608502e-12 
1.7745804825608502e-12 
1.7745804825608502e-12 
1.7745804825608502e-12 
1.7745804825608502e-12 
1.7745804825608502e-12 
1.7745804825608502e-12 
1.7745804825608502e-12 
1.7745804825608502e-12 
1.7745804825608502e-12 
1.7745804825608502e-12 
1.7745804825608502e-12 
1.7745804825608502e-12 
1.7745804825608502e-12 
1.7745804825608502e-12 
1.7745804825608502e-12 
1.7745804825608502e-12 
1.7745804825608502e-12 
1.7745804825608502e-12 
1.7745804825608502e-12 
1.7745804825608502e-12 
1.7745804825608502e-12 
1.7745804825608502e-12 
1.7745804825608502e-12 
1.7745804825608502e-12 
1.7745804825608502e-12 
1.7745804825608502e-12 
1.7745804825608502e-12 
1.7745804825608502e-12 
1.7745804825608502e-12 
1.7745804825608502e-12 
1.7745804825608502e-12 
1.7745804825608502e-12 
1.7745804825608502e-12 
1.7745804825608502e-12 
1.7745804825608502e-12 
1.7745804825608502e-12 
1.7745804825608502e-12 
1.7745804825608502e-12 
1.7745804825608502e-12 
1.7745804825608502e-12 
1.7745804825608502e-12 
1.7745804825608502e-12 
1.7745804825608502e-12 
1.7745804825608502e-12 
1.7745804825608502e-12 
1.7745804825608502e-12 
1.7745804825608502e-12 
1.7745804825608502e-12 
1.7745804825608502e-12 
1.7745804825608502e-12 
1.7745804825608502e-12 
1.7745804825608502e-12 
1.7745804825608502e-12 
1.7745804825608502e-12 
1.7745804825608502e-12 
1.7745804825608502e-12 
1.7745804825608502e-12 
1.7745804825608502e-12 
1.7745804825608502e-12 
1.7745804825608502e-12 
1.7745804825608502e-12 
1.7745804825608502e-12 
1.7745804825608502e-12 
1.7745804825608502e-12 
1.7745804825608502e-12 
1.7745804825608502e-12 
