0.16504554919250713 
0.16504237946292089 
0.10425624692482449 
0.033097507527485082 
0.00010458976641813944 
0.00010458976641813944 
0.00010458976641813944 
0.00010458976641813944 
0.00010458976641813944 
0.00010458976641813944 
0.00010458976641813944 
0.00010458976641813944 
0.00010458976641813944 
0.00010458976641813944 
0.00010458976641813944 
0.00010458976641813944 
0.00010458976641813944 
0.00010458976641813944 
0.00010458976641813944 
0.00010458976641813944 
0.00010458976641813944 
0.00010458976641813944 
0.00010458976641813944 
0.00010458976641813944 
0.00010458976641813944 
0.00010458976641813944 
0.00010458976641813944 
0.00010458976641813944 
0.00010458976641813944 
0.00010458976641813944 
0.00010458976641813944 
0.00010458976641813944 
0.00010458976641813944 
0.00010458976641813944 
0.00010458976641813944 
0.00010458976641813944 
0.00010458976641813944 
0.00010458976641813944 
0.00010458976641813944 
0.00010458976641813944 
0.00010458976641813944 
0.00010458976641813944 
0.00010458976641813944 
0.00010458976641813944 
0.00010458976641813944 
0.00010458976641813944 
0.00010458976641813944 
0.00010458976641813944 
0.00010458976641813944 
0.00010458976641813944 
0.00010458976641813944 
0.00010458976641813944 
0.00010458976641813944 
0.00010458976641813944 
0.00010458976641813944 
0.00010458976641813944 
0.00010458976641813944 
0.00010458976641813944 
0.00010458976641813944 
0.00010458976641813944 
0.00010458976641813944 
0.00010458976641813944 
0.00010458976641813944 
0.00010458976641813944 
0.00010458976641813944 
0.00010458976641813944 
0.00010458976641813944 
0.00010458976641813944 
0.00010458976641813944 
0.00010458976641813944 
0.00010458976641813944 
0.00010458976641813944 
9.513981646214198e-05 
9.513981646214198e-05 
2.7059309405830234e-05 
2.7059309405830234e-05 
2.7059309405830234e-05 
2.7059309405830234e-05 
1.5245588728118875e-05 
1.5245588728118875e-05 
1.5245588728118875e-05 
1.8181838381536863e-06 
1.8181838381536863e-06 
1.8181838381536863e-06 
1.8181838381536863e-06 
1.8181838381536863e-06 
1.8181838381536863e-06 
1.8181838381536863e-06 
1.8181838381536863e-06 
1.8181838381536863e-06 
1.8181838381536863e-06 
1.8181838381536863e-06 
1.8181838381536863e-06 
1.8181838381536863e-06 
1.8181838381536863e-06 
1.8181838381536863e-06 
1.2536297745446845e-06 
1.2536297745446845e-06 
1.2536297745446845e-06 
1.2536297745446845e-06 
1.3024500378211457e-07 
1.3024500378211457e-07 
1.3024500378211457e-07 
1.3024500378211457e-07 
1.3024500378211457e-07 
1.3024500378211457e-07 
1.3024500378211457e-07 
6.9151692483337968e-08 
6.9151692483337968e-08 
6.9151692483337968e-08 
6.9151692483337968e-08 
6.9151692483337968e-08 
6.9151692483337968e-08 
6.9151692483337968e-08 
6.9151692483337968e-08 
6.9151692483337968e-08 
6.9151692483337968e-08 
6.9151692483337968e-08 
6.9151692483337968e-08 
6.9151692483337968e-08 
6.9151692483337968e-08 
6.9151692483337968e-08 
6.9151692483337968e-08 
6.9151692483337968e-08 
6.9151692483337968e-08 
6.9151692483337968e-08 
6.9151692483337968e-08 
6.9151692483337968e-08 
6.9151692483337968e-08 
6.9151692483337968e-08 
6.9151692483337968e-08 
6.9151692483337968e-08 
6.9151692483337968e-08 
6.9151692483337968e-08 
6.9151692483337968e-08 
6.9151692483337968e-08 
6.9151692483337968e-08 
6.9151692483337968e-08 
6.9151692483337968e-08 
6.5352208422631008e-08 
6.5352208422631008e-08 
6.5352208422631008e-08 
6.5352208422631008e-08 
6.5352208422631008e-08 
6.5352208422631008e-08 
6.5352208422631008e-08 
6.2393083810619032e-08 
6.2393083810619032e-08 
6.2393083810619032e-08 
6.2393083810619032e-08 
6.2393083810619032e-08 
6.2393083810619032e-08 
6.2393083810619032e-08 
6.2158312497118118e-08 
6.2158312497118118e-08 
6.2158312497118118e-08 
6.2158312497118118e-08 
6.2158312497118118e-08 
6.2158312497118118e-08 
6.2158312497118118e-08 
6.2158312497118118e-08 
6.2158312497118118e-08 
6.2158312497118118e-08 
6.2158312497118118e-08 
6.2158312497118118e-08 
5.5789372233050472e-08 
5.5789372233050472e-08 
5.5789372233050472e-08 
5.5789372233050472e-08 
5.5789372233050472e-08 
5.5789372233050472e-08 
1.1963639745538046e-08 
1.1963639745538046e-08 
9.4038639097959731e-09 
9.4038639097959731e-09 
9.4038639097959731e-09 
9.4038639097959731e-09 
9.4038639097959731e-09 
3.8257441659084179e-10 
3.8257441659084179e-10 
3.8257441659084179e-10 
3.8257441659084179e-10 
3.8257441659084179e-10 
3.8257441659084179e-10 
3.8257441659084179e-10 
5.161526761554569e-11 
5.161526761554569e-11 
5.161526761554569e-11 
5.161526761554569e-11 
5.161526761554569e-11 
5.161526761554569e-11 
5.161526761554569e-11 
5.161526761554569e-11 
5.161526761554569e-11 
5.161526761554569e-11 
5.161526761554569e-11 
5.161526761554569e-11 
5.161526761554569e-11 
5.161526761554569e-11 
5.161526761554569e-11 
5.161526761554569e-11 
5.161526761554569e-11 
5.161526761554569e-11 
5.161526761554569e-11 
5.161526761554569e-11 
5.161526761554569e-11 
5.161526761554569e-11 
5.161526761554569e-11 
5.161526761554569e-11 
5.161526761554569e-11 
5.161526761554569e-11 
5.161526761554569e-11 
3.1158520208407481e-11 
3.1158520208407481e-11 
3.1158520208407481e-11 
3.1158520208407481e-11 
3.1158520208407481e-11 
3.1158520208407481e-11 
3.1158520208407481e-11 
1.0060619004548244e-11 
1.0060619004548244e-11 
1.0060619004548244e-11 
1.0060619004548244e-11 
1.0060619004548244e-11 
1.0060619004548244e-11 
1.0060619004548244e-11 
2.80153678033912e-12 
2.80153678033912e-12 
2.80153678033912e-12 
2.80153678033912e-12 
2.80153678033912e-12 
1.1152190282359697e-12 
1.1152190282359697e-12 
1.1152190282359697e-12 
1.1152190282359697e-12 
1.1152190282359697e-12 
1.1152190282359697e-12 
1.1152190282359697e-12 
1.1152190282359697e-12 
1.1152190282359697e-12 
1.1152190282359697e-12 
1.1152190282359697e-12 
1.1152190282359697e-12 
1.1152190282359697e-12 
1.1152190282359697e-12 
1.1152190282359697e-12 
1.1152190282359697e-12 
1.1152190282359697e-12 
1.1152190282359697e-12 
1.1152190282359697e-12 
1.1152190282359697e-12 
1.1152190282359697e-12 
1.1152190282359697e-12 
5.248024237403115e-13 
5.248024237403115e-13 
5.248024237403115e-13 
5.248024237403115e-13 
5.248024237403115e-13 
5.248024237403115e-13 
5.248024237403115e-13 
5.248024237403115e-13 
5.248024237403115e-13 
5.248024237403115e-13 
5.248024237403115e-13 
5.248024237403115e-13 
5.248024237403115e-13 
5.248024237403115e-13 
5.248024237403115e-13 
5.248024237403115e-13 
5.248024237403115e-13 
5.248024237403115e-13 
5.248024237403115e-13 
5.248024237403115e-13 
5.248024237403115e-13 
5.248024237403115e-13 
5.248024237403115e-13 
5.248024237403115e-13 
5.248024237403115e-13 
5.248024237403115e-13 
5.248024237403115e-13 
5.248024237403115e-13 
5.248024237403115e-13 
5.248024237403115e-13 
5.248024237403115e-13 
5.248024237403115e-13 
5.248024237403115e-13 
5.248024237403115e-13 
5.248024237403115e-13 
5.248024237403115e-13 
5.248024237403115e-13 
5.248024237403115e-13 
5.248024237403115e-13 
5.248024237403115e-13 
5.248024237403115e-13 
5.248024237403115e-13 
5.248024237403115e-13 
5.248024237403115e-13 
5.248024237403115e-13 
5.248024237403115e-13 
5.248024237403115e-13 
5.248024237403115e-13 
5.248024237403115e-13 
5.248024237403115e-13 
5.248024237403115e-13 
5.248024237403115e-13 
5.248024237403115e-13 
5.248024237403115e-13 
5.248024237403115e-13 
5.248024237403115e-13 
5.248024237403115e-13 
5.248024237403115e-13 
5.248024237403115e-13 
5.248024237403115e-13 
5.248024237403115e-13 
5.248024237403115e-13 
5.248024237403115e-13 
5.248024237403115e-13 
5.248024237403115e-13 
5.248024237403115e-13 
5.248024237403115e-13 
5.248024237403115e-13 
5.248024237403115e-13 
5.248024237403115e-13 
5.248024237403115e-13 
5.248024237403115e-13 
5.248024237403115e-13 
5.248024237403115e-13 
5.248024237403115e-13 
5.248024237403115e-13 
5.248024237403115e-13 
5.248024237403115e-13 
5.248024237403115e-13 
5.248024237403115e-13 
5.248024237403115e-13 
5.248024237403115e-13 
5.248024237403115e-13 
5.248024237403115e-13 
5.248024237403115e-13 
5.248024237403115e-13 
5.248024237403115e-13 
5.248024237403115e-13 
5.248024237403115e-13 
5.248024237403115e-13 
5.248024237403115e-13 
5.248024237403115e-13 
5.248024237403115e-13 
5.248024237403115e-13 
5.248024237403115e-13 
5.248024237403115e-13 
5.248024237403115e-13 
5.248024237403115e-13 
5.248024237403115e-13 
5.248024237403115e-13 
5.248024237403115e-13 
5.248024237403115e-13 
5.248024237403115e-13 
5.248024237403115e-13 
5.248024237403115e-13 
5.248024237403115e-13 
5.248024237403115e-13 
5.248024237403115e-13 
5.248024237403115e-13 
5.248024237403115e-13 
5.248024237403115e-13 
5.248024237403115e-13 
5.248024237403115e-13 
5.248024237403115e-13 
5.248024237403115e-13 
5.248024237403115e-13 
5.248024237403115e-13 
5.248024237403115e-13 
5.248024237403115e-13 
5.248024237403115e-13 
5.248024237403115e-13 
5.248024237403115e-13 
5.248024237403115e-13 
5.248024237403115e-13 
5.248024237403115e-13 
5.248024237403115e-13 
5.248024237403115e-13 
5.248024237403115e-13 
5.248024237403115e-13 
5.248024237403115e-13 
5.248024237403115e-13 
5.248024237403115e-13 
5.248024237403115e-13 
5.248024237403115e-13 
5.248024237403115e-13 
5.248024237403115e-13 
5.248024237403115e-13 
5.248024237403115e-13 
5.248024237403115e-13 
5.248024237403115e-13 
5.248024237403115e-13 
5.248024237403115e-13 
5.248024237403115e-13 
5.248024237403115e-13 
5.248024237403115e-13 
5.248024237403115e-13 
5.248024237403115e-13 
5.248024237403115e-13 
5.248024237403115e-13 
5.248024237403115e-13 
5.248024237403115e-13 
5.248024237403115e-13 
5.248024237403115e-13 
5.248024237403115e-13 
5.248024237403115e-13 
5.248024237403115e-13 
5.248024237403115e-13 
5.248024237403115e-13 
5.248024237403115e-13 
5.248024237403115e-13 
5.248024237403115e-13 
5.248024237403115e-13 
5.248024237403115e-13 
5.248024237403115e-13 
5.248024237403115e-13 
5.248024237403115e-13 
5.248024237403115e-13 
5.248024237403115e-13 
5.248024237403115e-13 
5.248024237403115e-13 
5.248024237403115e-13 
5.248024237403115e-13 
5.248024237403115e-13 
5.248024237403115e-13 
5.248024237403115e-13 
5.248024237403115e-13 
5.248024237403115e-13 
5.248024237403115e-13 
5.248024237403115e-13 
5.248024237403115e-13 
5.248024237403115e-13 
5.248024237403115e-13 
5.248024237403115e-13 
5.248024237403115e-13 
5.248024237403115e-13 
5.248024237403115e-13 
5.248024237403115e-13 
5.248024237403115e-13 
5.248024237403115e-13 
5.248024237403115e-13 
5.248024237403115e-13 
5.248024237403115e-13 
5.248024237403115e-13 
5.248024237403115e-13 
5.248024237403115e-13 
5.248024237403115e-13 
5.248024237403115e-13 
5.248024237403115e-13 
5.248024237403115e-13 
5.248024237403115e-13 
5.248024237403115e-13 
5.248024237403115e-13 
5.248024237403115e-13 
5.248024237403115e-13 
5.248024237403115e-13 
5.248024237403115e-13 
5.248024237403115e-13 
5.248024237403115e-13 
5.248024237403115e-13 
5.248024237403115e-13 
5.248024237403115e-13 
5.248024237403115e-13 
5.248024237403115e-13 
5.248024237403115e-13 
5.248024237403115e-13 
5.248024237403115e-13 
5.248024237403115e-13 
5.248024237403115e-13 
5.248024237403115e-13 
5.248024237403115e-13 
5.248024237403115e-13 
5.248024237403115e-13 
5.248024237403115e-13 
5.248024237403115e-13 
5.248024237403115e-13 
5.248024237403115e-13 
5.248024237403115e-13 
5.248024237403115e-13 
5.248024237403115e-13 
5.248024237403115e-13 
5.248024237403115e-13 
5.248024237403115e-13 
5.248024237403115e-13 
5.248024237403115e-13 
5.248024237403115e-13 
5.248024237403115e-13 
5.248024237403115e-13 
5.248024237403115e-13 
5.248024237403115e-13 
5.248024237403115e-13 
5.248024237403115e-13 
5.248024237403115e-13 
5.248024237403115e-13 
5.248024237403115e-13 
5.248024237403115e-13 
5.248024237403115e-13 
5.248024237403115e-13 
5.248024237403115e-13 
5.248024237403115e-13 
5.248024237403115e-13 
5.248024237403115e-13 
5.248024237403115e-13 
5.248024237403115e-13 
5.248024237403115e-13 
5.248024237403115e-13 
5.248024237403115e-13 
5.248024237403115e-13 
5.248024237403115e-13 
5.248024237403115e-13 
5.248024237403115e-13 
5.248024237403115e-13 
5.248024237403115e-13 
5.248024237403115e-13 
5.248024237403115e-13 
5.248024237403115e-13 
5.248024237403115e-13 
5.248024237403115e-13 
5.248024237403115e-13 
5.248024237403115e-13 
5.248024237403115e-13 
5.248024237403115e-13 
5.248024237403115e-13 
5.248024237403115e-13 
5.248024237403115e-13 
5.248024237403115e-13 
5.248024237403115e-13 
5.248024237403115e-13 
5.248024237403115e-13 
5.248024237403115e-13 
5.248024237403115e-13 
5.248024237403115e-13 
5.248024237403115e-13 
5.248024237403115e-13 
5.248024237403115e-13 
5.248024237403115e-13 
5.248024237403115e-13 
5.248024237403115e-13 
5.248024237403115e-13 
5.248024237403115e-13 
5.248024237403115e-13 
5.248024237403115e-13 
5.248024237403115e-13 
5.248024237403115e-13 
5.248024237403115e-13 
5.248024237403115e-13 
5.248024237403115e-13 
5.248024237403115e-13 
5.248024237403115e-13 
5.248024237403115e-13 
5.248024237403115e-13 
5.248024237403115e-13 
5.248024237403115e-13 
5.248024237403115e-13 
5.248024237403115e-13 
5.248024237403115e-13 
5.248024237403115e-13 
5.248024237403115e-13 
5.248024237403115e-13 
5.248024237403115e-13 
5.248024237403115e-13 
5.248024237403115e-13 
5.248024237403115e-13 
5.248024237403115e-13 
5.248024237403115e-13 
5.248024237403115e-13 
5.248024237403115e-13 
5.248024237403115e-13 
5.248024237403115e-13 
5.248024237403115e-13 
5.248024237403115e-13 
5.248024237403115e-13 
5.248024237403115e-13 
5.248024237403115e-13 
5.248024237403115e-13 
5.248024237403115e-13 
5.248024237403115e-13 
5.248024237403115e-13 
5.248024237403115e-13 
5.248024237403115e-13 
5.248024237403115e-13 
5.248024237403115e-13 
5.248024237403115e-13 
5.248024237403115e-13 
5.248024237403115e-13 
5.248024237403115e-13 
5.248024237403115e-13 
5.248024237403115e-13 
5.248024237403115e-13 
5.248024237403115e-13 
5.248024237403115e-13 
5.248024237403115e-13 
5.248024237403115e-13 
5.248024237403115e-13 
5.248024237403115e-13 
5.248024237403115e-13 
5.248024237403115e-13 
5.248024237403115e-13 
5.248024237403115e-13 
5.248024237403115e-13 
5.248024237403115e-13 
5.248024237403115e-13 
5.248024237403115e-13 
5.248024237403115e-13 
5.248024237403115e-13 
5.248024237403115e-13 
5.248024237403115e-13 
5.248024237403115e-13 
5.248024237403115e-13 
5.248024237403115e-13 
5.248024237403115e-13 
5.248024237403115e-13 
5.248024237403115e-13 
5.248024237403115e-13 
5.248024237403115e-13 
5.248024237403115e-13 
5.248024237403115e-13 
5.248024237403115e-13 
5.248024237403115e-13 
5.248024237403115e-13 
5.248024237403115e-13 
5.248024237403115e-13 
5.248024237403115e-13 
5.248024237403115e-13 
5.248024237403115e-13 
5.248024237403115e-13 
5.248024237403115e-13 
5.248024237403115e-13 
5.248024237403115e-13 
5.248024237403115e-13 
5.248024237403115e-13 
5.248024237403115e-13 
5.248024237403115e-13 
5.248024237403115e-13 
5.248024237403115e-13 
5.248024237403115e-13 
5.248024237403115e-13 
5.248024237403115e-13 
5.248024237403115e-13 
5.248024237403115e-13 
5.248024237403115e-13 
5.248024237403115e-13 
5.248024237403115e-13 
5.248024237403115e-13 
5.248024237403115e-13 
5.248024237403115e-13 
5.248024237403115e-13 
5.248024237403115e-13 
5.248024237403115e-13 
5.248024237403115e-13 
5.248024237403115e-13 
5.248024237403115e-13 
5.248024237403115e-13 
5.248024237403115e-13 
5.248024237403115e-13 
5.248024237403115e-13 
5.248024237403115e-13 
5.248024237403115e-13 
5.248024237403115e-13 
5.248024237403115e-13 
5.248024237403115e-13 
5.248024237403115e-13 
5.248024237403115e-13 
5.248024237403115e-13 
5.248024237403115e-13 
5.248024237403115e-13 
5.248024237403115e-13 
5.248024237403115e-13 
5.248024237403115e-13 
5.248024237403115e-13 
5.248024237403115e-13 
5.248024237403115e-13 
5.248024237403115e-13 
5.248024237403115e-13 
5.248024237403115e-13 
5.248024237403115e-13 
5.248024237403115e-13 
5.248024237403115e-13 
5.248024237403115e-13 
5.248024237403115e-13 
5.248024237403115e-13 
5.248024237403115e-13 
5.248024237403115e-13 
5.248024237403115e-13 
5.248024237403115e-13 
5.248024237403115e-13 
5.248024237403115e-13 
5.248024237403115e-13 
5.248024237403115e-13 
5.248024237403115e-13 
5.248024237403115e-13 
5.248024237403115e-13 
5.248024237403115e-13 
5.248024237403115e-13 
5.248024237403115e-13 
5.248024237403115e-13 
5.248024237403115e-13 
5.248024237403115e-13 
5.248024237403115e-13 
5.248024237403115e-13 
5.248024237403115e-13 
5.248024237403115e-13 
5.248024237403115e-13 
5.248024237403115e-13 
5.248024237403115e-13 
5.248024237403115e-13 
5.248024237403115e-13 
5.248024237403115e-13 
5.248024237403115e-13 
5.248024237403115e-13 
5.248024237403115e-13 
5.248024237403115e-13 
5.248024237403115e-13 
5.248024237403115e-13 
5.248024237403115e-13 
5.248024237403115e-13 
5.248024237403115e-13 
5.248024237403115e-13 
5.248024237403115e-13 
5.248024237403115e-13 
5.248024237403115e-13 
5.248024237403115e-13 
5.248024237403115e-13 
5.248024237403115e-13 
5.248024237403115e-13 
5.248024237403115e-13 
5.248024237403115e-13 
5.248024237403115e-13 
5.248024237403115e-13 
5.248024237403115e-13 
5.248024237403115e-13 
5.248024237403115e-13 
5.248024237403115e-13 
5.248024237403115e-13 
5.248024237403115e-13 
5.248024237403115e-13 
5.248024237403115e-13 
5.248024237403115e-13 
5.248024237403115e-13 
5.248024237403115e-13 
5.248024237403115e-13 
5.248024237403115e-13 
5.248024237403115e-13 
5.248024237403115e-13 
5.248024237403115e-13 
5.248024237403115e-13 
5.248024237403115e-13 
5.248024237403115e-13 
5.248024237403115e-13 
5.248024237403115e-13 
5.248024237403115e-13 
5.248024237403115e-13 
5.248024237403115e-13 
5.248024237403115e-13 
5.248024237403115e-13 
5.248024237403115e-13 
5.248024237403115e-13 
5.248024237403115e-13 
5.248024237403115e-13 
5.248024237403115e-13 
5.248024237403115e-13 
5.248024237403115e-13 
5.248024237403115e-13 
5.248024237403115e-13 
5.248024237403115e-13 
5.248024237403115e-13 
5.248024237403115e-13 
5.248024237403115e-13 
5.248024237403115e-13 
5.248024237403115e-13 
5.248024237403115e-13 
5.248024237403115e-13 
5.248024237403115e-13 
5.248024237403115e-13 
5.248024237403115e-13 
5.248024237403115e-13 
5.248024237403115e-13 
5.248024237403115e-13 
5.248024237403115e-13 
5.248024237403115e-13 
5.248024237403115e-13 
5.248024237403115e-13 
5.248024237403115e-13 
5.248024237403115e-13 
5.248024237403115e-13 
5.248024237403115e-13 
5.248024237403115e-13 
5.248024237403115e-13 
5.248024237403115e-13 
5.248024237403115e-13 
5.248024237403115e-13 
5.248024237403115e-13 
5.248024237403115e-13 
5.248024237403115e-13 
5.248024237403115e-13 
5.248024237403115e-13 
5.248024237403115e-13 
5.248024237403115e-13 
5.248024237403115e-13 
5.248024237403115e-13 
5.248024237403115e-13 
5.248024237403115e-13 
5.248024237403115e-13 
5.248024237403115e-13 
5.248024237403115e-13 
5.248024237403115e-13 
5.248024237403115e-13 
5.248024237403115e-13 
5.248024237403115e-13 
5.248024237403115e-13 
5.248024237403115e-13 
5.248024237403115e-13 
5.248024237403115e-13 
5.248024237403115e-13 
5.248024237403115e-13 
5.248024237403115e-13 
5.248024237403115e-13 
5.248024237403115e-13 
5.248024237403115e-13 
5.248024237403115e-13 
5.248024237403115e-13 
5.248024237403115e-13 
5.248024237403115e-13 
5.248024237403115e-13 
5.248024237403115e-13 
5.248024237403115e-13 
5.248024237403115e-13 
5.248024237403115e-13 
5.248024237403115e-13 
5.248024237403115e-13 
5.248024237403115e-13 
5.248024237403115e-13 
5.248024237403115e-13 
5.248024237403115e-13 
5.248024237403115e-13 
5.248024237403115e-13 
5.248024237403115e-13 
5.248024237403115e-13 
5.248024237403115e-13 
5.248024237403115e-13 
5.248024237403115e-13 
5.248024237403115e-13 
5.248024237403115e-13 
5.248024237403115e-13 
5.248024237403115e-13 
5.248024237403115e-13 
5.248024237403115e-13 
5.248024237403115e-13 
5.248024237403115e-13 
5.248024237403115e-13 
5.248024237403115e-13 
5.248024237403115e-13 
5.248024237403115e-13 
5.248024237403115e-13 
5.248024237403115e-13 
5.248024237403115e-13 
5.248024237403115e-13 
5.248024237403115e-13 
5.248024237403115e-13 
5.248024237403115e-13 
5.248024237403115e-13 
5.248024237403115e-13 
5.248024237403115e-13 
5.248024237403115e-13 
5.248024237403115e-13 
5.248024237403115e-13 
5.248024237403115e-13 
5.248024237403115e-13 
5.248024237403115e-13 
5.248024237403115e-13 
5.248024237403115e-13 
5.248024237403115e-13 
5.248024237403115e-13 
5.248024237403115e-13 
5.248024237403115e-13 
5.248024237403115e-13 
5.248024237403115e-13 
5.248024237403115e-13 
5.248024237403115e-13 
5.248024237403115e-13 
5.248024237403115e-13 
5.248024237403115e-13 
5.248024237403115e-13 
5.248024237403115e-13 
5.248024237403115e-13 
5.248024237403115e-13 
5.248024237403115e-13 
5.248024237403115e-13 
5.248024237403115e-13 
5.248024237403115e-13 
5.248024237403115e-13 
5.248024237403115e-13 
5.248024237403115e-13 
5.248024237403115e-13 
5.248024237403115e-13 
5.248024237403115e-13 
5.248024237403115e-13 
5.248024237403115e-13 
5.248024237403115e-13 
5.248024237403115e-13 
5.248024237403115e-13 
5.248024237403115e-13 
5.248024237403115e-13 
5.248024237403115e-13 
5.248024237403115e-13 
5.248024237403115e-13 
5.248024237403115e-13 
5.248024237403115e-13 
5.248024237403115e-13 
5.248024237403115e-13 
5.248024237403115e-13 
5.248024237403115e-13 
5.248024237403115e-13 
5.248024237403115e-13 
5.248024237403115e-13 
5.248024237403115e-13 
5.248024237403115e-13 
5.248024237403115e-13 
5.248024237403115e-13 
5.248024237403115e-13 
5.248024237403115e-13 
5.248024237403115e-13 
5.248024237403115e-13 
5.248024237403115e-13 
5.248024237403115e-13 
5.248024237403115e-13 
5.248024237403115e-13 
5.248024237403115e-13 
5.248024237403115e-13 
5.248024237403115e-13 
5.248024237403115e-13 
5.248024237403115e-13 
5.248024237403115e-13 
5.248024237403115e-13 
5.248024237403115e-13 
5.248024237403115e-13 
5.248024237403115e-13 
5.248024237403115e-13 
5.248024237403115e-13 
5.248024237403115e-13 
5.248024237403115e-13 
5.248024237403115e-13 
5.248024237403115e-13 
5.248024237403115e-13 
5.248024237403115e-13 
5.248024237403115e-13 
5.248024237403115e-13 
5.248024237403115e-13 
5.248024237403115e-13 
5.248024237403115e-13 
5.248024237403115e-13 
5.248024237403115e-13 
5.248024237403115e-13 
5.248024237403115e-13 
5.248024237403115e-13 
5.248024237403115e-13 
5.248024237403115e-13 
5.248024237403115e-13 
5.248024237403115e-13 
5.248024237403115e-13 
5.248024237403115e-13 
5.248024237403115e-13 
5.248024237403115e-13 
5.248024237403115e-13 
5.248024237403115e-13 
5.248024237403115e-13 
5.248024237403115e-13 
5.248024237403115e-13 
5.248024237403115e-13 
5.248024237403115e-13 
5.248024237403115e-13 
5.248024237403115e-13 
5.248024237403115e-13 
5.248024237403115e-13 
5.248024237403115e-13 
5.248024237403115e-13 
5.248024237403115e-13 
5.248024237403115e-13 
5.248024237403115e-13 
5.248024237403115e-13 
5.248024237403115e-13 
5.248024237403115e-13 
5.248024237403115e-13 
5.248024237403115e-13 
5.248024237403115e-13 
5.248024237403115e-13 
5.248024237403115e-13 
5.248024237403115e-13 
5.248024237403115e-13 
5.248024237403115e-13 
5.248024237403115e-13 
5.248024237403115e-13 
5.248024237403115e-13 
5.248024237403115e-13 
5.248024237403115e-13 
5.248024237403115e-13 
5.248024237403115e-13 
5.248024237403115e-13 
