0.8346313797021081 
0.41064536807804408 
0.40722324149749745 
0.21061789168739176 
0.20916894093454041 
0.1005260597665153 
0.057106551900048097 
0.052717317697875132 
0.028557037456074408 
0.014263340960794291 
0.014161902198915999 
0.0081671385099508775 
0.0031855580172862608 
0.0031536234831257559 
0.0015844056011229402 
0.0015006860209735295 
0.00070454599837055376 
0.00040950799706385155 
0.00036688434518605817 
0.00019639240907254329 
0.00010428046413690772 
0.00010197756292462667 
4.6840664826741651e-05 
2.6413167350081146e-05 
2.3825131774568575e-05 
1.3895944061981247e-05 
6.6623829614309571e-06 
6.6323180787364322e-06 
2.8536362775000157e-06 
2.1221162738171984e-06 
1.4835471024987612e-06 
8.1214659164441372e-07 
6.1974666143438384e-07 
3.9345253755040943e-07 
1.7415592368230648e-07 
1.7009933506173525e-07 
8.6687018341358169e-08 
5.3664103383255224e-08 
4.3394944304608885e-08 
2.2176170455523447e-08 
1.4784147572832751e-08 
9.948895818290282e-09 
6.2701704939271963e-09 
4.0718142191309425e-09 
2.0647016318875444e-09 
1.7055977741264883e-09 
1.0612110079577519e-09 
6.4219984885482972e-10 
4.7473625031102529e-10 
1.4383094715242351e-10 
9.4131591410473447e-11 
6.6754601846241712e-11 
3.8532066426455458e-11 
1.4852452601132882e-11 
1.2315704012166862e-11 
2.0073942508247455e-12 
2.0073942508247455e-12 
2.0073942508247455e-12 
2.0073942508247455e-12 
2.0073942508247455e-12 
2.0073942508247455e-12 
2.0073942508247455e-12 
2.0073942508247455e-12 
2.0073942508247455e-12 
2.0073942508247455e-12 
2.0073942508247455e-12 
2.0073942508247455e-12 
2.0073942508247455e-12 
2.0073942508247455e-12 
2.0073942508247455e-12 
2.0073942508247455e-12 
2.0073942508247455e-12 
2.0073942508247455e-12 
2.0073942508247455e-12 
2.0073942508247455e-12 
2.0073942508247455e-12 
2.0073942508247455e-12 
2.0073942508247455e-12 
2.0073942508247455e-12 
2.0073942508247455e-12 
2.0073942508247455e-12 
2.0073942508247455e-12 
2.0073942508247455e-12 
2.0073942508247455e-12 
2.0073942508247455e-12 
2.0073942508247455e-12 
2.0073942508247455e-12 
2.0073942508247455e-12 
2.0073942508247455e-12 
2.0073942508247455e-12 
2.0073942508247455e-12 
2.0073942508247455e-12 
2.0073942508247455e-12 
2.0073942508247455e-12 
2.0073942508247455e-12 
2.0073942508247455e-12 
2.0073942508247455e-12 
2.0073942508247455e-12 
2.0073942508247455e-12 
2.0073942508247455e-12 
2.0073942508247455e-12 
2.0073942508247455e-12 
2.0073942508247455e-12 
2.0073942508247455e-12 
2.0073942508247455e-12 
2.0073942508247455e-12 
2.0073942508247455e-12 
2.0073942508247455e-12 
2.0073942508247455e-12 
2.0073942508247455e-12 
2.0073942508247455e-12 
2.0073942508247455e-12 
2.0073942508247455e-12 
2.0073942508247455e-12 
2.0073942508247455e-12 
2.0073942508247455e-12 
2.0073942508247455e-12 
2.0073942508247455e-12 
2.0073942508247455e-12 
2.0073942508247455e-12 
2.0073942508247455e-12 
2.0073942508247455e-12 
2.0073942508247455e-12 
2.0073942508247455e-12 
2.0073942508247455e-12 
2.0073942508247455e-12 
2.0073942508247455e-12 
2.0073942508247455e-12 
2.0073942508247455e-12 
2.0073942508247455e-12 
2.0073942508247455e-12 
2.0073942508247455e-12 
2.0073942508247455e-12 
2.0073942508247455e-12 
2.0073942508247455e-12 
2.0073942508247455e-12 
2.0073942508247455e-12 
2.0073942508247455e-12 
2.0073942508247455e-12 
2.0073942508247455e-12 
2.0073942508247455e-12 
2.0073942508247455e-12 
2.0073942508247455e-12 
2.0073942508247455e-12 
2.0073942508247455e-12 
2.0073942508247455e-12 
2.0073942508247455e-12 
2.0073942508247455e-12 
2.0073942508247455e-12 
2.0073942508247455e-12 
2.0073942508247455e-12 
2.0073942508247455e-12 
2.0073942508247455e-12 
2.0073942508247455e-12 
2.0073942508247455e-12 
2.0073942508247455e-12 
2.0073942508247455e-12 
2.0073942508247455e-12 
2.0073942508247455e-12 
2.0073942508247455e-12 
2.0073942508247455e-12 
2.0073942508247455e-12 
2.0073942508247455e-12 
2.0073942508247455e-12 
2.0073942508247455e-12 
2.0073942508247455e-12 
2.0073942508247455e-12 
2.0073942508247455e-12 
2.0073942508247455e-12 
2.0073942508247455e-12 
2.0073942508247455e-12 
2.0073942508247455e-12 
2.0073942508247455e-12 
2.0073942508247455e-12 
2.0073942508247455e-12 
2.0073942508247455e-12 
2.0073942508247455e-12 
2.0073942508247455e-12 
2.0073942508247455e-12 
2.0073942508247455e-12 
2.0073942508247455e-12 
2.0073942508247455e-12 
2.0073942508247455e-12 
2.0073942508247455e-12 
2.0073942508247455e-12 
2.0073942508247455e-12 
2.0073942508247455e-12 
2.0073942508247455e-12 
2.0073942508247455e-12 
2.0073942508247455e-12 
2.0073942508247455e-12 
2.0073942508247455e-12 
2.0073942508247455e-12 
2.0073942508247455e-12 
2.0073942508247455e-12 
2.0073942508247455e-12 
2.0073942508247455e-12 
2.0073942508247455e-12 
2.0073942508247455e-12 
2.0073942508247455e-12 
2.0073942508247455e-12 
2.0073942508247455e-12 
2.0073942508247455e-12 
2.0073942508247455e-12 
2.0073942508247455e-12 
2.0073942508247455e-12 
2.0073942508247455e-12 
2.0073942508247455e-12 
2.0073942508247455e-12 
2.0073942508247455e-12 
2.0073942508247455e-12 
2.0073942508247455e-12 
2.0073942508247455e-12 
2.0073942508247455e-12 
2.0073942508247455e-12 
2.0073942508247455e-12 
2.0073942508247455e-12 
2.0073942508247455e-12 
2.0073942508247455e-12 
2.0073942508247455e-12 
2.0073942508247455e-12 
2.0073942508247455e-12 
2.0073942508247455e-12 
2.0073942508247455e-12 
2.0073942508247455e-12 
2.0073942508247455e-12 
2.0073942508247455e-12 
2.0073942508247455e-12 
2.0073942508247455e-12 
2.0073942508247455e-12 
2.0073942508247455e-12 
2.0073942508247455e-12 
2.0073942508247455e-12 
2.0073942508247455e-12 
2.0073942508247455e-12 
2.0073942508247455e-12 
2.0073942508247455e-12 
2.0073942508247455e-12 
2.0073942508247455e-12 
2.0073942508247455e-12 
2.0073942508247455e-12 
2.0073942508247455e-12 
2.0073942508247455e-12 
2.0073942508247455e-12 
2.0073942508247455e-12 
2.0073942508247455e-12 
2.0073942508247455e-12 
2.0073942508247455e-12 
2.0073942508247455e-12 
2.0073942508247455e-12 
2.0073942508247455e-12 
2.0073942508247455e-12 
2.0073942508247455e-12 
2.0073942508247455e-12 
2.0073942508247455e-12 
2.0073942508247455e-12 
2.0073942508247455e-12 
2.0073942508247455e-12 
2.0073942508247455e-12 
2.0073942508247455e-12 
2.0073942508247455e-12 
2.0073942508247455e-12 
2.0073942508247455e-12 
2.0073942508247455e-12 
2.0073942508247455e-12 
2.0073942508247455e-12 
2.0073942508247455e-12 
2.0073942508247455e-12 
2.0073942508247455e-12 
2.0073942508247455e-12 
2.0073942508247455e-12 
2.0073942508247455e-12 
2.0073942508247455e-12 
2.0073942508247455e-12 
2.0073942508247455e-12 
2.0073942508247455e-12 
2.0073942508247455e-12 
2.0073942508247455e-12 
2.0073942508247455e-12 
2.0073942508247455e-12 
2.0073942508247455e-12 
2.0073942508247455e-12 
2.0073942508247455e-12 
2.0073942508247455e-12 
2.0073942508247455e-12 
2.0073942508247455e-12 
2.0073942508247455e-12 
2.0073942508247455e-12 
2.0073942508247455e-12 
2.0073942508247455e-12 
2.0073942508247455e-12 
2.0073942508247455e-12 
2.0073942508247455e-12 
2.0073942508247455e-12 
2.0073942508247455e-12 
2.0073942508247455e-12 
2.0073942508247455e-12 
2.0073942508247455e-12 
2.0073942508247455e-12 
2.0073942508247455e-12 
2.0073942508247455e-12 
2.0073942508247455e-12 
2.0073942508247455e-12 
2.0073942508247455e-12 
2.0073942508247455e-12 
2.0073942508247455e-12 
2.0073942508247455e-12 
2.0073942508247455e-12 
2.0073942508247455e-12 
2.0073942508247455e-12 
2.0073942508247455e-12 
2.0073942508247455e-12 
2.0073942508247455e-12 
2.0073942508247455e-12 
2.0073942508247455e-12 
2.0073942508247455e-12 
2.0073942508247455e-12 
2.0073942508247455e-12 
2.0073942508247455e-12 
2.0073942508247455e-12 
2.0073942508247455e-12 
2.0073942508247455e-12 
2.0073942508247455e-12 
2.0073942508247455e-12 
2.0073942508247455e-12 
2.0073942508247455e-12 
2.0073942508247455e-12 
2.0073942508247455e-12 
2.0073942508247455e-12 
2.0073942508247455e-12 
2.0073942508247455e-12 
2.0073942508247455e-12 
2.0073942508247455e-12 
2.0073942508247455e-12 
2.0073942508247455e-12 
2.0073942508247455e-12 
2.0073942508247455e-12 
2.0073942508247455e-12 
2.0073942508247455e-12 
2.0073942508247455e-12 
2.0073942508247455e-12 
2.0073942508247455e-12 
2.0073942508247455e-12 
2.0073942508247455e-12 
2.0073942508247455e-12 
2.0073942508247455e-12 
2.0073942508247455e-12 
2.0073942508247455e-12 
2.0073942508247455e-12 
2.0073942508247455e-12 
2.0073942508247455e-12 
2.0073942508247455e-12 
2.0073942508247455e-12 
2.0073942508247455e-12 
2.0073942508247455e-12 
2.0073942508247455e-12 
2.0073942508247455e-12 
2.0073942508247455e-12 
2.0073942508247455e-12 
2.0073942508247455e-12 
2.0073942508247455e-12 
2.0073942508247455e-12 
2.0073942508247455e-12 
2.0073942508247455e-12 
2.0073942508247455e-12 
2.0073942508247455e-12 
2.0073942508247455e-12 
2.0073942508247455e-12 
2.0073942508247455e-12 
2.0073942508247455e-12 
2.0073942508247455e-12 
2.0073942508247455e-12 
2.0073942508247455e-12 
2.0073942508247455e-12 
2.0073942508247455e-12 
2.0073942508247455e-12 
2.0073942508247455e-12 
2.0073942508247455e-12 
2.0073942508247455e-12 
2.0073942508247455e-12 
2.0073942508247455e-12 
2.0073942508247455e-12 
2.0073942508247455e-12 
2.0073942508247455e-12 
2.0073942508247455e-12 
2.0073942508247455e-12 
2.0073942508247455e-12 
2.0073942508247455e-12 
2.0073942508247455e-12 
2.0073942508247455e-12 
2.0073942508247455e-12 
2.0073942508247455e-12 
2.0073942508247455e-12 
2.0073942508247455e-12 
2.0073942508247455e-12 
2.0073942508247455e-12 
2.0073942508247455e-12 
2.0073942508247455e-12 
2.0073942508247455e-12 
2.0073942508247455e-12 
2.0073942508247455e-12 
2.0073942508247455e-12 
2.0073942508247455e-12 
2.0073942508247455e-12 
2.0073942508247455e-12 
2.0073942508247455e-12 
2.0073942508247455e-12 
2.0073942508247455e-12 
2.0073942508247455e-12 
2.0073942508247455e-12 
2.0073942508247455e-12 
2.0073942508247455e-12 
2.0073942508247455e-12 
2.0073942508247455e-12 
2.0073942508247455e-12 
2.0073942508247455e-12 
2.0073942508247455e-12 
2.0073942508247455e-12 
2.0073942508247455e-12 
2.0073942508247455e-12 
2.0073942508247455e-12 
2.0073942508247455e-12 
2.0073942508247455e-12 
2.0073942508247455e-12 
2.0073942508247455e-12 
2.0073942508247455e-12 
2.0073942508247455e-12 
2.0073942508247455e-12 
2.0073942508247455e-12 
2.0073942508247455e-12 
2.0073942508247455e-12 
2.0073942508247455e-12 
2.0073942508247455e-12 
2.0073942508247455e-12 
2.0073942508247455e-12 
2.0073942508247455e-12 
2.0073942508247455e-12 
2.0073942508247455e-12 
2.0073942508247455e-12 
2.0073942508247455e-12 
2.0073942508247455e-12 
2.0073942508247455e-12 
2.0073942508247455e-12 
2.0073942508247455e-12 
2.0073942508247455e-12 
2.0073942508247455e-12 
2.0073942508247455e-12 
2.0073942508247455e-12 
2.0073942508247455e-12 
2.0073942508247455e-12 
2.0073942508247455e-12 
2.0073942508247455e-12 
2.0073942508247455e-12 
2.0073942508247455e-12 
2.0073942508247455e-12 
2.0073942508247455e-12 
2.0073942508247455e-12 
2.0073942508247455e-12 
2.0073942508247455e-12 
2.0073942508247455e-12 
2.0073942508247455e-12 
2.0073942508247455e-12 
2.0073942508247455e-12 
2.0073942508247455e-12 
2.0073942508247455e-12 
2.0073942508247455e-12 
2.0073942508247455e-12 
2.0073942508247455e-12 
2.0073942508247455e-12 
2.0073942508247455e-12 
2.0073942508247455e-12 
2.0073942508247455e-12 
2.0073942508247455e-12 
2.0073942508247455e-12 
2.0073942508247455e-12 
2.0073942508247455e-12 
2.0073942508247455e-12 
2.0073942508247455e-12 
2.0073942508247455e-12 
2.0073942508247455e-12 
2.0073942508247455e-12 
2.0073942508247455e-12 
2.0073942508247455e-12 
2.0073942508247455e-12 
2.0073942508247455e-12 
2.0073942508247455e-12 
2.0073942508247455e-12 
2.0073942508247455e-12 
2.0073942508247455e-12 
2.0073942508247455e-12 
2.0073942508247455e-12 
2.0073942508247455e-12 
2.0073942508247455e-12 
2.0073942508247455e-12 
2.0073942508247455e-12 
2.0073942508247455e-12 
2.0073942508247455e-12 
2.0073942508247455e-12 
2.0073942508247455e-12 
2.0073942508247455e-12 
2.0073942508247455e-12 
2.0073942508247455e-12 
2.0073942508247455e-12 
2.0073942508247455e-12 
2.0073942508247455e-12 
2.0073942508247455e-12 
2.0073942508247455e-12 
2.0073942508247455e-12 
2.0073942508247455e-12 
2.0073942508247455e-12 
2.0073942508247455e-12 
2.0073942508247455e-12 
2.0073942508247455e-12 
2.0073942508247455e-12 
2.0073942508247455e-12 
2.0073942508247455e-12 
2.0073942508247455e-12 
2.0073942508247455e-12 
2.0073942508247455e-12 
2.0073942508247455e-12 
2.0073942508247455e-12 
2.0073942508247455e-12 
2.0073942508247455e-12 
2.0073942508247455e-12 
2.0073942508247455e-12 
2.0073942508247455e-12 
2.0073942508247455e-12 
2.0073942508247455e-12 
2.0073942508247455e-12 
2.0073942508247455e-12 
2.0073942508247455e-12 
2.0073942508247455e-12 
2.0073942508247455e-12 
2.0073942508247455e-12 
2.0073942508247455e-12 
2.0073942508247455e-12 
2.0073942508247455e-12 
2.0073942508247455e-12 
2.0073942508247455e-12 
2.0073942508247455e-12 
2.0073942508247455e-12 
2.0073942508247455e-12 
2.0073942508247455e-12 
2.0073942508247455e-12 
2.0073942508247455e-12 
2.0073942508247455e-12 
2.0073942508247455e-12 
2.0073942508247455e-12 
2.0073942508247455e-12 
2.0073942508247455e-12 
2.0073942508247455e-12 
2.0073942508247455e-12 
2.0073942508247455e-12 
2.0073942508247455e-12 
2.0073942508247455e-12 
2.0073942508247455e-12 
2.0073942508247455e-12 
2.0073942508247455e-12 
2.0073942508247455e-12 
2.0073942508247455e-12 
2.0073942508247455e-12 
2.0073942508247455e-12 
2.0073942508247455e-12 
2.0073942508247455e-12 
2.0073942508247455e-12 
2.0073942508247455e-12 
2.0073942508247455e-12 
2.0073942508247455e-12 
2.0073942508247455e-12 
2.0073942508247455e-12 
2.0073942508247455e-12 
2.0073942508247455e-12 
2.0073942508247455e-12 
2.0073942508247455e-12 
2.0073942508247455e-12 
2.0073942508247455e-12 
2.0073942508247455e-12 
2.0073942508247455e-12 
2.0073942508247455e-12 
2.0073942508247455e-12 
2.0073942508247455e-12 
2.0073942508247455e-12 
2.0073942508247455e-12 
2.0073942508247455e-12 
2.0073942508247455e-12 
2.0073942508247455e-12 
2.0073942508247455e-12 
2.0073942508247455e-12 
2.0073942508247455e-12 
2.0073942508247455e-12 
2.0073942508247455e-12 
2.0073942508247455e-12 
2.0073942508247455e-12 
2.0073942508247455e-12 
2.0073942508247455e-12 
2.0073942508247455e-12 
2.0073942508247455e-12 
2.0073942508247455e-12 
2.0073942508247455e-12 
2.0073942508247455e-12 
2.0073942508247455e-12 
2.0073942508247455e-12 
2.0073942508247455e-12 
2.0073942508247455e-12 
2.0073942508247455e-12 
2.0073942508247455e-12 
2.0073942508247455e-12 
2.0073942508247455e-12 
2.0073942508247455e-12 
2.0073942508247455e-12 
2.0073942508247455e-12 
2.0073942508247455e-12 
2.0073942508247455e-12 
2.0073942508247455e-12 
2.0073942508247455e-12 
2.0073942508247455e-12 
2.0073942508247455e-12 
2.0073942508247455e-12 
2.0073942508247455e-12 
2.0073942508247455e-12 
2.0073942508247455e-12 
2.0073942508247455e-12 
2.0073942508247455e-12 
2.0073942508247455e-12 
2.0073942508247455e-12 
2.0073942508247455e-12 
2.0073942508247455e-12 
2.0073942508247455e-12 
2.0073942508247455e-12 
2.0073942508247455e-12 
2.0073942508247455e-12 
2.0073942508247455e-12 
2.0073942508247455e-12 
2.0073942508247455e-12 
2.0073942508247455e-12 
2.0073942508247455e-12 
2.0073942508247455e-12 
2.0073942508247455e-12 
2.0073942508247455e-12 
2.0073942508247455e-12 
2.0073942508247455e-12 
2.0073942508247455e-12 
2.0073942508247455e-12 
2.0073942508247455e-12 
2.0073942508247455e-12 
2.0073942508247455e-12 
2.0073942508247455e-12 
2.0073942508247455e-12 
2.0073942508247455e-12 
2.0073942508247455e-12 
2.0073942508247455e-12 
2.0073942508247455e-12 
2.0073942508247455e-12 
2.0073942508247455e-12 
2.0073942508247455e-12 
2.0073942508247455e-12 
2.0073942508247455e-12 
2.0073942508247455e-12 
2.0073942508247455e-12 
2.0073942508247455e-12 
2.0073942508247455e-12 
2.0073942508247455e-12 
2.0073942508247455e-12 
2.0073942508247455e-12 
2.0073942508247455e-12 
2.0073942508247455e-12 
2.0073942508247455e-12 
2.0073942508247455e-12 
2.0073942508247455e-12 
2.0073942508247455e-12 
2.0073942508247455e-12 
2.0073942508247455e-12 
2.0073942508247455e-12 
2.0073942508247455e-12 
2.0073942508247455e-12 
2.0073942508247455e-12 
2.0073942508247455e-12 
2.0073942508247455e-12 
2.0073942508247455e-12 
2.0073942508247455e-12 
2.0073942508247455e-12 
2.0073942508247455e-12 
2.0073942508247455e-12 
2.0073942508247455e-12 
2.0073942508247455e-12 
2.0073942508247455e-12 
2.0073942508247455e-12 
2.0073942508247455e-12 
2.0073942508247455e-12 
2.0073942508247455e-12 
2.0073942508247455e-12 
2.0073942508247455e-12 
2.0073942508247455e-12 
2.0073942508247455e-12 
2.0073942508247455e-12 
2.0073942508247455e-12 
2.0073942508247455e-12 
2.0073942508247455e-12 
2.0073942508247455e-12 
2.0073942508247455e-12 
2.0073942508247455e-12 
2.0073942508247455e-12 
2.0073942508247455e-12 
2.0073942508247455e-12 
2.0073942508247455e-12 
2.0073942508247455e-12 
2.0073942508247455e-12 
2.0073942508247455e-12 
2.0073942508247455e-12 
2.0073942508247455e-12 
2.0073942508247455e-12 
2.0073942508247455e-12 
2.0073942508247455e-12 
2.0073942508247455e-12 
2.0073942508247455e-12 
2.0073942508247455e-12 
2.0073942508247455e-12 
2.0073942508247455e-12 
2.0073942508247455e-12 
2.0073942508247455e-12 
2.0073942508247455e-12 
2.0073942508247455e-12 
2.0073942508247455e-12 
2.0073942508247455e-12 
2.0073942508247455e-12 
2.0073942508247455e-12 
2.0073942508247455e-12 
2.0073942508247455e-12 
2.0073942508247455e-12 
2.0073942508247455e-12 
2.0073942508247455e-12 
2.0073942508247455e-12 
2.0073942508247455e-12 
2.0073942508247455e-12 
2.0073942508247455e-12 
2.0073942508247455e-12 
2.0073942508247455e-12 
2.0073942508247455e-12 
2.0073942508247455e-12 
2.0073942508247455e-12 
2.0073942508247455e-12 
2.0073942508247455e-12 
2.0073942508247455e-12 
2.0073942508247455e-12 
2.0073942508247455e-12 
2.0073942508247455e-12 
2.0073942508247455e-12 
2.0073942508247455e-12 
2.0073942508247455e-12 
2.0073942508247455e-12 
2.0073942508247455e-12 
2.0073942508247455e-12 
2.0073942508247455e-12 
2.0073942508247455e-12 
2.0073942508247455e-12 
2.0073942508247455e-12 
2.0073942508247455e-12 
2.0073942508247455e-12 
2.0073942508247455e-12 
2.0073942508247455e-12 
2.0073942508247455e-12 
2.0073942508247455e-12 
2.0073942508247455e-12 
2.0073942508247455e-12 
2.0073942508247455e-12 
2.0073942508247455e-12 
2.0073942508247455e-12 
2.0073942508247455e-12 
2.0073942508247455e-12 
2.0073942508247455e-12 
2.0073942508247455e-12 
2.0073942508247455e-12 
2.0073942508247455e-12 
2.0073942508247455e-12 
2.0073942508247455e-12 
2.0073942508247455e-12 
2.0073942508247455e-12 
2.0073942508247455e-12 
2.0073942508247455e-12 
2.0073942508247455e-12 
2.0073942508247455e-12 
2.0073942508247455e-12 
2.0073942508247455e-12 
2.0073942508247455e-12 
2.0073942508247455e-12 
2.0073942508247455e-12 
2.0073942508247455e-12 
2.0073942508247455e-12 
2.0073942508247455e-12 
2.0073942508247455e-12 
2.0073942508247455e-12 
2.0073942508247455e-12 
2.0073942508247455e-12 
2.0073942508247455e-12 
2.0073942508247455e-12 
2.0073942508247455e-12 
2.0073942508247455e-12 
2.0073942508247455e-12 
2.0073942508247455e-12 
2.0073942508247455e-12 
2.0073942508247455e-12 
2.0073942508247455e-12 
2.0073942508247455e-12 
2.0073942508247455e-12 
2.0073942508247455e-12 
2.0073942508247455e-12 
2.0073942508247455e-12 
2.0073942508247455e-12 
2.0073942508247455e-12 
2.0073942508247455e-12 
2.0073942508247455e-12 
2.0073942508247455e-12 
2.0073942508247455e-12 
2.0073942508247455e-12 
2.0073942508247455e-12 
2.0073942508247455e-12 
2.0073942508247455e-12 
2.0073942508247455e-12 
2.0073942508247455e-12 
2.0073942508247455e-12 
2.0073942508247455e-12 
2.0073942508247455e-12 
2.0073942508247455e-12 
2.0073942508247455e-12 
2.0073942508247455e-12 
2.0073942508247455e-12 
2.0073942508247455e-12 
2.0073942508247455e-12 
2.0073942508247455e-12 
2.0073942508247455e-12 
2.0073942508247455e-12 
2.0073942508247455e-12 
2.0073942508247455e-12 
2.0073942508247455e-12 
2.0073942508247455e-12 
2.0073942508247455e-12 
2.0073942508247455e-12 
2.0073942508247455e-12 
2.0073942508247455e-12 
2.0073942508247455e-12 
2.0073942508247455e-12 
2.0073942508247455e-12 
2.0073942508247455e-12 
2.0073942508247455e-12 
2.0073942508247455e-12 
2.0073942508247455e-12 
2.0073942508247455e-12 
2.0073942508247455e-12 
2.0073942508247455e-12 
2.0073942508247455e-12 
2.0073942508247455e-12 
2.0073942508247455e-12 
2.0073942508247455e-12 
2.0073942508247455e-12 
2.0073942508247455e-12 
2.0073942508247455e-12 
2.0073942508247455e-12 
2.0073942508247455e-12 
2.0073942508247455e-12 
2.0073942508247455e-12 
2.0073942508247455e-12 
2.0073942508247455e-12 
2.0073942508247455e-12 
2.0073942508247455e-12 
2.0073942508247455e-12 
2.0073942508247455e-12 
2.0073942508247455e-12 
2.0073942508247455e-12 
2.0073942508247455e-12 
2.0073942508247455e-12 
2.0073942508247455e-12 
2.0073942508247455e-12 
2.0073942508247455e-12 
2.0073942508247455e-12 
2.0073942508247455e-12 
2.0073942508247455e-12 
2.0073942508247455e-12 
2.0073942508247455e-12 
2.0073942508247455e-12 
2.0073942508247455e-12 
2.0073942508247455e-12 
2.0073942508247455e-12 
2.0073942508247455e-12 
2.0073942508247455e-12 
2.0073942508247455e-12 
2.0073942508247455e-12 
2.0073942508247455e-12 
2.0073942508247455e-12 
2.0073942508247455e-12 
2.0073942508247455e-12 
2.0073942508247455e-12 
2.0073942508247455e-12 
2.0073942508247455e-12 
2.0073942508247455e-12 
2.0073942508247455e-12 
2.0073942508247455e-12 
2.0073942508247455e-12 
2.0073942508247455e-12 
2.0073942508247455e-12 
2.0073942508247455e-12 
2.0073942508247455e-12 
2.0073942508247455e-12 
2.0073942508247455e-12 
2.0073942508247455e-12 
2.0073942508247455e-12 
2.0073942508247455e-12 
2.0073942508247455e-12 
2.0073942508247455e-12 
2.0073942508247455e-12 
2.0073942508247455e-12 
2.0073942508247455e-12 
2.0073942508247455e-12 
2.0073942508247455e-12 
2.0073942508247455e-12 
2.0073942508247455e-12 
2.0073942508247455e-12 
2.0073942508247455e-12 
2.0073942508247455e-12 
2.0073942508247455e-12 
2.0073942508247455e-12 
2.0073942508247455e-12 
2.0073942508247455e-12 
2.0073942508247455e-12 
2.0073942508247455e-12 
2.0073942508247455e-12 
2.0073942508247455e-12 
2.0073942508247455e-12 
2.0073942508247455e-12 
2.0073942508247455e-12 
2.0073942508247455e-12 
2.0073942508247455e-12 
2.0073942508247455e-12 
2.0073942508247455e-12 
2.0073942508247455e-12 
2.0073942508247455e-12 
2.0073942508247455e-12 
2.0073942508247455e-12 
2.0073942508247455e-12 
2.0073942508247455e-12 
2.0073942508247455e-12 
2.0073942508247455e-12 
2.0073942508247455e-12 
2.0073942508247455e-12 
2.0073942508247455e-12 
2.0073942508247455e-12 
2.0073942508247455e-12 
2.0073942508247455e-12 
2.0073942508247455e-12 
2.0073942508247455e-12 
2.0073942508247455e-12 
2.0073942508247455e-12 
2.0073942508247455e-12 
2.0073942508247455e-12 
2.0073942508247455e-12 
2.0073942508247455e-12 
2.0073942508247455e-12 
2.0073942508247455e-12 
2.0073942508247455e-12 
2.0073942508247455e-12 
2.0073942508247455e-12 
2.0073942508247455e-12 
2.0073942508247455e-12 
2.0073942508247455e-12 
2.0073942508247455e-12 
2.0073942508247455e-12 
2.0073942508247455e-12 
2.0073942508247455e-12 
2.0073942508247455e-12 
2.0073942508247455e-12 
2.0073942508247455e-12 
2.0073942508247455e-12 
2.0073942508247455e-12 
2.0073942508247455e-12 
2.0073942508247455e-12 
2.0073942508247455e-12 
2.0073942508247455e-12 
2.0073942508247455e-12 
2.0073942508247455e-12 
2.0073942508247455e-12 
2.0073942508247455e-12 
2.0073942508247455e-12 
2.0073942508247455e-12 
2.0073942508247455e-12 
2.0073942508247455e-12 
2.0073942508247455e-12 
2.0073942508247455e-12 
2.0073942508247455e-12 
2.0073942508247455e-12 
2.0073942508247455e-12 
2.0073942508247455e-12 
2.0073942508247455e-12 
2.0073942508247455e-12 
2.0073942508247455e-12 
2.0073942508247455e-12 
2.0073942508247455e-12 
2.0073942508247455e-12 
2.0073942508247455e-12 
2.0073942508247455e-12 
2.0073942508247455e-12 
2.0073942508247455e-12 
