0.57788516896882536 
0.57788070834127581 
0.53602239888083913 
0.311088860782328 
0.25513252891341265 
0.13465571910261454 
0.11213494705867877 
0.053436583090818002 
0.031899106587963799 
0.029505292224568658 
0.014272980179635519 
0.0080397844412767316 
0.0075929246761140545 
0.0038129332296604757 
0.0020129343369107433 
0.0019433468561403933 
0.00094850914195931946 
0.00054871553051205613 
0.00050080506170380179 
0.00024235760315338695 
0.00014681164940111291 
0.00012648163078898822 
6.3776174660024054e-05 
3.8765933488504878e-05 
3.1336156020245198e-05 
1.7086249678555099e-05 
1.0439336991741044e-05 
7.4640255662838939e-06 
4.7403998514328194e-06 
2.918468675394692e-06 
1.6389038053343796e-06 
1.4056255202010703e-06 
7.6093689804768161e-07 
3.6279730153410128e-07 
3.562416091007492e-07 
1.7714695899062605e-07 
1.1698170132579122e-07 
7.9946689157672779e-08 
5.207390740835649e-08 
3.1075867878982422e-08 
1.9036685450224411e-08 
1.4107901624704766e-08 
8.2857158911764373e-09 
4.8002045671680094e-09 
3.5591911640153739e-09 
1.865830712155514e-09 
1.443834940495492e-09 
6.2178207027585586e-10 
4.5514692015302671e-10 
1.7048085165782823e-10 
1.1761858154102356e-10 
8.728584521833227e-11 
4.4083403594186166e-11 
4.4083403594186166e-11 
1.6233125954556726e-11 
1.6233125954556726e-11 
1.6233125954556726e-11 
1.6233125954556726e-11 
1.6233125954556726e-11 
1.6233125954556726e-11 
1.6233125954556726e-11 
1.6233125954556726e-11 
1.6233125954556726e-11 
1.6233125954556726e-11 
1.6233125954556726e-11 
1.6233125954556726e-11 
1.6233125954556726e-11 
1.6233125954556726e-11 
1.6233125954556726e-11 
1.6233125954556726e-11 
1.6233125954556726e-11 
1.6233125954556726e-11 
1.6233125954556726e-11 
1.6233125954556726e-11 
1.6233125954556726e-11 
1.6233125954556726e-11 
1.6233125954556726e-11 
1.6233125954556726e-11 
1.6233125954556726e-11 
1.6233125954556726e-11 
1.6233125954556726e-11 
1.6233125954556726e-11 
1.6233125954556726e-11 
1.6233125954556726e-11 
1.6233125954556726e-11 
1.6233125954556726e-11 
1.6233125954556726e-11 
1.6233125954556726e-11 
1.6233125954556726e-11 
1.6233125954556726e-11 
1.6233125954556726e-11 
1.6233125954556726e-11 
1.6233125954556726e-11 
1.6233125954556726e-11 
1.6233125954556726e-11 
1.6233125954556726e-11 
1.6233125954556726e-11 
1.6233125954556726e-11 
1.6233125954556726e-11 
1.6233125954556726e-11 
1.6233125954556726e-11 
1.6233125954556726e-11 
1.6233125954556726e-11 
1.6233125954556726e-11 
1.6233125954556726e-11 
1.6233125954556726e-11 
1.6233125954556726e-11 
1.6233125954556726e-11 
1.6233125954556726e-11 
1.6233125954556726e-11 
1.6233125954556726e-11 
1.6233125954556726e-11 
1.6233125954556726e-11 
1.6233125954556726e-11 
1.6233125954556726e-11 
1.6233125954556726e-11 
1.6233125954556726e-11 
1.6233125954556726e-11 
1.6233125954556726e-11 
1.6233125954556726e-11 
1.6233125954556726e-11 
1.6233125954556726e-11 
1.6233125954556726e-11 
1.6233125954556726e-11 
1.6233125954556726e-11 
1.6233125954556726e-11 
1.6233125954556726e-11 
1.6233125954556726e-11 
1.6233125954556726e-11 
1.6233125954556726e-11 
1.6233125954556726e-11 
1.6233125954556726e-11 
1.6233125954556726e-11 
1.6233125954556726e-11 
1.6233125954556726e-11 
1.6233125954556726e-11 
1.6233125954556726e-11 
1.6233125954556726e-11 
1.6233125954556726e-11 
1.6233125954556726e-11 
1.6233125954556726e-11 
1.6233125954556726e-11 
1.6233125954556726e-11 
1.6233125954556726e-11 
1.6233125954556726e-11 
1.6233125954556726e-11 
1.6233125954556726e-11 
1.6233125954556726e-11 
1.6233125954556726e-11 
1.6233125954556726e-11 
1.6233125954556726e-11 
1.6233125954556726e-11 
1.6233125954556726e-11 
1.6233125954556726e-11 
1.6233125954556726e-11 
1.6233125954556726e-11 
1.6233125954556726e-11 
1.6233125954556726e-11 
1.6233125954556726e-11 
1.6233125954556726e-11 
1.6233125954556726e-11 
1.6233125954556726e-11 
1.6233125954556726e-11 
1.6233125954556726e-11 
1.6233125954556726e-11 
1.6233125954556726e-11 
1.6233125954556726e-11 
1.6233125954556726e-11 
1.6233125954556726e-11 
1.6233125954556726e-11 
1.6233125954556726e-11 
1.6233125954556726e-11 
1.6233125954556726e-11 
1.6233125954556726e-11 
1.6233125954556726e-11 
1.6233125954556726e-11 
1.6233125954556726e-11 
1.6233125954556726e-11 
1.6233125954556726e-11 
1.6233125954556726e-11 
1.6233125954556726e-11 
1.6233125954556726e-11 
1.6233125954556726e-11 
1.6233125954556726e-11 
1.6233125954556726e-11 
1.6233125954556726e-11 
1.6233125954556726e-11 
1.6233125954556726e-11 
1.6233125954556726e-11 
1.6233125954556726e-11 
1.6233125954556726e-11 
1.6233125954556726e-11 
1.6233125954556726e-11 
1.6233125954556726e-11 
1.6233125954556726e-11 
1.6233125954556726e-11 
1.6233125954556726e-11 
1.6233125954556726e-11 
1.6233125954556726e-11 
1.6233125954556726e-11 
1.6233125954556726e-11 
1.6233125954556726e-11 
1.6233125954556726e-11 
1.6233125954556726e-11 
1.6233125954556726e-11 
1.6233125954556726e-11 
1.6233125954556726e-11 
1.6233125954556726e-11 
1.6233125954556726e-11 
1.6233125954556726e-11 
1.6233125954556726e-11 
1.6233125954556726e-11 
1.6233125954556726e-11 
1.6233125954556726e-11 
1.6233125954556726e-11 
1.6233125954556726e-11 
1.6233125954556726e-11 
1.6233125954556726e-11 
1.6233125954556726e-11 
1.6233125954556726e-11 
1.6233125954556726e-11 
1.6233125954556726e-11 
1.6233125954556726e-11 
1.6233125954556726e-11 
1.6233125954556726e-11 
1.6233125954556726e-11 
1.6233125954556726e-11 
1.6233125954556726e-11 
1.6233125954556726e-11 
1.6233125954556726e-11 
1.6233125954556726e-11 
1.6233125954556726e-11 
1.6233125954556726e-11 
1.6233125954556726e-11 
1.6233125954556726e-11 
1.6233125954556726e-11 
1.6233125954556726e-11 
1.6233125954556726e-11 
1.6233125954556726e-11 
1.6233125954556726e-11 
1.6233125954556726e-11 
1.6233125954556726e-11 
1.6233125954556726e-11 
1.6233125954556726e-11 
1.6233125954556726e-11 
1.6233125954556726e-11 
1.6233125954556726e-11 
1.6233125954556726e-11 
1.6233125954556726e-11 
1.6233125954556726e-11 
1.6233125954556726e-11 
1.6233125954556726e-11 
1.6233125954556726e-11 
1.6233125954556726e-11 
1.6233125954556726e-11 
1.6233125954556726e-11 
1.6233125954556726e-11 
1.6233125954556726e-11 
1.6233125954556726e-11 
1.6233125954556726e-11 
1.6233125954556726e-11 
1.6233125954556726e-11 
1.6233125954556726e-11 
1.6233125954556726e-11 
1.6233125954556726e-11 
1.6233125954556726e-11 
1.6233125954556726e-11 
1.6233125954556726e-11 
1.6233125954556726e-11 
1.6233125954556726e-11 
1.6233125954556726e-11 
1.6233125954556726e-11 
1.6233125954556726e-11 
1.6233125954556726e-11 
1.6233125954556726e-11 
1.6233125954556726e-11 
1.6233125954556726e-11 
1.6233125954556726e-11 
1.6233125954556726e-11 
1.6233125954556726e-11 
1.6233125954556726e-11 
1.6233125954556726e-11 
1.6233125954556726e-11 
1.6233125954556726e-11 
1.6233125954556726e-11 
1.6233125954556726e-11 
1.6233125954556726e-11 
1.6233125954556726e-11 
1.6233125954556726e-11 
1.6233125954556726e-11 
1.6233125954556726e-11 
1.6233125954556726e-11 
1.6233125954556726e-11 
1.6233125954556726e-11 
1.6233125954556726e-11 
1.6233125954556726e-11 
1.6233125954556726e-11 
1.6233125954556726e-11 
1.6233125954556726e-11 
1.6233125954556726e-11 
1.6233125954556726e-11 
1.6233125954556726e-11 
1.6233125954556726e-11 
1.6233125954556726e-11 
1.6233125954556726e-11 
1.6233125954556726e-11 
1.6233125954556726e-11 
1.6233125954556726e-11 
1.6233125954556726e-11 
1.6233125954556726e-11 
1.6233125954556726e-11 
1.6233125954556726e-11 
1.6233125954556726e-11 
1.6233125954556726e-11 
1.6233125954556726e-11 
1.6233125954556726e-11 
1.6233125954556726e-11 
1.6233125954556726e-11 
1.6233125954556726e-11 
1.6233125954556726e-11 
1.6233125954556726e-11 
1.6233125954556726e-11 
1.6233125954556726e-11 
1.6233125954556726e-11 
1.6233125954556726e-11 
1.6233125954556726e-11 
1.6233125954556726e-11 
1.6233125954556726e-11 
1.6233125954556726e-11 
1.6233125954556726e-11 
1.6233125954556726e-11 
1.6233125954556726e-11 
1.6233125954556726e-11 
1.6233125954556726e-11 
1.6233125954556726e-11 
1.6233125954556726e-11 
1.6233125954556726e-11 
1.6233125954556726e-11 
1.6233125954556726e-11 
1.6233125954556726e-11 
1.6233125954556726e-11 
1.6233125954556726e-11 
1.6233125954556726e-11 
1.6233125954556726e-11 
1.6233125954556726e-11 
1.6233125954556726e-11 
1.6233125954556726e-11 
1.6233125954556726e-11 
1.6233125954556726e-11 
1.6233125954556726e-11 
1.6233125954556726e-11 
1.6233125954556726e-11 
1.6233125954556726e-11 
1.6233125954556726e-11 
1.6233125954556726e-11 
1.6233125954556726e-11 
1.6233125954556726e-11 
1.6233125954556726e-11 
1.6233125954556726e-11 
1.6233125954556726e-11 
1.6233125954556726e-11 
1.6233125954556726e-11 
1.6233125954556726e-11 
1.6233125954556726e-11 
1.6233125954556726e-11 
1.6233125954556726e-11 
1.6233125954556726e-11 
1.6233125954556726e-11 
1.6233125954556726e-11 
1.6233125954556726e-11 
1.6233125954556726e-11 
1.6233125954556726e-11 
1.6233125954556726e-11 
1.6233125954556726e-11 
1.6233125954556726e-11 
1.6233125954556726e-11 
1.6233125954556726e-11 
1.6233125954556726e-11 
1.6233125954556726e-11 
1.6233125954556726e-11 
1.6233125954556726e-11 
1.6233125954556726e-11 
1.6233125954556726e-11 
1.6233125954556726e-11 
1.6233125954556726e-11 
1.6233125954556726e-11 
1.6233125954556726e-11 
1.6233125954556726e-11 
1.6233125954556726e-11 
1.6233125954556726e-11 
1.6233125954556726e-11 
1.6233125954556726e-11 
1.6233125954556726e-11 
1.6233125954556726e-11 
1.6233125954556726e-11 
1.6233125954556726e-11 
1.6233125954556726e-11 
1.6233125954556726e-11 
1.6233125954556726e-11 
1.6233125954556726e-11 
1.6233125954556726e-11 
1.6233125954556726e-11 
1.6233125954556726e-11 
1.6233125954556726e-11 
1.6233125954556726e-11 
1.6233125954556726e-11 
1.6233125954556726e-11 
1.6233125954556726e-11 
1.6233125954556726e-11 
1.6233125954556726e-11 
1.6233125954556726e-11 
1.6233125954556726e-11 
1.6233125954556726e-11 
1.6233125954556726e-11 
1.6233125954556726e-11 
1.6233125954556726e-11 
1.6233125954556726e-11 
1.6233125954556726e-11 
1.6233125954556726e-11 
1.6233125954556726e-11 
1.6233125954556726e-11 
1.6233125954556726e-11 
1.6233125954556726e-11 
1.6233125954556726e-11 
1.6233125954556726e-11 
1.6233125954556726e-11 
1.6233125954556726e-11 
1.6233125954556726e-11 
1.6233125954556726e-11 
1.6233125954556726e-11 
1.6233125954556726e-11 
1.6233125954556726e-11 
1.6233125954556726e-11 
1.6233125954556726e-11 
1.6233125954556726e-11 
1.6233125954556726e-11 
1.6233125954556726e-11 
1.6233125954556726e-11 
1.6233125954556726e-11 
1.6233125954556726e-11 
1.6233125954556726e-11 
1.6233125954556726e-11 
1.6233125954556726e-11 
1.6233125954556726e-11 
1.6233125954556726e-11 
1.6233125954556726e-11 
1.6233125954556726e-11 
1.6233125954556726e-11 
1.6233125954556726e-11 
1.6233125954556726e-11 
1.6233125954556726e-11 
1.6233125954556726e-11 
1.6233125954556726e-11 
1.6233125954556726e-11 
1.6233125954556726e-11 
1.6233125954556726e-11 
1.6233125954556726e-11 
1.6233125954556726e-11 
1.6233125954556726e-11 
1.6233125954556726e-11 
1.6233125954556726e-11 
1.6233125954556726e-11 
1.6233125954556726e-11 
1.6233125954556726e-11 
1.6233125954556726e-11 
1.6233125954556726e-11 
1.6233125954556726e-11 
1.6233125954556726e-11 
1.6233125954556726e-11 
1.6233125954556726e-11 
1.6233125954556726e-11 
1.6233125954556726e-11 
1.6233125954556726e-11 
1.6233125954556726e-11 
1.6233125954556726e-11 
1.6233125954556726e-11 
1.6233125954556726e-11 
1.6233125954556726e-11 
1.6233125954556726e-11 
1.6233125954556726e-11 
1.6233125954556726e-11 
1.6233125954556726e-11 
1.6233125954556726e-11 
1.6233125954556726e-11 
1.6233125954556726e-11 
1.6233125954556726e-11 
1.6233125954556726e-11 
1.6233125954556726e-11 
1.6233125954556726e-11 
1.6233125954556726e-11 
1.6233125954556726e-11 
1.6233125954556726e-11 
1.6233125954556726e-11 
1.6233125954556726e-11 
1.6233125954556726e-11 
1.6233125954556726e-11 
1.6233125954556726e-11 
1.6233125954556726e-11 
1.6233125954556726e-11 
1.6233125954556726e-11 
1.6233125954556726e-11 
1.6233125954556726e-11 
1.6233125954556726e-11 
1.6233125954556726e-11 
1.6233125954556726e-11 
1.6233125954556726e-11 
1.6233125954556726e-11 
1.6233125954556726e-11 
1.6233125954556726e-11 
1.6233125954556726e-11 
1.6233125954556726e-11 
1.6233125954556726e-11 
1.6233125954556726e-11 
1.6233125954556726e-11 
1.6233125954556726e-11 
1.6233125954556726e-11 
1.6233125954556726e-11 
1.6233125954556726e-11 
1.6233125954556726e-11 
1.6233125954556726e-11 
1.6233125954556726e-11 
1.6233125954556726e-11 
1.6233125954556726e-11 
1.6233125954556726e-11 
1.6233125954556726e-11 
1.6233125954556726e-11 
1.6233125954556726e-11 
1.6233125954556726e-11 
1.6233125954556726e-11 
1.6233125954556726e-11 
1.6233125954556726e-11 
1.6233125954556726e-11 
1.6233125954556726e-11 
1.6233125954556726e-11 
1.6233125954556726e-11 
1.6233125954556726e-11 
1.6233125954556726e-11 
1.6233125954556726e-11 
1.6233125954556726e-11 
1.6233125954556726e-11 
1.6233125954556726e-11 
1.6233125954556726e-11 
1.6233125954556726e-11 
1.6233125954556726e-11 
1.6233125954556726e-11 
1.6233125954556726e-11 
1.6233125954556726e-11 
1.6233125954556726e-11 
1.6233125954556726e-11 
1.6233125954556726e-11 
1.6233125954556726e-11 
1.6233125954556726e-11 
1.6233125954556726e-11 
1.6233125954556726e-11 
1.6233125954556726e-11 
1.6233125954556726e-11 
1.6233125954556726e-11 
1.6233125954556726e-11 
1.6233125954556726e-11 
1.6233125954556726e-11 
1.6233125954556726e-11 
1.6233125954556726e-11 
1.6233125954556726e-11 
1.6233125954556726e-11 
1.6233125954556726e-11 
1.6233125954556726e-11 
1.6233125954556726e-11 
1.6233125954556726e-11 
1.6233125954556726e-11 
1.6233125954556726e-11 
1.6233125954556726e-11 
1.6233125954556726e-11 
1.6233125954556726e-11 
1.6233125954556726e-11 
1.6233125954556726e-11 
1.6233125954556726e-11 
1.6233125954556726e-11 
1.6233125954556726e-11 
1.6233125954556726e-11 
1.6233125954556726e-11 
1.6233125954556726e-11 
1.6233125954556726e-11 
1.6233125954556726e-11 
1.6233125954556726e-11 
1.6233125954556726e-11 
1.6233125954556726e-11 
1.6233125954556726e-11 
1.6233125954556726e-11 
1.6233125954556726e-11 
1.6233125954556726e-11 
1.6233125954556726e-11 
1.6233125954556726e-11 
1.6233125954556726e-11 
1.6233125954556726e-11 
1.6233125954556726e-11 
1.6233125954556726e-11 
1.6233125954556726e-11 
1.6233125954556726e-11 
1.6233125954556726e-11 
1.6233125954556726e-11 
1.6233125954556726e-11 
1.6233125954556726e-11 
1.6233125954556726e-11 
1.6233125954556726e-11 
1.6233125954556726e-11 
1.6233125954556726e-11 
1.6233125954556726e-11 
1.6233125954556726e-11 
1.6233125954556726e-11 
1.6233125954556726e-11 
1.6233125954556726e-11 
1.6233125954556726e-11 
1.6233125954556726e-11 
1.6233125954556726e-11 
1.6233125954556726e-11 
1.6233125954556726e-11 
1.6233125954556726e-11 
1.6233125954556726e-11 
1.6233125954556726e-11 
1.6233125954556726e-11 
1.6233125954556726e-11 
1.6233125954556726e-11 
1.6233125954556726e-11 
1.6233125954556726e-11 
1.6233125954556726e-11 
1.6233125954556726e-11 
1.6233125954556726e-11 
1.6233125954556726e-11 
1.6233125954556726e-11 
1.6233125954556726e-11 
1.6233125954556726e-11 
1.6233125954556726e-11 
1.6233125954556726e-11 
1.6233125954556726e-11 
1.6233125954556726e-11 
1.6233125954556726e-11 
1.6233125954556726e-11 
1.6233125954556726e-11 
1.6233125954556726e-11 
1.6233125954556726e-11 
1.6233125954556726e-11 
1.6233125954556726e-11 
1.6233125954556726e-11 
1.6233125954556726e-11 
1.6233125954556726e-11 
1.6233125954556726e-11 
1.6233125954556726e-11 
1.6233125954556726e-11 
1.6233125954556726e-11 
1.6233125954556726e-11 
1.6233125954556726e-11 
1.6233125954556726e-11 
1.6233125954556726e-11 
1.6233125954556726e-11 
1.6233125954556726e-11 
1.6233125954556726e-11 
1.6233125954556726e-11 
1.6233125954556726e-11 
1.6233125954556726e-11 
1.6233125954556726e-11 
1.6233125954556726e-11 
1.6233125954556726e-11 
1.6233125954556726e-11 
1.6233125954556726e-11 
1.6233125954556726e-11 
1.6233125954556726e-11 
1.6233125954556726e-11 
1.6233125954556726e-11 
1.6233125954556726e-11 
1.6233125954556726e-11 
1.6233125954556726e-11 
1.6233125954556726e-11 
1.6233125954556726e-11 
1.6233125954556726e-11 
1.6233125954556726e-11 
1.6233125954556726e-11 
1.6233125954556726e-11 
1.6233125954556726e-11 
1.6233125954556726e-11 
1.6233125954556726e-11 
1.6233125954556726e-11 
1.6233125954556726e-11 
1.6233125954556726e-11 
1.6233125954556726e-11 
1.6233125954556726e-11 
1.6233125954556726e-11 
1.6233125954556726e-11 
1.6233125954556726e-11 
1.6233125954556726e-11 
1.6233125954556726e-11 
1.6233125954556726e-11 
1.6233125954556726e-11 
1.6233125954556726e-11 
1.6233125954556726e-11 
1.6233125954556726e-11 
1.6233125954556726e-11 
1.6233125954556726e-11 
1.6233125954556726e-11 
1.6233125954556726e-11 
1.6233125954556726e-11 
1.6233125954556726e-11 
1.6233125954556726e-11 
1.6233125954556726e-11 
1.6233125954556726e-11 
1.6233125954556726e-11 
1.6233125954556726e-11 
1.6233125954556726e-11 
1.6233125954556726e-11 
1.6233125954556726e-11 
1.6233125954556726e-11 
1.6233125954556726e-11 
1.6233125954556726e-11 
1.6233125954556726e-11 
1.6233125954556726e-11 
1.6233125954556726e-11 
1.6233125954556726e-11 
1.6233125954556726e-11 
1.6233125954556726e-11 
1.6233125954556726e-11 
1.6233125954556726e-11 
1.6233125954556726e-11 
1.6233125954556726e-11 
1.6233125954556726e-11 
1.6233125954556726e-11 
1.6233125954556726e-11 
1.6233125954556726e-11 
1.6233125954556726e-11 
1.6233125954556726e-11 
1.6233125954556726e-11 
1.6233125954556726e-11 
1.6233125954556726e-11 
1.6233125954556726e-11 
1.6233125954556726e-11 
1.6233125954556726e-11 
1.6233125954556726e-11 
1.6233125954556726e-11 
1.6233125954556726e-11 
1.6233125954556726e-11 
1.6233125954556726e-11 
1.6233125954556726e-11 
1.6233125954556726e-11 
1.6233125954556726e-11 
1.6233125954556726e-11 
1.6233125954556726e-11 
1.6233125954556726e-11 
1.6233125954556726e-11 
1.6233125954556726e-11 
1.6233125954556726e-11 
1.6233125954556726e-11 
1.6233125954556726e-11 
1.6233125954556726e-11 
1.6233125954556726e-11 
1.6233125954556726e-11 
1.6233125954556726e-11 
1.6233125954556726e-11 
1.6233125954556726e-11 
1.6233125954556726e-11 
1.6233125954556726e-11 
1.6233125954556726e-11 
1.6233125954556726e-11 
1.6233125954556726e-11 
1.6233125954556726e-11 
1.6233125954556726e-11 
1.6233125954556726e-11 
1.6233125954556726e-11 
1.6233125954556726e-11 
1.6233125954556726e-11 
1.6233125954556726e-11 
1.6233125954556726e-11 
1.6233125954556726e-11 
1.6233125954556726e-11 
1.6233125954556726e-11 
1.6233125954556726e-11 
1.6233125954556726e-11 
1.6233125954556726e-11 
1.6233125954556726e-11 
1.6233125954556726e-11 
1.6233125954556726e-11 
1.6233125954556726e-11 
1.6233125954556726e-11 
1.6233125954556726e-11 
1.6233125954556726e-11 
1.6233125954556726e-11 
1.6233125954556726e-11 
1.6233125954556726e-11 
1.6233125954556726e-11 
1.6233125954556726e-11 
1.6233125954556726e-11 
1.6233125954556726e-11 
1.6233125954556726e-11 
1.6233125954556726e-11 
1.6233125954556726e-11 
1.6233125954556726e-11 
1.6233125954556726e-11 
1.6233125954556726e-11 
1.6233125954556726e-11 
1.6233125954556726e-11 
1.6233125954556726e-11 
1.6233125954556726e-11 
1.6233125954556726e-11 
1.6233125954556726e-11 
1.6233125954556726e-11 
1.6233125954556726e-11 
1.6233125954556726e-11 
1.6233125954556726e-11 
1.6233125954556726e-11 
1.6233125954556726e-11 
1.6233125954556726e-11 
1.6233125954556726e-11 
1.6233125954556726e-11 
1.6233125954556726e-11 
1.6233125954556726e-11 
1.6233125954556726e-11 
1.6233125954556726e-11 
1.6233125954556726e-11 
1.6233125954556726e-11 
1.6233125954556726e-11 
1.6233125954556726e-11 
1.6233125954556726e-11 
1.6233125954556726e-11 
1.6233125954556726e-11 
1.6233125954556726e-11 
1.6233125954556726e-11 
1.6233125954556726e-11 
1.6233125954556726e-11 
1.6233125954556726e-11 
1.6233125954556726e-11 
1.6233125954556726e-11 
1.6233125954556726e-11 
1.6233125954556726e-11 
1.6233125954556726e-11 
1.6233125954556726e-11 
1.6233125954556726e-11 
1.6233125954556726e-11 
1.6233125954556726e-11 
1.6233125954556726e-11 
1.6233125954556726e-11 
1.6233125954556726e-11 
1.6233125954556726e-11 
1.6233125954556726e-11 
1.6233125954556726e-11 
1.6233125954556726e-11 
1.6233125954556726e-11 
1.6233125954556726e-11 
1.6233125954556726e-11 
1.6233125954556726e-11 
1.6233125954556726e-11 
1.6233125954556726e-11 
1.6233125954556726e-11 
1.6233125954556726e-11 
1.6233125954556726e-11 
1.6233125954556726e-11 
1.6233125954556726e-11 
1.6233125954556726e-11 
1.6233125954556726e-11 
1.6233125954556726e-11 
1.6233125954556726e-11 
1.6233125954556726e-11 
1.6233125954556726e-11 
1.6233125954556726e-11 
1.6233125954556726e-11 
1.6233125954556726e-11 
1.6233125954556726e-11 
1.6233125954556726e-11 
1.6233125954556726e-11 
1.6233125954556726e-11 
1.6233125954556726e-11 
1.6233125954556726e-11 
1.6233125954556726e-11 
1.6233125954556726e-11 
1.6233125954556726e-11 
1.6233125954556726e-11 
1.6233125954556726e-11 
1.6233125954556726e-11 
1.6233125954556726e-11 
1.6233125954556726e-11 
1.6233125954556726e-11 
1.6233125954556726e-11 
1.6233125954556726e-11 
1.6233125954556726e-11 
1.6233125954556726e-11 
1.6233125954556726e-11 
1.6233125954556726e-11 
1.6233125954556726e-11 
1.6233125954556726e-11 
1.6233125954556726e-11 
1.6233125954556726e-11 
1.6233125954556726e-11 
1.6233125954556726e-11 
1.6233125954556726e-11 
1.6233125954556726e-11 
1.6233125954556726e-11 
1.6233125954556726e-11 
1.6233125954556726e-11 
1.6233125954556726e-11 
1.6233125954556726e-11 
1.6233125954556726e-11 
1.6233125954556726e-11 
1.6233125954556726e-11 
1.6233125954556726e-11 
1.6233125954556726e-11 
1.6233125954556726e-11 
1.6233125954556726e-11 
1.6233125954556726e-11 
1.6233125954556726e-11 
1.6233125954556726e-11 
1.6233125954556726e-11 
1.6233125954556726e-11 
1.6233125954556726e-11 
1.6233125954556726e-11 
1.6233125954556726e-11 
1.6233125954556726e-11 
1.6233125954556726e-11 
1.6233125954556726e-11 
1.6233125954556726e-11 
1.6233125954556726e-11 
1.6233125954556726e-11 
1.6233125954556726e-11 
1.6233125954556726e-11 
1.6233125954556726e-11 
1.6233125954556726e-11 
1.6233125954556726e-11 
1.6233125954556726e-11 
1.6233125954556726e-11 
1.6233125954556726e-11 
1.6233125954556726e-11 
1.6233125954556726e-11 
1.6233125954556726e-11 
1.6233125954556726e-11 
1.6233125954556726e-11 
1.6233125954556726e-11 
1.6233125954556726e-11 
1.6233125954556726e-11 
1.6233125954556726e-11 
1.6233125954556726e-11 
1.6233125954556726e-11 
1.6233125954556726e-11 
1.6233125954556726e-11 
1.6233125954556726e-11 
1.6233125954556726e-11 
1.6233125954556726e-11 
1.6233125954556726e-11 
1.6233125954556726e-11 
1.6233125954556726e-11 
1.6233125954556726e-11 
1.6233125954556726e-11 
1.6233125954556726e-11 
1.6233125954556726e-11 
1.6233125954556726e-11 
1.6233125954556726e-11 
1.6233125954556726e-11 
1.6233125954556726e-11 
1.6233125954556726e-11 
1.6233125954556726e-11 
1.6233125954556726e-11 
1.6233125954556726e-11 
1.6233125954556726e-11 
1.6233125954556726e-11 
1.6233125954556726e-11 
1.6233125954556726e-11 
1.6233125954556726e-11 
1.6233125954556726e-11 
1.6233125954556726e-11 
1.6233125954556726e-11 
1.6233125954556726e-11 
1.6233125954556726e-11 
1.6233125954556726e-11 
1.6233125954556726e-11 
1.6233125954556726e-11 
1.6233125954556726e-11 
1.6233125954556726e-11 
1.6233125954556726e-11 
1.6233125954556726e-11 
1.6233125954556726e-11 
1.6233125954556726e-11 
1.6233125954556726e-11 
1.6233125954556726e-11 
1.6233125954556726e-11 
1.6233125954556726e-11 
1.6233125954556726e-11 
1.6233125954556726e-11 
1.6233125954556726e-11 
1.6233125954556726e-11 
1.6233125954556726e-11 
1.6233125954556726e-11 
1.6233125954556726e-11 
1.6233125954556726e-11 
1.6233125954556726e-11 
1.6233125954556726e-11 
1.6233125954556726e-11 
1.6233125954556726e-11 
1.6233125954556726e-11 
1.6233125954556726e-11 
1.6233125954556726e-11 
1.6233125954556726e-11 
1.6233125954556726e-11 
1.6233125954556726e-11 
1.6233125954556726e-11 
1.6233125954556726e-11 
1.6233125954556726e-11 
