0.37611887529210819 
0.13966274985023797 
0.12326749672942894 
0.042073066707174034 
0.0029581501863381598 
0.0029581501863381598 
0.0029581501863381598 
0.0029581501863381598 
0.0029581501863381598 
0.0029581501863381598 
0.0029581501863381598 
0.0029581501863381598 
0.0029581501863381598 
0.0029581501863381598 
0.00088709126881736378 
0.00088709126881736378 
0.00088709126881736378 
0.00088709126881736378 
0.00088709126881736378 
0.00088709126881736378 
0.00088709126881736378 
0.00088709126881736378 
0.00088709126881736378 
0.00088709126881736378 
0.00088709126881736378 
0.00088709126881736378 
0.00069455743622170996 
0.00069455743622170996 
0.00069455743622170996 
0.00012577718796269455 
0.00012577718796269455 
0.00012577718796269455 
3.9157276717549649e-05 
3.9157276717549649e-05 
3.9157276717549649e-05 
1.3709881232615295e-05 
1.3709881232615295e-05 
1.3709881232615295e-05 
1.3709881232615295e-05 
1.3709881232615295e-05 
1.3709881232615295e-05 
1.3709881232615295e-05 
1.3709881232615295e-05 
1.3709881232615295e-05 
1.3709881232615295e-05 
1.3709881232615295e-05 
1.3709881232615295e-05 
1.3709881232615295e-05 
1.3709881232615295e-05 
1.3709881232615295e-05 
1.3709881232615295e-05 
1.3709881232615295e-05 
1.3709881232615295e-05 
1.3709881232615295e-05 
1.3709881232615295e-05 
1.3709881232615295e-05 
1.3709881232615295e-05 
1.3709881232615295e-05 
1.3709881232615295e-05 
1.3709881232615295e-05 
1.3709881232615295e-05 
1.3709881232615295e-05 
1.3709881232615295e-05 
1.3709881232615295e-05 
1.3709881232615295e-05 
1.3709881232615295e-05 
1.3709881232615295e-05 
1.3709881232615295e-05 
1.3709881232615295e-05 
1.3709881232615295e-05 
1.3709881232615295e-05 
1.3709881232615295e-05 
1.3709881232615295e-05 
1.3709881232615295e-05 
1.3709881232615295e-05 
1.3709881232615295e-05 
1.3709881232615295e-05 
1.3709881232615295e-05 
1.3709881232615295e-05 
1.3709881232615295e-05 
1.3709881232615295e-05 
1.3709881232615295e-05 
1.3709881232615295e-05 
1.3709881232615295e-05 
1.3709881232615295e-05 
1.3709881232615295e-05 
1.3709881232615295e-05 
1.3709881232615295e-05 
1.3709881232615295e-05 
1.3709881232615295e-05 
1.3709881232615295e-05 
1.3709881232615295e-05 
1.3709881232615295e-05 
1.3709881232615295e-05 
1.3709881232615295e-05 
1.3709881232615295e-05 
1.3709881232615295e-05 
1.3709881232615295e-05 
1.3709881232615295e-05 
1.3709881232615295e-05 
1.3709881232615295e-05 
1.3709881232615295e-05 
1.3709881232615295e-05 
1.3709881232615295e-05 
1.3709881232615295e-05 
1.3709881232615295e-05 
1.3709881232615295e-05 
1.2967737049951467e-05 
1.2967737049951467e-05 
1.2967737049951467e-05 
1.5987221468893864e-07 
1.5987221468893864e-07 
1.5987221468893864e-07 
1.5987221468893864e-07 
1.5987221468893864e-07 
1.5987221468893864e-07 
1.5987221468893864e-07 
1.5987221468893864e-07 
1.5987221468893864e-07 
1.5987221468893864e-07 
1.5987221468893864e-07 
1.5987221468893864e-07 
1.5987221468893864e-07 
1.5987221468893864e-07 
1.5987221468893864e-07 
1.5987221468893864e-07 
1.5987221468893864e-07 
1.5987221468893864e-07 
1.5987221468893864e-07 
1.5987221468893864e-07 
1.5987221468893864e-07 
1.5987221468893864e-07 
1.5987221468893864e-07 
1.5987221468893864e-07 
1.5987221468893864e-07 
1.5987221468893864e-07 
1.5987221468893864e-07 
1.5987221468893864e-07 
1.5987221468893864e-07 
1.595434628853809e-07 
1.595434628853809e-07 
1.595434628853809e-07 
2.5064828768073255e-08 
2.5064828768073255e-08 
2.5064828768073255e-08 
2.5064828768073255e-08 
2.5064828768073255e-08 
2.5064828768073255e-08 
2.5064828768073255e-08 
2.5064828768073255e-08 
1.7706628274716252e-08 
1.7706628274716252e-08 
1.7706628274716252e-08 
1.7706628274716252e-08 
1.7706628274716252e-08 
1.7706628274716252e-08 
1.732184695679706e-08 
3.9997761769328122e-09 
3.9997761769328122e-09 
3.9997761769328122e-09 
3.9997761769328122e-09 
3.9997761769328122e-09 
2.1896333635140763e-09 
1.7275487707024695e-09 
7.2730166333911939e-10 
7.2730166333911939e-10 
7.2730166333911939e-10 
7.2730166333911939e-10 
7.2730166333911939e-10 
7.2730166333911939e-10 
1.6392198709525019e-10 
1.6392198709525019e-10 
1.6392198709525019e-10 
1.6392198709525019e-10 
1.6392198709525019e-10 
1.6392198709525019e-10 
1.6392198709525019e-10 
1.6392198709525019e-10 
1.6392198709525019e-10 
1.6392198709525019e-10 
1.6392198709525019e-10 
1.6392198709525019e-10 
1.6392198709525019e-10 
1.6392198709525019e-10 
1.6392198709525019e-10 
1.6392198709525019e-10 
1.6392198709525019e-10 
1.6392198709525019e-10 
1.6392198709525019e-10 
1.6392198709525019e-10 
1.6392198709525019e-10 
1.6392198709525019e-10 
1.6392198709525019e-10 
1.6392198709525019e-10 
1.6392198709525019e-10 
1.6392198709525019e-10 
1.6392198709525019e-10 
1.6392198709525019e-10 
1.6392198709525019e-10 
1.6392198709525019e-10 
1.6392198709525019e-10 
1.6392198709525019e-10 
1.6392198709525019e-10 
1.6392198709525019e-10 
1.6392198709525019e-10 
1.6392198709525019e-10 
1.6392198709525019e-10 
1.6392198709525019e-10 
1.6392198709525019e-10 
1.6392198709525019e-10 
1.4557433036799239e-10 
1.4557433036799239e-10 
1.1157763601943316e-10 
1.1157763601943316e-10 
1.1157763601943316e-10 
1.1157763601943316e-10 
1.6035284211568523e-11 
1.6035284211568523e-11 
1.6035284211568523e-11 
8.8384854990408712e-13 
8.8384854990408712e-13 
8.8384854990408712e-13 
8.8384854990408712e-13 
8.8384854990408712e-13 
8.8384854990408712e-13 
8.8384854990408712e-13 
8.8384854990408712e-13 
8.8384854990408712e-13 
8.8384854990408712e-13 
8.8384854990408712e-13 
8.8384854990408712e-13 
8.8384854990408712e-13 
8.8384854990408712e-13 
8.8384854990408712e-13 
8.8384854990408712e-13 
8.8384854990408712e-13 
8.8384854990408712e-13 
8.8384854990408712e-13 
8.8384854990408712e-13 
8.8384854990408712e-13 
8.8384854990408712e-13 
8.8384854990408712e-13 
8.8384854990408712e-13 
8.8384854990408712e-13 
8.8384854990408712e-13 
8.8384854990408712e-13 
3.3040237212844659e-13 
3.3040237212844659e-13 
3.3040237212844659e-13 
3.3040237212844659e-13 
3.3040237212844659e-13 
3.3040237212844659e-13 
3.3040237212844659e-13 
3.3040237212844659e-13 
3.3040237212844659e-13 
3.3040237212844659e-13 
3.3040237212844659e-13 
3.3040237212844659e-13 
3.3040237212844659e-13 
3.3040237212844659e-13 
3.3040237212844659e-13 
3.3040237212844659e-13 
3.3040237212844659e-13 
3.3040237212844659e-13 
3.3040237212844659e-13 
3.3040237212844659e-13 
3.3040237212844659e-13 
3.3040237212844659e-13 
3.3040237212844659e-13 
3.3040237212844659e-13 
3.3040237212844659e-13 
3.3040237212844659e-13 
3.3040237212844659e-13 
3.3040237212844659e-13 
3.3040237212844659e-13 
3.3040237212844659e-13 
3.3040237212844659e-13 
3.3040237212844659e-13 
3.3040237212844659e-13 
3.3040237212844659e-13 
3.3040237212844659e-13 
3.3040237212844659e-13 
3.3040237212844659e-13 
3.3040237212844659e-13 
3.3040237212844659e-13 
3.3040237212844659e-13 
3.3040237212844659e-13 
3.3040237212844659e-13 
3.3040237212844659e-13 
3.3040237212844659e-13 
3.3040237212844659e-13 
3.3040237212844659e-13 
3.3040237212844659e-13 
3.3040237212844659e-13 
3.3040237212844659e-13 
3.3040237212844659e-13 
3.3040237212844659e-13 
3.3040237212844659e-13 
3.3040237212844659e-13 
3.3040237212844659e-13 
3.3040237212844659e-13 
3.3040237212844659e-13 
3.3040237212844659e-13 
3.3040237212844659e-13 
3.3040237212844659e-13 
3.3040237212844659e-13 
3.3040237212844659e-13 
3.3040237212844659e-13 
3.3040237212844659e-13 
3.3040237212844659e-13 
3.3040237212844659e-13 
3.3040237212844659e-13 
3.3040237212844659e-13 
3.3040237212844659e-13 
3.3040237212844659e-13 
3.3040237212844659e-13 
3.3040237212844659e-13 
3.3040237212844659e-13 
3.3040237212844659e-13 
3.3040237212844659e-13 
3.3040237212844659e-13 
3.3040237212844659e-13 
3.3040237212844659e-13 
3.3040237212844659e-13 
3.3040237212844659e-13 
3.3040237212844659e-13 
3.3040237212844659e-13 
3.3040237212844659e-13 
3.3040237212844659e-13 
3.3040237212844659e-13 
3.3040237212844659e-13 
3.3040237212844659e-13 
3.3040237212844659e-13 
3.3040237212844659e-13 
3.3040237212844659e-13 
3.3040237212844659e-13 
3.3040237212844659e-13 
3.3040237212844659e-13 
3.3040237212844659e-13 
3.3040237212844659e-13 
3.3040237212844659e-13 
3.3040237212844659e-13 
3.3040237212844659e-13 
3.3040237212844659e-13 
3.3040237212844659e-13 
3.3040237212844659e-13 
3.3040237212844659e-13 
3.3040237212844659e-13 
3.3040237212844659e-13 
3.3040237212844659e-13 
3.3040237212844659e-13 
3.3040237212844659e-13 
3.3040237212844659e-13 
3.3040237212844659e-13 
3.3040237212844659e-13 
3.3040237212844659e-13 
3.3040237212844659e-13 
3.3040237212844659e-13 
3.3040237212844659e-13 
3.3040237212844659e-13 
3.3040237212844659e-13 
3.3040237212844659e-13 
3.3040237212844659e-13 
3.3040237212844659e-13 
3.3040237212844659e-13 
3.3040237212844659e-13 
3.3040237212844659e-13 
3.3040237212844659e-13 
3.3040237212844659e-13 
3.3040237212844659e-13 
3.3040237212844659e-13 
3.3040237212844659e-13 
3.3040237212844659e-13 
3.3040237212844659e-13 
3.3040237212844659e-13 
3.3040237212844659e-13 
3.3040237212844659e-13 
3.3040237212844659e-13 
3.3040237212844659e-13 
3.3040237212844659e-13 
3.3040237212844659e-13 
3.3040237212844659e-13 
3.3040237212844659e-13 
3.3040237212844659e-13 
3.3040237212844659e-13 
3.3040237212844659e-13 
3.3040237212844659e-13 
3.3040237212844659e-13 
3.3040237212844659e-13 
3.3040237212844659e-13 
3.3040237212844659e-13 
3.3040237212844659e-13 
3.3040237212844659e-13 
3.3040237212844659e-13 
3.3040237212844659e-13 
3.3040237212844659e-13 
3.3040237212844659e-13 
3.3040237212844659e-13 
3.3040237212844659e-13 
3.3040237212844659e-13 
3.3040237212844659e-13 
3.3040237212844659e-13 
3.3040237212844659e-13 
3.3040237212844659e-13 
3.3040237212844659e-13 
3.3040237212844659e-13 
3.3040237212844659e-13 
3.3040237212844659e-13 
3.3040237212844659e-13 
3.3040237212844659e-13 
3.3040237212844659e-13 
3.3040237212844659e-13 
3.3040237212844659e-13 
3.3040237212844659e-13 
3.3040237212844659e-13 
3.3040237212844659e-13 
3.3040237212844659e-13 
3.3040237212844659e-13 
3.3040237212844659e-13 
3.3040237212844659e-13 
3.3040237212844659e-13 
3.3040237212844659e-13 
3.3040237212844659e-13 
3.3040237212844659e-13 
3.3040237212844659e-13 
3.3040237212844659e-13 
3.3040237212844659e-13 
3.3040237212844659e-13 
3.3040237212844659e-13 
3.3040237212844659e-13 
3.3040237212844659e-13 
3.3040237212844659e-13 
3.3040237212844659e-13 
3.3040237212844659e-13 
3.3040237212844659e-13 
3.3040237212844659e-13 
3.3040237212844659e-13 
3.3040237212844659e-13 
3.3040237212844659e-13 
3.3040237212844659e-13 
3.3040237212844659e-13 
3.3040237212844659e-13 
3.3040237212844659e-13 
3.3040237212844659e-13 
3.3040237212844659e-13 
3.3040237212844659e-13 
3.3040237212844659e-13 
3.3040237212844659e-13 
3.3040237212844659e-13 
3.3040237212844659e-13 
3.3040237212844659e-13 
3.3040237212844659e-13 
3.3040237212844659e-13 
3.3040237212844659e-13 
3.3040237212844659e-13 
3.3040237212844659e-13 
3.3040237212844659e-13 
3.3040237212844659e-13 
3.3040237212844659e-13 
3.3040237212844659e-13 
3.3040237212844659e-13 
3.3040237212844659e-13 
3.3040237212844659e-13 
3.3040237212844659e-13 
3.3040237212844659e-13 
3.3040237212844659e-13 
3.3040237212844659e-13 
3.3040237212844659e-13 
3.3040237212844659e-13 
3.3040237212844659e-13 
3.3040237212844659e-13 
3.3040237212844659e-13 
3.3040237212844659e-13 
3.3040237212844659e-13 
3.3040237212844659e-13 
3.3040237212844659e-13 
3.3040237212844659e-13 
3.3040237212844659e-13 
3.3040237212844659e-13 
3.3040237212844659e-13 
3.3040237212844659e-13 
3.3040237212844659e-13 
3.3040237212844659e-13 
3.3040237212844659e-13 
3.3040237212844659e-13 
3.3040237212844659e-13 
3.3040237212844659e-13 
3.3040237212844659e-13 
3.3040237212844659e-13 
3.3040237212844659e-13 
3.3040237212844659e-13 
3.3040237212844659e-13 
3.3040237212844659e-13 
3.3040237212844659e-13 
3.3040237212844659e-13 
3.3040237212844659e-13 
3.3040237212844659e-13 
3.3040237212844659e-13 
3.3040237212844659e-13 
3.3040237212844659e-13 
3.3040237212844659e-13 
3.3040237212844659e-13 
3.3040237212844659e-13 
3.3040237212844659e-13 
3.3040237212844659e-13 
3.3040237212844659e-13 
3.3040237212844659e-13 
3.3040237212844659e-13 
3.3040237212844659e-13 
3.3040237212844659e-13 
3.3040237212844659e-13 
3.3040237212844659e-13 
3.3040237212844659e-13 
3.3040237212844659e-13 
3.3040237212844659e-13 
3.3040237212844659e-13 
3.3040237212844659e-13 
3.3040237212844659e-13 
3.3040237212844659e-13 
3.3040237212844659e-13 
3.3040237212844659e-13 
3.3040237212844659e-13 
3.3040237212844659e-13 
3.3040237212844659e-13 
3.3040237212844659e-13 
3.3040237212844659e-13 
3.3040237212844659e-13 
3.3040237212844659e-13 
3.3040237212844659e-13 
3.3040237212844659e-13 
3.3040237212844659e-13 
3.3040237212844659e-13 
3.3040237212844659e-13 
3.3040237212844659e-13 
3.3040237212844659e-13 
3.3040237212844659e-13 
3.3040237212844659e-13 
3.3040237212844659e-13 
3.3040237212844659e-13 
3.3040237212844659e-13 
3.3040237212844659e-13 
3.3040237212844659e-13 
3.3040237212844659e-13 
3.3040237212844659e-13 
3.3040237212844659e-13 
3.3040237212844659e-13 
3.3040237212844659e-13 
3.3040237212844659e-13 
3.3040237212844659e-13 
3.3040237212844659e-13 
3.3040237212844659e-13 
3.3040237212844659e-13 
3.3040237212844659e-13 
3.3040237212844659e-13 
3.3040237212844659e-13 
3.3040237212844659e-13 
3.3040237212844659e-13 
3.3040237212844659e-13 
3.3040237212844659e-13 
3.3040237212844659e-13 
3.3040237212844659e-13 
3.3040237212844659e-13 
3.3040237212844659e-13 
3.3040237212844659e-13 
3.3040237212844659e-13 
3.3040237212844659e-13 
3.3040237212844659e-13 
3.3040237212844659e-13 
3.3040237212844659e-13 
3.3040237212844659e-13 
3.3040237212844659e-13 
3.3040237212844659e-13 
3.3040237212844659e-13 
3.3040237212844659e-13 
3.3040237212844659e-13 
3.3040237212844659e-13 
3.3040237212844659e-13 
3.3040237212844659e-13 
3.3040237212844659e-13 
3.3040237212844659e-13 
3.3040237212844659e-13 
3.3040237212844659e-13 
3.3040237212844659e-13 
3.3040237212844659e-13 
3.3040237212844659e-13 
3.3040237212844659e-13 
3.3040237212844659e-13 
3.3040237212844659e-13 
3.3040237212844659e-13 
3.3040237212844659e-13 
3.3040237212844659e-13 
3.3040237212844659e-13 
3.3040237212844659e-13 
3.3040237212844659e-13 
3.3040237212844659e-13 
3.3040237212844659e-13 
3.3040237212844659e-13 
3.3040237212844659e-13 
3.3040237212844659e-13 
3.3040237212844659e-13 
3.3040237212844659e-13 
3.3040237212844659e-13 
3.3040237212844659e-13 
3.3040237212844659e-13 
3.3040237212844659e-13 
3.3040237212844659e-13 
3.3040237212844659e-13 
3.3040237212844659e-13 
3.3040237212844659e-13 
3.3040237212844659e-13 
3.3040237212844659e-13 
3.3040237212844659e-13 
3.3040237212844659e-13 
3.3040237212844659e-13 
3.3040237212844659e-13 
3.3040237212844659e-13 
3.3040237212844659e-13 
3.3040237212844659e-13 
3.3040237212844659e-13 
3.3040237212844659e-13 
3.3040237212844659e-13 
3.3040237212844659e-13 
3.3040237212844659e-13 
3.3040237212844659e-13 
3.3040237212844659e-13 
3.3040237212844659e-13 
3.3040237212844659e-13 
3.3040237212844659e-13 
3.3040237212844659e-13 
3.3040237212844659e-13 
3.3040237212844659e-13 
3.3040237212844659e-13 
3.3040237212844659e-13 
3.3040237212844659e-13 
3.3040237212844659e-13 
3.3040237212844659e-13 
3.3040237212844659e-13 
3.3040237212844659e-13 
3.3040237212844659e-13 
3.3040237212844659e-13 
3.3040237212844659e-13 
3.3040237212844659e-13 
3.3040237212844659e-13 
3.3040237212844659e-13 
3.3040237212844659e-13 
3.3040237212844659e-13 
3.3040237212844659e-13 
3.3040237212844659e-13 
3.3040237212844659e-13 
3.3040237212844659e-13 
3.3040237212844659e-13 
3.3040237212844659e-13 
3.3040237212844659e-13 
3.3040237212844659e-13 
3.3040237212844659e-13 
3.3040237212844659e-13 
3.3040237212844659e-13 
3.3040237212844659e-13 
3.3040237212844659e-13 
3.3040237212844659e-13 
3.3040237212844659e-13 
3.3040237212844659e-13 
3.3040237212844659e-13 
3.3040237212844659e-13 
3.3040237212844659e-13 
3.3040237212844659e-13 
3.3040237212844659e-13 
3.3040237212844659e-13 
3.3040237212844659e-13 
3.3040237212844659e-13 
3.3040237212844659e-13 
3.3040237212844659e-13 
3.3040237212844659e-13 
3.3040237212844659e-13 
3.3040237212844659e-13 
3.3040237212844659e-13 
3.3040237212844659e-13 
3.3040237212844659e-13 
3.3040237212844659e-13 
3.3040237212844659e-13 
3.3040237212844659e-13 
3.3040237212844659e-13 
3.3040237212844659e-13 
3.3040237212844659e-13 
3.3040237212844659e-13 
3.3040237212844659e-13 
3.3040237212844659e-13 
3.3040237212844659e-13 
3.3040237212844659e-13 
3.3040237212844659e-13 
3.3040237212844659e-13 
3.3040237212844659e-13 
3.3040237212844659e-13 
3.3040237212844659e-13 
3.3040237212844659e-13 
3.3040237212844659e-13 
3.3040237212844659e-13 
3.3040237212844659e-13 
3.3040237212844659e-13 
3.3040237212844659e-13 
3.3040237212844659e-13 
3.3040237212844659e-13 
3.3040237212844659e-13 
3.3040237212844659e-13 
3.3040237212844659e-13 
3.3040237212844659e-13 
3.3040237212844659e-13 
3.3040237212844659e-13 
3.3040237212844659e-13 
3.3040237212844659e-13 
3.3040237212844659e-13 
3.3040237212844659e-13 
3.3040237212844659e-13 
3.3040237212844659e-13 
3.3040237212844659e-13 
3.3040237212844659e-13 
3.3040237212844659e-13 
3.3040237212844659e-13 
3.3040237212844659e-13 
3.3040237212844659e-13 
3.3040237212844659e-13 
3.3040237212844659e-13 
3.3040237212844659e-13 
3.3040237212844659e-13 
3.3040237212844659e-13 
3.3040237212844659e-13 
3.3040237212844659e-13 
3.3040237212844659e-13 
3.3040237212844659e-13 
3.3040237212844659e-13 
3.3040237212844659e-13 
3.3040237212844659e-13 
3.3040237212844659e-13 
3.3040237212844659e-13 
3.3040237212844659e-13 
3.3040237212844659e-13 
3.3040237212844659e-13 
3.3040237212844659e-13 
3.3040237212844659e-13 
3.3040237212844659e-13 
3.3040237212844659e-13 
3.3040237212844659e-13 
3.3040237212844659e-13 
3.3040237212844659e-13 
3.3040237212844659e-13 
3.3040237212844659e-13 
3.3040237212844659e-13 
3.3040237212844659e-13 
3.3040237212844659e-13 
3.3040237212844659e-13 
3.3040237212844659e-13 
3.3040237212844659e-13 
3.3040237212844659e-13 
3.3040237212844659e-13 
3.3040237212844659e-13 
3.3040237212844659e-13 
3.3040237212844659e-13 
3.3040237212844659e-13 
3.3040237212844659e-13 
3.3040237212844659e-13 
3.3040237212844659e-13 
3.3040237212844659e-13 
3.3040237212844659e-13 
3.3040237212844659e-13 
3.3040237212844659e-13 
3.3040237212844659e-13 
3.3040237212844659e-13 
3.3040237212844659e-13 
3.3040237212844659e-13 
3.3040237212844659e-13 
3.3040237212844659e-13 
3.3040237212844659e-13 
3.3040237212844659e-13 
3.3040237212844659e-13 
3.3040237212844659e-13 
3.3040237212844659e-13 
3.3040237212844659e-13 
3.3040237212844659e-13 
3.3040237212844659e-13 
3.3040237212844659e-13 
3.3040237212844659e-13 
3.3040237212844659e-13 
3.3040237212844659e-13 
3.3040237212844659e-13 
3.3040237212844659e-13 
3.3040237212844659e-13 
3.3040237212844659e-13 
3.3040237212844659e-13 
3.3040237212844659e-13 
3.3040237212844659e-13 
3.3040237212844659e-13 
3.3040237212844659e-13 
3.3040237212844659e-13 
3.3040237212844659e-13 
3.3040237212844659e-13 
3.3040237212844659e-13 
3.3040237212844659e-13 
3.3040237212844659e-13 
3.3040237212844659e-13 
3.3040237212844659e-13 
3.3040237212844659e-13 
3.3040237212844659e-13 
3.3040237212844659e-13 
3.3040237212844659e-13 
3.3040237212844659e-13 
3.3040237212844659e-13 
3.3040237212844659e-13 
3.3040237212844659e-13 
3.3040237212844659e-13 
3.3040237212844659e-13 
3.3040237212844659e-13 
3.3040237212844659e-13 
3.3040237212844659e-13 
3.3040237212844659e-13 
3.3040237212844659e-13 
3.3040237212844659e-13 
3.3040237212844659e-13 
3.3040237212844659e-13 
3.3040237212844659e-13 
3.3040237212844659e-13 
3.3040237212844659e-13 
3.3040237212844659e-13 
3.3040237212844659e-13 
3.3040237212844659e-13 
3.3040237212844659e-13 
3.3040237212844659e-13 
3.3040237212844659e-13 
3.3040237212844659e-13 
3.3040237212844659e-13 
3.3040237212844659e-13 
3.3040237212844659e-13 
3.3040237212844659e-13 
3.3040237212844659e-13 
3.3040237212844659e-13 
3.3040237212844659e-13 
3.3040237212844659e-13 
3.3040237212844659e-13 
3.3040237212844659e-13 
3.3040237212844659e-13 
3.3040237212844659e-13 
3.3040237212844659e-13 
3.3040237212844659e-13 
3.3040237212844659e-13 
3.3040237212844659e-13 
3.3040237212844659e-13 
3.3040237212844659e-13 
3.3040237212844659e-13 
3.3040237212844659e-13 
3.3040237212844659e-13 
3.3040237212844659e-13 
3.3040237212844659e-13 
3.3040237212844659e-13 
3.3040237212844659e-13 
3.3040237212844659e-13 
3.3040237212844659e-13 
3.3040237212844659e-13 
3.3040237212844659e-13 
3.3040237212844659e-13 
3.3040237212844659e-13 
3.3040237212844659e-13 
3.3040237212844659e-13 
3.3040237212844659e-13 
3.3040237212844659e-13 
3.3040237212844659e-13 
3.3040237212844659e-13 
3.3040237212844659e-13 
3.3040237212844659e-13 
3.3040237212844659e-13 
3.3040237212844659e-13 
3.3040237212844659e-13 
3.3040237212844659e-13 
3.3040237212844659e-13 
3.3040237212844659e-13 
3.3040237212844659e-13 
3.3040237212844659e-13 
3.3040237212844659e-13 
3.3040237212844659e-13 
3.3040237212844659e-13 
3.3040237212844659e-13 
3.3040237212844659e-13 
3.3040237212844659e-13 
3.3040237212844659e-13 
3.3040237212844659e-13 
3.3040237212844659e-13 
3.3040237212844659e-13 
3.3040237212844659e-13 
3.3040237212844659e-13 
3.3040237212844659e-13 
3.3040237212844659e-13 
3.3040237212844659e-13 
3.3040237212844659e-13 
3.3040237212844659e-13 
3.3040237212844659e-13 
3.3040237212844659e-13 
3.3040237212844659e-13 
3.3040237212844659e-13 
3.3040237212844659e-13 
3.3040237212844659e-13 
3.3040237212844659e-13 
3.3040237212844659e-13 
3.3040237212844659e-13 
3.3040237212844659e-13 
3.3040237212844659e-13 
3.3040237212844659e-13 
3.3040237212844659e-13 
3.3040237212844659e-13 
3.3040237212844659e-13 
3.3040237212844659e-13 
3.3040237212844659e-13 
3.3040237212844659e-13 
3.3040237212844659e-13 
3.3040237212844659e-13 
3.3040237212844659e-13 
3.3040237212844659e-13 
3.3040237212844659e-13 
3.3040237212844659e-13 
3.3040237212844659e-13 
3.3040237212844659e-13 
3.3040237212844659e-13 
3.3040237212844659e-13 
3.3040237212844659e-13 
3.3040237212844659e-13 
3.3040237212844659e-13 
3.3040237212844659e-13 
3.3040237212844659e-13 
3.3040237212844659e-13 
3.3040237212844659e-13 
3.3040237212844659e-13 
3.3040237212844659e-13 
3.3040237212844659e-13 
3.3040237212844659e-13 
3.3040237212844659e-13 
3.3040237212844659e-13 
3.3040237212844659e-13 
3.3040237212844659e-13 
3.3040237212844659e-13 
3.3040237212844659e-13 
3.3040237212844659e-13 
3.3040237212844659e-13 
3.3040237212844659e-13 
3.3040237212844659e-13 
3.3040237212844659e-13 
3.3040237212844659e-13 
3.3040237212844659e-13 
3.3040237212844659e-13 
3.3040237212844659e-13 
3.3040237212844659e-13 
3.3040237212844659e-13 
3.3040237212844659e-13 
3.3040237212844659e-13 
3.3040237212844659e-13 
3.3040237212844659e-13 
3.3040237212844659e-13 
3.3040237212844659e-13 
3.3040237212844659e-13 
3.3040237212844659e-13 
3.3040237212844659e-13 
3.3040237212844659e-13 
3.3040237212844659e-13 
3.3040237212844659e-13 
3.3040237212844659e-13 
3.3040237212844659e-13 
3.3040237212844659e-13 
3.3040237212844659e-13 
3.3040237212844659e-13 
3.3040237212844659e-13 
3.3040237212844659e-13 
3.3040237212844659e-13 
3.3040237212844659e-13 
3.3040237212844659e-13 
3.3040237212844659e-13 
3.3040237212844659e-13 
3.3040237212844659e-13 
3.3040237212844659e-13 
3.3040237212844659e-13 
3.3040237212844659e-13 
3.3040237212844659e-13 
3.3040237212844659e-13 
3.3040237212844659e-13 
3.3040237212844659e-13 
3.3040237212844659e-13 
3.3040237212844659e-13 
3.3040237212844659e-13 
3.3040237212844659e-13 
3.3040237212844659e-13 
3.3040237212844659e-13 
3.3040237212844659e-13 
3.3040237212844659e-13 
3.3040237212844659e-13 
3.3040237212844659e-13 
3.3040237212844659e-13 
3.3040237212844659e-13 
3.3040237212844659e-13 
3.3040237212844659e-13 
3.3040237212844659e-13 
3.3040237212844659e-13 
3.3040237212844659e-13 
3.3040237212844659e-13 
3.3040237212844659e-13 
3.3040237212844659e-13 
