0.30060881091362401 
0.0050991088290496256 
0.0050991088290496256 
0.0050991088290496256 
0.0011238785404046325 
0.0011238785404046325 
0.0011238785404046325 
0.0011238785404046325 
0.0011238785404046325 
0.0011238785404046325 
0.0011238785404046325 
0.0011238785404046325 
0.0011238785404046325 
0.0011238785404046325 
0.0011238785404046325 
0.0011238785404046325 
0.00041859417082279471 
0.00041859417082279471 
0.00041859417082279471 
0.00041859417082279471 
0.00041859417082279471 
0.00041859417082279471 
0.00041859417082279471 
0.00041859417082279471 
0.00041859417082279471 
0.00041859417082279471 
0.00041859417082279471 
0.00041859417082279471 
0.00041859417082279471 
0.00041859417082279471 
0.00041859417082279471 
0.00041859417082279471 
0.00041859417082279471 
0.00030175658885944756 
0.00014080719748577053 
0.00014080719748577053 
0.00012371643502995244 
0.00012371643502995244 
0.00012371643502995244 
0.00012371643502995244 
0.00012371643502995244 
0.00012371643502995244 
0.00012371643502995244 
0.00012371643502995244 
0.00012371643502995244 
0.00012371643502995244 
0.00012371643502995244 
0.00012371643502995244 
0.00012371643502995244 
0.00012371643502995244 
0.00012371643502995244 
4.5469374264306417e-05 
4.5469374264306417e-05 
4.5469374264306417e-05 
4.5469374264306417e-05 
4.5469374264306417e-05 
4.5469374264306417e-05 
4.5469374264306417e-05 
4.5469374264306417e-05 
4.5469374264306417e-05 
4.5469374264306417e-05 
1.6255900183725913e-05 
1.6255900183725913e-05 
1.6255900183725913e-05 
1.6255900183725913e-05 
1.6255900183725913e-05 
1.6255900183725913e-05 
1.6255900183725913e-05 
1.6255900183725913e-05 
1.6255900183725913e-05 
1.6255900183725913e-05 
1.6255900183725913e-05 
1.6255900183725913e-05 
1.6255900183725913e-05 
1.6255900183725913e-05 
1.6255900183725913e-05 
1.6255900183725913e-05 
1.6255900183725913e-05 
1.6255900183725913e-05 
1.2791751338836477e-05 
1.2791751338836477e-05 
1.2791751338836477e-05 
1.2791751338836477e-05 
1.2791751338836477e-05 
1.2791751338836477e-05 
1.2791751338836477e-05 
1.2004858603420487e-05 
1.2004858603420487e-05 
1.2004858603420487e-05 
1.2004858603420487e-05 
1.2004858603420487e-05 
1.2004858603420487e-05 
1.2004858603420487e-05 
1.2004858603420487e-05 
1.2004858603420487e-05 
2.3137844504805827e-06 
2.3137844504805827e-06 
2.3137844504805827e-06 
2.3137844504805827e-06 
2.3137844504805827e-06 
2.3137844504805827e-06 
2.3137844504805827e-06 
2.2077597316982889e-07 
2.2077597316982889e-07 
2.2077597316982889e-07 
2.2077597316982889e-07 
2.2077597316982889e-07 
2.2077597316982889e-07 
2.2077597316982889e-07 
2.2077597316982889e-07 
2.2077597316982889e-07 
2.2077597316982889e-07 
2.2077597316982889e-07 
2.2077597316982889e-07 
2.2077597316982889e-07 
2.2077597316982889e-07 
2.2077597316982889e-07 
2.2077597316982889e-07 
2.2077597316982889e-07 
2.2077597316982889e-07 
2.2077597316982889e-07 
2.2077597316982889e-07 
2.2077597316982889e-07 
2.2077597316982889e-07 
2.2077597316982889e-07 
2.2077597316982889e-07 
2.2077597316982889e-07 
2.2077597316982889e-07 
2.2077597316982889e-07 
2.2077597316982889e-07 
2.2077597316982889e-07 
2.2077597316982889e-07 
2.2077597316982889e-07 
2.0336585226932158e-07 
2.0336585226932158e-07 
2.0336585226932158e-07 
2.0336585226932158e-07 
2.0336585226932158e-07 
2.0336585226932158e-07 
2.0336585226932158e-07 
2.0336585226932158e-07 
2.0336585226932158e-07 
2.0336585226932158e-07 
2.0336585226932158e-07 
2.0336585226932158e-07 
2.0336585226932158e-07 
2.0336585226932158e-07 
2.0336585226932158e-07 
2.0336585226932158e-07 
2.0336585226932158e-07 
8.8080269744494899e-08 
8.8080269744494899e-08 
8.8080269744494899e-08 
8.8080269744494899e-08 
8.8080269744494899e-08 
8.8080269744494899e-08 
8.8080269744494899e-08 
2.2041331426692068e-08 
2.2041331426692068e-08 
2.2041331426692068e-08 
2.2041331426692068e-08 
2.2041331426692068e-08 
2.2041331426692068e-08 
2.2041331426692068e-08 
2.2041331426692068e-08 
2.2041331426692068e-08 
2.2041331426692068e-08 
2.2041331426692068e-08 
2.2041331426692068e-08 
2.2041331426692068e-08 
2.2041331426692068e-08 
2.2041331426692068e-08 
2.2041331426692068e-08 
2.2041331426692068e-08 
2.2041331426692068e-08 
2.2041331426692068e-08 
2.2041331426692068e-08 
2.2041331426692068e-08 
2.2041331426692068e-08 
2.2041331426692068e-08 
2.2041331426692068e-08 
2.2041331426692068e-08 
2.2041331426692068e-08 
2.2041331426692068e-08 
2.2041331426692068e-08 
2.2041331426692068e-08 
2.2041331426692068e-08 
2.2041331426692068e-08 
2.2041331426692068e-08 
2.2041331426692068e-08 
2.2041331426692068e-08 
2.2041331426692068e-08 
2.2041331426692068e-08 
2.2041331426692068e-08 
2.2041331426692068e-08 
2.2041331426692068e-08 
2.2041331426692068e-08 
2.2041331426692068e-08 
2.2041331426692068e-08 
2.2041331426692068e-08 
2.2041331426692068e-08 
2.2041331426692068e-08 
2.2041331426692068e-08 
2.2041331426692068e-08 
2.2041331426692068e-08 
2.2041331426692068e-08 
2.2041331426692068e-08 
1.3451883162929335e-08 
1.3451883162929335e-08 
1.3451883162929335e-08 
1.3451883162929335e-08 
1.0809844686043846e-08 
1.0809844686043846e-08 
1.0809844686043846e-08 
1.0809844686043846e-08 
8.9493540356144763e-09 
8.9493540356144763e-09 
8.9493540356144763e-09 
8.9493540356144763e-09 
7.5411598077224085e-09 
7.5411598077224085e-09 
7.5411598077224085e-09 
7.5411598077224085e-09 
7.5411598077224085e-09 
7.5411598077224085e-09 
7.5411598077224085e-09 
7.5411598077224085e-09 
7.5411598077224085e-09 
7.5411598077224085e-09 
7.5411598077224085e-09 
7.5411598077224085e-09 
7.5411598077224085e-09 
7.5411598077224085e-09 
7.5411598077224085e-09 
7.5411598077224085e-09 
7.5411598077224085e-09 
7.5411598077224085e-09 
7.5411598077224085e-09 
7.5411598077224085e-09 
7.5411598077224085e-09 
7.5411598077224085e-09 
7.5411598077224085e-09 
7.5411598077224085e-09 
7.5411598077224085e-09 
7.5411598077224085e-09 
7.5411598077224085e-09 
7.5411598077224085e-09 
7.5411598077224085e-09 
7.5411598077224085e-09 
7.5411598077224085e-09 
7.5411598077224085e-09 
7.5411598077224085e-09 
7.5411598077224085e-09 
7.5411598077224085e-09 
7.5411598077224085e-09 
7.5411598077224085e-09 
7.5411598077224085e-09 
7.5411598077224085e-09 
7.5411598077224085e-09 
7.5411598077224085e-09 
7.5411598077224085e-09 
7.5411598077224085e-09 
3.9447919375490414e-09 
3.9447919375490414e-09 
3.9447919375490414e-09 
3.9447919375490414e-09 
3.0633595660134461e-10 
3.0633595660134461e-10 
3.0633595660134461e-10 
3.0633595660134461e-10 
3.0633595660134461e-10 
3.0633595660134461e-10 
3.0633595660134461e-10 
1.8979695592946655e-10 
1.8979695592946655e-10 
1.8979695592946655e-10 
1.8979695592946655e-10 
1.8979695592946655e-10 
1.8979695592946655e-10 
1.8979695592946655e-10 
1.4032364159533017e-10 
1.4032364159533017e-10 
1.4032364159533017e-10 
1.4032364159533017e-10 
1.4032364159533017e-10 
1.4032364159533017e-10 
1.4032364159533017e-10 
1.1797651744416271e-10 
1.1797651744416271e-10 
1.1797651744416271e-10 
1.1797651744416271e-10 
4.8104742411680945e-11 
4.8104742411680945e-11 
4.8104742411680945e-11 
4.8104742411680945e-11 
4.8104742411680945e-11 
4.8104742411680945e-11 
4.8104742411680945e-11 
4.464406622162187e-11 
4.464406622162187e-11 
4.464406622162187e-11 
4.464406622162187e-11 
3.5258684860650646e-11 
3.5258684860650646e-11 
3.5258684860650646e-11 
3.5258684860650646e-11 
3.5258684860650646e-11 
3.5258684860650646e-11 
3.5258684860650646e-11 
3.4571123741500287e-11 
3.4571123741500287e-11 
3.4571123741500287e-11 
3.4571123741500287e-11 
2.9332203332899098e-11 
2.9332203332899098e-11 
2.9332203332899098e-11 
2.9332203332899098e-11 
2.9332203332899098e-11 
2.9332203332899098e-11 
2.9332203332899098e-11 
2.9284463742840217e-11 
2.9284463742840217e-11 
2.9284463742840217e-11 
2.9284463742840217e-11 
2.9284463742840217e-11 
2.9284463742840217e-11 
2.9284463742840217e-11 
2.9267255285958527e-11 
2.9267255285958527e-11 
2.9267255285958527e-11 
2.9267255285958527e-11 
2.9016677949300629e-11 
2.9016677949300629e-11 
2.9016677949300629e-11 
2.9016677949300629e-11 
2.9016677949300629e-11 
2.9016677949300629e-11 
2.9016677949300629e-11 
2.9016011815485854e-11 
2.9016011815485854e-11 
2.9016011815485854e-11 
2.9016011815485854e-11 
2.8983371258561874e-11 
2.8983371258561874e-11 
2.8983371258561874e-11 
2.8983371258561874e-11 
2.8983371258561874e-11 
2.8983371258561874e-11 
2.8983371258561874e-11 
2.8983371258561874e-11 
2.8983371258561874e-11 
2.8983371258561874e-11 
2.8983371258561874e-11 
2.8970492671476222e-11 
2.8970492671476222e-11 
2.8970492671476222e-11 
2.8970492671476222e-11 
2.8970492671476222e-11 
2.8970492671476222e-11 
2.8970492671476222e-11 
2.8970492671476222e-11 
2.8970492671476222e-11 
2.8970492671476222e-11 
2.8970492671476222e-11 
2.8970492671476222e-11 
2.8970492671476222e-11 
2.8970492671476222e-11 
2.8970492671476222e-11 
2.8970492671476222e-11 
2.8970492671476222e-11 
2.8970492671476222e-11 
2.896993755996391e-11 
2.896993755996391e-11 
2.896993755996391e-11 
2.896993755996391e-11 
2.896993755996391e-11 
2.896993755996391e-11 
2.896993755996391e-11 
2.8969826537661447e-11 
2.8969826537661447e-11 
2.8969826537661447e-11 
2.8969826537661447e-11 
2.8969826537661447e-11 
2.8969826537661447e-11 
2.8969715515358985e-11 
2.8969715515358985e-11 
2.8969715515358985e-11 
2.8969715515358985e-11 
2.8969715515358985e-11 
2.8969715515358985e-11 
2.8969715515358985e-11 
2.8969715515358985e-11 
2.8969715515358985e-11 
2.8969715515358985e-11 
2.8969715515358985e-11 
2.8969715515358985e-11 
2.8969715515358985e-11 
2.8969715515358985e-11 
2.8969715515358985e-11 
2.8969715515358985e-11 
2.8969715515358985e-11 
2.8969715515358985e-11 
2.8969715515358985e-11 
2.8969715515358985e-11 
2.8969715515358985e-11 
2.8969715515358985e-11 
2.8969715515358985e-11 
2.8969715515358985e-11 
2.8969715515358985e-11 
2.8969715515358985e-11 
2.8969715515358985e-11 
2.8969715515358985e-11 
2.8969715515358985e-11 
2.8969715515358985e-11 
2.8969715515358985e-11 
2.8969715515358985e-11 
2.8969715515358985e-11 
2.8969715515358985e-11 
2.8969715515358985e-11 
2.8969715515358985e-11 
2.8969715515358985e-11 
2.8969715515358985e-11 
2.8969715515358985e-11 
2.8969715515358985e-11 
2.8969715515358985e-11 
2.8969715515358985e-11 
2.8969715515358985e-11 
2.8969715515358985e-11 
2.8969715515358985e-11 
2.8969715515358985e-11 
2.8969715515358985e-11 
2.8969715515358985e-11 
2.8969715515358985e-11 
2.8969715515358985e-11 
2.8969715515358985e-11 
2.8969715515358985e-11 
2.8969715515358985e-11 
2.8969715515358985e-11 
2.8969715515358985e-11 
2.8969715515358985e-11 
2.8969715515358985e-11 
2.8969715515358985e-11 
2.8969715515358985e-11 
2.8969715515358985e-11 
2.8969715515358985e-11 
2.8969715515358985e-11 
2.8969715515358985e-11 
2.8969715515358985e-11 
2.8969715515358985e-11 
2.8969715515358985e-11 
2.8969715515358985e-11 
2.8969715515358985e-11 
2.8969715515358985e-11 
2.8969715515358985e-11 
2.8969715515358985e-11 
2.8969715515358985e-11 
2.8969715515358985e-11 
2.8969715515358985e-11 
2.8969715515358985e-11 
2.8969715515358985e-11 
2.8969715515358985e-11 
2.8969715515358985e-11 
2.8969715515358985e-11 
2.8969715515358985e-11 
2.8969715515358985e-11 
2.8969715515358985e-11 
2.8969715515358985e-11 
2.8969715515358985e-11 
2.8969715515358985e-11 
2.8969715515358985e-11 
2.8969715515358985e-11 
2.8969715515358985e-11 
2.8969715515358985e-11 
2.8969715515358985e-11 
2.8969715515358985e-11 
2.8969715515358985e-11 
2.8969715515358985e-11 
2.8969715515358985e-11 
2.8969715515358985e-11 
2.8969715515358985e-11 
2.8969715515358985e-11 
2.8969715515358985e-11 
2.8969715515358985e-11 
2.8969715515358985e-11 
2.8969715515358985e-11 
2.8969715515358985e-11 
2.8969715515358985e-11 
2.8969715515358985e-11 
2.8969715515358985e-11 
2.8969715515358985e-11 
2.8969715515358985e-11 
2.8969715515358985e-11 
2.8969715515358985e-11 
2.8969715515358985e-11 
2.8969715515358985e-11 
2.8969715515358985e-11 
2.8969715515358985e-11 
2.8969715515358985e-11 
2.8969715515358985e-11 
2.8969715515358985e-11 
2.8969715515358985e-11 
2.8969715515358985e-11 
2.8969715515358985e-11 
2.8969715515358985e-11 
2.8969715515358985e-11 
2.8969715515358985e-11 
2.8969715515358985e-11 
2.8969715515358985e-11 
2.8969715515358985e-11 
2.8969715515358985e-11 
2.8969715515358985e-11 
2.8969715515358985e-11 
2.8969715515358985e-11 
2.8969715515358985e-11 
2.8969715515358985e-11 
2.8969715515358985e-11 
2.8969715515358985e-11 
2.8969715515358985e-11 
2.8969715515358985e-11 
2.8969715515358985e-11 
2.8969715515358985e-11 
2.8969715515358985e-11 
2.8969715515358985e-11 
2.8969715515358985e-11 
2.8969715515358985e-11 
2.8969715515358985e-11 
2.8969715515358985e-11 
2.8969715515358985e-11 
2.8969715515358985e-11 
2.8969715515358985e-11 
2.8969715515358985e-11 
2.8969715515358985e-11 
2.8969715515358985e-11 
2.8969715515358985e-11 
2.8969715515358985e-11 
2.8969715515358985e-11 
2.8969715515358985e-11 
2.8969715515358985e-11 
2.8969715515358985e-11 
2.8969715515358985e-11 
2.8969715515358985e-11 
2.8969715515358985e-11 
2.8969715515358985e-11 
2.8969715515358985e-11 
2.8969715515358985e-11 
2.8969715515358985e-11 
2.8969715515358985e-11 
2.8969715515358985e-11 
2.8969715515358985e-11 
2.8969715515358985e-11 
2.8969715515358985e-11 
2.8969715515358985e-11 
2.8969715515358985e-11 
2.8969715515358985e-11 
2.8969715515358985e-11 
2.8969715515358985e-11 
2.8969715515358985e-11 
2.8969715515358985e-11 
2.8969715515358985e-11 
2.8969715515358985e-11 
2.8969715515358985e-11 
2.8969715515358985e-11 
2.8969715515358985e-11 
2.8969715515358985e-11 
2.8969715515358985e-11 
2.8969715515358985e-11 
1.6248669076901479e-11 
1.6248669076901479e-11 
1.6248669076901479e-11 
1.6248669076901479e-11 
6.2561067437627571e-13 
6.2561067437627571e-13 
6.2561067437627571e-13 
6.2561067437627571e-13 
6.2561067437627571e-13 
6.2561067437627571e-13 
6.2561067437627571e-13 
2.41140440948584e-13 
2.41140440948584e-13 
2.41140440948584e-13 
1.5909495942878493e-13 
1.5909495942878493e-13 
1.5909495942878493e-13 
4.75175454539567e-14 
4.75175454539567e-14 
4.75175454539567e-14 
4.75175454539567e-14 
4.75175454539567e-14 
4.75175454539567e-14 
4.75175454539567e-14 
4.2521541843143495e-14 
4.2521541843143495e-14 
4.2521541843143495e-14 
4.2521541843143495e-14 
4.2521541843143495e-14 
4.2521541843143495e-14 
4.2521541843143495e-14 
4.1300296516055823e-14 
4.1300296516055823e-14 
4.1300296516055823e-14 
4.1078251911130792e-14 
4.1078251911130792e-14 
4.1078251911130792e-14 
4.0856207306205761e-14 
4.0856207306205761e-14 
4.0856207306205761e-14 
4.0745185003743245e-14 
4.0745185003743245e-14 
4.0745185003743245e-14 
4.0745185003743245e-14 
4.0745185003743245e-14 
4.0745185003743245e-14 
4.0745185003743245e-14 
4.0745185003743245e-14 
4.0745185003743245e-14 
4.0745185003743245e-14 
4.0745185003743245e-14 
4.0745185003743245e-14 
4.0745185003743245e-14 
4.0745185003743245e-14 
4.0745185003743245e-14 
4.0745185003743245e-14 
4.0745185003743245e-14 
4.0745185003743245e-14 
4.0745185003743245e-14 
4.0745185003743245e-14 
4.0634162701280729e-14 
4.0634162701280729e-14 
4.0634162701280729e-14 
4.0634162701280729e-14 
4.0634162701280729e-14 
4.0634162701280729e-14 
4.0634162701280729e-14 
4.0634162701280729e-14 
4.0634162701280729e-14 
4.0634162701280729e-14 
4.0634162701280729e-14 
4.0634162701280729e-14 
4.0634162701280729e-14 
4.0634162701280729e-14 
4.0634162701280729e-14 
4.0634162701280729e-14 
4.0634162701280729e-14 
4.0634162701280729e-14 
4.0634162701280729e-14 
4.0634162701280729e-14 
4.0634162701280729e-14 
4.0634162701280729e-14 
4.0634162701280729e-14 
4.0634162701280729e-14 
4.0634162701280729e-14 
4.0634162701280729e-14 
4.0634162701280729e-14 
4.0634162701280729e-14 
4.0634162701280729e-14 
4.0634162701280729e-14 
4.0634162701280729e-14 
4.0634162701280729e-14 
4.0634162701280729e-14 
4.0634162701280729e-14 
4.0634162701280729e-14 
4.0634162701280729e-14 
4.0634162701280729e-14 
4.0634162701280729e-14 
4.0634162701280729e-14 
4.0634162701280729e-14 
4.0634162701280729e-14 
4.0634162701280729e-14 
4.0634162701280729e-14 
4.0634162701280729e-14 
4.0634162701280729e-14 
4.0634162701280729e-14 
4.0634162701280729e-14 
4.0634162701280729e-14 
4.0634162701280729e-14 
4.0634162701280729e-14 
4.0634162701280729e-14 
4.0634162701280729e-14 
4.0634162701280729e-14 
4.0634162701280729e-14 
4.0634162701280729e-14 
4.0634162701280729e-14 
4.0634162701280729e-14 
4.0634162701280729e-14 
4.0634162701280729e-14 
4.0634162701280729e-14 
4.0634162701280729e-14 
4.0634162701280729e-14 
4.0634162701280729e-14 
4.0634162701280729e-14 
4.0634162701280729e-14 
4.0634162701280729e-14 
4.0634162701280729e-14 
4.0634162701280729e-14 
4.0634162701280729e-14 
4.0634162701280729e-14 
4.0634162701280729e-14 
4.0634162701280729e-14 
4.0634162701280729e-14 
4.0634162701280729e-14 
4.0634162701280729e-14 
4.0634162701280729e-14 
4.0634162701280729e-14 
4.0634162701280729e-14 
4.0634162701280729e-14 
4.0634162701280729e-14 
4.0634162701280729e-14 
4.0634162701280729e-14 
4.0634162701280729e-14 
4.0634162701280729e-14 
4.0634162701280729e-14 
4.0634162701280729e-14 
4.0634162701280729e-14 
4.0634162701280729e-14 
4.0634162701280729e-14 
4.0634162701280729e-14 
4.0634162701280729e-14 
4.0634162701280729e-14 
4.0634162701280729e-14 
4.0634162701280729e-14 
4.0634162701280729e-14 
4.0634162701280729e-14 
4.0634162701280729e-14 
4.0634162701280729e-14 
4.0634162701280729e-14 
4.0634162701280729e-14 
4.0634162701280729e-14 
4.0634162701280729e-14 
4.0634162701280729e-14 
4.0634162701280729e-14 
4.0634162701280729e-14 
4.0634162701280729e-14 
4.0634162701280729e-14 
4.0634162701280729e-14 
4.0634162701280729e-14 
4.0634162701280729e-14 
4.0634162701280729e-14 
4.0634162701280729e-14 
4.0634162701280729e-14 
4.0634162701280729e-14 
4.0634162701280729e-14 
4.0634162701280729e-14 
4.0634162701280729e-14 
4.0634162701280729e-14 
4.0634162701280729e-14 
4.0634162701280729e-14 
4.0634162701280729e-14 
4.0634162701280729e-14 
4.0634162701280729e-14 
4.0634162701280729e-14 
4.0634162701280729e-14 
4.0634162701280729e-14 
4.0634162701280729e-14 
4.0634162701280729e-14 
4.0634162701280729e-14 
4.0634162701280729e-14 
4.0634162701280729e-14 
4.0634162701280729e-14 
4.0634162701280729e-14 
4.0634162701280729e-14 
4.0634162701280729e-14 
4.0634162701280729e-14 
4.0634162701280729e-14 
4.0634162701280729e-14 
4.0634162701280729e-14 
4.0634162701280729e-14 
4.0634162701280729e-14 
4.0634162701280729e-14 
4.0634162701280729e-14 
4.0634162701280729e-14 
4.0634162701280729e-14 
4.0634162701280729e-14 
4.0634162701280729e-14 
4.0634162701280729e-14 
4.0634162701280729e-14 
4.0634162701280729e-14 
4.0634162701280729e-14 
4.0634162701280729e-14 
3.8857805861880479e-15 
3.8857805861880479e-15 
3.8857805861880479e-15 
3.8857805861880479e-15 
3.8857805861880479e-15 
3.8857805861880479e-15 
3.8857805861880479e-15 
3.1086244689504383e-15 
3.1086244689504383e-15 
3.1086244689504383e-15 
3.1086244689504383e-15 
3.1086244689504383e-15 
3.1086244689504383e-15 
3.1086244689504383e-15 
3.1086244689504383e-15 
3.1086244689504383e-15 
3.1086244689504383e-15 
3.1086244689504383e-15 
3.1086244689504383e-15 
3.1086244689504383e-15 
3.1086244689504383e-15 
3.1086244689504383e-15 
3.1086244689504383e-15 
3.1086244689504383e-15 
3.1086244689504383e-15 
3.1086244689504383e-15 
3.1086244689504383e-15 
3.1086244689504383e-15 
3.1086244689504383e-15 
3.1086244689504383e-15 
3.1086244689504383e-15 
3.1086244689504383e-15 
3.1086244689504383e-15 
3.1086244689504383e-15 
3.1086244689504383e-15 
3.1086244689504383e-15 
3.1086244689504383e-15 
3.1086244689504383e-15 
3.1086244689504383e-15 
3.1086244689504383e-15 
3.1086244689504383e-15 
3.1086244689504383e-15 
3.1086244689504383e-15 
3.1086244689504383e-15 
3.1086244689504383e-15 
3.1086244689504383e-15 
3.1086244689504383e-15 
3.1086244689504383e-15 
3.1086244689504383e-15 
3.1086244689504383e-15 
3.1086244689504383e-15 
3.1086244689504383e-15 
3.1086244689504383e-15 
3.1086244689504383e-15 
3.1086244689504383e-15 
3.1086244689504383e-15 
3.1086244689504383e-15 
3.1086244689504383e-15 
3.1086244689504383e-15 
3.1086244689504383e-15 
3.1086244689504383e-15 
3.1086244689504383e-15 
3.1086244689504383e-15 
3.1086244689504383e-15 
3.1086244689504383e-15 
3.1086244689504383e-15 
3.1086244689504383e-15 
3.1086244689504383e-15 
3.1086244689504383e-15 
3.1086244689504383e-15 
3.1086244689504383e-15 
3.1086244689504383e-15 
3.1086244689504383e-15 
3.1086244689504383e-15 
3.1086244689504383e-15 
3.1086244689504383e-15 
3.1086244689504383e-15 
3.1086244689504383e-15 
3.1086244689504383e-15 
3.1086244689504383e-15 
3.1086244689504383e-15 
3.1086244689504383e-15 
3.1086244689504383e-15 
3.1086244689504383e-15 
3.1086244689504383e-15 
3.1086244689504383e-15 
3.1086244689504383e-15 
3.1086244689504383e-15 
3.1086244689504383e-15 
3.1086244689504383e-15 
3.1086244689504383e-15 
3.1086244689504383e-15 
3.1086244689504383e-15 
3.1086244689504383e-15 
3.1086244689504383e-15 
3.1086244689504383e-15 
3.1086244689504383e-15 
3.1086244689504383e-15 
3.1086244689504383e-15 
3.1086244689504383e-15 
3.1086244689504383e-15 
3.1086244689504383e-15 
3.1086244689504383e-15 
3.1086244689504383e-15 
3.1086244689504383e-15 
3.1086244689504383e-15 
3.1086244689504383e-15 
3.1086244689504383e-15 
3.1086244689504383e-15 
3.1086244689504383e-15 
3.1086244689504383e-15 
3.1086244689504383e-15 
3.1086244689504383e-15 
3.1086244689504383e-15 
3.1086244689504383e-15 
3.1086244689504383e-15 
3.1086244689504383e-15 
3.1086244689504383e-15 
3.1086244689504383e-15 
3.1086244689504383e-15 
3.1086244689504383e-15 
3.1086244689504383e-15 
3.1086244689504383e-15 
3.1086244689504383e-15 
3.1086244689504383e-15 
3.1086244689504383e-15 
3.1086244689504383e-15 
3.1086244689504383e-15 
3.1086244689504383e-15 
3.1086244689504383e-15 
3.1086244689504383e-15 
3.1086244689504383e-15 
3.1086244689504383e-15 
3.1086244689504383e-15 
3.1086244689504383e-15 
3.1086244689504383e-15 
3.1086244689504383e-15 
3.1086244689504383e-15 
3.1086244689504383e-15 
3.1086244689504383e-15 
3.1086244689504383e-15 
3.1086244689504383e-15 
3.1086244689504383e-15 
3.1086244689504383e-15 
3.1086244689504383e-15 
3.1086244689504383e-15 
3.1086244689504383e-15 
3.1086244689504383e-15 
3.1086244689504383e-15 
3.1086244689504383e-15 
3.1086244689504383e-15 
3.1086244689504383e-15 
3.1086244689504383e-15 
3.1086244689504383e-15 
3.1086244689504383e-15 
3.1086244689504383e-15 
3.1086244689504383e-15 
3.1086244689504383e-15 
3.1086244689504383e-15 
2.55351295663786e-15 
1.6653345369377348e-15 
1.5543122344752192e-15 
1.5543122344752192e-15 
1.5543122344752192e-15 
1.4432899320127035e-15 
1.4432899320127035e-15 
1.4432899320127035e-15 
1.4432899320127035e-15 
1.4432899320127035e-15 
1.3322676295501878e-15 
1.3322676295501878e-15 
1.3322676295501878e-15 
1.3322676295501878e-15 
1.3322676295501878e-15 
1.3322676295501878e-15 
1.3322676295501878e-15 
1.3322676295501878e-15 
1.3322676295501878e-15 
1.3322676295501878e-15 
1.3322676295501878e-15 
1.3322676295501878e-15 
1.3322676295501878e-15 
1.3322676295501878e-15 
1.3322676295501878e-15 
1.3322676295501878e-15 
1.3322676295501878e-15 
1.3322676295501878e-15 
1.3322676295501878e-15 
1.3322676295501878e-15 
1.3322676295501878e-15 
1.3322676295501878e-15 
1.3322676295501878e-15 
1.3322676295501878e-15 
1.3322676295501878e-15 
1.3322676295501878e-15 
1.3322676295501878e-15 
1.3322676295501878e-15 
1.3322676295501878e-15 
1.3322676295501878e-15 
1.3322676295501878e-15 
1.3322676295501878e-15 
1.3322676295501878e-15 
1.3322676295501878e-15 
1.3322676295501878e-15 
1.3322676295501878e-15 
1.3322676295501878e-15 
1.3322676295501878e-15 
1.3322676295501878e-15 
1.3322676295501878e-15 
1.3322676295501878e-15 
1.3322676295501878e-15 
1.3322676295501878e-15 
1.3322676295501878e-15 
1.3322676295501878e-15 
1.3322676295501878e-15 
1.3322676295501878e-15 
1.3322676295501878e-15 
1.3322676295501878e-15 
1.3322676295501878e-15 
1.3322676295501878e-15 
1.3322676295501878e-15 
1.3322676295501878e-15 
