0.16793223838727578 
0.16793004711818038 
0.16792785572942559 
0.16792566435902667 
0.16792347300808785 
0.11172695925452303 
0.088820750194684606 
0.043362766074564796 
0.03606676793169461 
0.021046635969778515 
0.011223736931952999 
0.0090734461005631539 
0.0043871289925642154 
0.0040488597083947475 
0.0017193333264002852 
0.0014706918730845731 
0.0010100890534215923 
0.00040466187866106118 
0.00040047277771482204 
0.00017898219714551633 
0.00017729829053303447 
7.3377146018516193e-05 
5.5036687464316003e-05 
4.4852999831590523e-05 
1.7273471296430642e-05 
1.7111618601961531e-05 
8.8791708453550555e-06 
5.6661531468993331e-06 
4.0479069298715586e-06 
2.3319963541323929e-06 
1.8144202996728254e-06 
9.1492098075462991e-07 
5.6035764517403663e-07 
4.5337836207526294e-07 
2.2317974623931036e-07 
1.89513775228356e-07 
1.0837102426553002e-07 
5.4965403784024147e-08 
4.7936217772992507e-08 
1.9542386930915256e-08 
1.8759714004445982e-08 
8.7969461715076136e-09 
7.6517561176103754e-09 
3.5700035150298959e-09 
2.947175836709448e-09 
1.5234287165100113e-09 
1.0324266996875053e-09 
7.3600670003060031e-10 
3.272361270845181e-10 
3.0872471246112809e-10 
3.0872471246112809e-10 
1.5519119322959796e-10 
1.0777001513417872e-10 
5.90414384049609e-11 
3.2412850181628983e-11 
2.6865509816786926e-11 
2.6865509816786926e-11 
2.6865509816786926e-11 
2.6865509816786926e-11 
2.6865509816786926e-11 
2.6865509816786926e-11 
2.6865509816786926e-11 
2.6865509816786926e-11 
2.6865509816786926e-11 
2.6865509816786926e-11 
2.6865509816786926e-11 
2.6865509816786926e-11 
2.6865509816786926e-11 
2.6865509816786926e-11 
2.6865509816786926e-11 
2.6865509816786926e-11 
2.6865509816786926e-11 
2.6865509816786926e-11 
2.6865509816786926e-11 
2.6865509816786926e-11 
2.6865509816786926e-11 
2.6865509816786926e-11 
2.6865509816786926e-11 
2.6865509816786926e-11 
2.6865509816786926e-11 
2.6865509816786926e-11 
2.6865509816786926e-11 
2.6865509816786926e-11 
2.6865509816786926e-11 
2.6865509816786926e-11 
2.6865509816786926e-11 
2.6865509816786926e-11 
2.6865509816786926e-11 
2.6865509816786926e-11 
2.6865509816786926e-11 
2.6865509816786926e-11 
2.6865509816786926e-11 
2.6865509816786926e-11 
2.6865509816786926e-11 
2.6865509816786926e-11 
2.6865509816786926e-11 
2.6865509816786926e-11 
2.6865509816786926e-11 
2.6865509816786926e-11 
2.6865509816786926e-11 
2.6865509816786926e-11 
2.6865509816786926e-11 
2.6865509816786926e-11 
2.6865509816786926e-11 
2.6865509816786926e-11 
2.6865509816786926e-11 
2.6865509816786926e-11 
2.6865509816786926e-11 
2.6865509816786926e-11 
2.6865509816786926e-11 
2.6865509816786926e-11 
2.6865509816786926e-11 
2.6865509816786926e-11 
2.6865509816786926e-11 
2.6865509816786926e-11 
2.6865509816786926e-11 
2.6865509816786926e-11 
2.6865509816786926e-11 
2.6865509816786926e-11 
2.6865509816786926e-11 
2.6865509816786926e-11 
2.6865509816786926e-11 
2.6865509816786926e-11 
2.6865509816786926e-11 
2.6865509816786926e-11 
2.6865509816786926e-11 
2.6865509816786926e-11 
2.6865509816786926e-11 
2.6865509816786926e-11 
2.6865509816786926e-11 
2.6865509816786926e-11 
2.6865509816786926e-11 
2.6865509816786926e-11 
2.6865509816786926e-11 
2.6865509816786926e-11 
2.6865509816786926e-11 
2.6865509816786926e-11 
2.6865509816786926e-11 
2.6865509816786926e-11 
2.6865509816786926e-11 
2.6865509816786926e-11 
2.6865509816786926e-11 
2.6865509816786926e-11 
2.6865509816786926e-11 
2.6865509816786926e-11 
2.6865509816786926e-11 
2.6865509816786926e-11 
2.6865509816786926e-11 
2.6865509816786926e-11 
2.6865509816786926e-11 
2.6865509816786926e-11 
2.6865509816786926e-11 
2.6865509816786926e-11 
2.6865509816786926e-11 
2.6865509816786926e-11 
2.6865509816786926e-11 
2.6865509816786926e-11 
2.6865509816786926e-11 
2.6865509816786926e-11 
2.6865509816786926e-11 
2.6865509816786926e-11 
2.6865509816786926e-11 
2.6865509816786926e-11 
2.6865509816786926e-11 
2.6865509816786926e-11 
2.6865509816786926e-11 
2.6865509816786926e-11 
2.6865509816786926e-11 
2.6865509816786926e-11 
2.6865509816786926e-11 
2.6865509816786926e-11 
2.6865509816786926e-11 
2.6865509816786926e-11 
2.6865509816786926e-11 
2.6865509816786926e-11 
2.6865509816786926e-11 
2.6865509816786926e-11 
2.6865509816786926e-11 
2.6865509816786926e-11 
2.6865509816786926e-11 
2.6865509816786926e-11 
2.6865509816786926e-11 
2.6865509816786926e-11 
2.6865509816786926e-11 
2.6865509816786926e-11 
2.6865509816786926e-11 
2.6865509816786926e-11 
2.6865509816786926e-11 
2.6865509816786926e-11 
2.6865509816786926e-11 
2.6865509816786926e-11 
2.6865509816786926e-11 
2.6865509816786926e-11 
2.6865509816786926e-11 
2.6865509816786926e-11 
2.6865509816786926e-11 
2.6865509816786926e-11 
2.6865509816786926e-11 
2.6865509816786926e-11 
2.6865509816786926e-11 
2.6865509816786926e-11 
2.6865509816786926e-11 
2.6865509816786926e-11 
2.6865509816786926e-11 
2.6865509816786926e-11 
2.6865509816786926e-11 
2.6865509816786926e-11 
2.6865509816786926e-11 
2.6865509816786926e-11 
2.6865509816786926e-11 
2.6865509816786926e-11 
2.6865509816786926e-11 
2.6865509816786926e-11 
2.6865509816786926e-11 
2.6865509816786926e-11 
2.6865509816786926e-11 
2.6865509816786926e-11 
2.6865509816786926e-11 
2.6865509816786926e-11 
2.6865509816786926e-11 
2.6865509816786926e-11 
2.6865509816786926e-11 
2.6865509816786926e-11 
2.6865509816786926e-11 
2.6865509816786926e-11 
2.6865509816786926e-11 
2.6865509816786926e-11 
2.6865509816786926e-11 
2.6865509816786926e-11 
2.6865509816786926e-11 
2.6865509816786926e-11 
2.6865509816786926e-11 
2.6865509816786926e-11 
2.6865509816786926e-11 
2.6865509816786926e-11 
2.6865509816786926e-11 
2.6865509816786926e-11 
2.6865509816786926e-11 
2.6865509816786926e-11 
2.6865509816786926e-11 
2.6865509816786926e-11 
2.6865509816786926e-11 
2.6865509816786926e-11 
2.6865509816786926e-11 
2.6865509816786926e-11 
2.6865509816786926e-11 
2.6865509816786926e-11 
2.6865509816786926e-11 
2.6865509816786926e-11 
2.6865509816786926e-11 
2.6865509816786926e-11 
2.6865509816786926e-11 
2.6865509816786926e-11 
2.6865509816786926e-11 
2.6865509816786926e-11 
2.6865509816786926e-11 
2.6865509816786926e-11 
2.6865509816786926e-11 
2.6865509816786926e-11 
2.6865509816786926e-11 
2.6865509816786926e-11 
2.6865509816786926e-11 
2.6865509816786926e-11 
2.6865509816786926e-11 
2.6865509816786926e-11 
2.6865509816786926e-11 
2.6865509816786926e-11 
2.6865509816786926e-11 
2.6865509816786926e-11 
2.6865509816786926e-11 
2.6865509816786926e-11 
2.6865509816786926e-11 
2.6865509816786926e-11 
2.6865509816786926e-11 
2.6865509816786926e-11 
2.6865509816786926e-11 
2.6865509816786926e-11 
2.6865509816786926e-11 
2.6865509816786926e-11 
2.6865509816786926e-11 
2.6865509816786926e-11 
2.6865509816786926e-11 
2.6865509816786926e-11 
2.6865509816786926e-11 
2.6865509816786926e-11 
2.6865509816786926e-11 
2.6865509816786926e-11 
2.6865509816786926e-11 
2.6865509816786926e-11 
2.6865509816786926e-11 
2.6865509816786926e-11 
2.6865509816786926e-11 
2.6865509816786926e-11 
2.6865509816786926e-11 
2.6865509816786926e-11 
2.6865509816786926e-11 
2.6865509816786926e-11 
2.6865509816786926e-11 
2.6865509816786926e-11 
2.6865509816786926e-11 
2.6865509816786926e-11 
2.6865509816786926e-11 
2.6865509816786926e-11 
2.6865509816786926e-11 
2.6865509816786926e-11 
2.6865509816786926e-11 
2.6865509816786926e-11 
2.6865509816786926e-11 
2.6865509816786926e-11 
2.6865509816786926e-11 
2.6865509816786926e-11 
2.6865509816786926e-11 
2.6865509816786926e-11 
2.6865509816786926e-11 
2.6865509816786926e-11 
2.6865509816786926e-11 
2.6865509816786926e-11 
2.6865509816786926e-11 
2.6865509816786926e-11 
2.6865509816786926e-11 
2.6865509816786926e-11 
2.6865509816786926e-11 
2.6865509816786926e-11 
2.6865509816786926e-11 
2.6865509816786926e-11 
2.6865509816786926e-11 
2.6865509816786926e-11 
2.6865509816786926e-11 
2.6865509816786926e-11 
2.6865509816786926e-11 
2.6865509816786926e-11 
2.6865509816786926e-11 
2.6865509816786926e-11 
2.6865509816786926e-11 
2.6865509816786926e-11 
2.6865509816786926e-11 
2.6865509816786926e-11 
2.6865509816786926e-11 
2.6865509816786926e-11 
2.6865509816786926e-11 
2.6865509816786926e-11 
2.6865509816786926e-11 
2.6865509816786926e-11 
2.6865509816786926e-11 
2.6865509816786926e-11 
2.6865509816786926e-11 
2.6865509816786926e-11 
2.6865509816786926e-11 
2.6865509816786926e-11 
2.6865509816786926e-11 
2.6865509816786926e-11 
2.6865509816786926e-11 
2.6865509816786926e-11 
2.6865509816786926e-11 
2.6865509816786926e-11 
2.6865509816786926e-11 
2.6865509816786926e-11 
2.6865509816786926e-11 
2.6865509816786926e-11 
2.6865509816786926e-11 
2.6865509816786926e-11 
2.6865509816786926e-11 
2.6865509816786926e-11 
2.6865509816786926e-11 
2.6865509816786926e-11 
2.6865509816786926e-11 
2.6865509816786926e-11 
2.6865509816786926e-11 
2.6865509816786926e-11 
2.6865509816786926e-11 
2.6865509816786926e-11 
2.6865509816786926e-11 
2.6865509816786926e-11 
2.6865509816786926e-11 
2.6865509816786926e-11 
2.6865509816786926e-11 
2.6865509816786926e-11 
2.6865509816786926e-11 
2.6865509816786926e-11 
2.6865509816786926e-11 
2.6865509816786926e-11 
2.6865509816786926e-11 
2.6865509816786926e-11 
2.6865509816786926e-11 
2.6865509816786926e-11 
2.6865509816786926e-11 
2.6865509816786926e-11 
2.6865509816786926e-11 
2.6865509816786926e-11 
2.6865509816786926e-11 
2.6865509816786926e-11 
2.6865509816786926e-11 
2.6865509816786926e-11 
2.6865509816786926e-11 
2.6865509816786926e-11 
2.6865509816786926e-11 
2.6865509816786926e-11 
2.6865509816786926e-11 
2.6865509816786926e-11 
2.6865509816786926e-11 
2.6865509816786926e-11 
2.6865509816786926e-11 
2.6865509816786926e-11 
2.6865509816786926e-11 
2.6865509816786926e-11 
2.6865509816786926e-11 
2.6865509816786926e-11 
2.6865509816786926e-11 
2.6865509816786926e-11 
2.6865509816786926e-11 
2.6865509816786926e-11 
2.6865509816786926e-11 
2.6865509816786926e-11 
2.6865509816786926e-11 
2.6865509816786926e-11 
2.6865509816786926e-11 
2.6865509816786926e-11 
2.6865509816786926e-11 
2.6865509816786926e-11 
2.6865509816786926e-11 
2.6865509816786926e-11 
2.6865509816786926e-11 
2.6865509816786926e-11 
2.6865509816786926e-11 
2.6865509816786926e-11 
2.6865509816786926e-11 
2.6865509816786926e-11 
2.6865509816786926e-11 
2.6865509816786926e-11 
2.6865509816786926e-11 
2.6865509816786926e-11 
2.6865509816786926e-11 
2.6865509816786926e-11 
2.6865509816786926e-11 
2.6865509816786926e-11 
2.6865509816786926e-11 
2.6865509816786926e-11 
2.6865509816786926e-11 
2.6865509816786926e-11 
2.6865509816786926e-11 
2.6865509816786926e-11 
2.6865509816786926e-11 
2.6865509816786926e-11 
2.6865509816786926e-11 
2.6865509816786926e-11 
2.6865509816786926e-11 
2.6865509816786926e-11 
2.6865509816786926e-11 
2.6865509816786926e-11 
2.6865509816786926e-11 
2.6865509816786926e-11 
2.6865509816786926e-11 
2.6865509816786926e-11 
2.6865509816786926e-11 
2.6865509816786926e-11 
2.6865509816786926e-11 
2.6865509816786926e-11 
2.6865509816786926e-11 
2.6865509816786926e-11 
2.6865509816786926e-11 
2.6865509816786926e-11 
2.6865509816786926e-11 
2.6865509816786926e-11 
2.6865509816786926e-11 
2.6865509816786926e-11 
2.6865509816786926e-11 
2.6865509816786926e-11 
2.6865509816786926e-11 
2.6865509816786926e-11 
2.6865509816786926e-11 
2.6865509816786926e-11 
2.6865509816786926e-11 
2.6865509816786926e-11 
2.6865509816786926e-11 
2.6865509816786926e-11 
2.6865509816786926e-11 
2.6865509816786926e-11 
2.6865509816786926e-11 
2.6865509816786926e-11 
2.6865509816786926e-11 
2.6865509816786926e-11 
2.6865509816786926e-11 
2.6865509816786926e-11 
2.6865509816786926e-11 
2.6865509816786926e-11 
2.6865509816786926e-11 
2.6865509816786926e-11 
2.6865509816786926e-11 
2.6865509816786926e-11 
2.6865509816786926e-11 
2.6865509816786926e-11 
2.6865509816786926e-11 
2.6865509816786926e-11 
2.6865509816786926e-11 
2.6865509816786926e-11 
2.6865509816786926e-11 
2.6865509816786926e-11 
2.6865509816786926e-11 
2.6865509816786926e-11 
2.6865509816786926e-11 
2.6865509816786926e-11 
2.6865509816786926e-11 
2.6865509816786926e-11 
2.6865509816786926e-11 
2.6865509816786926e-11 
2.6865509816786926e-11 
2.6865509816786926e-11 
2.6865509816786926e-11 
2.6865509816786926e-11 
2.6865509816786926e-11 
2.6865509816786926e-11 
2.6865509816786926e-11 
2.6865509816786926e-11 
2.6865509816786926e-11 
2.6865509816786926e-11 
2.6865509816786926e-11 
2.6865509816786926e-11 
2.6865509816786926e-11 
2.6865509816786926e-11 
2.6865509816786926e-11 
2.6865509816786926e-11 
2.6865509816786926e-11 
2.6865509816786926e-11 
2.6865509816786926e-11 
2.6865509816786926e-11 
2.6865509816786926e-11 
2.6865509816786926e-11 
2.6865509816786926e-11 
2.6865509816786926e-11 
2.6865509816786926e-11 
2.6865509816786926e-11 
2.6865509816786926e-11 
2.6865509816786926e-11 
2.6865509816786926e-11 
2.6865509816786926e-11 
2.6865509816786926e-11 
2.6865509816786926e-11 
2.6865509816786926e-11 
2.6865509816786926e-11 
2.6865509816786926e-11 
2.6865509816786926e-11 
2.6865509816786926e-11 
2.6865509816786926e-11 
2.6865509816786926e-11 
2.6865509816786926e-11 
2.6865509816786926e-11 
2.6865509816786926e-11 
2.6865509816786926e-11 
2.6865509816786926e-11 
2.6865509816786926e-11 
2.6865509816786926e-11 
2.6865509816786926e-11 
2.6865509816786926e-11 
2.6865509816786926e-11 
2.6865509816786926e-11 
2.6865509816786926e-11 
2.6865509816786926e-11 
2.6865509816786926e-11 
2.6865509816786926e-11 
2.6865509816786926e-11 
2.6865509816786926e-11 
2.6865509816786926e-11 
2.6865509816786926e-11 
2.6865509816786926e-11 
2.6865509816786926e-11 
2.6865509816786926e-11 
2.6865509816786926e-11 
2.6865509816786926e-11 
2.6865509816786926e-11 
2.6865509816786926e-11 
2.6865509816786926e-11 
2.6865509816786926e-11 
2.6865509816786926e-11 
2.6865509816786926e-11 
2.6865509816786926e-11 
2.6865509816786926e-11 
2.6865509816786926e-11 
2.6865509816786926e-11 
2.6865509816786926e-11 
2.6865509816786926e-11 
2.6865509816786926e-11 
2.6865509816786926e-11 
2.6865509816786926e-11 
2.6865509816786926e-11 
2.6865509816786926e-11 
2.6865509816786926e-11 
2.6865509816786926e-11 
2.6865509816786926e-11 
2.6865509816786926e-11 
2.6865509816786926e-11 
2.6865509816786926e-11 
2.6865509816786926e-11 
2.6865509816786926e-11 
2.6865509816786926e-11 
2.6865509816786926e-11 
2.6865509816786926e-11 
2.6865509816786926e-11 
2.6865509816786926e-11 
2.6865509816786926e-11 
2.6865509816786926e-11 
2.6865509816786926e-11 
2.6865509816786926e-11 
2.6865509816786926e-11 
2.6865509816786926e-11 
2.6865509816786926e-11 
2.6865509816786926e-11 
2.6865509816786926e-11 
2.6865509816786926e-11 
2.6865509816786926e-11 
2.6865509816786926e-11 
2.6865509816786926e-11 
2.6865509816786926e-11 
2.6865509816786926e-11 
2.6865509816786926e-11 
2.6865509816786926e-11 
2.6865509816786926e-11 
2.6865509816786926e-11 
2.6865509816786926e-11 
2.6865509816786926e-11 
2.6865509816786926e-11 
2.6865509816786926e-11 
2.6865509816786926e-11 
2.6865509816786926e-11 
2.6865509816786926e-11 
2.6865509816786926e-11 
2.6865509816786926e-11 
2.6865509816786926e-11 
2.6865509816786926e-11 
2.6865509816786926e-11 
2.6865509816786926e-11 
2.6865509816786926e-11 
2.6865509816786926e-11 
2.6865509816786926e-11 
2.6865509816786926e-11 
2.6865509816786926e-11 
2.6865509816786926e-11 
2.6865509816786926e-11 
2.6865509816786926e-11 
2.6865509816786926e-11 
2.6865509816786926e-11 
2.6865509816786926e-11 
2.6865509816786926e-11 
2.6865509816786926e-11 
2.6865509816786926e-11 
2.6865509816786926e-11 
2.6865509816786926e-11 
2.6865509816786926e-11 
2.6865509816786926e-11 
2.6865509816786926e-11 
2.6865509816786926e-11 
2.6865509816786926e-11 
2.6865509816786926e-11 
2.6865509816786926e-11 
2.6865509816786926e-11 
2.6865509816786926e-11 
2.6865509816786926e-11 
2.6865509816786926e-11 
2.6865509816786926e-11 
2.6865509816786926e-11 
2.6865509816786926e-11 
2.6865509816786926e-11 
2.6865509816786926e-11 
2.6865509816786926e-11 
2.6865509816786926e-11 
2.6865509816786926e-11 
2.6865509816786926e-11 
2.6865509816786926e-11 
2.6865509816786926e-11 
2.6865509816786926e-11 
2.6865509816786926e-11 
2.6865509816786926e-11 
2.6865509816786926e-11 
2.6865509816786926e-11 
2.6865509816786926e-11 
2.6865509816786926e-11 
2.6865509816786926e-11 
2.6865509816786926e-11 
2.6865509816786926e-11 
2.6865509816786926e-11 
2.6865509816786926e-11 
2.6865509816786926e-11 
2.6865509816786926e-11 
2.6865509816786926e-11 
2.6865509816786926e-11 
2.6865509816786926e-11 
2.6865509816786926e-11 
2.6865509816786926e-11 
2.6865509816786926e-11 
2.6865509816786926e-11 
2.6865509816786926e-11 
2.6865509816786926e-11 
2.6865509816786926e-11 
2.6865509816786926e-11 
2.6865509816786926e-11 
2.6865509816786926e-11 
2.6865509816786926e-11 
2.6865509816786926e-11 
2.6865509816786926e-11 
2.6865509816786926e-11 
2.6865509816786926e-11 
2.6865509816786926e-11 
2.6865509816786926e-11 
2.6865509816786926e-11 
2.6865509816786926e-11 
2.6865509816786926e-11 
2.6865509816786926e-11 
2.6865509816786926e-11 
2.6865509816786926e-11 
2.6865509816786926e-11 
2.6865509816786926e-11 
2.6865509816786926e-11 
2.6865509816786926e-11 
2.6865509816786926e-11 
2.6865509816786926e-11 
2.6865509816786926e-11 
2.6865509816786926e-11 
2.6865509816786926e-11 
2.6865509816786926e-11 
2.6865509816786926e-11 
2.6865509816786926e-11 
2.6865509816786926e-11 
2.6865509816786926e-11 
2.6865509816786926e-11 
2.6865509816786926e-11 
2.6865509816786926e-11 
2.6865509816786926e-11 
2.6865509816786926e-11 
2.6865509816786926e-11 
2.6865509816786926e-11 
2.6865509816786926e-11 
2.6865509816786926e-11 
2.6865509816786926e-11 
2.6865509816786926e-11 
2.6865509816786926e-11 
2.6865509816786926e-11 
2.6865509816786926e-11 
2.6865509816786926e-11 
2.6865509816786926e-11 
2.6865509816786926e-11 
2.6865509816786926e-11 
2.6865509816786926e-11 
2.6865509816786926e-11 
2.6865509816786926e-11 
2.6865509816786926e-11 
2.6865509816786926e-11 
2.6865509816786926e-11 
2.6865509816786926e-11 
2.6865509816786926e-11 
2.6865509816786926e-11 
2.6865509816786926e-11 
2.6865509816786926e-11 
2.6865509816786926e-11 
2.6865509816786926e-11 
2.6865509816786926e-11 
2.6865509816786926e-11 
2.6865509816786926e-11 
2.6865509816786926e-11 
2.6865509816786926e-11 
2.6865509816786926e-11 
2.6865509816786926e-11 
2.6865509816786926e-11 
2.6865509816786926e-11 
2.6865509816786926e-11 
2.6865509816786926e-11 
2.6865509816786926e-11 
2.6865509816786926e-11 
2.6865509816786926e-11 
2.6865509816786926e-11 
2.6865509816786926e-11 
2.6865509816786926e-11 
2.6865509816786926e-11 
2.6865509816786926e-11 
2.6865509816786926e-11 
2.6865509816786926e-11 
2.6865509816786926e-11 
2.6865509816786926e-11 
2.6865509816786926e-11 
2.6865509816786926e-11 
2.6865509816786926e-11 
2.6865509816786926e-11 
2.6865509816786926e-11 
2.6865509816786926e-11 
2.6865509816786926e-11 
2.6865509816786926e-11 
2.6865509816786926e-11 
2.6865509816786926e-11 
2.6865509816786926e-11 
2.6865509816786926e-11 
2.6865509816786926e-11 
2.6865509816786926e-11 
2.6865509816786926e-11 
2.6865509816786926e-11 
2.6865509816786926e-11 
2.6865509816786926e-11 
2.6865509816786926e-11 
2.6865509816786926e-11 
2.6865509816786926e-11 
2.6865509816786926e-11 
2.6865509816786926e-11 
2.6865509816786926e-11 
2.6865509816786926e-11 
2.6865509816786926e-11 
2.6865509816786926e-11 
2.6865509816786926e-11 
2.6865509816786926e-11 
2.6865509816786926e-11 
2.6865509816786926e-11 
2.6865509816786926e-11 
2.6865509816786926e-11 
2.6865509816786926e-11 
2.6865509816786926e-11 
2.6865509816786926e-11 
2.6865509816786926e-11 
2.6865509816786926e-11 
2.6865509816786926e-11 
2.6865509816786926e-11 
2.6865509816786926e-11 
2.6865509816786926e-11 
2.6865509816786926e-11 
2.6865509816786926e-11 
2.6865509816786926e-11 
2.6865509816786926e-11 
2.6865509816786926e-11 
2.6865509816786926e-11 
2.6865509816786926e-11 
2.6865509816786926e-11 
2.6865509816786926e-11 
2.6865509816786926e-11 
2.6865509816786926e-11 
2.6865509816786926e-11 
2.6865509816786926e-11 
2.6865509816786926e-11 
2.6865509816786926e-11 
2.6865509816786926e-11 
2.6865509816786926e-11 
2.6865509816786926e-11 
2.6865509816786926e-11 
2.6865509816786926e-11 
2.6865509816786926e-11 
2.6865509816786926e-11 
2.6865509816786926e-11 
2.6865509816786926e-11 
2.6865509816786926e-11 
2.6865509816786926e-11 
2.6865509816786926e-11 
2.6865509816786926e-11 
2.6865509816786926e-11 
2.6865509816786926e-11 
2.6865509816786926e-11 
2.6865509816786926e-11 
2.6865509816786926e-11 
2.6865509816786926e-11 
2.6865509816786926e-11 
2.6865509816786926e-11 
2.6865509816786926e-11 
2.6865509816786926e-11 
2.6865509816786926e-11 
2.6865509816786926e-11 
2.6865509816786926e-11 
2.6865509816786926e-11 
2.6865509816786926e-11 
2.6865509816786926e-11 
2.6865509816786926e-11 
2.6865509816786926e-11 
2.6865509816786926e-11 
2.6865509816786926e-11 
2.6865509816786926e-11 
2.6865509816786926e-11 
2.6865509816786926e-11 
2.6865509816786926e-11 
2.6865509816786926e-11 
2.6865509816786926e-11 
2.6865509816786926e-11 
2.6865509816786926e-11 
2.6865509816786926e-11 
2.6865509816786926e-11 
2.6865509816786926e-11 
2.6865509816786926e-11 
2.6865509816786926e-11 
2.6865509816786926e-11 
2.6865509816786926e-11 
2.6865509816786926e-11 
2.6865509816786926e-11 
2.6865509816786926e-11 
2.6865509816786926e-11 
2.6865509816786926e-11 
2.6865509816786926e-11 
2.6865509816786926e-11 
2.6865509816786926e-11 
2.6865509816786926e-11 
2.6865509816786926e-11 
2.6865509816786926e-11 
2.6865509816786926e-11 
2.6865509816786926e-11 
2.6865509816786926e-11 
2.6865509816786926e-11 
2.6865509816786926e-11 
2.6865509816786926e-11 
2.6865509816786926e-11 
2.6865509816786926e-11 
2.6865509816786926e-11 
2.6865509816786926e-11 
2.6865509816786926e-11 
2.6865509816786926e-11 
2.6865509816786926e-11 
2.6865509816786926e-11 
2.6865509816786926e-11 
2.6865509816786926e-11 
2.6865509816786926e-11 
2.6865509816786926e-11 
2.6865509816786926e-11 
2.6865509816786926e-11 
2.6865509816786926e-11 
2.6865509816786926e-11 
2.6865509816786926e-11 
2.6865509816786926e-11 
2.6865509816786926e-11 
2.6865509816786926e-11 
2.6865509816786926e-11 
2.6865509816786926e-11 
2.6865509816786926e-11 
2.6865509816786926e-11 
2.6865509816786926e-11 
2.6865509816786926e-11 
2.6865509816786926e-11 
2.6865509816786926e-11 
2.6865509816786926e-11 
2.6865509816786926e-11 
2.6865509816786926e-11 
2.6865509816786926e-11 
2.6865509816786926e-11 
2.6865509816786926e-11 
2.6865509816786926e-11 
2.6865509816786926e-11 
2.6865509816786926e-11 
2.6865509816786926e-11 
2.6865509816786926e-11 
2.6865509816786926e-11 
2.6865509816786926e-11 
2.6865509816786926e-11 
2.6865509816786926e-11 
2.6865509816786926e-11 
2.6865509816786926e-11 
2.6865509816786926e-11 
2.6865509816786926e-11 
2.6865509816786926e-11 
2.6865509816786926e-11 
2.6865509816786926e-11 
2.6865509816786926e-11 
2.6865509816786926e-11 
2.6865509816786926e-11 
2.6865509816786926e-11 
2.6865509816786926e-11 
2.6865509816786926e-11 
2.6865509816786926e-11 
2.6865509816786926e-11 
2.6865509816786926e-11 
2.6865509816786926e-11 
2.6865509816786926e-11 
2.6865509816786926e-11 
2.6865509816786926e-11 
2.6865509816786926e-11 
2.6865509816786926e-11 
2.6865509816786926e-11 
2.6865509816786926e-11 
2.6865509816786926e-11 
2.6865509816786926e-11 
2.6865509816786926e-11 
2.6865509816786926e-11 
2.6865509816786926e-11 
2.6865509816786926e-11 
2.6865509816786926e-11 
2.6865509816786926e-11 
2.6865509816786926e-11 
2.6865509816786926e-11 
2.6865509816786926e-11 
2.6865509816786926e-11 
2.6865509816786926e-11 
2.6865509816786926e-11 
2.6865509816786926e-11 
2.6865509816786926e-11 
2.6865509816786926e-11 
2.6865509816786926e-11 
2.6865509816786926e-11 
2.6865509816786926e-11 
2.6865509816786926e-11 
2.6865509816786926e-11 
2.6865509816786926e-11 
2.6865509816786926e-11 
2.6865509816786926e-11 
2.6865509816786926e-11 
2.6865509816786926e-11 
2.6865509816786926e-11 
2.6865509816786926e-11 
2.6865509816786926e-11 
2.6865509816786926e-11 
2.6865509816786926e-11 
2.6865509816786926e-11 
2.6865509816786926e-11 
2.6865509816786926e-11 
