0.41084074920515001 
0.41084074920515001 
0.41084074920515001 
0.41084074920515001 
0.41065657738103278 
0.41065657738103278 
0.41065657738103278 
0.41065657738103278 
0.41065657738103278 
0.40036755307257799 
0.37450284875492545 
0.35068960468750587 
0.32897811794699261 
0.30941581874335877 
0.29204717670224922 
0.27691361205681875 
0.26405341191685705 
0.25350165177406037 
0.24529012239307701 
0.23944726222841617 
0.23599809549754425 
0.23496417603044784 
0.23496417603044784 
0.23496417603044784 
0.23217794481639231 
0.22868004845980316 
0.22145399981572356 
0.19825234274696357 
0.17749637165672638 
0.15923351439813593 
0.14350524409620624 
0.12374342045346642 
0.10483647963727305 
0.088390767944084292 
0.074441436877853207 
0.063019643854447693 
0.054152487254775394 
0.047862949240948249 
0.044169846451816874 
0.036851972089068319 
0.026812557781410562 
0.018647486859806661 
0.011686616150225704 
0.0073648558659673569 
0.0056928301253992286 
0.0026281164319185146 
0.0010794659175186183 
0.00067943477059984048 
1.1541571317441601e-05 
1.1541571317441601e-05 
8.555900151363538e-06 
8.555900151363538e-06 
8.555900151363538e-06 
5.3521403839962289e-06 
5.3521403839962289e-06 
5.3521403839962289e-06 
5.3521403839962289e-06 
5.3521403839962289e-06 
1.0075881331506054e-06 
1.0075881331506054e-06 
1.0075881331506054e-06 
1.0075881331506054e-06 
1.0075881331506054e-06 
1.0075881331506054e-06 
1.0075881331506054e-06 
1.0075881331506054e-06 
5.4188023845824773e-08 
5.4188023845824773e-08 
5.4188023845824773e-08 
5.4188023845824773e-08 
5.4188023845824773e-08 
5.4188023845824773e-08 
5.4188023845824773e-08 
5.4188023845824773e-08 
5.4188023845824773e-08 
5.4188023845824773e-08 
5.4188023845824773e-08 
5.4188023845824773e-08 
5.4188023845824773e-08 
5.4188023845824773e-08 
5.4188023845824773e-08 
5.4188023845824773e-08 
5.4188023845824773e-08 
5.4188023845824773e-08 
5.4188023845824773e-08 
5.4188023845824773e-08 
5.4188023845824773e-08 
5.4188023845824773e-08 
5.4188023845824773e-08 
5.4188023845824773e-08 
5.4188023845824773e-08 
5.4188023845824773e-08 
5.4188023845824773e-08 
5.4188023845824773e-08 
5.4188023845824773e-08 
5.4188023845824773e-08 
5.4188023845824773e-08 
5.4188023845824773e-08 
5.4188023845824773e-08 
5.4188023845824773e-08 
5.4188023845824773e-08 
5.4188023845824773e-08 
5.4188023845824773e-08 
5.4188023845824773e-08 
5.4188023845824773e-08 
5.4188023845824773e-08 
5.4188023845824773e-08 
5.4188023845824773e-08 
5.4188023845824773e-08 
5.4188023845824773e-08 
5.4188023845824773e-08 
5.4188023845824773e-08 
5.4188023845824773e-08 
5.4188023845824773e-08 
5.4188023845824773e-08 
5.4188023845824773e-08 
5.4188023845824773e-08 
5.4188023845824773e-08 
5.4188023845824773e-08 
5.4188023845824773e-08 
5.4188023845824773e-08 
5.4188023845824773e-08 
5.4188023845824773e-08 
5.4188023845824773e-08 
5.4188023845824773e-08 
5.4188023845824773e-08 
5.4188023845824773e-08 
5.4188023845824773e-08 
5.4188023845824773e-08 
5.4188023845824773e-08 
5.4188023845824773e-08 
5.4188023845824773e-08 
5.4188023845824773e-08 
5.4188023845824773e-08 
5.4188023845824773e-08 
5.4188023845824773e-08 
5.4188023845824773e-08 
5.4188023845824773e-08 
5.4188023845824773e-08 
5.4188023845824773e-08 
5.4188023845824773e-08 
5.4188023845824773e-08 
5.4188023845824773e-08 
5.4188023845824773e-08 
5.4188023845824773e-08 
5.4188023845824773e-08 
5.4188023845824773e-08 
5.4188023845824773e-08 
5.4188023845824773e-08 
5.4188023845824773e-08 
5.4188023845824773e-08 
5.4188023845824773e-08 
5.4188023845824773e-08 
5.4188023845824773e-08 
3.1290883995005458e-08 
3.1290883995005458e-08 
3.1290883995005458e-08 
3.1290883995005458e-08 
3.1290883995005458e-08 
3.1290883995005458e-08 
3.1290883995005458e-08 
3.1290883995005458e-08 
3.1290883995005458e-08 
3.1290883995005458e-08 
3.1290883995005458e-08 
3.1290883995005458e-08 
3.1290883995005458e-08 
3.1290883995005458e-08 
3.1290883995005458e-08 
3.1290883995005458e-08 
3.1290883995005458e-08 
3.1290883995005458e-08 
3.1290883995005458e-08 
3.1290883995005458e-08 
3.1290883995005458e-08 
3.1290883995005458e-08 
3.1290883995005458e-08 
3.1290883995005458e-08 
3.1290883995005458e-08 
3.1290883995005458e-08 
3.1290883995005458e-08 
3.1290883995005458e-08 
3.1290883995005458e-08 
3.1290883995005458e-08 
3.1290883995005458e-08 
3.1290883995005458e-08 
3.1290883995005458e-08 
3.1290883995005458e-08 
3.1290883995005458e-08 
3.1290883995005458e-08 
3.1290883995005458e-08 
3.1290883995005458e-08 
3.1290883995005458e-08 
3.1290883995005458e-08 
3.1290883995005458e-08 
3.1290883995005458e-08 
3.1290883995005458e-08 
3.1290883995005458e-08 
3.1290883995005458e-08 
3.1290883995005458e-08 
3.1290883995005458e-08 
3.1290883995005458e-08 
3.1290883995005458e-08 
3.1290883995005458e-08 
3.1290883995005458e-08 
3.1290883995005458e-08 
3.1290883995005458e-08 
3.1290883995005458e-08 
2.0331543559848342e-08 
2.0331543559848342e-08 
2.0331543559848342e-08 
2.0331543559848342e-08 
2.0331543559848342e-08 
2.0331543559848342e-08 
2.0331543559848342e-08 
2.0331543559848342e-08 
2.0331543559848342e-08 
6.2169499548403451e-09 
6.2169499548403451e-09 
6.2169499548403451e-09 
6.2169499548403451e-09 
6.2169499548403451e-09 
6.2169499548403451e-09 
6.2169499548403451e-09 
6.2169499548403451e-09 
6.2169499548403451e-09 
6.2169499548403451e-09 
6.2169499548403451e-09 
6.2169499548403451e-09 
6.2169499548403451e-09 
6.2169499548403451e-09 
6.2169499548403451e-09 
6.2169499548403451e-09 
6.2169499548403451e-09 
6.2169499548403451e-09 
6.2169499548403451e-09 
6.2169499548403451e-09 
6.2169499548403451e-09 
6.2169499548403451e-09 
6.2169499548403451e-09 
6.2169499548403451e-09 
6.2169499548403451e-09 
6.2169499548403451e-09 
6.2169499548403451e-09 
6.2169499548403451e-09 
6.2169499548403451e-09 
6.2169499548403451e-09 
6.2169499548403451e-09 
6.2169499548403451e-09 
6.2169499548403451e-09 
6.2169499548403451e-09 
6.2169499548403451e-09 
6.2169499548403451e-09 
6.2169499548403451e-09 
6.2169499548403451e-09 
6.2169499548403451e-09 
6.2169499548403451e-09 
6.2169499548403451e-09 
6.2169499548403451e-09 
6.2169499548403451e-09 
6.2169499548403451e-09 
6.2169499548403451e-09 
6.2169499548403451e-09 
6.2169499548403451e-09 
6.2169499548403451e-09 
6.2169499548403451e-09 
6.2169499548403451e-09 
6.2169499548403451e-09 
6.2169499548403451e-09 
6.2169499548403451e-09 
6.2169499548403451e-09 
6.2169499548403451e-09 
6.2169499548403451e-09 
6.2169499548403451e-09 
6.2169499548403451e-09 
6.2169499548403451e-09 
6.2169499548403451e-09 
6.2169499548403451e-09 
6.2169499548403451e-09 
6.2169499548403451e-09 
6.2169499548403451e-09 
6.2169499548403451e-09 
6.2169499548403451e-09 
6.2169499548403451e-09 
6.2169499548403451e-09 
6.2169499548403451e-09 
6.2169499548403451e-09 
6.2169499548403451e-09 
6.2169499548403451e-09 
6.2169499548403451e-09 
6.2169499548403451e-09 
6.2169499548403451e-09 
6.2169499548403451e-09 
6.2169499548403451e-09 
6.2169499548403451e-09 
6.2169499548403451e-09 
6.2169499548403451e-09 
6.2169499548403451e-09 
6.2169499548403451e-09 
6.2169499548403451e-09 
6.2169499548403451e-09 
6.2169499548403451e-09 
6.2169499548403451e-09 
6.2169499548403451e-09 
6.2169499548403451e-09 
6.2169499548403451e-09 
6.2169499548403451e-09 
6.2169499548403451e-09 
6.2169499548403451e-09 
6.2169499548403451e-09 
6.2169499548403451e-09 
6.2169499548403451e-09 
6.2169499548403451e-09 
6.2169499548403451e-09 
6.2169499548403451e-09 
6.2169499548403451e-09 
6.2169499548403451e-09 
6.2169499548403451e-09 
6.2169499548403451e-09 
6.2169499548403451e-09 
6.2169499548403451e-09 
6.2169499548403451e-09 
6.2169499548403451e-09 
6.2169499548403451e-09 
6.2169499548403451e-09 
6.2169499548403451e-09 
6.2169499548403451e-09 
6.2169499548403451e-09 
6.2169499548403451e-09 
6.2169499548403451e-09 
6.2169499548403451e-09 
6.2169499548403451e-09 
6.2169499548403451e-09 
6.2169499548403451e-09 
6.2169499548403451e-09 
6.2169499548403451e-09 
6.2169499548403451e-09 
6.2169499548403451e-09 
6.2169499548403451e-09 
1.0307615871951725e-09 
1.0307615871951725e-09 
1.0307615871951725e-09 
1.0307615871951725e-09 
1.0307615871951725e-09 
1.0307615871951725e-09 
1.0307615871951725e-09 
1.0307615871951725e-09 
1.0307615871951725e-09 
1.0307615871951725e-09 
1.0307615871951725e-09 
1.0307615871951725e-09 
1.0307615871951725e-09 
1.0307615871951725e-09 
1.0307615871951725e-09 
1.0307615871951725e-09 
1.0307615871951725e-09 
1.0307615871951725e-09 
1.0307615871951725e-09 
1.0307615871951725e-09 
1.0307615871951725e-09 
1.0307615871951725e-09 
1.0307615871951725e-09 
1.0307615871951725e-09 
1.0307615871951725e-09 
1.0307615871951725e-09 
1.0307615871951725e-09 
1.0307615871951725e-09 
1.0307615871951725e-09 
1.0307615871951725e-09 
1.0307615871951725e-09 
1.0307615871951725e-09 
1.0307615871951725e-09 
1.0307615871951725e-09 
1.0307615871951725e-09 
1.0307615871951725e-09 
1.0307615871951725e-09 
1.0307615871951725e-09 
1.0307615871951725e-09 
1.0307615871951725e-09 
1.0307615871951725e-09 
1.0307615871951725e-09 
1.0307615871951725e-09 
1.0307615871951725e-09 
1.0307615871951725e-09 
1.0307615871951725e-09 
1.0307615871951725e-09 
1.0307615871951725e-09 
1.0307615871951725e-09 
1.0307615871951725e-09 
1.0307615871951725e-09 
1.0307615871951725e-09 
1.0307615871951725e-09 
1.0307615871951725e-09 
1.0307615871951725e-09 
1.0307615871951725e-09 
1.0307615871951725e-09 
1.0307615871951725e-09 
1.0307615871951725e-09 
1.0307615871951725e-09 
1.0307615871951725e-09 
1.0307615871951725e-09 
1.0307615871951725e-09 
1.0307615871951725e-09 
1.0307615871951725e-09 
1.0307615871951725e-09 
1.0307615871951725e-09 
1.0307615871951725e-09 
1.0307615871951725e-09 
1.0307615871951725e-09 
1.0307615871951725e-09 
1.0307615871951725e-09 
1.0307615871951725e-09 
1.0307615871951725e-09 
1.0307615871951725e-09 
1.0307615871951725e-09 
1.0307615871951725e-09 
1.0307615871951725e-09 
1.0307615871951725e-09 
1.0307615871951725e-09 
1.0307615871951725e-09 
1.0307615871951725e-09 
1.0307615871951725e-09 
1.0307615871951725e-09 
1.0307615871951725e-09 
1.0307615871951725e-09 
1.0307615871951725e-09 
1.0307615871951725e-09 
1.0307615871951725e-09 
1.0307615871951725e-09 
1.0307615871951725e-09 
1.0307615871951725e-09 
1.0307615871951725e-09 
1.0307615871951725e-09 
1.0307615871951725e-09 
1.0307615871951725e-09 
1.0307615871951725e-09 
1.0307615871951725e-09 
1.0307615871951725e-09 
1.0307615871951725e-09 
1.0307615871951725e-09 
1.0307615871951725e-09 
1.0307615871951725e-09 
1.0307615871951725e-09 
1.0307615871951725e-09 
1.0307615871951725e-09 
1.0307615871951725e-09 
1.0307615871951725e-09 
1.0307615871951725e-09 
1.0307615871951725e-09 
1.0307615871951725e-09 
1.0307615871951725e-09 
1.0307615871951725e-09 
1.0307615871951725e-09 
1.0307615871951725e-09 
1.0307615871951725e-09 
1.0307615871951725e-09 
1.0307615871951725e-09 
1.0307615871951725e-09 
1.0307615871951725e-09 
1.0307615871951725e-09 
1.0307615871951725e-09 
1.0307615871951725e-09 
1.0307615871951725e-09 
1.0307615871951725e-09 
1.0307615871951725e-09 
1.0307615871951725e-09 
1.0307615871951725e-09 
1.0307615871951725e-09 
1.0307615871951725e-09 
1.0307615871951725e-09 
1.0307615871951725e-09 
1.0307615871951725e-09 
1.0307615871951725e-09 
1.0307615871951725e-09 
1.0307615871951725e-09 
1.0307615871951725e-09 
1.0307615871951725e-09 
1.0307615871951725e-09 
1.0307615871951725e-09 
1.0307615871951725e-09 
1.0307615871951725e-09 
1.0307615871951725e-09 
1.0307615871951725e-09 
1.0307615871951725e-09 
1.0307615871951725e-09 
1.0307615871951725e-09 
1.0307615871951725e-09 
1.0307615871951725e-09 
1.0307615871951725e-09 
1.0307615871951725e-09 
1.0307615871951725e-09 
1.0307615871951725e-09 
1.0307615871951725e-09 
1.0307615871951725e-09 
1.0307615871951725e-09 
1.0307615871951725e-09 
1.0307615871951725e-09 
1.0307615871951725e-09 
1.0307615871951725e-09 
1.0307615871951725e-09 
1.0307615871951725e-09 
1.0307615871951725e-09 
1.0307615871951725e-09 
1.0307615871951725e-09 
1.0307615871951725e-09 
1.0307615871951725e-09 
1.0307615871951725e-09 
1.0307615871951725e-09 
1.0307615871951725e-09 
1.0307615871951725e-09 
1.0307615871951725e-09 
1.0307615871951725e-09 
1.0307615871951725e-09 
1.0307615871951725e-09 
1.0307615871951725e-09 
1.0307615871951725e-09 
1.0307615871951725e-09 
1.0307615871951725e-09 
1.0307615871951725e-09 
1.0307615871951725e-09 
1.0307615871951725e-09 
1.0307615871951725e-09 
1.0307615871951725e-09 
1.0307615871951725e-09 
1.0307615871951725e-09 
1.0307615871951725e-09 
1.0307615871951725e-09 
1.0307615871951725e-09 
1.0307615871951725e-09 
1.0307615871951725e-09 
1.0307615871951725e-09 
1.0307615871951725e-09 
1.0307615871951725e-09 
1.0307615871951725e-09 
1.0307615871951725e-09 
1.0307615871951725e-09 
1.0307615871951725e-09 
1.0307615871951725e-09 
1.0307615871951725e-09 
1.0307615871951725e-09 
1.0307615871951725e-09 
1.0307615871951725e-09 
1.0307615871951725e-09 
1.0307615871951725e-09 
1.0307615871951725e-09 
1.0307615871951725e-09 
1.0307615871951725e-09 
1.0307615871951725e-09 
1.0307615871951725e-09 
1.0307615871951725e-09 
1.0307615871951725e-09 
1.0307615871951725e-09 
1.0307615871951725e-09 
1.0307615871951725e-09 
1.0307615871951725e-09 
1.0307615871951725e-09 
1.0307615871951725e-09 
1.0307615871951725e-09 
1.0307615871951725e-09 
1.0307615871951725e-09 
1.0307615871951725e-09 
1.0307615871951725e-09 
1.0307615871951725e-09 
1.0307615871951725e-09 
1.0307615871951725e-09 
1.0307615871951725e-09 
1.0307615871951725e-09 
1.0307615871951725e-09 
1.0307615871951725e-09 
1.0307615871951725e-09 
1.0307615871951725e-09 
1.0307615871951725e-09 
1.0307615871951725e-09 
1.0307615871951725e-09 
1.0307615871951725e-09 
1.0307615871951725e-09 
1.0307615871951725e-09 
1.0307615871951725e-09 
1.0307615871951725e-09 
1.0307615871951725e-09 
1.0307615871951725e-09 
1.0307615871951725e-09 
1.0307615871951725e-09 
1.0307615871951725e-09 
1.0307615871951725e-09 
1.0307615871951725e-09 
1.0307615871951725e-09 
1.0307615871951725e-09 
1.0307615871951725e-09 
1.0307615871951725e-09 
1.0307615871951725e-09 
1.0307615871951725e-09 
1.0307615871951725e-09 
1.0307615871951725e-09 
1.0307615871951725e-09 
1.0307615871951725e-09 
1.0307615871951725e-09 
1.0307615871951725e-09 
1.0307615871951725e-09 
1.0307615871951725e-09 
1.0307615871951725e-09 
1.0307615871951725e-09 
1.0307615871951725e-09 
1.0307615871951725e-09 
1.0307615871951725e-09 
1.0307615871951725e-09 
1.0307615871951725e-09 
1.0307615871951725e-09 
1.0307615871951725e-09 
1.0307615871951725e-09 
1.0307615871951725e-09 
1.0307615871951725e-09 
1.0307615871951725e-09 
1.0307615871951725e-09 
1.0307615871951725e-09 
1.0307615871951725e-09 
1.0307615871951725e-09 
1.0307615871951725e-09 
1.0307615871951725e-09 
1.0307615871951725e-09 
1.0307615871951725e-09 
1.0307615871951725e-09 
1.0307615871951725e-09 
1.0307615871951725e-09 
1.0307615871951725e-09 
1.0307615871951725e-09 
1.0307615871951725e-09 
1.0307615871951725e-09 
1.0307615871951725e-09 
1.0307615871951725e-09 
1.0307615871951725e-09 
1.0307615871951725e-09 
1.0307615871951725e-09 
1.0307615871951725e-09 
1.0307615871951725e-09 
1.0307615871951725e-09 
1.0307615871951725e-09 
1.0307615871951725e-09 
1.0307615871951725e-09 
1.0307615871951725e-09 
1.0307615871951725e-09 
1.0307615871951725e-09 
1.0307615871951725e-09 
1.0307615871951725e-09 
1.0307615871951725e-09 
1.0307615871951725e-09 
1.0307615871951725e-09 
1.0307615871951725e-09 
1.0307615871951725e-09 
1.0307615871951725e-09 
1.0307615871951725e-09 
1.0307615871951725e-09 
1.0307615871951725e-09 
1.0307615871951725e-09 
1.0307615871951725e-09 
1.0307615871951725e-09 
1.0307615871951725e-09 
1.0307615871951725e-09 
1.0307615871951725e-09 
1.0307615871951725e-09 
1.0307615871951725e-09 
1.0307615871951725e-09 
1.0307615871951725e-09 
1.0307615871951725e-09 
1.0307615871951725e-09 
1.0307615871951725e-09 
1.0307615871951725e-09 
1.0307615871951725e-09 
1.0307615871951725e-09 
1.0307615871951725e-09 
1.0307615871951725e-09 
1.0307615871951725e-09 
1.0307615871951725e-09 
1.0307615871951725e-09 
1.0307615871951725e-09 
1.0307615871951725e-09 
1.0307615871951725e-09 
1.0307615871951725e-09 
1.0307615871951725e-09 
1.0307615871951725e-09 
1.0307615871951725e-09 
1.0307615871951725e-09 
1.0307615871951725e-09 
1.0307615871951725e-09 
1.0307615871951725e-09 
1.0307615871951725e-09 
1.0307615871951725e-09 
1.0307615871951725e-09 
1.0307615871951725e-09 
1.0307615871951725e-09 
1.0307615871951725e-09 
1.0307615871951725e-09 
1.0307615871951725e-09 
1.0307615871951725e-09 
1.0307615871951725e-09 
1.0307615871951725e-09 
1.0307615871951725e-09 
1.0307615871951725e-09 
1.0307615871951725e-09 
1.0307615871951725e-09 
1.0307615871951725e-09 
1.0307615871951725e-09 
1.0307615871951725e-09 
1.0307615871951725e-09 
1.0307615871951725e-09 
1.0307615871951725e-09 
1.0307615871951725e-09 
1.0307615871951725e-09 
1.0307615871951725e-09 
1.0307615871951725e-09 
1.0307615871951725e-09 
1.0307615871951725e-09 
1.0307615871951725e-09 
1.0307615871951725e-09 
1.0307615871951725e-09 
1.0307615871951725e-09 
1.0307615871951725e-09 
1.0307615871951725e-09 
1.0307615871951725e-09 
1.0307615871951725e-09 
1.0307615871951725e-09 
1.0307615871951725e-09 
1.0307615871951725e-09 
1.0307615871951725e-09 
1.0307615871951725e-09 
1.0307615871951725e-09 
1.0307615871951725e-09 
1.0307615871951725e-09 
1.0307615871951725e-09 
1.0307615871951725e-09 
1.0307615871951725e-09 
1.0307615871951725e-09 
1.0307615871951725e-09 
1.0307615871951725e-09 
1.0307615871951725e-09 
1.0307615871951725e-09 
1.0307615871951725e-09 
1.0307615871951725e-09 
1.0307615871951725e-09 
1.0307615871951725e-09 
1.0307615871951725e-09 
1.0307615871951725e-09 
1.0307615871951725e-09 
1.0307615871951725e-09 
1.0307615871951725e-09 
1.0307615871951725e-09 
1.0307615871951725e-09 
1.0307615871951725e-09 
1.0307615871951725e-09 
1.0307615871951725e-09 
1.0307615871951725e-09 
1.0307615871951725e-09 
1.0307615871951725e-09 
1.0307615871951725e-09 
1.0307615871951725e-09 
1.0307615871951725e-09 
1.0307615871951725e-09 
1.0307615871951725e-09 
1.0307615871951725e-09 
1.0307615871951725e-09 
1.0307615871951725e-09 
1.0307615871951725e-09 
1.0307615871951725e-09 
1.0307615871951725e-09 
1.0307615871951725e-09 
1.0307615871951725e-09 
1.0307615871951725e-09 
1.0307615871951725e-09 
1.0307615871951725e-09 
1.0307615871951725e-09 
1.0307615871951725e-09 
1.0307615871951725e-09 
1.0307615871951725e-09 
1.0307615871951725e-09 
1.0307615871951725e-09 
1.0307615871951725e-09 
1.0307615871951725e-09 
1.0307615871951725e-09 
1.0307615871951725e-09 
1.0307615871951725e-09 
1.0307615871951725e-09 
1.0307615871951725e-09 
1.0307615871951725e-09 
1.0307615871951725e-09 
1.0307615871951725e-09 
1.0307615871951725e-09 
1.0307615871951725e-09 
1.0307615871951725e-09 
1.0307615871951725e-09 
1.0307615871951725e-09 
1.0307615871951725e-09 
1.0307615871951725e-09 
1.0307615871951725e-09 
1.0307615871951725e-09 
1.0307615871951725e-09 
1.0307615871951725e-09 
1.0307615871951725e-09 
1.0307615871951725e-09 
1.0307615871951725e-09 
1.0307615871951725e-09 
1.0307615871951725e-09 
1.0307615871951725e-09 
1.0307615871951725e-09 
1.0307615871951725e-09 
1.0307615871951725e-09 
1.0307615871951725e-09 
1.0307615871951725e-09 
1.0307615871951725e-09 
1.0307615871951725e-09 
1.0307615871951725e-09 
1.0307615871951725e-09 
1.0307615871951725e-09 
1.0307615871951725e-09 
1.0307615871951725e-09 
1.0307615871951725e-09 
1.0307615871951725e-09 
1.0307615871951725e-09 
1.0307615871951725e-09 
1.0307615871951725e-09 
1.0307615871951725e-09 
1.0307615871951725e-09 
1.0307615871951725e-09 
1.0307615871951725e-09 
1.0307615871951725e-09 
1.0307615871951725e-09 
1.0307615871951725e-09 
1.0307615871951725e-09 
1.0307615871951725e-09 
1.0307615871951725e-09 
1.0307615871951725e-09 
1.0307615871951725e-09 
1.0307615871951725e-09 
1.0307615871951725e-09 
1.0307615871951725e-09 
1.0307615871951725e-09 
1.0307615871951725e-09 
1.0307615871951725e-09 
1.0307615871951725e-09 
1.0307615871951725e-09 
1.0307615871951725e-09 
1.0307615871951725e-09 
1.0307615871951725e-09 
1.0307615871951725e-09 
1.0307615871951725e-09 
1.0307615871951725e-09 
1.0307615871951725e-09 
1.0307615871951725e-09 
1.0307615871951725e-09 
1.0307615871951725e-09 
1.0307615871951725e-09 
1.0307615871951725e-09 
1.0307615871951725e-09 
1.0307615871951725e-09 
1.0307615871951725e-09 
1.0307615871951725e-09 
1.0307615871951725e-09 
1.0307615871951725e-09 
1.0307615871951725e-09 
1.0307615871951725e-09 
1.0307615871951725e-09 
1.0307615871951725e-09 
1.0307615871951725e-09 
1.0307615871951725e-09 
1.0307615871951725e-09 
1.0307615871951725e-09 
1.0307615871951725e-09 
1.0307615871951725e-09 
1.0307615871951725e-09 
1.0307615871951725e-09 
1.0307615871951725e-09 
1.0307615871951725e-09 
1.0307615871951725e-09 
1.0307615871951725e-09 
1.0307615871951725e-09 
1.0307615871951725e-09 
1.0307615871951725e-09 
1.0307615871951725e-09 
1.0307615871951725e-09 
1.0307615871951725e-09 
1.0307615871951725e-09 
1.0307615871951725e-09 
1.0307615871951725e-09 
1.0307615871951725e-09 
1.0307615871951725e-09 
1.0307615871951725e-09 
1.0307615871951725e-09 
1.0307615871951725e-09 
1.0307615871951725e-09 
1.0307615871951725e-09 
1.0307615871951725e-09 
1.0307615871951725e-09 
1.0307615871951725e-09 
1.0307615871951725e-09 
1.0307615871951725e-09 
1.0307615871951725e-09 
1.0307615871951725e-09 
1.0307615871951725e-09 
1.0307615871951725e-09 
1.0307615871951725e-09 
1.0307615871951725e-09 
1.0307615871951725e-09 
4.5962000871924147e-10 
4.5962000871924147e-10 
4.5962000871924147e-10 
4.5962000871924147e-10 
4.5962000871924147e-10 
4.5962000871924147e-10 
4.5962000871924147e-10 
4.5962000871924147e-10 
4.5962000871924147e-10 
4.5962000871924147e-10 
4.5962000871924147e-10 
4.5962000871924147e-10 
4.5962000871924147e-10 
4.5962000871924147e-10 
4.5962000871924147e-10 
4.5962000871924147e-10 
4.5962000871924147e-10 
4.5962000871924147e-10 
4.5962000871924147e-10 
4.5962000871924147e-10 
4.5962000871924147e-10 
4.5962000871924147e-10 
4.5962000871924147e-10 
4.5962000871924147e-10 
4.5962000871924147e-10 
4.5962000871924147e-10 
4.5962000871924147e-10 
4.5962000871924147e-10 
4.5962000871924147e-10 
4.5962000871924147e-10 
4.5962000871924147e-10 
4.5962000871924147e-10 
4.5962000871924147e-10 
4.5962000871924147e-10 
4.5962000871924147e-10 
4.5962000871924147e-10 
4.5962000871924147e-10 
4.5962000871924147e-10 
4.5962000871924147e-10 
4.5962000871924147e-10 
4.5962000871924147e-10 
4.5962000871924147e-10 
4.5962000871924147e-10 
4.5962000871924147e-10 
4.5962000871924147e-10 
4.5962000871924147e-10 
4.5962000871924147e-10 
4.5962000871924147e-10 
4.5962000871924147e-10 
4.5962000871924147e-10 
4.5962000871924147e-10 
4.5962000871924147e-10 
4.5962000871924147e-10 
4.5962000871924147e-10 
4.5962000871924147e-10 
4.5962000871924147e-10 
4.5962000871924147e-10 
4.5962000871924147e-10 
4.5962000871924147e-10 
4.5962000871924147e-10 
4.5962000871924147e-10 
4.5962000871924147e-10 
4.5962000871924147e-10 
4.5962000871924147e-10 
4.5962000871924147e-10 
4.5962000871924147e-10 
4.5962000871924147e-10 
4.5962000871924147e-10 
4.5962000871924147e-10 
4.5962000871924147e-10 
4.5962000871924147e-10 
4.5962000871924147e-10 
4.5962000871924147e-10 
4.5962000871924147e-10 
4.5962000871924147e-10 
4.5962000871924147e-10 
4.5962000871924147e-10 
4.5962000871924147e-10 
4.5962000871924147e-10 
4.5962000871924147e-10 
4.5962000871924147e-10 
4.5962000871924147e-10 
4.5962000871924147e-10 
4.5962000871924147e-10 
4.5962000871924147e-10 
4.5962000871924147e-10 
4.5962000871924147e-10 
4.5962000871924147e-10 
4.5962000871924147e-10 
4.5962000871924147e-10 
4.5962000871924147e-10 
4.5962000871924147e-10 
4.5962000871924147e-10 
4.5962000871924147e-10 
4.5962000871924147e-10 
4.5962000871924147e-10 
4.5962000871924147e-10 
4.5962000871924147e-10 
4.5962000871924147e-10 
