0.63711783606907613 
0.63711783606907613 
0.63711783606907613 
0.62591023954747738 
0.59374959540999495 
0.56800292616679182 
0.54909032652331835 
0.53744055116142786 
0.53349101473937877 
0.53349101473937877 
0.53349101473937877 
0.53349101473937877 
0.52567856951364933 
0.51665331463967401 
0.50864522937545265 
0.50179440882901327 
0.49624910236680692 
0.49216571361370759 
0.48970880045301307 
0.4890510750264444 
0.48463250420266457 
0.48152140465631016 
0.47881878081747381 
0.47013767214477747 
0.46083332480228684 
0.45184653463105923 
0.44315533671983826 
0.43473995628903533 
0.42658280869073167 
0.41866849940867668 
0.41098382405828909 
0.40351776838665593 
0.39626150827253409 
0.38920840972634824 
0.38235402889019304 
0.37569611203783093 
0.36923459557469429 
0.36297160603788331 
0.35691146009616825 
0.35106066454998697 
0.34542791633144748 
0.34002410250432563 
0.33486230026406699 
0.32904718050590942 
0.32326052613217388 
0.31779559856644951 
0.3126765085609014 
0.30793092103113034 
0.30359005505617076 
0.29894507162039152 
0.29442656112014365 
0.29029295168961833 
0.28657369810361166 
0.28330151809842757 
0.28051239237187731 
0.27681270794126722 
0.27343888539730982 
0.27041576071599566 
0.26776403754891748 
0.26550656456911592 
0.26366833547108026 
0.26109138553277633 
0.25787911108010902 
0.25489886540918805 
0.25215663655124559 
0.24965939895740183 
0.24741511349866496 
0.22677339816866643 
0.21629798851987378 
0.21629798851987378 
0.21223180671552533 
0.21041000849728547 
0.21041000849728547 
0.20939171959407069 
0.2028197318476225 
0.19789635558613475 
0.19457252753180326 
0.19279969251663526 
0.19252980348244922 
0.18861028519752368 
0.18405676476919988 
0.18157170304953474 
0.17693964877347582 
0.17258905727415697 
0.16909271716510882 
0.16567492083978233 
0.16211231374796975 
0.15768910873228201 
0.15629042468230309 
0.15528766747085443 
0.15120422271987527 
0.14655302435017789 
0.14215762057755488 
0.13799588332924198 
0.13404671941855528 
0.13029007054489175 
0.12670691329372899 
0.12327925913662534 
0.11999015443121967 
0.11682368042123174 
0.11376495323646187 
0.11080012389279108 
0.10791637829218111 
0.10510193722267437 
0.10234605635839399 
0.099639026259543712 
0.09697217237240803 
0.094337855029352075 
0.091729469448821752 
0.089141445735343577 
0.08656924887952476 
0.084009378758053144 
0.081459370133697459 
0.078917792655306865 
0.076384250857811475 
0.073859384162221875 
0.07134486687562934 
0.068843408191206046 
0.066358752188204542 
0.063895677831958445 
0.061459998973881734 
0.059058564351469132 
0.056699257588296248 
0.054390997194019165 
0.052143736564374717 
0.049968463981180426 
0.047877202612334559 
0.045883010511815994 
0.043999980619684319 
0.042243240762079817 
0.040628953651223501 
0.039174316885416949 
0.037897562949042528 
0.03681795921256327 
0.035955807932522892 
0.035332446251545795 
0.034970246198337072 
0.034892614687682504 
0.034862692448196543 
0.034862692448196543 
0.034862692448196543 
0.034842558214802845 
0.034842558214802845 
0.034842558214802845 
0.034842306938232773 
0.03483669767065041 
0.03483669767065041 
0.034833902194174891 
0.034655139396428288 
0.034365368928051483 
0.034014426633841938 
0.03354179412328305 
0.033139646780411675 
0.03274441335743862 
0.032266818752760801 
0.031801332173858117 
0.031367573060521424 
0.030584108994351853 
0.02967509308372461 
0.028797539653112963 
0.02795045303462626 
0.026856752700410401 
0.025813378696532836 
0.024430301874813393 
0.023731610531672463 
0.022764386657159245 
0.021810628190940835 
0.020918202946088128 
0.019874191473044624 
0.018733955356168185 
0.017640010890936246 
0.016589993695387124 
0.015582106802378018 
0.014615120659585248 
0.01368837312950408 
0.012801769489448814 
0.011955782431552681 
0.011151452062767899 
0.010390385904865802 
0.0096747588944365998 
0.0090073133828895372 
0.0083913591364528604 
0.0078307733361738033 
0.0072584233920972479 
0.0067075223220965157 
0.006212455934883801 
0.0057220236157936571 
0.0051853247079092987 
0.0046899762237323107 
0.0042363524459393771 
0.0038253211953277015 
0.0034468099332764356 
0.0030558570096627575 
0.0026838103216088914 
0.0022784980559317509 
0.0019005771575908797 
0.0015581998882093677 
0.0012626604005838609 
0.0010089793175691443 
0.00077171213600459325 
0.00057825416252953318 
0.00042445293021780455 
0.00030247514062816815 
0.00019379869882101377 
0.00011059368575703166 
5.2075533982845102e-05 
1.7859094693088968e-05 
1.0459801230981262e-06 
1.0459801230981262e-06 
1.0459801230981262e-06 
1.0459801230981262e-06 
7.423498852081219e-07 
7.423498852081219e-07 
7.423498852081219e-07 
7.423498852081219e-07 
7.423498852081219e-07 
7.423498852081219e-07 
7.423498852081219e-07 
7.423498852081219e-07 
7.423498852081219e-07 
7.423498852081219e-07 
7.423498852081219e-07 
7.423498852081219e-07 
7.423498852081219e-07 
7.423498852081219e-07 
9.3080482056846285e-09 
9.3080482056846285e-09 
9.3080482056846285e-09 
9.3080482056846285e-09 
9.3080482056846285e-09 
9.3080482056846285e-09 
9.3080482056846285e-09 
9.3080482056846285e-09 
9.3080482056846285e-09 
9.3080482056846285e-09 
9.3080482056846285e-09 
9.3080482056846285e-09 
9.3080482056846285e-09 
9.3080482056846285e-09 
9.3080482056846285e-09 
9.3080482056846285e-09 
9.3080482056846285e-09 
9.3080482056846285e-09 
9.3080482056846285e-09 
9.3080482056846285e-09 
9.3080482056846285e-09 
9.3080482056846285e-09 
9.3080482056846285e-09 
9.3080482056846285e-09 
9.3080482056846285e-09 
9.3080482056846285e-09 
9.3080482056846285e-09 
9.3080482056846285e-09 
9.3080482056846285e-09 
9.3080482056846285e-09 
9.3080482056846285e-09 
9.3080482056846285e-09 
9.3080482056846285e-09 
9.3080482056846285e-09 
9.3080482056846285e-09 
9.3080482056846285e-09 
9.3080482056846285e-09 
9.3080482056846285e-09 
9.3080482056846285e-09 
9.3080482056846285e-09 
9.3080482056846285e-09 
9.3080482056846285e-09 
9.3080482056846285e-09 
9.3080482056846285e-09 
9.3080482056846285e-09 
9.3080482056846285e-09 
9.3080482056846285e-09 
9.3080482056846285e-09 
9.3080482056846285e-09 
9.3080482056846285e-09 
9.3080482056846285e-09 
9.3080482056846285e-09 
9.3080482056846285e-09 
9.3080482056846285e-09 
9.3080482056846285e-09 
9.3080482056846285e-09 
9.3080482056846285e-09 
9.3080482056846285e-09 
9.3080482056846285e-09 
9.3080482056846285e-09 
9.3080482056846285e-09 
9.3080482056846285e-09 
9.3080482056846285e-09 
9.3080482056846285e-09 
9.3080482056846285e-09 
9.3080482056846285e-09 
9.3080482056846285e-09 
9.3080482056846285e-09 
9.3080482056846285e-09 
9.3080482056846285e-09 
9.3080482056846285e-09 
9.3080482056846285e-09 
9.3080482056846285e-09 
9.3080482056846285e-09 
9.3080482056846285e-09 
9.3080482056846285e-09 
9.3080482056846285e-09 
9.3080482056846285e-09 
9.3080482056846285e-09 
9.3080482056846285e-09 
9.3080482056846285e-09 
9.3080482056846285e-09 
9.3080482056846285e-09 
9.3080482056846285e-09 
9.3080482056846285e-09 
9.3080482056846285e-09 
9.3080482056846285e-09 
9.3080482056846285e-09 
9.3080482056846285e-09 
9.3080482056846285e-09 
9.3080482056846285e-09 
9.3080482056846285e-09 
9.3080482056846285e-09 
9.3080482056846285e-09 
9.3080482056846285e-09 
9.3080482056846285e-09 
9.3080482056846285e-09 
9.3080482056846285e-09 
9.3080482056846285e-09 
9.3080482056846285e-09 
9.3080482056846285e-09 
9.3080482056846285e-09 
9.3080482056846285e-09 
9.3080482056846285e-09 
9.3080482056846285e-09 
9.3080482056846285e-09 
9.3080482056846285e-09 
9.3080482056846285e-09 
9.3080482056846285e-09 
9.3080482056846285e-09 
9.3080482056846285e-09 
9.3080482056846285e-09 
9.3080482056846285e-09 
9.3080482056846285e-09 
9.3080482056846285e-09 
9.3080482056846285e-09 
9.3080482056846285e-09 
9.3080482056846285e-09 
9.3080482056846285e-09 
9.3080482056846285e-09 
9.3080482056846285e-09 
9.3080482056846285e-09 
9.3080482056846285e-09 
9.3080482056846285e-09 
9.3080482056846285e-09 
9.3080482056846285e-09 
9.3080482056846285e-09 
9.3080482056846285e-09 
9.3080482056846285e-09 
9.3080482056846285e-09 
9.3080482056846285e-09 
9.3080482056846285e-09 
9.3080482056846285e-09 
9.3080482056846285e-09 
9.3080482056846285e-09 
9.3080482056846285e-09 
9.3080482056846285e-09 
9.3080482056846285e-09 
9.3080482056846285e-09 
9.3080482056846285e-09 
9.3080482056846285e-09 
9.3080482056846285e-09 
9.3080482056846285e-09 
9.3080482056846285e-09 
9.3080482056846285e-09 
9.3080482056846285e-09 
9.3080482056846285e-09 
9.3080482056846285e-09 
9.3080482056846285e-09 
9.3080482056846285e-09 
9.3080482056846285e-09 
9.3080482056846285e-09 
9.3080482056846285e-09 
9.3080482056846285e-09 
9.3080482056846285e-09 
9.3080482056846285e-09 
9.3080482056846285e-09 
9.3080482056846285e-09 
9.3080482056846285e-09 
9.3080482056846285e-09 
9.3080482056846285e-09 
9.3080482056846285e-09 
9.3080482056846285e-09 
9.3080482056846285e-09 
9.3080482056846285e-09 
9.3080482056846285e-09 
9.3080482056846285e-09 
9.3080482056846285e-09 
9.3080482056846285e-09 
9.3080482056846285e-09 
9.3080482056846285e-09 
9.3080482056846285e-09 
9.3080482056846285e-09 
9.3080482056846285e-09 
9.3080482056846285e-09 
9.3080482056846285e-09 
9.3080482056846285e-09 
9.3080482056846285e-09 
9.3080482056846285e-09 
9.3080482056846285e-09 
9.3080482056846285e-09 
9.3080482056846285e-09 
9.3080482056846285e-09 
9.3080482056846285e-09 
9.3080482056846285e-09 
9.3080482056846285e-09 
9.3080482056846285e-09 
9.3080482056846285e-09 
9.3080482056846285e-09 
9.3080482056846285e-09 
9.3080482056846285e-09 
9.3080482056846285e-09 
9.3080482056846285e-09 
9.3080482056846285e-09 
9.3080482056846285e-09 
9.3080482056846285e-09 
9.3080482056846285e-09 
9.3080482056846285e-09 
9.3080482056846285e-09 
9.3080482056846285e-09 
9.3080482056846285e-09 
9.3080482056846285e-09 
9.3080482056846285e-09 
9.3080482056846285e-09 
9.3080482056846285e-09 
9.3080482056846285e-09 
9.3080482056846285e-09 
9.3080482056846285e-09 
9.3080482056846285e-09 
9.3080482056846285e-09 
4.3874600518277251e-09 
4.3874600518277251e-09 
4.3874600518277251e-09 
4.3874600518277251e-09 
4.3874600518277251e-09 
4.3874600518277251e-09 
4.3874600518277251e-09 
4.3874600518277251e-09 
4.3874600518277251e-09 
4.3874600518277251e-09 
4.3874600518277251e-09 
4.3874600518277251e-09 
4.3874600518277251e-09 
4.3874600518277251e-09 
4.3874600518277251e-09 
4.3874600518277251e-09 
4.3874600518277251e-09 
4.3874600518277251e-09 
4.3874600518277251e-09 
4.3874600518277251e-09 
4.3874600518277251e-09 
4.3874600518277251e-09 
4.3874600518277251e-09 
4.3874600518277251e-09 
2.99296738413393e-09 
2.99296738413393e-09 
2.99296738413393e-09 
2.99296738413393e-09 
2.99296738413393e-09 
2.99296738413393e-09 
2.99296738413393e-09 
2.99296738413393e-09 
2.99296738413393e-09 
2.99296738413393e-09 
2.99296738413393e-09 
2.99296738413393e-09 
2.99296738413393e-09 
2.99296738413393e-09 
2.99296738413393e-09 
2.99296738413393e-09 
2.99296738413393e-09 
2.99296738413393e-09 
2.99296738413393e-09 
2.99296738413393e-09 
2.99296738413393e-09 
2.99296738413393e-09 
2.99296738413393e-09 
2.99296738413393e-09 
2.99296738413393e-09 
2.99296738413393e-09 
2.99296738413393e-09 
2.99296738413393e-09 
2.99296738413393e-09 
2.99296738413393e-09 
2.99296738413393e-09 
2.99296738413393e-09 
2.99296738413393e-09 
2.99296738413393e-09 
2.99296738413393e-09 
2.99296738413393e-09 
2.99296738413393e-09 
2.99296738413393e-09 
2.99296738413393e-09 
2.99296738413393e-09 
2.99296738413393e-09 
2.99296738413393e-09 
2.99296738413393e-09 
2.99296738413393e-09 
2.99296738413393e-09 
2.99296738413393e-09 
2.99296738413393e-09 
2.99296738413393e-09 
2.99296738413393e-09 
2.99296738413393e-09 
2.99296738413393e-09 
2.99296738413393e-09 
2.99296738413393e-09 
2.99296738413393e-09 
2.99296738413393e-09 
2.99296738413393e-09 
2.99296738413393e-09 
2.99296738413393e-09 
2.99296738413393e-09 
2.99296738413393e-09 
2.99296738413393e-09 
2.99296738413393e-09 
2.99296738413393e-09 
2.99296738413393e-09 
2.99296738413393e-09 
2.99296738413393e-09 
2.99296738413393e-09 
2.99296738413393e-09 
2.99296738413393e-09 
2.99296738413393e-09 
2.3951372283684689e-09 
2.3951372283684689e-09 
2.3951372283684689e-09 
2.3951372283684689e-09 
2.3951372283684689e-09 
2.3951372283684689e-09 
2.3951372283684689e-09 
2.3951372283684689e-09 
2.3951372283684689e-09 
2.3951372283684689e-09 
2.3951372283684689e-09 
2.3951372283684689e-09 
2.3951372283684689e-09 
2.3951372283684689e-09 
2.3951372283684689e-09 
2.3951372283684689e-09 
2.3951372283684689e-09 
2.3951372283684689e-09 
2.3951372283684689e-09 
2.3951372283684689e-09 
2.3951372283684689e-09 
1.7678007114866622e-09 
1.7678007114866622e-09 
1.7678007114866622e-09 
1.7678007114866622e-09 
1.7678007114866622e-09 
1.7678007114866622e-09 
1.7678007114866622e-09 
1.7678007114866622e-09 
1.7678007114866622e-09 
1.7678007114866622e-09 
1.7678007114866622e-09 
1.7678007114866622e-09 
1.7678007114866622e-09 
1.7678007114866622e-09 
1.7678007114866622e-09 
1.7678007114866622e-09 
1.7678007114866622e-09 
1.7678007114866622e-09 
1.7678007114866622e-09 
1.7678007114866622e-09 
1.7678007114866622e-09 
1.7678007114866622e-09 
1.7678007114866622e-09 
1.7678007114866622e-09 
1.7678007114866622e-09 
1.7678007114866622e-09 
1.7678007114866622e-09 
1.7678007114866622e-09 
1.7678007114866622e-09 
1.7678007114866622e-09 
1.7678007114866622e-09 
1.7678007114866622e-09 
1.7678007114866622e-09 
1.7678007114866622e-09 
1.7678007114866622e-09 
1.7678007114866622e-09 
1.7678007114866622e-09 
1.7678007114866622e-09 
1.7678007114866622e-09 
1.7678007114866622e-09 
1.7678007114866622e-09 
1.7678007114866622e-09 
1.7678007114866622e-09 
1.7678007114866622e-09 
1.7678007114866622e-09 
1.7678007114866622e-09 
1.7678007114866622e-09 
1.7678007114866622e-09 
1.7678007114866622e-09 
1.7678007114866622e-09 
1.7678007114866622e-09 
1.7678007114866622e-09 
1.7678007114866622e-09 
1.7678007114866622e-09 
1.7678007114866622e-09 
1.7678007114866622e-09 
1.7678007114866622e-09 
1.7678007114866622e-09 
1.7678007114866622e-09 
1.7678007114866622e-09 
1.7678007114866622e-09 
1.7678007114866622e-09 
1.7678007114866622e-09 
1.7678007114866622e-09 
1.7678007114866622e-09 
1.7678007114866622e-09 
1.7678007114866622e-09 
1.7678007114866622e-09 
1.7678007114866622e-09 
1.7678007114866622e-09 
1.7678007114866622e-09 
1.7678007114866622e-09 
1.7678007114866622e-09 
1.7678007114866622e-09 
1.7678007114866622e-09 
1.7678007114866622e-09 
1.7678007114866622e-09 
1.7678007114866622e-09 
1.7678007114866622e-09 
1.7678007114866622e-09 
1.7678007114866622e-09 
1.7678007114866622e-09 
1.7678007114866622e-09 
1.7678007114866622e-09 
1.7678007114866622e-09 
1.7678007114866622e-09 
1.7678007114866622e-09 
1.7678007114866622e-09 
1.7678007114866622e-09 
1.7678007114866622e-09 
1.7678007114866622e-09 
1.7678007114866622e-09 
1.7678007114866622e-09 
1.7678007114866622e-09 
1.7678007114866622e-09 
1.7678007114866622e-09 
1.7678007114866622e-09 
1.7678007114866622e-09 
1.7678007114866622e-09 
1.7678007114866622e-09 
1.7678007114866622e-09 
1.7678007114866622e-09 
1.7678007114866622e-09 
1.7678007114866622e-09 
1.7678007114866622e-09 
1.7678007114866622e-09 
1.7678007114866622e-09 
1.7678007114866622e-09 
1.7678007114866622e-09 
1.7678007114866622e-09 
1.7678007114866622e-09 
1.7678007114866622e-09 
1.7678007114866622e-09 
1.7678007114866622e-09 
1.7678007114866622e-09 
1.7678007114866622e-09 
1.7678007114866622e-09 
1.7678007114866622e-09 
1.7678007114866622e-09 
1.7678007114866622e-09 
1.7678007114866622e-09 
1.7678007114866622e-09 
1.7678007114866622e-09 
1.7678007114866622e-09 
1.7678007114866622e-09 
1.7678007114866622e-09 
1.7678007114866622e-09 
1.7678007114866622e-09 
1.7678007114866622e-09 
1.7678007114866622e-09 
1.7678007114866622e-09 
1.7678007114866622e-09 
1.7678007114866622e-09 
1.7678007114866622e-09 
1.7678007114866622e-09 
1.7678007114866622e-09 
1.7678007114866622e-09 
1.7678007114866622e-09 
1.7678007114866622e-09 
1.7678007114866622e-09 
1.7678007114866622e-09 
1.7678007114866622e-09 
1.7678007114866622e-09 
1.7678007114866622e-09 
1.7678007114866622e-09 
1.7678007114866622e-09 
1.7678007114866622e-09 
1.7678007114866622e-09 
1.7678007114866622e-09 
1.7678007114866622e-09 
1.7678007114866622e-09 
1.7678007114866622e-09 
1.7678007114866622e-09 
1.7678007114866622e-09 
1.7678007114866622e-09 
1.7678007114866622e-09 
1.7678007114866622e-09 
1.7678007114866622e-09 
1.7678007114866622e-09 
1.7678007114866622e-09 
1.7678007114866622e-09 
1.7678007114866622e-09 
1.7678007114866622e-09 
1.7678007114866622e-09 
1.7678007114866622e-09 
1.7678007114866622e-09 
1.7678007114866622e-09 
1.7678007114866622e-09 
1.7678007114866622e-09 
1.7678007114866622e-09 
1.7678007114866622e-09 
1.7678007114866622e-09 
1.7678007114866622e-09 
1.7678007114866622e-09 
1.7678007114866622e-09 
1.7678007114866622e-09 
1.7678007114866622e-09 
1.7678007114866622e-09 
1.7678007114866622e-09 
1.7678007114866622e-09 
1.7678007114866622e-09 
1.7678007114866622e-09 
1.7678007114866622e-09 
1.7678007114866622e-09 
1.7678007114866622e-09 
1.7678007114866622e-09 
1.7678007114866622e-09 
1.7678007114866622e-09 
1.7678007114866622e-09 
1.7678007114866622e-09 
1.7678007114866622e-09 
1.7678007114866622e-09 
1.7678007114866622e-09 
1.7678007114866622e-09 
1.7678007114866622e-09 
1.7678007114866622e-09 
1.7678007114866622e-09 
1.7678007114866622e-09 
1.5399092853249113e-09 
1.5399092853249113e-09 
1.5399092853249113e-09 
1.5399092853249113e-09 
1.5399092853249113e-09 
1.5399092853249113e-09 
1.5399092853249113e-09 
1.5399092853249113e-09 
1.5399092853249113e-09 
1.5399092853249113e-09 
1.5399092853249113e-09 
1.5399092853249113e-09 
1.5399092853249113e-09 
1.5399092853249113e-09 
1.5399092853249113e-09 
1.5399092853249113e-09 
1.5399092853249113e-09 
1.5399092853249113e-09 
1.5399092853249113e-09 
1.5399092853249113e-09 
1.5399092853249113e-09 
1.5399092853249113e-09 
1.5399092853249113e-09 
1.5399092853249113e-09 
1.5399092853249113e-09 
1.5399092853249113e-09 
1.5399092853249113e-09 
1.5399092853249113e-09 
1.5399092853249113e-09 
1.5399092853249113e-09 
1.5399092853249113e-09 
1.5399092853249113e-09 
1.5399092853249113e-09 
1.5399092853249113e-09 
1.5399092853249113e-09 
1.5399092853249113e-09 
1.5399092853249113e-09 
1.5399092853249113e-09 
1.5399092853249113e-09 
1.5399092853249113e-09 
1.5399092853249113e-09 
1.5399092853249113e-09 
1.5399092853249113e-09 
1.5399092853249113e-09 
1.5399092853249113e-09 
1.5399092853249113e-09 
1.5399092853249113e-09 
1.5399092853249113e-09 
1.5399092853249113e-09 
1.5399092853249113e-09 
1.5399092853249113e-09 
1.5399092853249113e-09 
1.5399092853249113e-09 
1.5399092853249113e-09 
1.5399092853249113e-09 
1.5399092853249113e-09 
1.5399092853249113e-09 
1.5399092853249113e-09 
1.5399092853249113e-09 
1.5399092853249113e-09 
1.5399092853249113e-09 
1.5399092853249113e-09 
1.5399092853249113e-09 
1.5399092853249113e-09 
1.5399092853249113e-09 
1.5399092853249113e-09 
1.5399092853249113e-09 
1.5399092853249113e-09 
1.5399092853249113e-09 
1.5399092853249113e-09 
1.5399092853249113e-09 
1.5399092853249113e-09 
1.5399092853249113e-09 
1.5399092853249113e-09 
1.5399092853249113e-09 
1.5399092853249113e-09 
1.5399092853249113e-09 
1.5399092853249113e-09 
1.5399092853249113e-09 
1.5399092853249113e-09 
1.5399092853249113e-09 
1.5399092853249113e-09 
1.5399092853249113e-09 
1.5399092853249113e-09 
1.5399092853249113e-09 
1.5399092853249113e-09 
1.5399092853249113e-09 
1.5399092853249113e-09 
1.5399092853249113e-09 
1.5399092853249113e-09 
1.5399092853249113e-09 
1.5399092853249113e-09 
1.5399092853249113e-09 
1.5399092853249113e-09 
1.5399092853249113e-09 
1.5399092853249113e-09 
1.5399092853249113e-09 
1.5399092853249113e-09 
1.5399092853249113e-09 
1.5399092853249113e-09 
1.5399092853249113e-09 
1.5399092853249113e-09 
1.5399092853249113e-09 
1.5399092853249113e-09 
1.5399092853249113e-09 
1.5399092853249113e-09 
1.5399092853249113e-09 
1.5399092853249113e-09 
1.5399092853249113e-09 
1.5399092853249113e-09 
1.5399092853249113e-09 
1.5399092853249113e-09 
1.5399092853249113e-09 
1.5399092853249113e-09 
1.5399092853249113e-09 
1.5399092853249113e-09 
1.5399092853249113e-09 
1.5399092853249113e-09 
1.5399092853249113e-09 
1.5399092853249113e-09 
1.5399092853249113e-09 
1.5399092853249113e-09 
1.5399092853249113e-09 
1.5399092853249113e-09 
1.5399092853249113e-09 
1.5399092853249113e-09 
1.5399092853249113e-09 
1.5399092853249113e-09 
1.5399092853249113e-09 
1.5399092853249113e-09 
1.5399092853249113e-09 
1.5399092853249113e-09 
1.5399092853249113e-09 
1.5399092853249113e-09 
1.5399092853249113e-09 
1.5399092853249113e-09 
1.5399092853249113e-09 
1.5399092853249113e-09 
1.5399092853249113e-09 
1.5399092853249113e-09 
1.5399092853249113e-09 
1.5399092853249113e-09 
1.5399092853249113e-09 
1.5399092853249113e-09 
1.5399092853249113e-09 
1.5399092853249113e-09 
1.5399092853249113e-09 
1.5399092853249113e-09 
1.5399092853249113e-09 
1.5399092853249113e-09 
1.5399092853249113e-09 
1.5399092853249113e-09 
1.5399092853249113e-09 
1.5399092853249113e-09 
1.5399092853249113e-09 
1.5399092853249113e-09 
1.5399092853249113e-09 
1.5399092853249113e-09 
1.5399092853249113e-09 
1.5399092853249113e-09 
1.5399092853249113e-09 
1.5399092853249113e-09 
1.5399092853249113e-09 
1.5399092853249113e-09 
1.5399092853249113e-09 
1.5399092853249113e-09 
1.5399092853249113e-09 
1.5399092853249113e-09 
1.5399092853249113e-09 
1.5399092853249113e-09 
1.5399092853249113e-09 
1.5399092853249113e-09 
1.5399092853249113e-09 
1.5399092853249113e-09 
1.5399092853249113e-09 
1.5399092853249113e-09 
1.5399092853249113e-09 
1.5399092853249113e-09 
1.5399092853249113e-09 
1.5399092853249113e-09 
1.5399092853249113e-09 
1.5399092853249113e-09 
1.5399092853249113e-09 
1.5399092853249113e-09 
1.5399092853249113e-09 
1.5399092853249113e-09 
1.5399092853249113e-09 
1.5399092853249113e-09 
1.5399092853249113e-09 
1.5399092853249113e-09 
1.5399092853249113e-09 
1.5399092853249113e-09 
1.5399092853249113e-09 
1.5399092853249113e-09 
1.5399092853249113e-09 
1.5399092853249113e-09 
1.5399092853249113e-09 
1.5399092853249113e-09 
1.5399092853249113e-09 
1.5399092853249113e-09 
1.5399092853249113e-09 
1.5399092853249113e-09 
1.5399092853249113e-09 
1.5399092853249113e-09 
1.5399092853249113e-09 
1.5399092853249113e-09 
1.5399092853249113e-09 
1.5399092853249113e-09 
1.5399092853249113e-09 
1.5399092853249113e-09 
1.5399092853249113e-09 
1.5399092853249113e-09 
1.5399092853249113e-09 
1.5399092853249113e-09 
1.5399092853249113e-09 
1.5399092853249113e-09 
1.5399092853249113e-09 
1.5399092853249113e-09 
1.5399092853249113e-09 
1.5399092853249113e-09 
1.5399092853249113e-09 
1.5399092853249113e-09 
1.5399092853249113e-09 
1.5399092853249113e-09 
1.5399092853249113e-09 
1.5399092853249113e-09 
1.5399092853249113e-09 
1.5399092853249113e-09 
1.5399092853249113e-09 
1.5399092853249113e-09 
1.5399092853249113e-09 
1.5399092853249113e-09 
1.5399092853249113e-09 
1.5399092853249113e-09 
1.5399092853249113e-09 
1.5399092853249113e-09 
1.5399092853249113e-09 
1.5399092853249113e-09 
1.5399092853249113e-09 
1.5399092853249113e-09 
1.5399092853249113e-09 
1.5399092853249113e-09 
1.5399092853249113e-09 
1.5399092853249113e-09 
1.5399092853249113e-09 
1.5399092853249113e-09 
1.5399092853249113e-09 
1.5399092853249113e-09 
1.5399092853249113e-09 
1.5399092853249113e-09 
1.5399092853249113e-09 
1.5399092853249113e-09 
