1.1493740507847501 
0.56099713060195189 
0.43881961144683224 
0.069111817657426272 
0.069111817657426272 
0.069111817657426272 
0.069111817657426272 
0.069111817657426272 
0.069111817657426272 
0.069111817657426272 
0.069111817657426272 
0.066174233522971276 
0.066174233522971276 
0.024322824120191114 
0.0068121013716251778 
0.0068121013716251778 
0.0068121013716251778 
0.0067596617368379771 
0.0067596617368379771 
0.0067596617368379771 
0.0067596617368379771 
0.0067596617368379771 
0.0067596617368379771 
0.0067596617368379771 
0.0065225692768782649 
0.0061068113221130794 
0.0061068113221130794 
0.0061068113221130794 
0.005607909715745504 
0.005607909715745504 
0.005607909715745504 
0.005607909715745504 
0.005607909715745504 
0.0039683144292369937 
0.0039683144292369937 
0.0039683144292369937 
0.0026331027224397226 
0.0026331027224397226 
0.0026331027224397226 
0.0026331027224397226 
0.0026331027224397226 
0.0018099155160369574 
0.0018099155160369574 
0.0018099155160369574 
0.0014907132551842915 
0.0014907132551842915 
0.0014907132551842915 
0.0014907132551842915 
0.0014907132551842915 
0.00080497686078745878 
0.00080497686078745878 
0.00076725698826478014 
0.00030285333126432734 
0.00030285333126432734 
0.00030285333126432734 
0.00027557026345492378 
0.00027557026345492378 
0.00027557026345492378 
0.00027029749181757556 
5.2489977471984706e-05 
5.2489977471984706e-05 
4.6238358742500096e-05 
1.4205733244713516e-06 
1.4205733244713516e-06 
1.4205733244713516e-06 
1.4205733244713516e-06 
1.4205733244713516e-06 
1.4205733244713516e-06 
1.4205733244713516e-06 
1.4205733244713516e-06 
1.4205733244713516e-06 
1.4205733244713516e-06 
1.4205733244713516e-06 
1.4205733244713516e-06 
1.4205733244713516e-06 
1.4205733244713516e-06 
1.4205733244713516e-06 
1.4205733244713516e-06 
1.4205733244713516e-06 
1.4205733244713516e-06 
1.4205733244713516e-06 
1.4205733244713516e-06 
1.4205733244713516e-06 
1.4205733244713516e-06 
9.7391923421183426e-07 
5.229640038639883e-07 
5.229640038639883e-07 
5.229640038639883e-07 
3.5136065748944993e-07 
3.5136065748944993e-07 
3.5136065748944993e-07 
3.5136065748944993e-07 
2.3909097306767983e-07 
2.3909097306767983e-07 
2.3909097306767983e-07 
7.6163815032187527e-08 
7.6163815032187527e-08 
7.6163815032187527e-08 
7.6163815032187527e-08 
7.6163815032187527e-08 
7.6163815032187527e-08 
7.6163815032187527e-08 
4.6951967645304185e-08 
4.6951967645304185e-08 
4.6951967645304185e-08 
4.6951967645304185e-08 
4.6951967645304185e-08 
4.6951967645304185e-08 
4.6951967645304185e-08 
4.6951967645304185e-08 
4.6951967645304185e-08 
4.6951967645304185e-08 
4.6951967645304185e-08 
4.6951967645304185e-08 
4.6951967645304185e-08 
4.6951967645304185e-08 
4.6951967645304185e-08 
4.6951967645304185e-08 
4.6951967645304185e-08 
4.6951967645304185e-08 
4.6951967645304185e-08 
4.6951967645304185e-08 
4.6951967645304185e-08 
4.6951967645304185e-08 
4.6951967645304185e-08 
4.6951967645304185e-08 
4.6951967645304185e-08 
4.6951967645304185e-08 
4.6951967645304185e-08 
4.6951967645304185e-08 
4.6951967645304185e-08 
4.6951967645304185e-08 
4.6951967645304185e-08 
4.6951967645304185e-08 
4.6951967645304185e-08 
4.6951967645304185e-08 
4.6951967645304185e-08 
4.6951967645304185e-08 
4.6951967645304185e-08 
4.6951967645304185e-08 
4.6951967645304185e-08 
4.6951967645304185e-08 
4.6951967645304185e-08 
4.6951967645304185e-08 
4.6951967645304185e-08 
4.6951967645304185e-08 
4.5079475831195448e-08 
4.5079475831195448e-08 
4.5079475831195448e-08 
4.5079475831195448e-08 
4.5079475831195448e-08 
4.5079475831195448e-08 
4.5079475831195448e-08 
4.5079475831195448e-08 
4.5079475831195448e-08 
4.5079475831195448e-08 
4.5079475831195448e-08 
4.5079475831195448e-08 
4.5079475831195448e-08 
4.5079475831195448e-08 
4.5079475831195448e-08 
4.5079475831195448e-08 
4.5079475831195448e-08 
4.5079475831195448e-08 
4.5079475831195448e-08 
4.5079475831195448e-08 
4.5079475831195448e-08 
2.1378127908041913e-08 
2.1378127908041913e-08 
7.3250851957989169e-09 
2.3379431267541395e-09 
2.3379431267541395e-09 
2.3379431267541395e-09 
1.6018203334148611e-09 
1.6018203334148611e-09 
1.6018203334148611e-09 
1.6018203334148611e-09 
1.2204890771511437e-09 
2.5007192720542809e-12 
2.5007192720542809e-12 
2.5007192720542809e-12 
2.5007192720542809e-12 
2.5007192720542809e-12 
2.5007192720542809e-12 
2.5007192720542809e-12 
2.5007192720542809e-12 
2.5007192720542809e-12 
2.5007192720542809e-12 
2.5007192720542809e-12 
2.5007192720542809e-12 
2.5007192720542809e-12 
2.5007192720542809e-12 
2.5007192720542809e-12 
2.5007192720542809e-12 
2.5007192720542809e-12 
2.5007192720542809e-12 
2.5007192720542809e-12 
2.5007192720542809e-12 
2.5007192720542809e-12 
2.5007192720542809e-12 
7.2154621897499406e-13 
7.2154621897499406e-13 
7.2154621897499406e-13 
7.2154621897499406e-13 
7.2154621897499406e-13 
7.2154621897499406e-13 
7.2154621897499406e-13 
7.2154621897499406e-13 
7.2154621897499406e-13 
7.2154621897499406e-13 
7.2154621897499406e-13 
7.2154621897499406e-13 
7.2154621897499406e-13 
7.2154621897499406e-13 
7.2154621897499406e-13 
7.2154621897499406e-13 
7.2154621897499406e-13 
7.2154621897499406e-13 
7.2154621897499406e-13 
7.2154621897499406e-13 
7.2154621897499406e-13 
7.2154621897499406e-13 
7.2154621897499406e-13 
7.2154621897499406e-13 
7.2154621897499406e-13 
7.2154621897499406e-13 
7.2154621897499406e-13 
7.2154621897499406e-13 
7.2154621897499406e-13 
7.2154621897499406e-13 
7.2154621897499406e-13 
7.2154621897499406e-13 
7.2154621897499406e-13 
7.2154621897499406e-13 
7.2154621897499406e-13 
7.2154621897499406e-13 
7.2154621897499406e-13 
7.2154621897499406e-13 
7.2154621897499406e-13 
7.2154621897499406e-13 
7.2154621897499406e-13 
7.2154621897499406e-13 
7.2154621897499406e-13 
7.2154621897499406e-13 
7.2154621897499406e-13 
7.2154621897499406e-13 
7.2154621897499406e-13 
7.2154621897499406e-13 
7.2154621897499406e-13 
7.2154621897499406e-13 
7.2154621897499406e-13 
7.2154621897499406e-13 
7.2154621897499406e-13 
7.2154621897499406e-13 
7.2154621897499406e-13 
7.2154621897499406e-13 
7.2154621897499406e-13 
7.2154621897499406e-13 
7.2154621897499406e-13 
7.2154621897499406e-13 
7.2154621897499406e-13 
7.2154621897499406e-13 
7.2154621897499406e-13 
7.2154621897499406e-13 
7.2154621897499406e-13 
7.2154621897499406e-13 
7.2154621897499406e-13 
7.2154621897499406e-13 
7.2154621897499406e-13 
7.2154621897499406e-13 
7.2154621897499406e-13 
7.2154621897499406e-13 
5.0222591355294219e-13 
5.0222591355294219e-13 
5.0222591355294219e-13 
2.5039098695893757e-13 
2.5039098695893757e-13 
2.5039098695893757e-13 
2.5039098695893757e-13 
2.5039098695893757e-13 
2.5039098695893757e-13 
2.5039098695893757e-13 
2.5039098695893757e-13 
2.5039098695893757e-13 
2.5039098695893757e-13 
2.5039098695893757e-13 
2.5039098695893757e-13 
2.5039098695893757e-13 
2.5039098695893757e-13 
2.5039098695893757e-13 
2.5039098695893757e-13 
2.0095873776051389e-13 
2.0095873776051389e-13 
2.0095873776051389e-13 
2.0095873776051389e-13 
2.0095873776051389e-13 
2.0095873776051389e-13 
2.0095873776051389e-13 
2.0095873776051389e-13 
2.0095873776051389e-13 
2.0095873776051389e-13 
2.0095873776051389e-13 
2.0095873776051389e-13 
2.0095873776051389e-13 
2.0095873776051389e-13 
2.0095873776051389e-13 
2.0095873776051389e-13 
2.0095873776051389e-13 
2.0095873776051389e-13 
2.0095873776051389e-13 
2.0095873776051389e-13 
2.0095873776051389e-13 
2.0095873776051389e-13 
2.0095873776051389e-13 
2.0095873776051389e-13 
2.0095873776051389e-13 
2.0095873776051389e-13 
2.0095873776051389e-13 
2.0095873776051389e-13 
2.0095873776051389e-13 
2.0095873776051389e-13 
2.0095873776051389e-13 
2.0095873776051389e-13 
2.0095873776051389e-13 
2.0095873776051389e-13 
2.0095873776051389e-13 
2.0095873776051389e-13 
2.0095873776051389e-13 
2.0095873776051389e-13 
2.0095873776051389e-13 
2.0095873776051389e-13 
2.0095873776051389e-13 
2.0095873776051389e-13 
2.0095873776051389e-13 
2.0095873776051389e-13 
2.0095873776051389e-13 
2.0095873776051389e-13 
2.0095873776051389e-13 
2.0095873776051389e-13 
2.0095873776051389e-13 
2.0095873776051389e-13 
2.0095873776051389e-13 
2.0095873776051389e-13 
2.0095873776051389e-13 
2.0095873776051389e-13 
2.0095873776051389e-13 
2.0095873776051389e-13 
2.0095873776051389e-13 
2.0095873776051389e-13 
2.0095873776051389e-13 
2.0095873776051389e-13 
2.0095873776051389e-13 
2.0095873776051389e-13 
2.0095873776051389e-13 
2.0095873776051389e-13 
2.0095873776051389e-13 
2.0095873776051389e-13 
2.0095873776051389e-13 
2.0095873776051389e-13 
2.0095873776051389e-13 
2.0095873776051389e-13 
2.0095873776051389e-13 
2.0095873776051389e-13 
2.0095873776051389e-13 
2.0095873776051389e-13 
2.0095873776051389e-13 
2.0095873776051389e-13 
2.0095873776051389e-13 
2.0095873776051389e-13 
2.0095873776051389e-13 
2.0095873776051389e-13 
2.0095873776051389e-13 
2.0095873776051389e-13 
2.0095873776051389e-13 
2.0095873776051389e-13 
2.0095873776051389e-13 
2.0095873776051389e-13 
2.0095873776051389e-13 
2.0095873776051389e-13 
2.0095873776051389e-13 
2.0095873776051389e-13 
2.0095873776051389e-13 
2.0095873776051389e-13 
2.0095873776051389e-13 
2.0095873776051389e-13 
2.0095873776051389e-13 
2.0095873776051389e-13 
2.0095873776051389e-13 
2.0095873776051389e-13 
2.0095873776051389e-13 
2.0095873776051389e-13 
2.0095873776051389e-13 
2.0095873776051389e-13 
2.0095873776051389e-13 
2.0095873776051389e-13 
2.0095873776051389e-13 
2.0095873776051389e-13 
2.0095873776051389e-13 
2.0095873776051389e-13 
2.0095873776051389e-13 
2.0095873776051389e-13 
2.0095873776051389e-13 
2.0095873776051389e-13 
2.0095873776051389e-13 
2.0095873776051389e-13 
2.0095873776051389e-13 
2.0095873776051389e-13 
2.0095873776051389e-13 
2.0095873776051389e-13 
2.0095873776051389e-13 
2.0095873776051389e-13 
2.0095873776051389e-13 
2.0095873776051389e-13 
2.0095873776051389e-13 
2.0095873776051389e-13 
2.0095873776051389e-13 
2.0095873776051389e-13 
2.0095873776051389e-13 
2.0095873776051389e-13 
2.0095873776051389e-13 
2.0095873776051389e-13 
2.0095873776051389e-13 
2.0095873776051389e-13 
2.0095873776051389e-13 
2.0095873776051389e-13 
2.0095873776051389e-13 
2.0095873776051389e-13 
2.0095873776051389e-13 
2.0095873776051389e-13 
2.0095873776051389e-13 
2.0095873776051389e-13 
2.0095873776051389e-13 
2.0095873776051389e-13 
2.0095873776051389e-13 
2.0095873776051389e-13 
2.0095873776051389e-13 
2.0095873776051389e-13 
2.0095873776051389e-13 
2.0095873776051389e-13 
2.0095873776051389e-13 
2.0095873776051389e-13 
2.0095873776051389e-13 
2.0095873776051389e-13 
2.0095873776051389e-13 
2.0095873776051389e-13 
2.0095873776051389e-13 
2.0095873776051389e-13 
2.0095873776051389e-13 
2.0095873776051389e-13 
2.0095873776051389e-13 
2.0095873776051389e-13 
2.0095873776051389e-13 
2.0095873776051389e-13 
2.0095873776051389e-13 
2.0095873776051389e-13 
2.0095873776051389e-13 
2.0095873776051389e-13 
2.0095873776051389e-13 
2.0095873776051389e-13 
2.0095873776051389e-13 
2.0095873776051389e-13 
2.0095873776051389e-13 
2.0095873776051389e-13 
2.0095873776051389e-13 
2.0095873776051389e-13 
2.0095873776051389e-13 
2.0095873776051389e-13 
2.0095873776051389e-13 
2.0095873776051389e-13 
2.0095873776051389e-13 
2.0095873776051389e-13 
2.0095873776051389e-13 
2.0095873776051389e-13 
2.0095873776051389e-13 
2.0095873776051389e-13 
2.0095873776051389e-13 
2.0095873776051389e-13 
2.0095873776051389e-13 
2.0095873776051389e-13 
2.0095873776051389e-13 
2.0095873776051389e-13 
2.0095873776051389e-13 
2.0095873776051389e-13 
2.0095873776051389e-13 
2.0095873776051389e-13 
2.0095873776051389e-13 
2.0095873776051389e-13 
2.0095873776051389e-13 
2.0095873776051389e-13 
2.0095873776051389e-13 
2.0095873776051389e-13 
2.0095873776051389e-13 
2.0095873776051389e-13 
2.0095873776051389e-13 
2.0095873776051389e-13 
2.0095873776051389e-13 
2.0095873776051389e-13 
2.0095873776051389e-13 
2.0095873776051389e-13 
2.0095873776051389e-13 
2.0095873776051389e-13 
2.0095873776051389e-13 
2.0095873776051389e-13 
2.0095873776051389e-13 
2.0095873776051389e-13 
2.0095873776051389e-13 
2.0095873776051389e-13 
2.0095873776051389e-13 
2.0095873776051389e-13 
2.0095873776051389e-13 
2.0095873776051389e-13 
2.0095873776051389e-13 
2.0095873776051389e-13 
2.0095873776051389e-13 
2.0095873776051389e-13 
2.0095873776051389e-13 
2.0095873776051389e-13 
2.0095873776051389e-13 
2.0095873776051389e-13 
2.0095873776051389e-13 
2.0095873776051389e-13 
2.0095873776051389e-13 
2.0095873776051389e-13 
2.0095873776051389e-13 
2.0095873776051389e-13 
2.0095873776051389e-13 
2.0095873776051389e-13 
2.0095873776051389e-13 
2.0095873776051389e-13 
2.0095873776051389e-13 
2.0095873776051389e-13 
2.0095873776051389e-13 
2.0095873776051389e-13 
2.0095873776051389e-13 
2.0095873776051389e-13 
2.0095873776051389e-13 
2.0095873776051389e-13 
2.0095873776051389e-13 
2.0095873776051389e-13 
2.0095873776051389e-13 
2.0095873776051389e-13 
2.0095873776051389e-13 
2.0095873776051389e-13 
2.0095873776051389e-13 
2.0095873776051389e-13 
2.0095873776051389e-13 
2.0095873776051389e-13 
2.0095873776051389e-13 
2.0095873776051389e-13 
2.0095873776051389e-13 
2.0095873776051389e-13 
2.0095873776051389e-13 
2.0095873776051389e-13 
2.0095873776051389e-13 
2.0095873776051389e-13 
2.0095873776051389e-13 
2.0095873776051389e-13 
2.0095873776051389e-13 
2.0095873776051389e-13 
2.0095873776051389e-13 
2.0095873776051389e-13 
2.0095873776051389e-13 
2.0095873776051389e-13 
2.0095873776051389e-13 
2.0095873776051389e-13 
2.0095873776051389e-13 
2.0095873776051389e-13 
2.0095873776051389e-13 
2.0095873776051389e-13 
2.0095873776051389e-13 
2.0095873776051389e-13 
2.0095873776051389e-13 
2.0095873776051389e-13 
2.0095873776051389e-13 
2.0095873776051389e-13 
2.0095873776051389e-13 
2.0095873776051389e-13 
2.0095873776051389e-13 
2.0095873776051389e-13 
2.0095873776051389e-13 
2.0095873776051389e-13 
2.0095873776051389e-13 
2.0095873776051389e-13 
2.0095873776051389e-13 
2.0095873776051389e-13 
2.0095873776051389e-13 
2.0095873776051389e-13 
2.0095873776051389e-13 
2.0095873776051389e-13 
2.0095873776051389e-13 
2.0095873776051389e-13 
2.0095873776051389e-13 
2.0095873776051389e-13 
2.0095873776051389e-13 
2.0095873776051389e-13 
2.0095873776051389e-13 
2.0095873776051389e-13 
2.0095873776051389e-13 
2.0095873776051389e-13 
2.0095873776051389e-13 
2.0095873776051389e-13 
2.0095873776051389e-13 
2.0095873776051389e-13 
2.0095873776051389e-13 
2.0095873776051389e-13 
2.0095873776051389e-13 
2.0095873776051389e-13 
2.0095873776051389e-13 
2.0095873776051389e-13 
2.0095873776051389e-13 
2.0095873776051389e-13 
2.0095873776051389e-13 
2.0095873776051389e-13 
2.0095873776051389e-13 
2.0095873776051389e-13 
2.0095873776051389e-13 
2.0095873776051389e-13 
2.0095873776051389e-13 
2.0095873776051389e-13 
2.0095873776051389e-13 
2.0095873776051389e-13 
2.0095873776051389e-13 
2.0095873776051389e-13 
2.0095873776051389e-13 
2.0095873776051389e-13 
2.0095873776051389e-13 
2.0095873776051389e-13 
2.0095873776051389e-13 
2.0095873776051389e-13 
2.0095873776051389e-13 
2.0095873776051389e-13 
2.0095873776051389e-13 
2.0095873776051389e-13 
2.0095873776051389e-13 
2.0095873776051389e-13 
2.0095873776051389e-13 
2.0095873776051389e-13 
2.0095873776051389e-13 
2.0095873776051389e-13 
2.0095873776051389e-13 
2.0095873776051389e-13 
2.0095873776051389e-13 
2.0095873776051389e-13 
2.0095873776051389e-13 
2.0095873776051389e-13 
2.0095873776051389e-13 
2.0095873776051389e-13 
2.0095873776051389e-13 
2.0095873776051389e-13 
2.0095873776051389e-13 
2.0095873776051389e-13 
2.0095873776051389e-13 
2.0095873776051389e-13 
2.0095873776051389e-13 
2.0095873776051389e-13 
2.0095873776051389e-13 
2.0095873776051389e-13 
2.0095873776051389e-13 
2.0095873776051389e-13 
2.0095873776051389e-13 
2.0095873776051389e-13 
2.0095873776051389e-13 
2.0095873776051389e-13 
2.0095873776051389e-13 
2.0095873776051389e-13 
2.0095873776051389e-13 
2.0095873776051389e-13 
2.0095873776051389e-13 
2.0095873776051389e-13 
2.0095873776051389e-13 
2.0095873776051389e-13 
2.0095873776051389e-13 
2.0095873776051389e-13 
2.0095873776051389e-13 
2.0095873776051389e-13 
2.0095873776051389e-13 
2.0095873776051389e-13 
2.0095873776051389e-13 
2.0095873776051389e-13 
2.0095873776051389e-13 
2.0095873776051389e-13 
2.0095873776051389e-13 
2.0095873776051389e-13 
2.0095873776051389e-13 
2.0095873776051389e-13 
2.0095873776051389e-13 
2.0095873776051389e-13 
2.0095873776051389e-13 
2.0095873776051389e-13 
2.0095873776051389e-13 
2.0095873776051389e-13 
2.0095873776051389e-13 
2.0095873776051389e-13 
2.0095873776051389e-13 
2.0095873776051389e-13 
2.0095873776051389e-13 
2.0095873776051389e-13 
2.0095873776051389e-13 
2.0095873776051389e-13 
2.0095873776051389e-13 
2.0095873776051389e-13 
2.0095873776051389e-13 
2.0095873776051389e-13 
2.0095873776051389e-13 
2.0095873776051389e-13 
2.0095873776051389e-13 
2.0095873776051389e-13 
2.0095873776051389e-13 
2.0095873776051389e-13 
2.0095873776051389e-13 
2.0095873776051389e-13 
2.0095873776051389e-13 
2.0095873776051389e-13 
2.0095873776051389e-13 
2.0095873776051389e-13 
2.0095873776051389e-13 
2.0095873776051389e-13 
2.0095873776051389e-13 
2.0095873776051389e-13 
2.0095873776051389e-13 
2.0095873776051389e-13 
2.0095873776051389e-13 
2.0095873776051389e-13 
2.0095873776051389e-13 
2.0095873776051389e-13 
2.0095873776051389e-13 
2.0095873776051389e-13 
2.0095873776051389e-13 
2.0095873776051389e-13 
2.0095873776051389e-13 
2.0095873776051389e-13 
2.0095873776051389e-13 
2.0095873776051389e-13 
2.0095873776051389e-13 
2.0095873776051389e-13 
2.0095873776051389e-13 
2.0095873776051389e-13 
2.0095873776051389e-13 
2.0095873776051389e-13 
2.0095873776051389e-13 
2.0095873776051389e-13 
2.0095873776051389e-13 
2.0095873776051389e-13 
2.0095873776051389e-13 
2.0095873776051389e-13 
2.0095873776051389e-13 
2.0095873776051389e-13 
2.0095873776051389e-13 
2.0095873776051389e-13 
2.0095873776051389e-13 
2.0095873776051389e-13 
2.0095873776051389e-13 
2.0095873776051389e-13 
2.0095873776051389e-13 
2.0095873776051389e-13 
2.0095873776051389e-13 
2.0095873776051389e-13 
2.0095873776051389e-13 
2.0095873776051389e-13 
2.0095873776051389e-13 
2.0095873776051389e-13 
2.0095873776051389e-13 
2.0095873776051389e-13 
2.0095873776051389e-13 
2.0095873776051389e-13 
2.0095873776051389e-13 
2.0095873776051389e-13 
2.0095873776051389e-13 
2.0095873776051389e-13 
2.0095873776051389e-13 
2.0095873776051389e-13 
2.0095873776051389e-13 
2.0095873776051389e-13 
2.0095873776051389e-13 
2.0095873776051389e-13 
2.0095873776051389e-13 
2.0095873776051389e-13 
2.0095873776051389e-13 
2.0095873776051389e-13 
2.0095873776051389e-13 
2.0095873776051389e-13 
2.0095873776051389e-13 
2.0095873776051389e-13 
2.0095873776051389e-13 
2.0095873776051389e-13 
2.0095873776051389e-13 
2.0095873776051389e-13 
2.0095873776051389e-13 
2.0095873776051389e-13 
2.0095873776051389e-13 
2.0095873776051389e-13 
2.0095873776051389e-13 
2.0095873776051389e-13 
2.0095873776051389e-13 
2.0095873776051389e-13 
2.0095873776051389e-13 
2.0095873776051389e-13 
2.0095873776051389e-13 
2.0095873776051389e-13 
2.0095873776051389e-13 
2.0095873776051389e-13 
2.0095873776051389e-13 
2.0095873776051389e-13 
2.0095873776051389e-13 
2.0095873776051389e-13 
2.0095873776051389e-13 
2.0095873776051389e-13 
2.0095873776051389e-13 
2.0095873776051389e-13 
2.0095873776051389e-13 
2.0095873776051389e-13 
2.0095873776051389e-13 
2.0095873776051389e-13 
2.0095873776051389e-13 
2.0095873776051389e-13 
2.0095873776051389e-13 
2.0095873776051389e-13 
2.0095873776051389e-13 
2.0095873776051389e-13 
2.0095873776051389e-13 
2.0095873776051389e-13 
2.0095873776051389e-13 
2.0095873776051389e-13 
2.0095873776051389e-13 
2.0095873776051389e-13 
2.0095873776051389e-13 
2.0095873776051389e-13 
2.0095873776051389e-13 
2.0095873776051389e-13 
2.0095873776051389e-13 
2.0095873776051389e-13 
2.0095873776051389e-13 
2.0095873776051389e-13 
2.0095873776051389e-13 
2.0095873776051389e-13 
2.0095873776051389e-13 
2.0095873776051389e-13 
2.0095873776051389e-13 
2.0095873776051389e-13 
2.0095873776051389e-13 
2.0095873776051389e-13 
2.0095873776051389e-13 
2.0095873776051389e-13 
2.0095873776051389e-13 
2.0095873776051389e-13 
2.0095873776051389e-13 
2.0095873776051389e-13 
2.0095873776051389e-13 
2.0095873776051389e-13 
2.0095873776051389e-13 
2.0095873776051389e-13 
2.0095873776051389e-13 
2.0095873776051389e-13 
2.0095873776051389e-13 
2.0095873776051389e-13 
2.0095873776051389e-13 
2.0095873776051389e-13 
2.0095873776051389e-13 
2.0095873776051389e-13 
2.0095873776051389e-13 
2.0095873776051389e-13 
2.0095873776051389e-13 
2.0095873776051389e-13 
2.0095873776051389e-13 
2.0095873776051389e-13 
2.0095873776051389e-13 
2.0095873776051389e-13 
2.0095873776051389e-13 
2.0095873776051389e-13 
2.0095873776051389e-13 
2.0095873776051389e-13 
2.0095873776051389e-13 
2.0095873776051389e-13 
2.0095873776051389e-13 
2.0095873776051389e-13 
2.0095873776051389e-13 
2.0095873776051389e-13 
2.0095873776051389e-13 
2.0095873776051389e-13 
2.0095873776051389e-13 
2.0095873776051389e-13 
2.0095873776051389e-13 
2.0095873776051389e-13 
2.0095873776051389e-13 
2.0095873776051389e-13 
2.0095873776051389e-13 
2.0095873776051389e-13 
2.0095873776051389e-13 
2.0095873776051389e-13 
2.0095873776051389e-13 
2.0095873776051389e-13 
2.0095873776051389e-13 
2.0095873776051389e-13 
2.0095873776051389e-13 
2.0095873776051389e-13 
2.0095873776051389e-13 
2.0095873776051389e-13 
2.0095873776051389e-13 
2.0095873776051389e-13 
2.0095873776051389e-13 
2.0095873776051389e-13 
2.0095873776051389e-13 
2.0095873776051389e-13 
2.0095873776051389e-13 
2.0095873776051389e-13 
2.0095873776051389e-13 
2.0095873776051389e-13 
2.0095873776051389e-13 
2.0095873776051389e-13 
2.0095873776051389e-13 
2.0095873776051389e-13 
2.0095873776051389e-13 
2.0095873776051389e-13 
2.0095873776051389e-13 
2.0095873776051389e-13 
2.0095873776051389e-13 
2.0095873776051389e-13 
2.0095873776051389e-13 
2.0095873776051389e-13 
2.0095873776051389e-13 
2.0095873776051389e-13 
2.0095873776051389e-13 
2.0095873776051389e-13 
2.0095873776051389e-13 
2.0095873776051389e-13 
2.0095873776051389e-13 
2.0095873776051389e-13 
2.0095873776051389e-13 
2.0095873776051389e-13 
2.0095873776051389e-13 
2.0095873776051389e-13 
2.0095873776051389e-13 
2.0095873776051389e-13 
2.0095873776051389e-13 
2.0095873776051389e-13 
2.0095873776051389e-13 
2.0095873776051389e-13 
2.0095873776051389e-13 
2.0095873776051389e-13 
2.0095873776051389e-13 
2.0095873776051389e-13 
2.0095873776051389e-13 
2.0095873776051389e-13 
2.0095873776051389e-13 
2.0095873776051389e-13 
2.0095873776051389e-13 
2.0095873776051389e-13 
2.0095873776051389e-13 
2.0095873776051389e-13 
2.0095873776051389e-13 
2.0095873776051389e-13 
2.0095873776051389e-13 
2.0095873776051389e-13 
2.0095873776051389e-13 
2.0095873776051389e-13 
2.0095873776051389e-13 
2.0095873776051389e-13 
2.0095873776051389e-13 
2.0095873776051389e-13 
2.0095873776051389e-13 
2.0095873776051389e-13 
2.0095873776051389e-13 
2.0095873776051389e-13 
2.0095873776051389e-13 
2.0095873776051389e-13 
2.0095873776051389e-13 
2.0095873776051389e-13 
2.0095873776051389e-13 
2.0095873776051389e-13 
2.0095873776051389e-13 
2.0095873776051389e-13 
2.0095873776051389e-13 
2.0095873776051389e-13 
2.0095873776051389e-13 
2.0095873776051389e-13 
2.0095873776051389e-13 
2.0095873776051389e-13 
2.0095873776051389e-13 
2.0095873776051389e-13 
2.0095873776051389e-13 
2.0095873776051389e-13 
2.0095873776051389e-13 
2.0095873776051389e-13 
2.0095873776051389e-13 
2.0095873776051389e-13 
2.0095873776051389e-13 
2.0095873776051389e-13 
2.0095873776051389e-13 
2.0095873776051389e-13 
2.0095873776051389e-13 
2.0095873776051389e-13 
2.0095873776051389e-13 
2.0095873776051389e-13 
2.0095873776051389e-13 
2.0095873776051389e-13 
2.0095873776051389e-13 
2.0095873776051389e-13 
2.0095873776051389e-13 
2.0095873776051389e-13 
2.0095873776051389e-13 
