1.1452603412423012 
0.54058394714842928 
0.53712719704126421 
0.53709841131687286 
0.47934446245235773 
0.33337542717131496 
0.33238751288913565 
0.33237891958065668 
0.30414640139171323 
0.29356495661393012 
0.28607483859043648 
0.27288980911287597 
0.26802473323857356 
0.25950045975186903 
0.25779585271022221 
0.25364197106096276 
0.25348422157619882 
0.25070715994805831 
0.24944274833816873 
0.24821703248266619 
0.24777212336163973 
0.24722057390605962 
0.24708316140468292 
0.24682470088414304 
0.24679623356084876 
0.24666915989781091 
0.24666773904037156 
0.24661285590676721 
0.246611985542841 
0.24659184679279952 
0.24659119175525937 
0.24658119177681728 
0.24658063143010317 
0.2465772583395586 
0.24657652463747684 
0.24657457826776219 
0.24657406774977542 
0.2465730081866358 
0.24657250342293091 
0.24657176414112178 
0.2465712619162567 
0.24657067207498398 
0.24657017077574092 
0.24656962927517287 
0.24656912841781226 
0.24656861418532725 
0.24656811326134592 
0.24656760566232228 
0.24656710501767476 
0.24656660231702923 
0.2465661015485211 
0.24656559990093557 
0.24656509929945969 
0.24656459828751737 
0.24656409768862234 
0.24656359692839466 
0.24656309633387682 
0.24656259566765071 
0.24656209507371907 
0.24656159445740505 
0.24656109386341088 
0.24656059326056934 
0.24656009266945444 
0.24655959207342865 
0.24655909148300678 
0.24655859089214113 
0.24655809030210371 
0.2465575897129656 
0.24655708912405033 
0.24655658853601614 
0.24655608794838493 
0.24655558736119321 
0.24655508677455398 
0.24655458618837592 
0.24655408560265804 
0.24655358501738203 
0.24655308443258947 
0.24655258384825721 
0.24655208326438532 
0.24655158268097369 
0.24655108209802232 
0.24655058151553125 
0.24655008093350061 
0.24654958035193028 
0.24654907977082025 
0.24654857919017051 
0.24654807860998107 
0.24654757803025196 
0.24654707745098312 
0.24654657687217463 
0.24654607629382644 
0.24654557571593852 
0.24654507513851096 
0.24654457456154366 
0.24654407398503669 
0.24654357340899002 
0.24654307283340385 
0.24654257225827791 
0.24654207168361236 
0.24654157110940708 
0.24654107053566213 
0.2465405699623775 
0.2465400693895532 
0.24653956881718922 
0.24653906824528557 
0.24653856767384225 
0.24653806710285922 
0.24653756653233652 
0.24653706596227418 
0.24653656539267216 
0.24653606482353044 
0.24653556425484918 
0.24653506368662828 
0.24653456311886768 
0.24653406255156746 
0.24653356198472753 
0.24653306141834791 
0.24653256085242867 
0.24653206028696975 
0.24653155972197119 
0.24653105915743295 
0.24653055859335507 
0.24653005802973757 
0.24652955746658037 
0.24652905690388352 
0.24652855634164714 
0.24652805577987102 
0.24652755521855527 
0.24652705465769995 
0.24652655409730492 
0.24652605353737028 
0.24652555297789602 
0.24652505241888209 
0.24652455186032848 
0.24652405130223523 
0.24652355074460239 
0.24652305018742987 
0.24652254963071771 
0.2465220490744659 
0.24652154851867458 
0.24652104796334362 
0.24652054740847301 
0.24652004685406279 
0.24651954630011289 
0.24651904574662339 
0.24651854519359426 
0.24651804464102553 
0.24651754408891713 
0.24651704353726911 
0.24651654298608147 
0.24651604243535416 
0.24651554188508726 
0.24651504133528071 
0.24651454078593468 
0.24651404023704904 
0.24651353968862372 
0.24651303914065884 
0.24651253859315431 
0.24651203804611016 
0.2465115374995264 
0.24651103695340301 
0.24651053640774001 
0.24651003586253742 
0.24650953531779518 
0.24650903477351335 
0.24650853422969191 
0.24650803368633087 
0.24650753314343021 
0.24650703260099005 
0.2465065320590103 
0.24650603151749095 
0.24650553097643196 
0.24650503043583338 
0.24650452989569521 
0.24650402935601742 
0.24650352881680007 
0.24650302827804307 
0.24650252773974651 
0.24650202720191033 
0.24650152666453456 
0.2465010261276192 
0.24650052559116425 
0.24650002505516982 
0.2464995245196358 
0.24649902398456219 
0.24649852344994899 
0.2464980229157962 
0.24649752238210379 
0.24649702184887184 
0.24649652131610031 
0.24649602078378918 
0.24649552025193844 
0.24649501972054813 
0.24649451918961829 
0.2464940186591488 
0.24649351812913975 
0.24649301759959127 
0.24649251707050318 
0.24649201654187552 
0.24649151601370833 
0.24649101548600152 
0.24649051495875515 
0.24649001443196922 
0.24648951390564369 
0.24648901337977863 
0.24648851285437398 
0.24648801232942974 
0.24648751180494596 
0.24648701128092262 
0.24648651075735972 
0.24648601023425737 
0.24648550971161545 
0.24648500918943397 
0.24648450866771293 
0.24648400814645235 
0.24648350762565222 
0.24648300710531251 
0.24648250658543325 
0.24648200606601442 
0.24648150554705608 
0.24648100502855816 
0.2464805045105207 
0.24648000399294367 
0.24647950347582712 
0.246479002959171 
0.24647850244297545 
0.24647800192724037 
0.24647750141196573 
0.24647700089715158 
0.24647650038279784 
0.24647599986890459 
0.24647549935547181 
0.24647499884249949 
0.24647449832998761 
0.24647399781793622 
0.24647349730634527 
0.24647299679521481 
0.24647249628454479 
0.24647199577433523 
0.24647149526458631 
0.24647099475529782 
0.2464704942464698 
0.24646999373810224 
0.24646949323019518 
0.24646899272274861 
0.24646849221576247 
0.24646799170923686 
0.24646749120317171 
0.24646699069756703 
0.24646649019242284 
0.24646598968773911 
0.24646548918351585 
0.24646498867975311 
0.24646448817645095 
0.2464639876736093 
0.24646348717122812 
0.24646298666930744 
0.24646248616784724 
0.24646198566684752 
0.24646148516630831 
0.24646098466622959 
0.24646048416661134 
0.24645998366745361 
0.24645948316875635 
0.24645898267051961 
0.24645848217274335 
0.24645798167542762 
0.24645748117857247 
0.24645698068217786 
0.24645648018624372 
0.2464559796907701 
0.246455479195757 
0.24645497870120436 
0.24645447820711225 
0.24645397771348065 
0.24645347722030958 
0.24645297672759897 
0.24645247623534891 
0.24645197574355934 
0.2464514752522303 
0.24645097476136177 
0.24645047427095385 
0.24644997378100647 
0.24644947329151959 
0.24644897280249328 
0.24644847231392744 
0.24644797182582212 
0.24644747133817735 
0.24644697085099307 
0.24644647036426934 
0.24644596987800613 
0.24644546939220344 
0.24644496890686127 
0.24644446842197965 
0.24644396793755854 
0.24644346745359796 
0.24644296697009804 
0.24644246648705867 
0.24644196600447982 
0.24644146552236151 
0.2464409650407037 
0.24644046455950647 
0.24643996407876975 
0.24643946359849359 
0.24643896311867797 
0.2464384626393229 
0.24643796216042835 
0.24643746168199435 
0.24643696120402087 
0.24643646072650796 
0.24643596024945572 
0.24643545977286405 
0.2464349592967329 
0.24643445882106227 
0.24643395834585224 
0.24643345787110277 
0.24643295739681381 
0.24643245692298546 
0.24643195644961763 
0.24643145597671035 
0.24643095550426364 
0.24643045503227751 
0.2464299545607519 
0.24642945408968686 
0.24642895361908254 
0.24642845314893874 
0.24642795267925555 
0.2464274522100329 
0.2464269517412708 
0.24642645127296928 
0.24642595080512833 
0.24642545033774796 
0.24642494987082816 
0.24642444940436892 
0.24642394893837025 
0.24642344847283215 
0.24642294800775466 
0.24642244754313772 
0.24642194707898149 
0.24642144661528584 
0.24642094615205076 
0.24642044568927626 
0.24641994522696237 
0.24641944476510905 
0.24641894430371628 
0.24641844384278414 
0.24641794338231254 
0.24641744292230158 
0.2464169424627512 
0.24641644200366139 
0.24641594154503219 
0.24641544108686356 
0.2464149406291555 
0.24641444017190822 
0.24641393971512152 
0.24641343925879539 
0.24641293880292986 
0.24641243834752494 
0.24641193789258062 
0.2464114374380969 
0.24641093698407379 
0.24641043653051128 
0.24640993607740935 
0.24640943562476805 
0.24640893517258736 
0.24640843472086726 
0.2464079342696078 
0.24640743381880906 
0.24640693336847092 
0.2464064329185934 
0.24640593246917647 
0.24640543202022017 
0.24640493157172452 
0.24640443112368943 
0.24640393067611499 
0.24640343022900116 
0.24640292978234796 
0.24640242933615539 
0.24640192889042339 
0.24640142844515206 
0.24640092800034136 
0.2464004275559914 
0.24639992711210204 
0.24639942666867334 
0.24639892622570525 
0.24639842578319782 
0.24639792534115099 
0.24639742489956479 
0.24639692445843925 
0.24639642401777431 
0.24639592357757004 
0.24639542313782639 
0.24639492269854335 
0.246394422259721 
0.24639392182135927 
0.24639342138345832 
0.24639292094601797 
0.24639242050903831 
0.24639192007251925 
0.24639141963646086 
0.24639091920086312 
0.24639041876572601 
0.24638991833104959 
0.24638941789683377 
0.24638891746307862 
0.24638841702978415 
0.24638791659695028 
0.24638741616457713 
0.24638691573266458 
0.24638641530121283 
0.24638591487022174 
0.24638541443969131 
0.24638491400962154 
0.24638441358001242 
0.246383913150864 
0.2463834127221762 
0.2463829122939491 
0.24638241186618262 
0.24638191143887683 
0.24638141101203173 
0.24638091058564726 
0.24638041015972348 
0.24637990973426038 
0.24637940930925795 
0.24637890888471631 
0.24637840846063536 
0.24637790803701506 
0.24637740761385543 
0.24637690719115651 
0.24637640676891825 
0.24637590634714066 
0.2463754059258238 
0.24637490550496757 
0.24637440508457206 
0.24637390466463721 
0.24637340424516305 
0.2463729038261496 
0.24637240340759683 
0.24637190298950484 
0.24637140257187359 
0.246370902154703 
0.2463704017379931 
0.24636990132174388 
0.24636940090595538 
0.2463689004906276 
0.24636840007576047 
0.24636789966135408 
0.24636739924740836 
0.24636689883392338 
0.24636639842089905 
0.24636589800833544 
0.24636539759623255 
0.24636489718459045 
0.24636439677340913 
0.24636389636268843 
0.24636339595242848 
0.24636289554262925 
0.24636239513329072 
0.24636189472441289 
0.2463613943159958 
0.24636089390803942 
0.24636039350054373 
0.24635989309350878 
0.24635939268693455 
0.246358892280821 
0.2463583918751682 
0.24635789146997625 
0.24635739106524501 
0.24635689066097449 
0.24635639025716469 
0.24635588985381562 
0.2463553894509273 
0.2463548890484997 
0.24635438864653281 
0.24635388824502666 
0.24635338784398123 
0.24635288744339653 
0.24635238704327261 
0.24635188664360938 
0.24635138624440689 
0.24635088584566514 
0.24635038544738427 
0.24634988504956409 
0.24634938465220468 
0.24634888425530602 
0.24634838385886809 
0.24634788346289091 
0.2463473830673745 
0.2463468826723188 
0.24634638227772387 
0.24634588188358966 
0.24634538148991622 
0.24634488109670352 
0.24634438070395157 
0.24634388031166041 
0.24634337991983007 
0.24634287952846051 
0.24634237913755169 
0.24634187874710367 
0.24634137835711636 
0.24634087796758986 
0.24634037757852406 
0.24633987718991907 
0.24633937680177481 
0.24633887641409133 
0.24633837602686862 
0.24633787564010667 
0.2463373752538055 
0.2463368748679651 
0.24633637448258558 
0.2463358740976668 
0.24633537371320885 
0.24633487332921164 
0.24633437294567517 
0.24633387256259953 
0.24633337217998466 
0.24633287179783053 
0.24633237141613723 
0.2463318710349047 
0.24633137065413294 
0.24633087027382194 
0.24633036989397175 
0.24632986951458233 
0.24632936913565381 
0.24632886875718613 
0.24632836837917918 
0.24632786800163306 
0.24632736762454771 
0.24632686724792313 
0.24632636687175938 
0.24632586649605639 
0.24632536612081421 
0.24632486574603282 
0.24632436537171223 
0.24632386499785247 
0.24632336462445348 
0.24632286425151526 
0.246322363879038 
0.24632186350702154 
0.24632136313546588 
0.24632086276437104 
0.24632036239373697 
0.24631986202356373 
0.24631936165385129 
0.24631886128459968 
0.24631836091580886 
0.24631786054747887 
0.24631736017960967 
0.24631685981220131 
0.24631635944525374 
0.24631585907876699 
0.24631535871274107 
0.24631485834717609 
0.24631435798207191 
0.24631385761742858 
0.24631335725324607 
0.24631285688952437 
0.24631235652626346 
0.24631185616346341 
0.2463113558011242 
0.2463108554392458 
0.24631035507782825 
0.2463098547168715 
0.2463093543563756 
0.2463088539963405 
0.24630835363676629 
0.246307853277653 
0.24630735291900058 
0.24630685256080895 
0.24630635220307817 
0.24630585184580822 
0.24630535148899912 
0.24630485113265091 
0.24630435077676349 
0.24630385042133693 
0.24630335006637119 
0.24630284971186631 
0.2463023493578223 
0.2463018490042391 
0.24630134865111677 
0.24630084829845544 
0.24630034794625494 
0.24629984759451529 
0.24629934724323649 
0.24629884689241854 
0.24629834654206145 
0.24629784619216522 
0.24629734584272983 
0.24629684549375533 
0.24629634514524171 
0.24629584479718891 
0.24629534444959697 
0.24629484410246591 
0.2462943437557957 
0.24629384340958652 
0.24629334306383815 
0.2462928427185507 
0.2462923423737241 
0.24629184202935839 
0.2462913416854535 
0.24629084134200954 
0.24629034099902641 
0.24628984065650419 
0.24628934031444283 
0.24628883997284237 
0.24628833963170277 
0.24628783929102405 
0.24628733895080623 
0.24628683861104939 
0.24628633827175345 
0.24628583793291839 
0.24628533759454418 
0.24628483725663092 
0.2462843369191785 
0.246283836582187 
0.24628333624565638 
0.24628283590958666 
0.24628233557397783 
0.24628183523882988 
0.24628133490414281 
0.24628083456991667 
0.24628033423615145 
0.24627983390284708 
0.24627933357000373 
0.24627883323762134 
0.24627833290569981 
0.24627783257423919 
0.24627733224323944 
0.24627683191270064 
0.24627633158262274 
0.24627583125300573 
0.24627533092384965 
0.24627483059515448 
0.24627433026692019 
0.24627382993914684 
0.2462733296118344 
0.24627282928498287 
0.24627232895859238 
0.24627182863266281 
0.24627132830719417 
0.24627082798218644 
0.24627032765763965 
0.24626982733355374 
0.24626932700992876 
0.24626882668676472 
0.24626832636406162 
0.2462678260418194 
0.24626732572003818 
0.24626682539871783 
0.24626632507785842 
0.24626582475745995 
0.24626532443752255 
0.24626482411804607 
0.24626432379903049 
0.24626382348047587 
0.24626332316238222 
0.24626282284474946 
0.24626232252757765 
0.24626182221086682 
0.24626132189461691 
0.24626082157882792 
0.24626032126349992 
0.24625982094863283 
0.24625932063422667 
0.24625882032028149 
0.24625832000679737 
0.24625781969377417 
0.24625731938121195 
0.24625681906911071 
0.24625631875747037 
0.24625581844629099 
0.24625531813557261 
0.24625481782531516 
0.24625431751551866 
0.24625381720618314 
0.24625331689730859 
0.24625281658889495 
0.2462523162809423 
0.24625181597345061 
0.24625131566642 
0.24625081535985038 
0.2462503150537417 
0.24624981474809401 
0.24624931444290729 
0.24624881413818153 
0.24624831383391674 
0.24624781353011294 
0.24624731322677007 
0.24624681292388823 
0.24624631262146732 
0.24624581231950743 
0.24624531201800848 
0.24624481171697055 
0.24624431141639358 
0.24624381111627772 
0.24624331081662282 
0.24624281051742891 
0.24624231021869603 
0.2462418099204241 
0.24624130962261315 
0.24624080932526318 
0.24624030902837424 
0.24623980873194626 
0.2462393084359793 
0.2462388081404733 
0.24623830784542833 
0.24623780755084432 
0.24623730725672135 
0.24623680696305947 
0.2462363066698586 
0.24623580637711875 
0.24623530608483984 
0.24623480579302198 
0.24623430550166514 
0.24623380521076926 
0.24623330492033443 
0.2462328046303606 
0.24623230434084775 
0.24623180405179593 
0.24623130376320512 
0.24623080347507531 
0.24623030318740655 
0.24622980290019886 
0.24622930261345224 
0.24622880232716662 
0.24622830204134202 
0.24622780175597847 
0.24622730147107591 
0.24622680118663437 
0.24622630090265385 
0.24622580061913435 
0.24622530033607593 
0.24622480005347849 
0.24622429977134208 
0.24622379948966666 
0.24622329920845232 
0.24622279892769913 
0.24622229864740697 
0.24622179836757585 
0.24622129808820573 
0.24622079780929668 
0.24622029753084865 
0.24621979725286169 
0.24621929697533573 
0.24621879669827082 
0.24621829642166695 
0.24621779614552414 
0.24621729586984237 
0.24621679559462165 
0.24621629531986194 
0.2462157950455634 
0.24621529477172593 
0.24621479449834954 
0.24621429422543417 
0.24621379395297985 
0.2462132936809866 
0.2462127934094544 
0.24621229313838325 
0.24621179286777317 
0.24621129259762414 
0.24621079232793616 
0.24621029205870923 
0.24620979178994337 
0.24620929152163859 
0.24620879125379486 
0.24620829098641231 
0.24620779071949084 
0.24620729045303044 
0.24620679018703109 
0.24620628992149282 
0.24620578965641562 
0.2462052893917995 
0.24620478912764446 
0.24620428886395049 
0.24620378860071759 
0.24620328833794577 
0.246202788075635 
0.24620228781378534 
0.24620178755239677 
0.2462012872914694 
0.24620078703100309 
0.24620028677099787 
0.24619978651145374 
0.2461992862523707 
0.24619878599374873 
0.24619828573558786 
0.24619778547788809 
0.2461972852206494 
0.24619678496387182 
0.24619628470755531 
0.2461957844516999 
0.2461952841963056 
0.24619478394137237 
0.24619428368690038 
0.24619378343288947 
0.24619328317933969 
0.24619278292625099 
0.24619228267362339 
0.24619178242145692 
0.24619128216975153 
0.24619078191850727 
0.24619028166772411 
0.24618978141740205 
0.24618928116754107 
0.24618878091814125 
0.24618828066920254 
0.24618778042072492 
0.24618728017270855 
0.24618677992515328 
0.24618627967805914 
0.24618577943142611 
0.24618527918525421 
0.24618477893954344 
0.24618427869429374 
0.2461837784495052 
0.2461832782051778 
0.24618277796131152 
0.24618227771790635 
0.24618177747496231 
0.2461812772324794 
0.24618077699045762 
0.24618027674889709 
0.24617977650779771 
0.24617927626715944 
0.24617877602698235 
0.24617827578726637 
0.24617777554801148 
0.24617727530921779 
0.2461767750708852 
0.24617627483301377 
0.24617577459560347 
0.24617527435865433 
0.24617477412216635 
0.24617427388613947 
0.24617377365057375 
0.24617327341546918 
0.24617277318082589 
0.24617227294664373 
0.24617177271292276 
0.24617127247966292 
0.24617077224686423 
0.24617027201452671 
0.24616977178265032 
0.24616927155123511 
0.24616877132028106 
0.24616827108978814 
0.24616777085975641 
0.24616727063018581 
0.2461667704010764 
0.24616627017242818 
0.24616576994424119 
0.24616526971651539 
0.24616476948925078 
0.24616426926244733 
0.24616376903610501 
0.24616326881022391 
0.24616276858480396 
0.24616226835984517 
0.2461617681353476 
0.24616126791131118 
0.24616076768773593 
0.24616026746462188 
0.246159767241969 
0.24615926701977728 
0.24615876679804691 
0.24615826657677767 
0.24615776635596964 
0.2461572661356228 
0.24615676591573715 
0.24615626569631266 
0.24615576547734938 
0.24615526525884729 
0.24615476504080638 
0.24615426482322669 
0.24615376460610816 
0.24615326438945087 
0.24615276417325474 
0.2461522639575198 
0.2461517637422462 
0.2461512635274338 
0.24615076331308261 
0.24615026309919261 
0.24614976288576379 
0.24614926267279622 
0.24614876246028983 
0.24614826224824468 
0.24614776203666069 
0.24614726182553795 
0.24614676161487636 
0.24614626140467605 
0.24614576119493695 
0.246145260985659 
0.24614476077684244 
0.24614426056848709 
0.24614376036059296 
0.24614326015316004 
0.24614275994618834 
0.24614225973967788 
0.2461417595336286 
0.2461412593280406 
0.24614075912291378 
0.2461402589182482 
0.24613975871404384 
0.24613925851030072 
0.24613875830701884 
0.24613825810419818 
0.24613775790183887 
0.2461372576999408 
0.24613675749850394 
0.24613625729752833 
0.24613575709701396 
0.24613525689696084 
0.24613475669736895 
0.24613425649823831 
0.24613375629956891 
0.24613325610136075 
0.24613275590361383 
0.24613225570632813 
0.24613175550950372 
0.24613125531314053 
0.24613075511723861 
0.24613025492179805 
0.24612975472681875 
0.2461292545323007 
0.24612875433824388 
0.24612825414464834 
0.24612775395151404 
0.24612725375884101 
0.24612675356662925 
0.24612625337487873 
0.24612575318358948 
0.2461252529927615 
0.24612475280239476 
0.2461242526124893 
0.2461237524230451 
0.24612325223406228 
0.24612275204554077 
0.24612225185748049 
0.24612175166988148 
0.24612125148274375 
0.24612075129606728 
0.24612025110985211 
0.24611975092409821 
0.24611925073880558 
0.24611875055397422 
0.24611825036960416 
0.24611775018569537 
0.24611725000224785 
0.24611674981926163 
0.24611624963673678 
0.24611574945467327 
0.24611524927307102 
0.24611474909193007 
0.24611424891125039 
0.24611374873103201 
0.24611324855127489 
0.24611274837197908 
0.24611224819314459 
0.24611174801477137 
0.24611124783685948 
0.24611074765940885 
0.24611024748241953 
0.2461097473058915 
0.2461092471298249 
0.24610874695421961 
0.24610824677907561 
0.24610774660439291 
0.24610724643017154 
0.24610674625641143 
0.24610624608311268 
0.2461057459102752 
0.24610524573789908 
0.24610474556598425 
0.24610424539453071 
0.24610374522353848 
0.2461032450530076 
0.24610274488293798 
0.24610224471332987 
0.24610174454418304 
0.24610124437549752 
0.24610074420727332 
0.2461002440395105 
0.24609974387220893 
0.24609924370536873 
0.24609874353898986 
0.24609824337307226 
0.24609774320761604 
0.24609724304262115 
0.24609674287808758 
0.24609624271401534 
0.24609574255040445 
0.24609524238725489 
0.24609474222456676 
0.24609424206233999 
0.24609374190057454 
0.24609324173927044 
0.24609274157842767 
0.24609224141804625 
0.24609174125812619 
0.24609124109866745 
