0.049261800374461595 
0.037417868643153773 
0.019179009375433265 
0.016063878637776585 
0.0072539177561167234 
0.0070787232574649472 
0.0025445726940611646 
0.002517233982393563 
0.0012590879061574745 
0.0010934123435433207 
0.00047006965286622293 
0.00046047230380974469 
0.00017769338866580053 
0.00017578019816921753 
7.8399358302339017e-05 
7.7655218788108549e-05 
2.7816085290788273e-05 
2.7491694961301327e-05 
1.401994345828772e-05 
1.1914477518026878e-05 
5.1460069177000634e-06 
5.103440566145423e-06 
1.9153928936255227e-06 
1.8884605573754598e-06 
8.8758830230073471e-07 
8.2192123651569915e-07 
3.2901653401751219e-07 
3.2864278209920883e-07 
1.3260563302974759e-07 
1.2953632755330347e-07 
5.730848440244074e-08 
5.5905653439936032e-08 
2.1659746107793865e-08 
2.1659746107793865e-08 
8.5740482491658554e-09 
8.0354496390100394e-09 
4.3593894050175663e-09 
2.9818865154851437e-09 
1.9820884933352545e-09 
9.3230911879516043e-10 
7.9158024579584207e-10 
4.8187331902482811e-10 
2.2360857609982077e-10 
1.9305002041392072e-10 
1.85758630699695e-10 
1.85758630699695e-10 
1.85758630699695e-10 
1.85758630699695e-10 
1.85758630699695e-10 
1.85758630699695e-10 
1.7754542280812302e-10 
1.0943534967111646e-10 
6.2988170235200869e-11 
3.7619130033306192e-11 
3.3325009418661011e-11 
3.3325009418661011e-11 
3.3325009418661011e-11 
3.3325009418661011e-11 
3.3325009418661011e-11 
3.3325009418661011e-11 
3.3325009418661011e-11 
3.3325009418661011e-11 
3.3325009418661011e-11 
3.3325009418661011e-11 
3.3325009418661011e-11 
3.3325009418661011e-11 
3.3325009418661011e-11 
3.3325009418661011e-11 
3.3325009418661011e-11 
3.3325009418661011e-11 
3.3325009418661011e-11 
3.3325009418661011e-11 
3.3325009418661011e-11 
3.3325009418661011e-11 
3.3325009418661011e-11 
3.3325009418661011e-11 
3.3325009418661011e-11 
3.3325009418661011e-11 
3.3325009418661011e-11 
3.3325009418661011e-11 
3.3325009418661011e-11 
3.3325009418661011e-11 
3.3325009418661011e-11 
3.3325009418661011e-11 
3.3325009418661011e-11 
3.3325009418661011e-11 
3.3325009418661011e-11 
3.3325009418661011e-11 
3.3325009418661011e-11 
3.3325009418661011e-11 
3.3325009418661011e-11 
3.3325009418661011e-11 
3.3325009418661011e-11 
3.3325009418661011e-11 
3.3325009418661011e-11 
3.3325009418661011e-11 
3.3325009418661011e-11 
3.3325009418661011e-11 
3.3325009418661011e-11 
3.3325009418661011e-11 
3.3325009418661011e-11 
3.3325009418661011e-11 
3.3325009418661011e-11 
3.3325009418661011e-11 
3.3325009418661011e-11 
3.3325009418661011e-11 
3.3325009418661011e-11 
3.3325009418661011e-11 
3.3325009418661011e-11 
3.3325009418661011e-11 
3.3325009418661011e-11 
3.3325009418661011e-11 
3.3325009418661011e-11 
3.3325009418661011e-11 
3.3325009418661011e-11 
3.3325009418661011e-11 
3.3325009418661011e-11 
3.3325009418661011e-11 
3.3325009418661011e-11 
3.3325009418661011e-11 
3.3325009418661011e-11 
3.3325009418661011e-11 
3.3325009418661011e-11 
3.3325009418661011e-11 
3.3325009418661011e-11 
3.3325009418661011e-11 
3.3325009418661011e-11 
3.3325009418661011e-11 
3.3325009418661011e-11 
3.3325009418661011e-11 
3.3325009418661011e-11 
3.3325009418661011e-11 
3.3325009418661011e-11 
3.3325009418661011e-11 
3.3325009418661011e-11 
3.3325009418661011e-11 
3.3325009418661011e-11 
3.3325009418661011e-11 
3.3325009418661011e-11 
3.3325009418661011e-11 
3.3325009418661011e-11 
3.3325009418661011e-11 
3.3325009418661011e-11 
3.3325009418661011e-11 
3.3325009418661011e-11 
3.3325009418661011e-11 
3.3325009418661011e-11 
3.3325009418661011e-11 
3.3325009418661011e-11 
3.3325009418661011e-11 
3.3325009418661011e-11 
3.3325009418661011e-11 
3.3325009418661011e-11 
3.3325009418661011e-11 
3.3325009418661011e-11 
3.3325009418661011e-11 
3.3325009418661011e-11 
3.3325009418661011e-11 
3.3325009418661011e-11 
3.3325009418661011e-11 
3.3325009418661011e-11 
3.3325009418661011e-11 
3.3325009418661011e-11 
3.3325009418661011e-11 
3.3325009418661011e-11 
3.3325009418661011e-11 
3.3325009418661011e-11 
3.3325009418661011e-11 
3.3325009418661011e-11 
3.3325009418661011e-11 
3.3325009418661011e-11 
3.3325009418661011e-11 
3.3325009418661011e-11 
3.3325009418661011e-11 
3.3325009418661011e-11 
3.3325009418661011e-11 
3.3325009418661011e-11 
3.3325009418661011e-11 
3.3325009418661011e-11 
3.3325009418661011e-11 
3.3325009418661011e-11 
3.3325009418661011e-11 
3.3325009418661011e-11 
3.3325009418661011e-11 
3.3325009418661011e-11 
3.3325009418661011e-11 
3.3325009418661011e-11 
3.3325009418661011e-11 
3.3325009418661011e-11 
3.3325009418661011e-11 
3.3325009418661011e-11 
3.3325009418661011e-11 
3.3325009418661011e-11 
3.3325009418661011e-11 
3.3325009418661011e-11 
3.3325009418661011e-11 
3.3325009418661011e-11 
3.3325009418661011e-11 
3.3325009418661011e-11 
3.3325009418661011e-11 
3.3325009418661011e-11 
3.3325009418661011e-11 
3.3325009418661011e-11 
3.3325009418661011e-11 
3.3325009418661011e-11 
3.3325009418661011e-11 
3.3325009418661011e-11 
3.3325009418661011e-11 
3.3325009418661011e-11 
3.3325009418661011e-11 
3.3325009418661011e-11 
3.3325009418661011e-11 
3.3325009418661011e-11 
3.3325009418661011e-11 
3.3325009418661011e-11 
3.3325009418661011e-11 
3.3325009418661011e-11 
3.3325009418661011e-11 
3.3325009418661011e-11 
3.3325009418661011e-11 
3.3325009418661011e-11 
3.3325009418661011e-11 
3.3325009418661011e-11 
3.3325009418661011e-11 
3.3325009418661011e-11 
3.3325009418661011e-11 
3.3325009418661011e-11 
3.3325009418661011e-11 
3.3325009418661011e-11 
3.3325009418661011e-11 
3.3325009418661011e-11 
3.3325009418661011e-11 
3.3325009418661011e-11 
3.3325009418661011e-11 
3.3325009418661011e-11 
3.3325009418661011e-11 
3.3325009418661011e-11 
3.3325009418661011e-11 
3.3325009418661011e-11 
3.3325009418661011e-11 
3.3325009418661011e-11 
3.3325009418661011e-11 
3.3325009418661011e-11 
3.3325009418661011e-11 
3.3325009418661011e-11 
3.3325009418661011e-11 
3.3325009418661011e-11 
3.3325009418661011e-11 
3.3325009418661011e-11 
3.3325009418661011e-11 
3.3325009418661011e-11 
3.3325009418661011e-11 
3.3325009418661011e-11 
3.3325009418661011e-11 
3.3325009418661011e-11 
3.3325009418661011e-11 
3.3325009418661011e-11 
3.3325009418661011e-11 
3.3325009418661011e-11 
3.3325009418661011e-11 
3.3325009418661011e-11 
3.3325009418661011e-11 
3.3325009418661011e-11 
3.3325009418661011e-11 
3.3325009418661011e-11 
3.3325009418661011e-11 
3.3325009418661011e-11 
3.3325009418661011e-11 
3.3325009418661011e-11 
3.3325009418661011e-11 
3.3325009418661011e-11 
3.3325009418661011e-11 
3.3325009418661011e-11 
3.3325009418661011e-11 
3.3325009418661011e-11 
3.3325009418661011e-11 
3.3325009418661011e-11 
3.3325009418661011e-11 
3.3325009418661011e-11 
3.3325009418661011e-11 
3.3325009418661011e-11 
3.3325009418661011e-11 
3.3325009418661011e-11 
3.3325009418661011e-11 
3.3325009418661011e-11 
3.3325009418661011e-11 
3.3325009418661011e-11 
3.3325009418661011e-11 
3.3325009418661011e-11 
3.3325009418661011e-11 
3.3325009418661011e-11 
3.3325009418661011e-11 
3.3325009418661011e-11 
3.3325009418661011e-11 
3.3325009418661011e-11 
3.3325009418661011e-11 
3.3325009418661011e-11 
3.3325009418661011e-11 
3.3325009418661011e-11 
3.3325009418661011e-11 
3.3325009418661011e-11 
3.3325009418661011e-11 
3.3325009418661011e-11 
3.3325009418661011e-11 
3.3325009418661011e-11 
3.3325009418661011e-11 
3.3325009418661011e-11 
3.3325009418661011e-11 
3.3325009418661011e-11 
3.3325009418661011e-11 
3.3325009418661011e-11 
3.3325009418661011e-11 
3.3325009418661011e-11 
3.3325009418661011e-11 
3.3325009418661011e-11 
3.3325009418661011e-11 
3.3325009418661011e-11 
3.3325009418661011e-11 
3.3325009418661011e-11 
3.3325009418661011e-11 
3.3325009418661011e-11 
3.3325009418661011e-11 
3.3325009418661011e-11 
3.3325009418661011e-11 
3.3325009418661011e-11 
3.3325009418661011e-11 
3.3325009418661011e-11 
3.3325009418661011e-11 
3.3325009418661011e-11 
3.3325009418661011e-11 
3.3325009418661011e-11 
3.3325009418661011e-11 
3.3325009418661011e-11 
3.3325009418661011e-11 
3.3325009418661011e-11 
3.3325009418661011e-11 
3.3325009418661011e-11 
3.3325009418661011e-11 
3.3325009418661011e-11 
3.3325009418661011e-11 
3.3325009418661011e-11 
3.3325009418661011e-11 
3.3325009418661011e-11 
3.3325009418661011e-11 
3.3325009418661011e-11 
3.3325009418661011e-11 
3.3325009418661011e-11 
3.3325009418661011e-11 
3.3325009418661011e-11 
3.3325009418661011e-11 
3.3325009418661011e-11 
3.3325009418661011e-11 
3.3325009418661011e-11 
3.3325009418661011e-11 
3.3325009418661011e-11 
3.3325009418661011e-11 
3.3325009418661011e-11 
3.3325009418661011e-11 
3.3325009418661011e-11 
3.3325009418661011e-11 
3.3325009418661011e-11 
3.3325009418661011e-11 
3.3325009418661011e-11 
3.3325009418661011e-11 
3.3325009418661011e-11 
3.3325009418661011e-11 
3.3325009418661011e-11 
3.3325009418661011e-11 
3.3325009418661011e-11 
3.3325009418661011e-11 
3.3325009418661011e-11 
3.3325009418661011e-11 
3.3325009418661011e-11 
3.3325009418661011e-11 
3.3325009418661011e-11 
3.3325009418661011e-11 
3.3325009418661011e-11 
3.3325009418661011e-11 
3.3325009418661011e-11 
3.3325009418661011e-11 
3.3325009418661011e-11 
3.3325009418661011e-11 
3.3325009418661011e-11 
3.3325009418661011e-11 
3.3325009418661011e-11 
3.3325009418661011e-11 
3.3325009418661011e-11 
3.3325009418661011e-11 
3.3325009418661011e-11 
3.3325009418661011e-11 
3.3325009418661011e-11 
3.3325009418661011e-11 
3.3325009418661011e-11 
3.3325009418661011e-11 
3.3325009418661011e-11 
3.3325009418661011e-11 
3.3325009418661011e-11 
3.3325009418661011e-11 
3.3325009418661011e-11 
3.3325009418661011e-11 
3.3325009418661011e-11 
3.3325009418661011e-11 
3.3325009418661011e-11 
3.3325009418661011e-11 
3.3325009418661011e-11 
3.3325009418661011e-11 
3.3325009418661011e-11 
3.3325009418661011e-11 
3.3325009418661011e-11 
3.3325009418661011e-11 
3.3325009418661011e-11 
3.3325009418661011e-11 
3.3325009418661011e-11 
3.3325009418661011e-11 
3.3325009418661011e-11 
3.3325009418661011e-11 
3.3325009418661011e-11 
3.3325009418661011e-11 
3.3325009418661011e-11 
3.3325009418661011e-11 
3.3325009418661011e-11 
3.3325009418661011e-11 
3.3325009418661011e-11 
3.3325009418661011e-11 
3.3325009418661011e-11 
3.3325009418661011e-11 
3.3325009418661011e-11 
3.3325009418661011e-11 
3.3325009418661011e-11 
3.3325009418661011e-11 
3.3325009418661011e-11 
3.3325009418661011e-11 
3.3325009418661011e-11 
3.3325009418661011e-11 
3.3325009418661011e-11 
3.3325009418661011e-11 
3.3325009418661011e-11 
3.3325009418661011e-11 
3.3325009418661011e-11 
3.3325009418661011e-11 
3.3325009418661011e-11 
3.3325009418661011e-11 
3.3325009418661011e-11 
3.3325009418661011e-11 
3.3325009418661011e-11 
3.3325009418661011e-11 
3.3325009418661011e-11 
3.3325009418661011e-11 
3.3325009418661011e-11 
3.3325009418661011e-11 
3.3325009418661011e-11 
3.3325009418661011e-11 
3.3325009418661011e-11 
3.3325009418661011e-11 
3.3325009418661011e-11 
3.3325009418661011e-11 
3.3325009418661011e-11 
3.3325009418661011e-11 
3.3325009418661011e-11 
3.3325009418661011e-11 
3.3325009418661011e-11 
3.3325009418661011e-11 
3.3325009418661011e-11 
3.3325009418661011e-11 
3.3325009418661011e-11 
3.3325009418661011e-11 
3.3325009418661011e-11 
3.3325009418661011e-11 
3.3325009418661011e-11 
3.3325009418661011e-11 
3.3325009418661011e-11 
3.3325009418661011e-11 
3.3325009418661011e-11 
3.3325009418661011e-11 
3.3325009418661011e-11 
3.3325009418661011e-11 
3.3325009418661011e-11 
3.3325009418661011e-11 
3.3325009418661011e-11 
3.3325009418661011e-11 
3.3325009418661011e-11 
3.3325009418661011e-11 
3.3325009418661011e-11 
3.3325009418661011e-11 
3.3325009418661011e-11 
3.3325009418661011e-11 
3.3325009418661011e-11 
3.3325009418661011e-11 
3.3325009418661011e-11 
3.3325009418661011e-11 
3.3325009418661011e-11 
3.3325009418661011e-11 
3.3325009418661011e-11 
3.3325009418661011e-11 
3.3325009418661011e-11 
3.3325009418661011e-11 
3.3325009418661011e-11 
3.3325009418661011e-11 
3.3325009418661011e-11 
3.3325009418661011e-11 
3.3325009418661011e-11 
3.3325009418661011e-11 
3.3325009418661011e-11 
3.3325009418661011e-11 
3.3325009418661011e-11 
3.3325009418661011e-11 
3.3325009418661011e-11 
3.3325009418661011e-11 
3.3325009418661011e-11 
3.3325009418661011e-11 
3.3325009418661011e-11 
3.3325009418661011e-11 
3.3325009418661011e-11 
3.3325009418661011e-11 
3.3325009418661011e-11 
3.3325009418661011e-11 
3.3325009418661011e-11 
3.3325009418661011e-11 
3.3325009418661011e-11 
3.3325009418661011e-11 
3.3325009418661011e-11 
3.3325009418661011e-11 
3.3325009418661011e-11 
3.3325009418661011e-11 
3.3325009418661011e-11 
3.3325009418661011e-11 
3.3325009418661011e-11 
3.3325009418661011e-11 
3.3325009418661011e-11 
3.3325009418661011e-11 
3.3325009418661011e-11 
3.3325009418661011e-11 
3.3325009418661011e-11 
3.3325009418661011e-11 
3.3325009418661011e-11 
3.3325009418661011e-11 
3.3325009418661011e-11 
3.3325009418661011e-11 
3.3325009418661011e-11 
3.3325009418661011e-11 
3.3325009418661011e-11 
3.3325009418661011e-11 
3.3325009418661011e-11 
3.3325009418661011e-11 
3.3325009418661011e-11 
3.3325009418661011e-11 
3.3325009418661011e-11 
3.3325009418661011e-11 
3.3325009418661011e-11 
3.3325009418661011e-11 
3.3325009418661011e-11 
3.3325009418661011e-11 
3.3325009418661011e-11 
3.3325009418661011e-11 
3.3325009418661011e-11 
3.3325009418661011e-11 
3.3325009418661011e-11 
3.3325009418661011e-11 
3.3325009418661011e-11 
3.3325009418661011e-11 
3.3325009418661011e-11 
3.3325009418661011e-11 
3.3325009418661011e-11 
3.3325009418661011e-11 
3.3325009418661011e-11 
3.3325009418661011e-11 
3.3325009418661011e-11 
3.3325009418661011e-11 
3.3325009418661011e-11 
3.3325009418661011e-11 
3.3325009418661011e-11 
3.3325009418661011e-11 
3.3325009418661011e-11 
3.3325009418661011e-11 
3.3325009418661011e-11 
3.3325009418661011e-11 
3.3325009418661011e-11 
3.3325009418661011e-11 
3.3325009418661011e-11 
3.3325009418661011e-11 
3.3325009418661011e-11 
3.3325009418661011e-11 
3.3325009418661011e-11 
3.3325009418661011e-11 
3.3325009418661011e-11 
3.3325009418661011e-11 
3.3325009418661011e-11 
3.3325009418661011e-11 
3.3325009418661011e-11 
3.3325009418661011e-11 
3.3325009418661011e-11 
3.3325009418661011e-11 
3.3325009418661011e-11 
3.3325009418661011e-11 
3.3325009418661011e-11 
3.3325009418661011e-11 
3.3325009418661011e-11 
3.3325009418661011e-11 
3.3325009418661011e-11 
3.3325009418661011e-11 
3.3325009418661011e-11 
3.3325009418661011e-11 
3.3325009418661011e-11 
3.3325009418661011e-11 
3.3325009418661011e-11 
3.3325009418661011e-11 
3.3325009418661011e-11 
3.3325009418661011e-11 
3.3325009418661011e-11 
3.3325009418661011e-11 
3.3325009418661011e-11 
3.3325009418661011e-11 
3.3325009418661011e-11 
3.3325009418661011e-11 
3.3325009418661011e-11 
3.3325009418661011e-11 
3.3325009418661011e-11 
3.3325009418661011e-11 
3.3325009418661011e-11 
3.3325009418661011e-11 
3.3325009418661011e-11 
3.3325009418661011e-11 
3.3325009418661011e-11 
3.3325009418661011e-11 
3.3325009418661011e-11 
3.3325009418661011e-11 
3.3325009418661011e-11 
3.3325009418661011e-11 
3.3325009418661011e-11 
3.3325009418661011e-11 
3.3325009418661011e-11 
3.3325009418661011e-11 
3.3325009418661011e-11 
3.3325009418661011e-11 
3.3325009418661011e-11 
3.3325009418661011e-11 
3.3325009418661011e-11 
3.3325009418661011e-11 
3.3325009418661011e-11 
3.3325009418661011e-11 
3.3325009418661011e-11 
3.3325009418661011e-11 
3.3325009418661011e-11 
3.3325009418661011e-11 
3.3325009418661011e-11 
3.3325009418661011e-11 
3.3325009418661011e-11 
3.3325009418661011e-11 
3.3325009418661011e-11 
3.3325009418661011e-11 
3.3325009418661011e-11 
3.3325009418661011e-11 
3.3325009418661011e-11 
3.3325009418661011e-11 
3.3325009418661011e-11 
3.3325009418661011e-11 
3.3325009418661011e-11 
3.3325009418661011e-11 
3.3325009418661011e-11 
3.3325009418661011e-11 
3.3325009418661011e-11 
3.3325009418661011e-11 
3.3325009418661011e-11 
3.3325009418661011e-11 
3.3325009418661011e-11 
3.3325009418661011e-11 
3.3325009418661011e-11 
3.3325009418661011e-11 
3.3325009418661011e-11 
3.3325009418661011e-11 
3.3325009418661011e-11 
3.3325009418661011e-11 
3.3325009418661011e-11 
3.3325009418661011e-11 
3.3325009418661011e-11 
3.3325009418661011e-11 
3.3325009418661011e-11 
3.3325009418661011e-11 
3.3325009418661011e-11 
3.3325009418661011e-11 
3.3325009418661011e-11 
3.3325009418661011e-11 
3.3325009418661011e-11 
3.3325009418661011e-11 
3.3325009418661011e-11 
3.3325009418661011e-11 
3.3325009418661011e-11 
3.3325009418661011e-11 
3.3325009418661011e-11 
3.3325009418661011e-11 
3.3325009418661011e-11 
3.3325009418661011e-11 
3.3325009418661011e-11 
3.3325009418661011e-11 
3.3325009418661011e-11 
3.3325009418661011e-11 
3.3325009418661011e-11 
3.3325009418661011e-11 
3.3325009418661011e-11 
3.3325009418661011e-11 
3.3325009418661011e-11 
3.3325009418661011e-11 
3.3325009418661011e-11 
3.3325009418661011e-11 
3.3325009418661011e-11 
3.3325009418661011e-11 
3.3325009418661011e-11 
3.3325009418661011e-11 
3.3325009418661011e-11 
3.3325009418661011e-11 
3.3325009418661011e-11 
3.3325009418661011e-11 
3.3325009418661011e-11 
3.3325009418661011e-11 
3.3325009418661011e-11 
3.3325009418661011e-11 
3.3325009418661011e-11 
3.3325009418661011e-11 
3.3325009418661011e-11 
3.3325009418661011e-11 
3.3325009418661011e-11 
3.3325009418661011e-11 
3.3325009418661011e-11 
3.3325009418661011e-11 
3.3325009418661011e-11 
3.3325009418661011e-11 
3.3325009418661011e-11 
3.3325009418661011e-11 
3.3325009418661011e-11 
3.3325009418661011e-11 
3.3325009418661011e-11 
3.3325009418661011e-11 
3.3325009418661011e-11 
3.3325009418661011e-11 
3.3325009418661011e-11 
3.3325009418661011e-11 
3.3325009418661011e-11 
3.3325009418661011e-11 
3.3325009418661011e-11 
3.3325009418661011e-11 
3.3325009418661011e-11 
3.3325009418661011e-11 
3.3325009418661011e-11 
3.3325009418661011e-11 
3.3325009418661011e-11 
3.3325009418661011e-11 
3.3325009418661011e-11 
3.3325009418661011e-11 
3.3325009418661011e-11 
3.3325009418661011e-11 
3.3325009418661011e-11 
3.3325009418661011e-11 
3.3325009418661011e-11 
3.3325009418661011e-11 
3.3325009418661011e-11 
3.3325009418661011e-11 
3.3325009418661011e-11 
3.3325009418661011e-11 
3.3325009418661011e-11 
3.3325009418661011e-11 
3.3325009418661011e-11 
3.3325009418661011e-11 
3.3325009418661011e-11 
3.3325009418661011e-11 
3.3325009418661011e-11 
3.3325009418661011e-11 
3.3325009418661011e-11 
3.3325009418661011e-11 
3.3325009418661011e-11 
3.3325009418661011e-11 
3.3325009418661011e-11 
3.3325009418661011e-11 
3.3325009418661011e-11 
3.3325009418661011e-11 
3.3325009418661011e-11 
3.3325009418661011e-11 
3.3325009418661011e-11 
3.3325009418661011e-11 
3.3325009418661011e-11 
3.3325009418661011e-11 
3.3325009418661011e-11 
3.3325009418661011e-11 
3.3325009418661011e-11 
3.3325009418661011e-11 
3.3325009418661011e-11 
3.3325009418661011e-11 
3.3325009418661011e-11 
3.3325009418661011e-11 
3.3325009418661011e-11 
3.3325009418661011e-11 
3.3325009418661011e-11 
3.3325009418661011e-11 
3.3325009418661011e-11 
3.3325009418661011e-11 
3.3325009418661011e-11 
3.3325009418661011e-11 
3.3325009418661011e-11 
3.3325009418661011e-11 
3.3325009418661011e-11 
3.3325009418661011e-11 
3.3325009418661011e-11 
3.3325009418661011e-11 
3.3325009418661011e-11 
3.3325009418661011e-11 
3.3325009418661011e-11 
3.3325009418661011e-11 
3.3325009418661011e-11 
3.3325009418661011e-11 
3.3325009418661011e-11 
3.3325009418661011e-11 
3.3325009418661011e-11 
3.3325009418661011e-11 
3.3325009418661011e-11 
3.3325009418661011e-11 
3.3325009418661011e-11 
3.3325009418661011e-11 
3.3325009418661011e-11 
3.3325009418661011e-11 
3.3325009418661011e-11 
3.3325009418661011e-11 
3.3325009418661011e-11 
3.3325009418661011e-11 
3.3325009418661011e-11 
3.3325009418661011e-11 
3.3325009418661011e-11 
3.3325009418661011e-11 
3.3325009418661011e-11 
3.3325009418661011e-11 
3.3325009418661011e-11 
3.3325009418661011e-11 
3.3325009418661011e-11 
3.3325009418661011e-11 
3.3325009418661011e-11 
3.3325009418661011e-11 
3.3325009418661011e-11 
3.3325009418661011e-11 
3.3325009418661011e-11 
3.3325009418661011e-11 
3.3325009418661011e-11 
3.3325009418661011e-11 
3.3325009418661011e-11 
3.3325009418661011e-11 
3.3325009418661011e-11 
3.3325009418661011e-11 
3.3325009418661011e-11 
3.3325009418661011e-11 
3.3325009418661011e-11 
3.3325009418661011e-11 
3.3325009418661011e-11 
3.3325009418661011e-11 
3.3325009418661011e-11 
3.3325009418661011e-11 
3.3325009418661011e-11 
3.3325009418661011e-11 
3.3325009418661011e-11 
3.3325009418661011e-11 
3.3325009418661011e-11 
3.3325009418661011e-11 
3.3325009418661011e-11 
3.3325009418661011e-11 
3.3325009418661011e-11 
3.3325009418661011e-11 
3.3325009418661011e-11 
3.3325009418661011e-11 
3.3325009418661011e-11 
3.3325009418661011e-11 
3.3325009418661011e-11 
3.3325009418661011e-11 
3.3325009418661011e-11 
3.3325009418661011e-11 
3.3325009418661011e-11 
3.3325009418661011e-11 
3.3325009418661011e-11 
3.3325009418661011e-11 
3.3325009418661011e-11 
3.3325009418661011e-11 
3.3325009418661011e-11 
3.3325009418661011e-11 
3.3325009418661011e-11 
3.3325009418661011e-11 
3.3325009418661011e-11 
3.3325009418661011e-11 
3.3325009418661011e-11 
3.3325009418661011e-11 
3.3325009418661011e-11 
3.3325009418661011e-11 
3.3325009418661011e-11 
3.3325009418661011e-11 
3.3325009418661011e-11 
3.3325009418661011e-11 
3.3325009418661011e-11 
3.3325009418661011e-11 
3.3325009418661011e-11 
3.3325009418661011e-11 
3.3325009418661011e-11 
3.3325009418661011e-11 
3.3325009418661011e-11 
3.3325009418661011e-11 
3.3325009418661011e-11 
3.3325009418661011e-11 
3.3325009418661011e-11 
3.3325009418661011e-11 
3.3325009418661011e-11 
3.3325009418661011e-11 
3.3325009418661011e-11 
3.3325009418661011e-11 
3.3325009418661011e-11 
3.3325009418661011e-11 
3.3325009418661011e-11 
3.3325009418661011e-11 
3.3325009418661011e-11 
3.3325009418661011e-11 
3.3325009418661011e-11 
3.3325009418661011e-11 
3.3325009418661011e-11 
3.3325009418661011e-11 
3.3325009418661011e-11 
3.3325009418661011e-11 
3.3325009418661011e-11 
3.3325009418661011e-11 
3.3325009418661011e-11 
3.3325009418661011e-11 
3.3325009418661011e-11 
3.3325009418661011e-11 
3.3325009418661011e-11 
3.3325009418661011e-11 
3.3325009418661011e-11 
3.3325009418661011e-11 
3.3325009418661011e-11 
3.3325009418661011e-11 
3.3325009418661011e-11 
3.3325009418661011e-11 
3.3325009418661011e-11 
3.3325009418661011e-11 
3.3325009418661011e-11 
3.3325009418661011e-11 
3.3325009418661011e-11 
3.3325009418661011e-11 
3.3325009418661011e-11 
3.3325009418661011e-11 
3.3325009418661011e-11 
3.3325009418661011e-11 
3.3325009418661011e-11 
3.3325009418661011e-11 
3.3325009418661011e-11 
3.3325009418661011e-11 
3.3325009418661011e-11 
3.3325009418661011e-11 
3.3325009418661011e-11 
3.3325009418661011e-11 
3.3325009418661011e-11 
3.3325009418661011e-11 
3.3325009418661011e-11 
3.3325009418661011e-11 
3.3325009418661011e-11 
3.3325009418661011e-11 
3.3325009418661011e-11 
3.3325009418661011e-11 
3.3325009418661011e-11 
3.3325009418661011e-11 
3.3325009418661011e-11 
3.3325009418661011e-11 
3.3325009418661011e-11 
3.3325009418661011e-11 
3.3325009418661011e-11 
3.3325009418661011e-11 
3.3325009418661011e-11 
3.3325009418661011e-11 
3.3325009418661011e-11 
3.3325009418661011e-11 
3.3325009418661011e-11 
3.3325009418661011e-11 
3.3325009418661011e-11 
3.3325009418661011e-11 
3.3325009418661011e-11 
3.3325009418661011e-11 
3.3325009418661011e-11 
3.3325009418661011e-11 
3.3325009418661011e-11 
3.3325009418661011e-11 
3.3325009418661011e-11 
3.3325009418661011e-11 
3.3325009418661011e-11 
3.3325009418661011e-11 
3.3325009418661011e-11 
3.3325009418661011e-11 
3.3325009418661011e-11 
3.3325009418661011e-11 
3.3325009418661011e-11 
3.3325009418661011e-11 
3.3325009418661011e-11 
3.3325009418661011e-11 
3.3325009418661011e-11 
3.3325009418661011e-11 
3.3325009418661011e-11 
3.3325009418661011e-11 
3.3325009418661011e-11 
3.3325009418661011e-11 
3.3325009418661011e-11 
3.3325009418661011e-11 
