0.3659587736778952 
0.24111736046286381 
0.11583417158571441 
0.025254513749764729 
0.025254513749764729 
0.025254513749764729 
0.025254513749764729 
0.0095688370681913382 
0.0070868805878497865 
0.0070868805878497865 
0.0037591232645891592 
0.0037591232645891592 
0.0016557154571680277 
0.0016557154571680277 
0.0016557154571680277 
0.0016557154571680277 
0.0016557154571680277 
0.0016557154571680277 
0.00089009486394797666 
0.00089009486394797666 
0.00089009486394797666 
0.00089009486394797666 
5.1742066927262798e-05 
5.1742066927262798e-05 
5.1742066927262798e-05 
5.1742066927262798e-05 
5.1742066927262798e-05 
5.1742066927262798e-05 
5.1742066927262798e-05 
5.1742066927262798e-05 
5.1742066927262798e-05 
5.1742066927262798e-05 
5.1742066927262798e-05 
5.1742066927262798e-05 
5.1742066927262798e-05 
5.1742066927262798e-05 
5.1742066927262798e-05 
5.1742066927262798e-05 
5.1742066927262798e-05 
5.1742066927262798e-05 
5.1742066927262798e-05 
5.1742066927262798e-05 
5.1742066927262798e-05 
5.1742066927262798e-05 
5.1742066927262798e-05 
5.1742066927262798e-05 
5.1742066927262798e-05 
5.1742066927262798e-05 
5.1742066927262798e-05 
5.1742066927262798e-05 
5.1742066927262798e-05 
5.1742066927262798e-05 
5.1742066927262798e-05 
5.1742066927262798e-05 
5.1742066927262798e-05 
5.1742066927262798e-05 
5.1742066927262798e-05 
5.1742066927262798e-05 
5.1742066927262798e-05 
5.1742066927262798e-05 
4.5192709966168643e-05 
4.5192709966168643e-05 
4.5192709966168643e-05 
4.5192709966168643e-05 
4.5192709966168643e-05 
2.2348601442123694e-05 
2.2348601442123694e-05 
2.2348601442123694e-05 
2.2348601442123694e-05 
2.2348601442123694e-05 
2.2348601442123694e-05 
2.2348601442123694e-05 
2.2348601442123694e-05 
2.2348601442123694e-05 
2.2348601442123694e-05 
2.2348601442123694e-05 
2.2348601442123694e-05 
2.2348601442123694e-05 
2.2348601442123694e-05 
2.2348601442123694e-05 
2.2348601442123694e-05 
2.2348601442123694e-05 
2.2348601442123694e-05 
2.2348601442123694e-05 
2.2348601442123694e-05 
2.2348601442123694e-05 
2.2348601442123694e-05 
2.2348601442123694e-05 
2.2348601442123694e-05 
2.2348601442123694e-05 
1.577829376087081e-05 
8.170362403192577e-06 
8.170362403192577e-06 
8.170362403192577e-06 
5.6194557717104132e-06 
5.6194557717104132e-06 
4.0996339346621724e-06 
4.0996339346621724e-06 
4.0996339346621724e-06 
4.0996339346621724e-06 
4.0996339346621724e-06 
2.8164332945834758e-06 
2.8164332945834758e-06 
2.8164332945834758e-06 
2.332122910675416e-06 
2.332122910675416e-06 
2.332122910675416e-06 
2.332122910675416e-06 
1.7655041412156791e-06 
1.7655041412156791e-06 
1.7655041412156791e-06 
1.7655041412156791e-06 
1.0589716670228455e-06 
1.0589716670228455e-06 
1.0589716670228455e-06 
1.0589716670228455e-06 
1.0589716670228455e-06 
1.0589716670228455e-06 
1.0589716670228455e-06 
2.6974149058833774e-07 
2.6974149058833774e-07 
2.6974149058833774e-07 
2.6974149058833774e-07 
2.6974149058833774e-07 
2.6974149058833774e-07 
2.6974149058833774e-07 
3.8787996481381981e-08 
3.8787996481381981e-08 
3.8787996481381981e-08 
3.8787996481381981e-08 
3.8787996481381981e-08 
3.8787996481381981e-08 
3.8787996481381981e-08 
1.6928099921820206e-08 
1.6928099921820206e-08 
1.6928099921820206e-08 
1.6928099921820206e-08 
1.6928099921820206e-08 
1.6928099921820206e-08 
1.6928099921820206e-08 
1.6928099921820206e-08 
1.6928099921820206e-08 
1.6928099921820206e-08 
1.6928099921820206e-08 
1.6928099921820206e-08 
1.6928099921820206e-08 
1.6928099921820206e-08 
1.6928099921820206e-08 
1.6928099921820206e-08 
1.6928099921820206e-08 
1.6928099921820206e-08 
1.6928099921820206e-08 
1.6928099921820206e-08 
1.6928099921820206e-08 
1.6928099921820206e-08 
1.6928099921820206e-08 
1.6928099921820206e-08 
1.6928099921820206e-08 
1.6928099921820206e-08 
1.6928099921820206e-08 
1.6928099921820206e-08 
1.6928099921820206e-08 
1.6928099921820206e-08 
1.6418777448734545e-10 
1.6418777448734545e-10 
1.6418777448734545e-10 
1.6418777448734545e-10 
1.6418777448734545e-10 
1.6418777448734545e-10 
1.6418777448734545e-10 
1.6418777448734545e-10 
1.6418777448734545e-10 
1.6418777448734545e-10 
1.6418777448734545e-10 
1.6418777448734545e-10 
1.6418777448734545e-10 
1.6418777448734545e-10 
1.6418777448734545e-10 
1.6418777448734545e-10 
1.6418777448734545e-10 
1.6418777448734545e-10 
1.6418777448734545e-10 
1.6418777448734545e-10 
1.6418777448734545e-10 
1.6418777448734545e-10 
1.6418777448734545e-10 
1.6418777448734545e-10 
1.6418777448734545e-10 
1.6418777448734545e-10 
1.6418777448734545e-10 
1.6418777448734545e-10 
1.6418777448734545e-10 
1.6418777448734545e-10 
1.6418777448734545e-10 
1.6418777448734545e-10 
1.6418777448734545e-10 
1.6418777448734545e-10 
1.6418777448734545e-10 
1.6418777448734545e-10 
1.6418777448734545e-10 
1.6418777448734545e-10 
1.6418777448734545e-10 
1.6418777448734545e-10 
1.6418777448734545e-10 
1.6418777448734545e-10 
1.6418777448734545e-10 
1.6418777448734545e-10 
1.6418777448734545e-10 
1.5149714815976267e-10 
1.3999468251313374e-10 
1.3999468251313374e-10 
1.3999468251313374e-10 
1.3999468251313374e-10 
1.3999468251313374e-10 
1.3999468251313374e-10 
1.3999468251313374e-10 
1.3999468251313374e-10 
1.3999468251313374e-10 
1.3999468251313374e-10 
1.0633327551801131e-10 
1.0633327551801131e-10 
7.0982220101711846e-11 
7.0982220101711846e-11 
4.6548209731156476e-11 
4.6548209731156476e-11 
3.1282199053350723e-11 
3.1282199053350723e-11 
3.1282199053350723e-11 
3.1282199053350723e-11 
3.1282199053350723e-11 
1.196831522776165e-11 
1.196831522776165e-11 
7.3774319986341652e-13 
7.3774319986341652e-13 
7.3774319986341652e-13 
7.3774319986341652e-13 
7.3774319986341652e-13 
7.3774319986341652e-13 
7.3774319986341652e-13 
7.3774319986341652e-13 
7.3774319986341652e-13 
7.3774319986341652e-13 
7.3774319986341652e-13 
7.3774319986341652e-13 
7.3774319986341652e-13 
7.3774319986341652e-13 
7.3774319986341652e-13 
7.3774319986341652e-13 
7.3774319986341652e-13 
7.3774319986341652e-13 
7.3774319986341652e-13 
7.3774319986341652e-13 
7.3774319986341652e-13 
7.3774319986341652e-13 
7.3774319986341652e-13 
7.3774319986341652e-13 
7.3774319986341652e-13 
7.3774319986341652e-13 
7.3774319986341652e-13 
7.3774319986341652e-13 
7.3774319986341652e-13 
7.3774319986341652e-13 
7.3774319986341652e-13 
7.3774319986341652e-13 
7.3774319986341652e-13 
3.2407410088808319e-13 
3.2407410088808319e-13 
3.2407410088808319e-13 
3.2407410088808319e-13 
3.2407410088808319e-13 
3.2407410088808319e-13 
3.2407410088808319e-13 
3.2407410088808319e-13 
3.2407410088808319e-13 
3.2407410088808319e-13 
3.2407410088808319e-13 
3.2407410088808319e-13 
3.2407410088808319e-13 
3.2407410088808319e-13 
3.2407410088808319e-13 
3.2407410088808319e-13 
3.2407410088808319e-13 
3.2407410088808319e-13 
3.2407410088808319e-13 
3.2407410088808319e-13 
3.2407410088808319e-13 
3.2407410088808319e-13 
3.2407410088808319e-13 
3.2407410088808319e-13 
3.2407410088808319e-13 
3.2407410088808319e-13 
3.2407410088808319e-13 
3.2407410088808319e-13 
3.2407410088808319e-13 
3.2407410088808319e-13 
3.2407410088808319e-13 
3.2407410088808319e-13 
3.2407410088808319e-13 
3.2407410088808319e-13 
3.2407410088808319e-13 
3.2407410088808319e-13 
3.2407410088808319e-13 
3.2407410088808319e-13 
3.2407410088808319e-13 
3.2407410088808319e-13 
3.2407410088808319e-13 
3.2407410088808319e-13 
3.2407410088808319e-13 
3.2407410088808319e-13 
3.2407410088808319e-13 
3.2407410088808319e-13 
3.2407410088808319e-13 
3.2407410088808319e-13 
3.2407410088808319e-13 
3.2407410088808319e-13 
3.2407410088808319e-13 
3.2407410088808319e-13 
3.2407410088808319e-13 
3.2407410088808319e-13 
3.2407410088808319e-13 
3.2407410088808319e-13 
3.2407410088808319e-13 
3.2407410088808319e-13 
3.2407410088808319e-13 
3.2407410088808319e-13 
3.2407410088808319e-13 
3.2407410088808319e-13 
3.2407410088808319e-13 
3.2407410088808319e-13 
3.2407410088808319e-13 
3.2407410088808319e-13 
3.2407410088808319e-13 
3.2407410088808319e-13 
3.2407410088808319e-13 
3.2407410088808319e-13 
3.2407410088808319e-13 
3.2407410088808319e-13 
3.2407410088808319e-13 
3.2407410088808319e-13 
3.2407410088808319e-13 
3.2407410088808319e-13 
3.2407410088808319e-13 
3.2407410088808319e-13 
3.2407410088808319e-13 
3.2407410088808319e-13 
3.2407410088808319e-13 
3.2407410088808319e-13 
3.2407410088808319e-13 
3.2407410088808319e-13 
3.2407410088808319e-13 
3.2407410088808319e-13 
3.2407410088808319e-13 
3.2407410088808319e-13 
3.2407410088808319e-13 
3.2407410088808319e-13 
3.2407410088808319e-13 
3.2407410088808319e-13 
3.2407410088808319e-13 
3.2407410088808319e-13 
3.2407410088808319e-13 
3.2407410088808319e-13 
3.2407410088808319e-13 
3.2407410088808319e-13 
3.2407410088808319e-13 
3.2407410088808319e-13 
3.2407410088808319e-13 
3.2407410088808319e-13 
3.2407410088808319e-13 
3.2407410088808319e-13 
3.2407410088808319e-13 
3.2407410088808319e-13 
3.2407410088808319e-13 
3.2407410088808319e-13 
3.2407410088808319e-13 
3.2407410088808319e-13 
3.2407410088808319e-13 
3.2407410088808319e-13 
3.2407410088808319e-13 
3.2407410088808319e-13 
3.2407410088808319e-13 
3.2407410088808319e-13 
3.2407410088808319e-13 
3.2407410088808319e-13 
3.2407410088808319e-13 
3.2407410088808319e-13 
3.2407410088808319e-13 
3.2407410088808319e-13 
3.2407410088808319e-13 
3.2407410088808319e-13 
3.2407410088808319e-13 
3.2407410088808319e-13 
3.2407410088808319e-13 
3.2407410088808319e-13 
3.2407410088808319e-13 
3.2407410088808319e-13 
3.2407410088808319e-13 
3.2407410088808319e-13 
3.2407410088808319e-13 
3.2407410088808319e-13 
3.2407410088808319e-13 
3.2407410088808319e-13 
3.2407410088808319e-13 
3.2407410088808319e-13 
3.2407410088808319e-13 
3.2407410088808319e-13 
3.2407410088808319e-13 
3.2407410088808319e-13 
3.2407410088808319e-13 
3.2407410088808319e-13 
3.2407410088808319e-13 
3.2407410088808319e-13 
3.2407410088808319e-13 
3.2407410088808319e-13 
3.2407410088808319e-13 
3.2407410088808319e-13 
3.2407410088808319e-13 
3.2407410088808319e-13 
3.2407410088808319e-13 
3.2407410088808319e-13 
3.2407410088808319e-13 
3.2407410088808319e-13 
3.2407410088808319e-13 
3.2407410088808319e-13 
3.2407410088808319e-13 
3.2407410088808319e-13 
3.2407410088808319e-13 
3.2407410088808319e-13 
3.2407410088808319e-13 
3.2407410088808319e-13 
3.2407410088808319e-13 
3.2407410088808319e-13 
3.2407410088808319e-13 
3.2407410088808319e-13 
3.2407410088808319e-13 
3.2407410088808319e-13 
3.2407410088808319e-13 
3.2407410088808319e-13 
3.2407410088808319e-13 
3.2407410088808319e-13 
3.2407410088808319e-13 
3.2407410088808319e-13 
3.2407410088808319e-13 
3.2407410088808319e-13 
3.2407410088808319e-13 
3.2407410088808319e-13 
3.2407410088808319e-13 
3.2407410088808319e-13 
3.2407410088808319e-13 
3.2407410088808319e-13 
3.2407410088808319e-13 
3.2407410088808319e-13 
3.2407410088808319e-13 
3.2407410088808319e-13 
3.2407410088808319e-13 
3.2407410088808319e-13 
3.2407410088808319e-13 
3.2407410088808319e-13 
3.2407410088808319e-13 
3.2407410088808319e-13 
3.2407410088808319e-13 
3.2407410088808319e-13 
3.2407410088808319e-13 
3.2407410088808319e-13 
3.2407410088808319e-13 
3.2407410088808319e-13 
3.2407410088808319e-13 
3.2407410088808319e-13 
3.2407410088808319e-13 
3.2407410088808319e-13 
3.2407410088808319e-13 
3.2407410088808319e-13 
3.2407410088808319e-13 
3.2407410088808319e-13 
3.2407410088808319e-13 
3.2407410088808319e-13 
3.2407410088808319e-13 
3.2407410088808319e-13 
3.2407410088808319e-13 
3.2407410088808319e-13 
3.2407410088808319e-13 
3.2407410088808319e-13 
3.2407410088808319e-13 
3.2407410088808319e-13 
3.2407410088808319e-13 
3.2407410088808319e-13 
3.2407410088808319e-13 
3.2407410088808319e-13 
3.2407410088808319e-13 
3.2407410088808319e-13 
3.2407410088808319e-13 
3.2407410088808319e-13 
3.2407410088808319e-13 
3.2407410088808319e-13 
3.2407410088808319e-13 
3.2407410088808319e-13 
3.2407410088808319e-13 
3.2407410088808319e-13 
3.2407410088808319e-13 
3.2407410088808319e-13 
3.2407410088808319e-13 
3.2407410088808319e-13 
3.2407410088808319e-13 
3.2407410088808319e-13 
3.2407410088808319e-13 
3.2407410088808319e-13 
3.2407410088808319e-13 
3.2407410088808319e-13 
3.2407410088808319e-13 
3.2407410088808319e-13 
3.2407410088808319e-13 
3.2407410088808319e-13 
3.2407410088808319e-13 
3.2407410088808319e-13 
3.2407410088808319e-13 
3.2407410088808319e-13 
3.2407410088808319e-13 
3.2407410088808319e-13 
3.2407410088808319e-13 
3.2407410088808319e-13 
3.2407410088808319e-13 
3.2407410088808319e-13 
3.2407410088808319e-13 
3.2407410088808319e-13 
3.2407410088808319e-13 
3.2407410088808319e-13 
3.2407410088808319e-13 
3.2407410088808319e-13 
3.2407410088808319e-13 
3.2407410088808319e-13 
3.2407410088808319e-13 
3.2407410088808319e-13 
3.2407410088808319e-13 
3.2407410088808319e-13 
3.2407410088808319e-13 
3.2407410088808319e-13 
3.2407410088808319e-13 
3.2407410088808319e-13 
3.2407410088808319e-13 
3.2407410088808319e-13 
3.2407410088808319e-13 
3.2407410088808319e-13 
3.2407410088808319e-13 
3.2407410088808319e-13 
3.2407410088808319e-13 
3.2407410088808319e-13 
3.2407410088808319e-13 
3.2407410088808319e-13 
3.2407410088808319e-13 
3.2407410088808319e-13 
3.2407410088808319e-13 
3.2407410088808319e-13 
3.2407410088808319e-13 
3.2407410088808319e-13 
3.2407410088808319e-13 
3.2407410088808319e-13 
3.2407410088808319e-13 
3.2407410088808319e-13 
3.2407410088808319e-13 
3.2407410088808319e-13 
3.2407410088808319e-13 
3.2407410088808319e-13 
3.2407410088808319e-13 
3.2407410088808319e-13 
3.2407410088808319e-13 
3.2407410088808319e-13 
3.2407410088808319e-13 
3.2407410088808319e-13 
3.2407410088808319e-13 
3.2407410088808319e-13 
3.2407410088808319e-13 
3.2407410088808319e-13 
3.2407410088808319e-13 
3.2407410088808319e-13 
3.2407410088808319e-13 
3.2407410088808319e-13 
3.2407410088808319e-13 
3.2407410088808319e-13 
3.2407410088808319e-13 
3.2407410088808319e-13 
3.2407410088808319e-13 
3.2407410088808319e-13 
3.2407410088808319e-13 
3.2407410088808319e-13 
3.2407410088808319e-13 
3.2407410088808319e-13 
3.2407410088808319e-13 
3.2407410088808319e-13 
3.2407410088808319e-13 
3.2407410088808319e-13 
3.2407410088808319e-13 
3.2407410088808319e-13 
3.2407410088808319e-13 
3.2407410088808319e-13 
3.2407410088808319e-13 
3.2407410088808319e-13 
3.2407410088808319e-13 
3.2407410088808319e-13 
3.2407410088808319e-13 
3.2407410088808319e-13 
3.2407410088808319e-13 
3.2407410088808319e-13 
3.2407410088808319e-13 
3.2407410088808319e-13 
3.2407410088808319e-13 
3.2407410088808319e-13 
3.2407410088808319e-13 
3.2407410088808319e-13 
3.2407410088808319e-13 
3.2407410088808319e-13 
3.2407410088808319e-13 
3.2407410088808319e-13 
3.2407410088808319e-13 
3.2407410088808319e-13 
3.2407410088808319e-13 
3.2407410088808319e-13 
3.2407410088808319e-13 
3.2407410088808319e-13 
3.2407410088808319e-13 
3.2407410088808319e-13 
3.2407410088808319e-13 
3.2407410088808319e-13 
3.2407410088808319e-13 
3.2407410088808319e-13 
3.2407410088808319e-13 
3.2407410088808319e-13 
3.2407410088808319e-13 
3.2407410088808319e-13 
3.2407410088808319e-13 
3.2407410088808319e-13 
3.2407410088808319e-13 
3.2407410088808319e-13 
3.2407410088808319e-13 
3.2407410088808319e-13 
3.2407410088808319e-13 
3.2407410088808319e-13 
3.2407410088808319e-13 
3.2407410088808319e-13 
3.2407410088808319e-13 
3.2407410088808319e-13 
3.2407410088808319e-13 
3.2407410088808319e-13 
3.2407410088808319e-13 
3.2407410088808319e-13 
3.2407410088808319e-13 
3.2407410088808319e-13 
3.2407410088808319e-13 
3.2407410088808319e-13 
3.2407410088808319e-13 
3.2407410088808319e-13 
3.2407410088808319e-13 
3.2407410088808319e-13 
3.2407410088808319e-13 
3.2407410088808319e-13 
3.2407410088808319e-13 
3.2407410088808319e-13 
3.2407410088808319e-13 
3.2407410088808319e-13 
3.2407410088808319e-13 
3.2407410088808319e-13 
3.2407410088808319e-13 
3.2407410088808319e-13 
3.2407410088808319e-13 
3.2407410088808319e-13 
3.2407410088808319e-13 
3.2407410088808319e-13 
3.2407410088808319e-13 
3.2407410088808319e-13 
3.2407410088808319e-13 
3.2407410088808319e-13 
3.2407410088808319e-13 
3.2407410088808319e-13 
3.2407410088808319e-13 
3.2407410088808319e-13 
3.2407410088808319e-13 
3.2407410088808319e-13 
3.2407410088808319e-13 
3.2407410088808319e-13 
3.2407410088808319e-13 
3.2407410088808319e-13 
3.2407410088808319e-13 
3.2407410088808319e-13 
3.2407410088808319e-13 
3.2407410088808319e-13 
3.2407410088808319e-13 
3.2407410088808319e-13 
3.2407410088808319e-13 
3.2407410088808319e-13 
3.2407410088808319e-13 
3.2407410088808319e-13 
3.2407410088808319e-13 
3.2407410088808319e-13 
3.2407410088808319e-13 
3.2407410088808319e-13 
3.2407410088808319e-13 
3.2407410088808319e-13 
3.2407410088808319e-13 
3.2407410088808319e-13 
3.2407410088808319e-13 
3.2407410088808319e-13 
3.2407410088808319e-13 
3.2407410088808319e-13 
3.2407410088808319e-13 
3.2407410088808319e-13 
3.2407410088808319e-13 
3.2407410088808319e-13 
3.2407410088808319e-13 
3.2407410088808319e-13 
3.2407410088808319e-13 
3.2407410088808319e-13 
3.2407410088808319e-13 
3.2407410088808319e-13 
3.2407410088808319e-13 
3.2407410088808319e-13 
3.2407410088808319e-13 
3.2407410088808319e-13 
3.2407410088808319e-13 
3.2407410088808319e-13 
3.2407410088808319e-13 
3.2407410088808319e-13 
3.2407410088808319e-13 
3.2407410088808319e-13 
3.2407410088808319e-13 
3.2407410088808319e-13 
3.2407410088808319e-13 
3.2407410088808319e-13 
3.2407410088808319e-13 
3.2407410088808319e-13 
3.2407410088808319e-13 
3.2407410088808319e-13 
3.2407410088808319e-13 
3.2407410088808319e-13 
3.2407410088808319e-13 
3.2407410088808319e-13 
3.2407410088808319e-13 
3.2407410088808319e-13 
3.2407410088808319e-13 
3.2407410088808319e-13 
3.2407410088808319e-13 
3.2407410088808319e-13 
3.2407410088808319e-13 
3.2407410088808319e-13 
3.2407410088808319e-13 
3.2407410088808319e-13 
3.2407410088808319e-13 
3.2407410088808319e-13 
3.2407410088808319e-13 
3.2407410088808319e-13 
3.2407410088808319e-13 
3.2407410088808319e-13 
3.2407410088808319e-13 
3.2407410088808319e-13 
3.2407410088808319e-13 
3.2407410088808319e-13 
3.2407410088808319e-13 
3.2407410088808319e-13 
3.2407410088808319e-13 
3.2407410088808319e-13 
3.2407410088808319e-13 
3.2407410088808319e-13 
3.2407410088808319e-13 
3.2407410088808319e-13 
3.2407410088808319e-13 
3.2407410088808319e-13 
3.2407410088808319e-13 
3.2407410088808319e-13 
3.2407410088808319e-13 
3.2407410088808319e-13 
3.2407410088808319e-13 
3.2407410088808319e-13 
3.2407410088808319e-13 
3.2407410088808319e-13 
3.2407410088808319e-13 
3.2407410088808319e-13 
3.2407410088808319e-13 
3.2407410088808319e-13 
3.2407410088808319e-13 
3.2407410088808319e-13 
3.2407410088808319e-13 
3.2407410088808319e-13 
3.2407410088808319e-13 
3.2407410088808319e-13 
3.2407410088808319e-13 
3.2407410088808319e-13 
3.2407410088808319e-13 
3.2407410088808319e-13 
3.2407410088808319e-13 
3.2407410088808319e-13 
3.2407410088808319e-13 
3.2407410088808319e-13 
3.2407410088808319e-13 
3.2407410088808319e-13 
3.2407410088808319e-13 
3.2407410088808319e-13 
3.2407410088808319e-13 
3.2407410088808319e-13 
3.2407410088808319e-13 
3.2407410088808319e-13 
3.2407410088808319e-13 
3.2407410088808319e-13 
3.2407410088808319e-13 
3.2407410088808319e-13 
3.2407410088808319e-13 
3.2407410088808319e-13 
3.2407410088808319e-13 
3.2407410088808319e-13 
3.2407410088808319e-13 
3.2407410088808319e-13 
3.2407410088808319e-13 
3.2407410088808319e-13 
3.2407410088808319e-13 
3.2407410088808319e-13 
3.2407410088808319e-13 
3.2407410088808319e-13 
3.2407410088808319e-13 
3.2407410088808319e-13 
3.2407410088808319e-13 
3.2407410088808319e-13 
3.2407410088808319e-13 
3.2407410088808319e-13 
3.2407410088808319e-13 
3.2407410088808319e-13 
3.2407410088808319e-13 
3.2407410088808319e-13 
3.2407410088808319e-13 
3.2407410088808319e-13 
3.2407410088808319e-13 
3.2407410088808319e-13 
3.2407410088808319e-13 
3.2407410088808319e-13 
3.2407410088808319e-13 
3.2407410088808319e-13 
3.2407410088808319e-13 
3.2407410088808319e-13 
3.2407410088808319e-13 
3.2407410088808319e-13 
3.2407410088808319e-13 
3.2407410088808319e-13 
3.2407410088808319e-13 
3.2407410088808319e-13 
3.2407410088808319e-13 
3.2407410088808319e-13 
3.2407410088808319e-13 
3.2407410088808319e-13 
3.2407410088808319e-13 
3.2407410088808319e-13 
3.2407410088808319e-13 
3.2407410088808319e-13 
3.2407410088808319e-13 
3.2407410088808319e-13 
3.2407410088808319e-13 
3.2407410088808319e-13 
3.2407410088808319e-13 
3.2407410088808319e-13 
3.2407410088808319e-13 
3.2407410088808319e-13 
3.2407410088808319e-13 
3.2407410088808319e-13 
3.2407410088808319e-13 
3.2407410088808319e-13 
3.2407410088808319e-13 
3.2407410088808319e-13 
3.2407410088808319e-13 
3.2407410088808319e-13 
3.2407410088808319e-13 
3.2407410088808319e-13 
3.2407410088808319e-13 
3.2407410088808319e-13 
3.2407410088808319e-13 
3.2407410088808319e-13 
3.2407410088808319e-13 
3.2407410088808319e-13 
3.2407410088808319e-13 
3.2407410088808319e-13 
3.2407410088808319e-13 
3.2407410088808319e-13 
3.2407410088808319e-13 
3.2407410088808319e-13 
3.2407410088808319e-13 
3.2407410088808319e-13 
3.2407410088808319e-13 
3.2407410088808319e-13 
3.2407410088808319e-13 
3.2407410088808319e-13 
3.2407410088808319e-13 
3.2407410088808319e-13 
3.2407410088808319e-13 
3.2407410088808319e-13 
3.2407410088808319e-13 
3.2407410088808319e-13 
3.2407410088808319e-13 
3.2407410088808319e-13 
3.2407410088808319e-13 
3.2407410088808319e-13 
3.2407410088808319e-13 
3.2407410088808319e-13 
3.2407410088808319e-13 
3.2407410088808319e-13 
3.2407410088808319e-13 
3.2407410088808319e-13 
3.2407410088808319e-13 
3.2407410088808319e-13 
3.2407410088808319e-13 
3.2407410088808319e-13 
3.2407410088808319e-13 
3.2407410088808319e-13 
3.2407410088808319e-13 
3.2407410088808319e-13 
3.2407410088808319e-13 
3.2407410088808319e-13 
3.2407410088808319e-13 
3.2407410088808319e-13 
3.2407410088808319e-13 
3.2407410088808319e-13 
3.2407410088808319e-13 
3.2407410088808319e-13 
3.2407410088808319e-13 
3.2407410088808319e-13 
3.2407410088808319e-13 
3.2407410088808319e-13 
3.2407410088808319e-13 
3.2407410088808319e-13 
3.2407410088808319e-13 
3.2407410088808319e-13 
3.2407410088808319e-13 
3.2407410088808319e-13 
3.2407410088808319e-13 
3.2407410088808319e-13 
3.2407410088808319e-13 
3.2407410088808319e-13 
3.2407410088808319e-13 
3.2407410088808319e-13 
3.2407410088808319e-13 
3.2407410088808319e-13 
3.2407410088808319e-13 
3.2407410088808319e-13 
3.2407410088808319e-13 
3.2407410088808319e-13 
3.2407410088808319e-13 
3.2407410088808319e-13 
3.2407410088808319e-13 
3.2407410088808319e-13 
3.2407410088808319e-13 
3.2407410088808319e-13 
3.2407410088808319e-13 
3.2407410088808319e-13 
3.2407410088808319e-13 
3.2407410088808319e-13 
3.2407410088808319e-13 
3.2407410088808319e-13 
3.2407410088808319e-13 
3.2407410088808319e-13 
3.2407410088808319e-13 
3.2407410088808319e-13 
3.2407410088808319e-13 
3.2407410088808319e-13 
3.2407410088808319e-13 
3.2407410088808319e-13 
3.2407410088808319e-13 
3.2407410088808319e-13 
3.2407410088808319e-13 
3.2407410088808319e-13 
3.2407410088808319e-13 
3.2407410088808319e-13 
3.2407410088808319e-13 
3.2407410088808319e-13 
3.2407410088808319e-13 
3.2407410088808319e-13 
3.2407410088808319e-13 
3.2407410088808319e-13 
3.2407410088808319e-13 
3.2407410088808319e-13 
3.2407410088808319e-13 
3.2407410088808319e-13 
3.2407410088808319e-13 
3.2407410088808319e-13 
3.2407410088808319e-13 
3.2407410088808319e-13 
3.2407410088808319e-13 
3.2407410088808319e-13 
3.2407410088808319e-13 
3.2407410088808319e-13 
3.2407410088808319e-13 
3.2407410088808319e-13 
3.2407410088808319e-13 
3.2407410088808319e-13 
3.2407410088808319e-13 
3.2407410088808319e-13 
3.2407410088808319e-13 
3.2407410088808319e-13 
3.2407410088808319e-13 
3.2407410088808319e-13 
3.2407410088808319e-13 
3.2407410088808319e-13 
3.2407410088808319e-13 
3.2407410088808319e-13 
3.2407410088808319e-13 
3.2407410088808319e-13 
3.2407410088808319e-13 
3.2407410088808319e-13 
3.2407410088808319e-13 
