0.30619895647182138 
0.2030159853779237 
0.19124418862295472 
0.11087317800837732 
0.04655326375614191 
0.033387907941684156 
0.024446498185204907 
0.024446498185204907 
0.024446498185204907 
0.021075549014001292 
0.021075549014001292 
0.021075549014001292 
0.012406959632388071 
0.012406959632388071 
0.012406959632388071 
0.012000288821564679 
0.012000288821564679 
0.012000288821564679 
0.010677539877849619 
0.010677539877849619 
0.010677539877849619 
0.010677539877849619 
0.010677539877849619 
0.010677539877849619 
0.010677539877849619 
0.010677539877849619 
0.010677539877849619 
0.010677539877849619 
0.010677539877849619 
0.010677539877849619 
0.010677539877849619 
0.010677539877849619 
0.010677539877849619 
0.010625938429762709 
0.010625938429762709 
0.010625938429762709 
0.010625938429762709 
0.010528429982505791 
0.010528429982505791 
0.010528429982505791 
0.010528429982505791 
0.010528429982505791 
0.010528429982505791 
0.010528429982505791 
0.010513412985668697 
0.010512121677283201 
0.010512121677283201 
0.010512121677283201 
0.010505000357607255 
0.010505000357607255 
0.01041501539874309 
0.01014191951720087 
0.0098704510693987668 
0.0098704510693987668 
0.0098704510693987668 
0.0098704510693987668 
0.0098538725200796075 
0.0098538725200796075 
0.0098538725200796075 
0.0098538725200796075 
0.0098538725200796075 
0.0092875129067203493 
0.0092875129067203493 
0.0081137506909744264 
0.0075941258044175935 
0.0073311652739233126 
0.0062420408176637604 
0.0053811857565523478 
0.0047359424502281134 
0.0042909304105663935 
0.0040288783990528399 
0.0039313982411573788 
0.0037592030539899913 
0.0030182497689053484 
0.002454744647718003 
0.0020558195853931406 
0.0018069765702850482 
0.0016927877611996709 
0.0016927877611996709 
0.0014531687435292654 
0.001214661391192295 
0.0010044632242276347 
0.00090096306309034161 
0.00046509778097263599 
0.00022310750971505736 
0.00012602535991180721 
3.9334607270402394e-05 
3.9334607270402394e-05 
3.9334607270402394e-05 
3.329948148915468e-05 
3.329948148915468e-05 
3.329948148915468e-05 
2.9566469518352665e-05 
2.9544977844841906e-05 
2.038391422545946e-05 
2.038391422545946e-05 
2.038391422545946e-05 
2.038391422545946e-05 
2.038391422545946e-05 
2.038391422545946e-05 
2.038391422545946e-05 
2.038391422545946e-05 
1.8735532903652005e-05 
1.8735532903652005e-05 
1.4017149683279719e-05 
1.0623138528868826e-05 
8.8525469617120006e-06 
8.3837938428411118e-06 
8.3837938428411118e-06 
8.3837938428411118e-06 
8.3837938428411118e-06 
8.3837938428411118e-06 
8.3837938428411118e-06 
8.3837938428411118e-06 
8.3808508029001433e-06 
8.3808508029001433e-06 
8.3808508029001433e-06 
8.3808508029001433e-06 
8.3808508029001433e-06 
8.3808508029001433e-06 
8.3537677299224762e-06 
8.3514025718821546e-06 
8.2895248844498516e-06 
8.2895248844498516e-06 
8.2895248844498516e-06 
8.2895248844498516e-06 
8.2895248844498516e-06 
8.2895248844498516e-06 
8.209634620058939e-06 
8.209634620058939e-06 
8.209634620058939e-06 
8.1618239695210197e-06 
8.1184733074327171e-06 
8.0841619462542558e-06 
8.0586150086200498e-06 
8.041602074442063e-06 
7.9721916000702475e-06 
7.9595471399156424e-06 
7.8595347062176597e-06 
7.8245608543833858e-06 
7.8245608543833858e-06 
7.8245608543833858e-06 
7.8245608543833858e-06 
7.8245608543833858e-06 
7.8129154762390827e-06 
7.8054807852660108e-06 
7.8054807852660108e-06 
7.8054807852660108e-06 
7.8030493654540477e-06 
7.8009429145585544e-06 
7.8002018074960561e-06 
7.8002018074960561e-06 
7.8002018074960561e-06 
7.7963557784194032e-06 
7.7925121500027145e-06 
7.7895872051925763e-06 
7.710853475172572e-06 
7.6397232677129185e-06 
7.5025943315046519e-06 
7.3388490427210111e-06 
7.0692348935910421e-06 
6.8380102997405768e-06 
6.5822074871320711e-06 
6.2453054739602186e-06 
5.9779571788859995e-06 
5.7623969580027608e-06 
5.3205138070537687e-06 
4.7551496036990267e-06 
4.3780672789834033e-06 
4.0269472111665637e-06 
3.3797867856892574e-06 
2.9012878164784494e-06 
2.5091226152373423e-06 
2.1459118456020839e-06 
1.8551844361685135e-06 
1.6248317393298905e-06 
1.365205245377622e-06 
9.4542453647244771e-07 
4.7448108527806373e-07 
3.7277603289312137e-07 
1.1305664754697892e-07 
3.8837635767715134e-08 
1.3108498359231496e-08 
1.3108498359231496e-08 
1.3108498359231496e-08 
3.3426696109695447e-09 
3.3426696109695447e-09 
1.2233741606196379e-10 
1.2233741606196379e-10 
1.2233741606196379e-10 
1.2233741606196379e-10 
1.2233741606196379e-10 
1.2233741606196379e-10 
1.2233741606196379e-10 
1.2233741606196379e-10 
1.2233741606196379e-10 
2.4562227583967893e-11 
2.4562227583967893e-11 
2.4562227583967893e-11 
2.4562227583967893e-11 
2.4562227583967893e-11 
2.4562227583967893e-11 
2.4562227583967893e-11 
2.1808245781048635e-11 
2.1808245781048635e-11 
2.1808245781048635e-11 
2.1808245781048635e-11 
2.1808245781048635e-11 
2.1808245781048635e-11 
1.0311880716441606e-12 
1.0311880716441606e-12 
1.0311880716441606e-12 
1.0311880716441606e-12 
1.0311880716441606e-12 
1.0311880716441606e-12 
1.0311880716441606e-12 
1.0311880716441606e-12 
1.0311880716441606e-12 
1.0311880716441606e-12 
1.0311880716441606e-12 
1.0311880716441606e-12 
1.0311880716441606e-12 
1.0311880716441606e-12 
1.0311880716441606e-12 
1.0311880716441606e-12 
1.0311880716441606e-12 
1.0311880716441606e-12 
1.0311880716441606e-12 
1.0311880716441606e-12 
1.0311880716441606e-12 
1.0311880716441606e-12 
1.0311880716441606e-12 
1.0311880716441606e-12 
1.0311880716441606e-12 
1.0311880716441606e-12 
1.0311880716441606e-12 
1.0311880716441606e-12 
1.0311880716441606e-12 
1.0311880716441606e-12 
1.0311880716441606e-12 
1.0311880716441606e-12 
1.0311880716441606e-12 
1.0311880716441606e-12 
1.0311880716441606e-12 
1.0311880716441606e-12 
1.0311880716441606e-12 
1.0311880716441606e-12 
1.0311880716441606e-12 
1.0311880716441606e-12 
1.0311880716441606e-12 
1.0311880716441606e-12 
1.0311880716441606e-12 
1.0311880716441606e-12 
1.0311880716441606e-12 
1.0311880716441606e-12 
1.0311880716441606e-12 
1.0311880716441606e-12 
1.0311880716441606e-12 
1.0311880716441606e-12 
1.0311880716441606e-12 
1.0311880716441606e-12 
1.0311880716441606e-12 
1.0311880716441606e-12 
1.0311880716441606e-12 
1.0311880716441606e-12 
1.0311880716441606e-12 
1.0311880716441606e-12 
1.0311880716441606e-12 
1.0311880716441606e-12 
1.0311880716441606e-12 
1.0311880716441606e-12 
1.0311880716441606e-12 
3.4618750986151775e-13 
3.4618750986151775e-13 
3.4618750986151775e-13 
3.4618750986151775e-13 
3.4618750986151775e-13 
3.4618750986151775e-13 
3.4618750986151775e-13 
3.4618750986151775e-13 
3.4618750986151775e-13 
3.4618750986151775e-13 
3.4618750986151775e-13 
3.4618750986151775e-13 
3.4618750986151775e-13 
3.4618750986151775e-13 
3.4618750986151775e-13 
3.4618750986151775e-13 
3.4618750986151775e-13 
1.0703934100257765e-13 
1.0703934100257765e-13 
1.0703934100257765e-13 
1.0703934100257765e-13 
1.0703934100257765e-13 
1.0703934100257765e-13 
1.0703934100257765e-13 
1.0703934100257765e-13 
1.0703934100257765e-13 
1.0703934100257765e-13 
1.0703934100257765e-13 
1.0703934100257765e-13 
1.0703934100257765e-13 
1.0703934100257765e-13 
1.0703934100257765e-13 
1.0703934100257765e-13 
1.0703934100257765e-13 
1.0703934100257765e-13 
1.0703934100257765e-13 
1.0703934100257765e-13 
1.0703934100257765e-13 
1.0703934100257765e-13 
1.0703934100257765e-13 
1.0703934100257765e-13 
1.0703934100257765e-13 
1.0703934100257765e-13 
1.0703934100257765e-13 
1.0703934100257765e-13 
1.0703934100257765e-13 
1.0703934100257765e-13 
1.0703934100257765e-13 
1.0703934100257765e-13 
1.0703934100257765e-13 
1.0703934100257765e-13 
1.0703934100257765e-13 
1.0703934100257765e-13 
1.0703934100257765e-13 
1.0703934100257765e-13 
1.0703934100257765e-13 
1.0703934100257765e-13 
1.0703934100257765e-13 
1.0703934100257765e-13 
1.0703934100257765e-13 
1.0703934100257765e-13 
1.0703934100257765e-13 
1.0703934100257765e-13 
1.0703934100257765e-13 
1.0703934100257765e-13 
1.0703934100257765e-13 
1.0703934100257765e-13 
1.0703934100257765e-13 
1.0703934100257765e-13 
1.0703934100257765e-13 
1.0703934100257765e-13 
1.0703934100257765e-13 
1.0703934100257765e-13 
1.0703934100257765e-13 
1.0703934100257765e-13 
1.0703934100257765e-13 
1.0703934100257765e-13 
1.0703934100257765e-13 
1.0703934100257765e-13 
1.0703934100257765e-13 
1.0703934100257765e-13 
1.0703934100257765e-13 
1.0703934100257765e-13 
1.0703934100257765e-13 
1.0703934100257765e-13 
1.0703934100257765e-13 
1.0703934100257765e-13 
1.0703934100257765e-13 
1.0703934100257765e-13 
1.0703934100257765e-13 
1.0703934100257765e-13 
1.0703934100257765e-13 
1.0703934100257765e-13 
1.0703934100257765e-13 
1.0703934100257765e-13 
1.0703934100257765e-13 
1.0703934100257765e-13 
1.0703934100257765e-13 
1.0703934100257765e-13 
1.0703934100257765e-13 
1.0703934100257765e-13 
1.0703934100257765e-13 
1.0703934100257765e-13 
1.0703934100257765e-13 
1.0703934100257765e-13 
1.0703934100257765e-13 
1.0703934100257765e-13 
1.0703934100257765e-13 
1.0703934100257765e-13 
1.0703934100257765e-13 
1.0703934100257765e-13 
1.0703934100257765e-13 
1.0703934100257765e-13 
1.0703934100257765e-13 
1.0703934100257765e-13 
1.0703934100257765e-13 
1.0703934100257765e-13 
1.0703934100257765e-13 
1.0703934100257765e-13 
1.0703934100257765e-13 
1.0703934100257765e-13 
1.0703934100257765e-13 
1.0703934100257765e-13 
1.0703934100257765e-13 
1.0703934100257765e-13 
1.0703934100257765e-13 
1.0703934100257765e-13 
1.0703934100257765e-13 
1.0703934100257765e-13 
1.0703934100257765e-13 
1.0703934100257765e-13 
1.0703934100257765e-13 
1.0703934100257765e-13 
1.0703934100257765e-13 
1.0703934100257765e-13 
1.0703934100257765e-13 
1.0703934100257765e-13 
1.0703934100257765e-13 
1.0703934100257765e-13 
1.0703934100257765e-13 
1.0703934100257765e-13 
1.0703934100257765e-13 
1.0703934100257765e-13 
1.0703934100257765e-13 
1.0703934100257765e-13 
1.0703934100257765e-13 
1.0703934100257765e-13 
1.0703934100257765e-13 
1.0703934100257765e-13 
1.0703934100257765e-13 
1.0703934100257765e-13 
1.0703934100257765e-13 
1.0703934100257765e-13 
1.0703934100257765e-13 
1.0703934100257765e-13 
1.0703934100257765e-13 
1.0703934100257765e-13 
1.0703934100257765e-13 
1.0703934100257765e-13 
1.0703934100257765e-13 
1.0703934100257765e-13 
1.0703934100257765e-13 
1.0703934100257765e-13 
1.0703934100257765e-13 
1.0703934100257765e-13 
1.0703934100257765e-13 
1.0703934100257765e-13 
1.0703934100257765e-13 
1.0703934100257765e-13 
1.0703934100257765e-13 
1.0703934100257765e-13 
1.0703934100257765e-13 
1.0703934100257765e-13 
1.0703934100257765e-13 
1.0703934100257765e-13 
1.0703934100257765e-13 
1.0703934100257765e-13 
1.0703934100257765e-13 
1.0703934100257765e-13 
1.0703934100257765e-13 
1.0703934100257765e-13 
1.0703934100257765e-13 
1.0703934100257765e-13 
1.0703934100257765e-13 
1.0703934100257765e-13 
1.0703934100257765e-13 
1.0703934100257765e-13 
1.0703934100257765e-13 
1.0703934100257765e-13 
1.0703934100257765e-13 
1.0703934100257765e-13 
1.0703934100257765e-13 
1.0703934100257765e-13 
1.0703934100257765e-13 
1.0703934100257765e-13 
1.0703934100257765e-13 
1.0703934100257765e-13 
1.0703934100257765e-13 
1.0703934100257765e-13 
1.0703934100257765e-13 
1.0703934100257765e-13 
1.0703934100257765e-13 
1.0703934100257765e-13 
1.0703934100257765e-13 
1.0703934100257765e-13 
1.0703934100257765e-13 
1.0703934100257765e-13 
1.0703934100257765e-13 
1.0703934100257765e-13 
1.0703934100257765e-13 
1.0703934100257765e-13 
1.0703934100257765e-13 
1.0703934100257765e-13 
1.0703934100257765e-13 
1.0703934100257765e-13 
1.0703934100257765e-13 
1.0703934100257765e-13 
1.0703934100257765e-13 
1.0703934100257765e-13 
1.0703934100257765e-13 
1.0703934100257765e-13 
1.0703934100257765e-13 
1.0703934100257765e-13 
1.0703934100257765e-13 
1.0703934100257765e-13 
1.0703934100257765e-13 
1.0703934100257765e-13 
1.0703934100257765e-13 
1.0703934100257765e-13 
1.0703934100257765e-13 
1.0703934100257765e-13 
1.0703934100257765e-13 
1.0703934100257765e-13 
1.0703934100257765e-13 
1.0703934100257765e-13 
1.0703934100257765e-13 
1.0703934100257765e-13 
1.0703934100257765e-13 
1.0703934100257765e-13 
1.0703934100257765e-13 
1.0703934100257765e-13 
1.0703934100257765e-13 
1.0703934100257765e-13 
1.0703934100257765e-13 
1.0703934100257765e-13 
1.0703934100257765e-13 
1.0703934100257765e-13 
1.0703934100257765e-13 
1.0703934100257765e-13 
1.0703934100257765e-13 
1.0703934100257765e-13 
1.0703934100257765e-13 
1.0703934100257765e-13 
1.0703934100257765e-13 
1.0703934100257765e-13 
1.0703934100257765e-13 
1.0703934100257765e-13 
1.0703934100257765e-13 
1.0703934100257765e-13 
1.0703934100257765e-13 
1.0703934100257765e-13 
1.0703934100257765e-13 
1.0703934100257765e-13 
1.0703934100257765e-13 
1.0703934100257765e-13 
1.0703934100257765e-13 
1.0703934100257765e-13 
1.0703934100257765e-13 
1.0703934100257765e-13 
1.0703934100257765e-13 
1.0703934100257765e-13 
1.0703934100257765e-13 
1.0703934100257765e-13 
1.0703934100257765e-13 
1.0703934100257765e-13 
1.0703934100257765e-13 
1.0703934100257765e-13 
1.0703934100257765e-13 
1.0703934100257765e-13 
1.0703934100257765e-13 
1.0703934100257765e-13 
1.0703934100257765e-13 
1.0703934100257765e-13 
1.0703934100257765e-13 
1.0703934100257765e-13 
1.0703934100257765e-13 
1.0703934100257765e-13 
1.0703934100257765e-13 
1.0703934100257765e-13 
1.0703934100257765e-13 
1.0703934100257765e-13 
1.0703934100257765e-13 
1.0703934100257765e-13 
1.0703934100257765e-13 
1.0703934100257765e-13 
1.0703934100257765e-13 
1.0703934100257765e-13 
1.0703934100257765e-13 
1.0703934100257765e-13 
1.0703934100257765e-13 
1.0703934100257765e-13 
1.0703934100257765e-13 
1.0703934100257765e-13 
1.0703934100257765e-13 
1.0703934100257765e-13 
1.0703934100257765e-13 
1.0703934100257765e-13 
1.0703934100257765e-13 
1.0703934100257765e-13 
1.0703934100257765e-13 
1.0703934100257765e-13 
1.0703934100257765e-13 
1.0703934100257765e-13 
1.0703934100257765e-13 
1.0703934100257765e-13 
1.0703934100257765e-13 
1.0703934100257765e-13 
1.0703934100257765e-13 
1.0703934100257765e-13 
1.0703934100257765e-13 
1.0703934100257765e-13 
1.0703934100257765e-13 
1.0703934100257765e-13 
1.0703934100257765e-13 
1.0703934100257765e-13 
1.0703934100257765e-13 
1.0703934100257765e-13 
1.0703934100257765e-13 
1.0703934100257765e-13 
1.0703934100257765e-13 
1.0703934100257765e-13 
1.0703934100257765e-13 
1.0703934100257765e-13 
1.0703934100257765e-13 
1.0703934100257765e-13 
1.0703934100257765e-13 
1.0703934100257765e-13 
1.0703934100257765e-13 
1.0703934100257765e-13 
1.0703934100257765e-13 
1.0703934100257765e-13 
1.0703934100257765e-13 
1.0703934100257765e-13 
1.0703934100257765e-13 
1.0703934100257765e-13 
1.0703934100257765e-13 
1.0703934100257765e-13 
1.0703934100257765e-13 
1.0703934100257765e-13 
1.0703934100257765e-13 
1.0703934100257765e-13 
1.0703934100257765e-13 
1.0703934100257765e-13 
1.0703934100257765e-13 
1.0703934100257765e-13 
1.0703934100257765e-13 
1.0703934100257765e-13 
1.0703934100257765e-13 
1.0703934100257765e-13 
1.0703934100257765e-13 
1.0703934100257765e-13 
1.0703934100257765e-13 
1.0703934100257765e-13 
1.0703934100257765e-13 
1.0703934100257765e-13 
1.0703934100257765e-13 
1.0703934100257765e-13 
1.0703934100257765e-13 
1.0703934100257765e-13 
1.0703934100257765e-13 
1.0703934100257765e-13 
1.0703934100257765e-13 
1.0703934100257765e-13 
1.0703934100257765e-13 
1.0703934100257765e-13 
1.0703934100257765e-13 
1.0703934100257765e-13 
1.0703934100257765e-13 
1.0703934100257765e-13 
1.0703934100257765e-13 
1.0703934100257765e-13 
1.0703934100257765e-13 
1.0703934100257765e-13 
1.0703934100257765e-13 
1.0703934100257765e-13 
1.0703934100257765e-13 
1.0703934100257765e-13 
1.0703934100257765e-13 
1.0703934100257765e-13 
1.0703934100257765e-13 
1.0703934100257765e-13 
1.0703934100257765e-13 
1.0703934100257765e-13 
1.0703934100257765e-13 
1.0703934100257765e-13 
1.0703934100257765e-13 
1.0703934100257765e-13 
1.0703934100257765e-13 
1.0703934100257765e-13 
1.0703934100257765e-13 
1.0703934100257765e-13 
1.0703934100257765e-13 
1.0703934100257765e-13 
1.0703934100257765e-13 
1.0703934100257765e-13 
1.0703934100257765e-13 
1.0703934100257765e-13 
1.0703934100257765e-13 
1.0703934100257765e-13 
1.0703934100257765e-13 
1.0703934100257765e-13 
1.0703934100257765e-13 
1.0703934100257765e-13 
1.0703934100257765e-13 
1.0703934100257765e-13 
1.0703934100257765e-13 
1.0703934100257765e-13 
1.0703934100257765e-13 
1.0703934100257765e-13 
1.0703934100257765e-13 
1.0703934100257765e-13 
1.0703934100257765e-13 
1.0703934100257765e-13 
1.0703934100257765e-13 
1.0703934100257765e-13 
1.0703934100257765e-13 
1.0703934100257765e-13 
1.0703934100257765e-13 
1.0703934100257765e-13 
1.0703934100257765e-13 
1.0703934100257765e-13 
1.0703934100257765e-13 
1.0703934100257765e-13 
1.0703934100257765e-13 
1.0703934100257765e-13 
1.0703934100257765e-13 
1.0703934100257765e-13 
1.0703934100257765e-13 
1.0703934100257765e-13 
1.0703934100257765e-13 
1.0703934100257765e-13 
1.0703934100257765e-13 
1.0703934100257765e-13 
1.0703934100257765e-13 
1.0703934100257765e-13 
1.0703934100257765e-13 
1.0703934100257765e-13 
1.0703934100257765e-13 
1.0703934100257765e-13 
1.0703934100257765e-13 
1.0703934100257765e-13 
1.0703934100257765e-13 
1.0703934100257765e-13 
1.0703934100257765e-13 
1.0703934100257765e-13 
1.0703934100257765e-13 
1.0703934100257765e-13 
1.0703934100257765e-13 
1.0703934100257765e-13 
1.0703934100257765e-13 
1.0703934100257765e-13 
1.0703934100257765e-13 
1.0703934100257765e-13 
1.0703934100257765e-13 
1.0703934100257765e-13 
1.0703934100257765e-13 
1.0703934100257765e-13 
1.0703934100257765e-13 
1.0703934100257765e-13 
1.0703934100257765e-13 
1.0703934100257765e-13 
1.0703934100257765e-13 
1.0703934100257765e-13 
1.0703934100257765e-13 
1.0703934100257765e-13 
1.0703934100257765e-13 
1.0703934100257765e-13 
1.0703934100257765e-13 
1.0703934100257765e-13 
1.0703934100257765e-13 
1.0703934100257765e-13 
1.0703934100257765e-13 
1.0703934100257765e-13 
1.0703934100257765e-13 
1.0703934100257765e-13 
1.0703934100257765e-13 
1.0703934100257765e-13 
1.0703934100257765e-13 
1.0703934100257765e-13 
1.0703934100257765e-13 
1.0703934100257765e-13 
1.0703934100257765e-13 
1.0703934100257765e-13 
1.0703934100257765e-13 
1.0703934100257765e-13 
1.0703934100257765e-13 
1.0703934100257765e-13 
1.0703934100257765e-13 
1.0703934100257765e-13 
1.0703934100257765e-13 
1.0703934100257765e-13 
1.0703934100257765e-13 
1.0703934100257765e-13 
1.0703934100257765e-13 
1.0703934100257765e-13 
1.0703934100257765e-13 
1.0703934100257765e-13 
1.0703934100257765e-13 
1.0703934100257765e-13 
1.0703934100257765e-13 
1.0703934100257765e-13 
1.0703934100257765e-13 
1.0703934100257765e-13 
1.0703934100257765e-13 
1.0703934100257765e-13 
1.0703934100257765e-13 
1.0703934100257765e-13 
1.0703934100257765e-13 
1.0703934100257765e-13 
1.0703934100257765e-13 
1.0703934100257765e-13 
1.0703934100257765e-13 
1.0703934100257765e-13 
1.0703934100257765e-13 
1.0703934100257765e-13 
1.0703934100257765e-13 
1.0703934100257765e-13 
1.0703934100257765e-13 
1.0703934100257765e-13 
1.0703934100257765e-13 
1.0703934100257765e-13 
1.0703934100257765e-13 
1.0703934100257765e-13 
1.0703934100257765e-13 
1.0703934100257765e-13 
1.0703934100257765e-13 
1.0703934100257765e-13 
1.0703934100257765e-13 
1.0703934100257765e-13 
1.0703934100257765e-13 
1.0703934100257765e-13 
1.0703934100257765e-13 
1.0703934100257765e-13 
1.0703934100257765e-13 
1.0703934100257765e-13 
1.0703934100257765e-13 
1.0703934100257765e-13 
1.0703934100257765e-13 
1.0703934100257765e-13 
1.0703934100257765e-13 
1.0703934100257765e-13 
1.0703934100257765e-13 
1.0703934100257765e-13 
1.0703934100257765e-13 
1.0703934100257765e-13 
1.0703934100257765e-13 
1.0703934100257765e-13 
1.0703934100257765e-13 
1.0703934100257765e-13 
1.0703934100257765e-13 
1.0703934100257765e-13 
1.0703934100257765e-13 
1.0703934100257765e-13 
1.0703934100257765e-13 
1.0703934100257765e-13 
1.0703934100257765e-13 
1.0703934100257765e-13 
1.0703934100257765e-13 
1.0703934100257765e-13 
1.0703934100257765e-13 
1.0703934100257765e-13 
1.0703934100257765e-13 
1.0703934100257765e-13 
1.0703934100257765e-13 
1.0703934100257765e-13 
1.0703934100257765e-13 
1.0703934100257765e-13 
1.0703934100257765e-13 
1.0703934100257765e-13 
1.0703934100257765e-13 
1.0703934100257765e-13 
1.0703934100257765e-13 
1.0703934100257765e-13 
1.0703934100257765e-13 
1.0703934100257765e-13 
1.0703934100257765e-13 
1.0703934100257765e-13 
1.0703934100257765e-13 
1.0703934100257765e-13 
1.0703934100257765e-13 
1.0703934100257765e-13 
1.0703934100257765e-13 
1.0703934100257765e-13 
1.0703934100257765e-13 
1.0703934100257765e-13 
1.0703934100257765e-13 
1.0703934100257765e-13 
1.0703934100257765e-13 
1.0703934100257765e-13 
1.0703934100257765e-13 
1.0703934100257765e-13 
1.0703934100257765e-13 
1.0703934100257765e-13 
1.0703934100257765e-13 
1.0703934100257765e-13 
1.0703934100257765e-13 
1.0703934100257765e-13 
1.0703934100257765e-13 
1.0703934100257765e-13 
1.0703934100257765e-13 
1.0703934100257765e-13 
1.0703934100257765e-13 
1.0703934100257765e-13 
1.0703934100257765e-13 
1.0703934100257765e-13 
1.0703934100257765e-13 
1.0703934100257765e-13 
1.0703934100257765e-13 
1.0703934100257765e-13 
1.0703934100257765e-13 
1.0703934100257765e-13 
1.0703934100257765e-13 
1.0703934100257765e-13 
1.0703934100257765e-13 
1.0703934100257765e-13 
1.0703934100257765e-13 
1.0703934100257765e-13 
1.0703934100257765e-13 
1.0703934100257765e-13 
1.0703934100257765e-13 
1.0703934100257765e-13 
1.0703934100257765e-13 
1.0703934100257765e-13 
1.0703934100257765e-13 
1.0703934100257765e-13 
1.0703934100257765e-13 
1.0703934100257765e-13 
1.0703934100257765e-13 
1.0703934100257765e-13 
1.0703934100257765e-13 
1.0703934100257765e-13 
1.0703934100257765e-13 
1.0703934100257765e-13 
1.0703934100257765e-13 
1.0703934100257765e-13 
1.0703934100257765e-13 
1.0703934100257765e-13 
1.0703934100257765e-13 
1.0703934100257765e-13 
1.0703934100257765e-13 
1.0703934100257765e-13 
1.0703934100257765e-13 
1.0703934100257765e-13 
1.0703934100257765e-13 
1.0703934100257765e-13 
1.0703934100257765e-13 
1.0703934100257765e-13 
1.0703934100257765e-13 
1.0703934100257765e-13 
1.0703934100257765e-13 
1.0703934100257765e-13 
1.0703934100257765e-13 
1.0703934100257765e-13 
1.0703934100257765e-13 
1.0703934100257765e-13 
1.0703934100257765e-13 
1.0703934100257765e-13 
1.0703934100257765e-13 
1.0703934100257765e-13 
1.0703934100257765e-13 
1.0703934100257765e-13 
1.0703934100257765e-13 
1.0703934100257765e-13 
1.0703934100257765e-13 
1.0703934100257765e-13 
1.0703934100257765e-13 
1.0703934100257765e-13 
1.0703934100257765e-13 
1.0703934100257765e-13 
1.0703934100257765e-13 
1.0703934100257765e-13 
1.0703934100257765e-13 
1.0703934100257765e-13 
1.0703934100257765e-13 
1.0703934100257765e-13 
1.0703934100257765e-13 
1.0703934100257765e-13 
1.0703934100257765e-13 
1.0703934100257765e-13 
1.0703934100257765e-13 
1.0703934100257765e-13 
1.0703934100257765e-13 
1.0703934100257765e-13 
1.0703934100257765e-13 
1.0703934100257765e-13 
1.0703934100257765e-13 
1.0703934100257765e-13 
1.0703934100257765e-13 
1.0703934100257765e-13 
1.0703934100257765e-13 
1.0703934100257765e-13 
1.0703934100257765e-13 
1.0703934100257765e-13 
1.0703934100257765e-13 
1.0703934100257765e-13 
1.0703934100257765e-13 
1.0703934100257765e-13 
1.0703934100257765e-13 
1.0703934100257765e-13 
1.0703934100257765e-13 
1.0703934100257765e-13 
1.0703934100257765e-13 
1.0703934100257765e-13 
1.0703934100257765e-13 
1.0703934100257765e-13 
1.0703934100257765e-13 
1.0703934100257765e-13 
1.0703934100257765e-13 
1.0703934100257765e-13 
1.0703934100257765e-13 
1.0703934100257765e-13 
1.0703934100257765e-13 
1.0703934100257765e-13 
1.0703934100257765e-13 
1.0703934100257765e-13 
1.0703934100257765e-13 
1.0703934100257765e-13 
1.0703934100257765e-13 
