0.20803512500550653 
0.18183818383186129 
0.15910440622582878 
0.13967390204322885 
0.12338979082028305 
0.11009820177361013 
0.089192354506981153 
0.071543389566392959 
0.071543389566392959 
0.071543389566392959 
0.071543389566392959 
0.071543389566392959 
0.071543389566392959 
0.071543389566392959 
0.071543389566392959 
0.071543389566392959 
0.071543389566392959 
0.071543389566392959 
0.071543389566392959 
0.071543389566392959 
0.071543389566392959 
0.071543389566392959 
0.071543389566392959 
0.071543389566392959 
0.071543389566392959 
0.071177472355548124 
0.071177472355548124 
0.071177472355548124 
0.070522601074166039 
0.070522601074166039 
0.070522601074166039 
0.070522601074166039 
0.069634865488943459 
0.069634865488943459 
0.069623553036328209 
0.069623553036328209 
0.069564438681206667 
0.069564438681206667 
0.068430172931576647 
0.067321045912087485 
0.066891293103855734 
0.065902329804740548 
0.065356451595351972 
0.065255392845078863 
0.065255392845078863 
0.065255392845078863 
0.065255392845078863 
0.065124689394341559 
0.065124689394341559 
0.065124689394341559 
0.065124689394341559 
0.064961230600910455 
0.064961230600910455 
0.064961230600910455 
0.064595418501993795 
0.064595418501993795 
0.064595418501993795 
0.064595418501993795 
0.063189791701468642 
0.063189791701468642 
0.063189791701468642 
0.061762570062706391 
0.061332819864739138 
0.061332819864739138 
0.061332819864739138 
0.061332819864739138 
0.061303189763878017 
0.061303189763878017 
0.061303189763878017 
0.061303189763878017 
0.061303189763878017 
0.061303189763878017 
0.061303189763878017 
0.061303189763878017 
0.061303189763878017 
0.061303189763878017 
0.061303189763878017 
0.061284859890817105 
0.061284859890817105 
0.061284859890817105 
0.061284859890817105 
0.061284859890817105 
0.061284859890817105 
0.061284859890817105 
0.061251719346970913 
0.061251719346970913 
0.061251719346970913 
0.061251719346970913 
0.061248742662314053 
0.061248742662314053 
0.061248742662314053 
0.061248742662314053 
0.061239666702488899 
0.061183435134962473 
0.061160793684927238 
0.061104694629551135 
0.061104694629551135 
0.061104694629551135 
0.061005099735224319 
0.061005099735224319 
0.061005099735224319 
0.061005099735224319 
0.058923156136355757 
0.056862165147738342 
0.055012637614030947 
0.053398847221194298 
0.052046316827250298 
0.050981818462281975 
0.050233373328433487 
0.049511404235898351 
0.04879943435615005 
0.047399135294838905 
0.045708834243477645 
0.044037078830327717 
0.04218115909323783 
0.040325358817562891 
0.038412631531112247 
0.036826485943882943 
0.0354105651046644 
0.034132823477040324 
0.032721815428522497 
0.031509614348308179 
0.029915124462230859 
0.028466285865643683 
0.027319630652237203 
0.025915983654903395 
0.024623469188102629 
0.023470901485087538 
0.022266685725590409 
0.021307314205123138 
0.020001511991381938 
0.019002736364053082 
0.017939849298828688 
0.016970965206534336 
0.015954370058381361 
0.015040164395846559 
0.014105519786399708 
0.013180945463282833 
0.012305033706200997 
0.011472951134852949 
0.010680369283679962 
0.0099234646018658609 
0.0091989184533369829 
0.0085039171167622402 
0.0078254782910301274 
0.0071800625953126803 
0.0065488175625771526 
0.0058951793814362042 
0.0053504954359545661 
0.0048095739282122798 
0.0043276924596865954 
0.0039116740805262657 
0.0035688241216498564 
0.0032629683077123094 
0.0027701916187984183 
0.0023427548583999955 
0.001975130002858073 
0.0016620786123609215 
0.0013986518309439351 
0.0011331747499233869 
0.0009544566971805943 
0.00077789493013002389 
0.00061085325257529723 
0.00046594823815716027 
0.00034233734155845173 
0.00023955013899930533 
0.00015748832823722273 
9.6425728567016341e-05 
2.9800934752972914e-05 
8.891623584971134e-07 
8.891623584971134e-07 
8.891623584971134e-07 
8.891623584971134e-07 
8.891623584971134e-07 
8.6180754877678163e-07 
8.6180754877678163e-07 
8.6180754877678163e-07 
8.6180754877678163e-07 
1.0177627449755437e-07 
1.0177627449755437e-07 
1.0177627449755437e-07 
1.0177627449755437e-07 
1.0177627449755437e-07 
1.0177627449755437e-07 
1.0177627449755437e-07 
1.0177627449755437e-07 
1.0177627449755437e-07 
1.0177627449755437e-07 
1.0177627449755437e-07 
1.0177627449755437e-07 
1.0177627449755437e-07 
1.0177627449755437e-07 
1.0177627449755437e-07 
1.0177627449755437e-07 
1.0177627449755437e-07 
1.0177627449755437e-07 
1.0177627449755437e-07 
1.0177627449755437e-07 
1.0177627449755437e-07 
1.0177627449755437e-07 
1.0177627449755437e-07 
1.0177627449755437e-07 
1.0177627449755437e-07 
1.0177627449755437e-07 
1.0177627449755437e-07 
1.0177627449755437e-07 
1.0177627449755437e-07 
1.0177627449755437e-07 
1.0177627449755437e-07 
1.0177627449755437e-07 
1.0177627449755437e-07 
1.0177627449755437e-07 
1.0177627449755437e-07 
1.0177627449755437e-07 
1.0177627449755437e-07 
1.0177627449755437e-07 
1.0177627449755437e-07 
1.0177627449755437e-07 
1.0177627449755437e-07 
1.0177627449755437e-07 
1.0177627449755437e-07 
1.0177627449755437e-07 
2.6666821773695957e-08 
2.6666821773695957e-08 
2.6666821773695957e-08 
2.6666821773695957e-08 
2.6666821773695957e-08 
2.6666821773695957e-08 
2.6666821773695957e-08 
2.6666821773695957e-08 
2.6666821773695957e-08 
2.6666821773695957e-08 
2.6666821773695957e-08 
2.6666821773695957e-08 
2.6666821773695957e-08 
2.6666821773695957e-08 
2.6666821773695957e-08 
2.6666821773695957e-08 
2.6666821773695957e-08 
2.6666821773695957e-08 
2.6666821773695957e-08 
2.6666821773695957e-08 
2.6666821773695957e-08 
2.6666821773695957e-08 
2.6666821773695957e-08 
2.6666821773695957e-08 
2.6666821773695957e-08 
2.6666821773695957e-08 
2.6666821773695957e-08 
2.6666821773695957e-08 
2.6666821773695957e-08 
2.6666821773695957e-08 
2.6666821773695957e-08 
2.6666821773695957e-08 
2.6666821773695957e-08 
2.6666821773695957e-08 
2.6666821773695957e-08 
2.6666821773695957e-08 
2.6666821773695957e-08 
2.6666821773695957e-08 
2.6666821773695957e-08 
2.6666821773695957e-08 
2.6666821773695957e-08 
2.6666821773695957e-08 
2.6666821773695957e-08 
2.6666821773695957e-08 
2.6666821773695957e-08 
1.3917197589915995e-08 
1.3917197589915995e-08 
1.3917197589915995e-08 
8.477354796426551e-09 
8.477354796426551e-09 
8.477354796426551e-09 
8.477354796426551e-09 
8.477354796426551e-09 
8.477354796426551e-09 
8.477354796426551e-09 
8.477354796426551e-09 
8.477354796426551e-09 
8.477354796426551e-09 
8.477354796426551e-09 
8.477354796426551e-09 
8.477354796426551e-09 
8.477354796426551e-09 
8.477354796426551e-09 
8.477354796426551e-09 
8.477354796426551e-09 
8.477354796426551e-09 
8.477354796426551e-09 
8.477354796426551e-09 
8.477354796426551e-09 
8.477354796426551e-09 
8.477354796426551e-09 
8.477354796426551e-09 
8.477354796426551e-09 
8.477354796426551e-09 
8.477354796426551e-09 
8.477354796426551e-09 
8.477354796426551e-09 
8.477354796426551e-09 
8.477354796426551e-09 
8.477354796426551e-09 
8.477354796426551e-09 
8.477354796426551e-09 
8.477354796426551e-09 
8.477354796426551e-09 
8.477354796426551e-09 
8.477354796426551e-09 
8.477354796426551e-09 
8.477354796426551e-09 
8.477354796426551e-09 
8.477354796426551e-09 
8.477354796426551e-09 
8.477354796426551e-09 
8.477354796426551e-09 
8.477354796426551e-09 
8.477354796426551e-09 
8.477354796426551e-09 
8.477354796426551e-09 
8.477354796426551e-09 
8.477354796426551e-09 
8.477354796426551e-09 
8.477354796426551e-09 
8.477354796426551e-09 
8.477354796426551e-09 
8.477354796426551e-09 
8.477354796426551e-09 
8.477354796426551e-09 
8.477354796426551e-09 
8.477354796426551e-09 
8.477354796426551e-09 
8.477354796426551e-09 
8.477354796426551e-09 
8.477354796426551e-09 
8.477354796426551e-09 
8.477354796426551e-09 
8.477354796426551e-09 
8.477354796426551e-09 
8.477354796426551e-09 
8.477354796426551e-09 
8.477354796426551e-09 
8.477354796426551e-09 
8.477354796426551e-09 
8.477354796426551e-09 
8.477354796426551e-09 
8.477354796426551e-09 
8.477354796426551e-09 
8.477354796426551e-09 
8.477354796426551e-09 
8.477354796426551e-09 
8.477354796426551e-09 
8.477354796426551e-09 
8.477354796426551e-09 
8.477354796426551e-09 
8.477354796426551e-09 
8.477354796426551e-09 
8.477354796426551e-09 
8.477354796426551e-09 
6.0221672911261417e-09 
6.0221672911261417e-09 
5.8973189492390515e-09 
5.8973189492390515e-09 
5.8973189492390515e-09 
5.8973189492390515e-09 
5.8973189492390515e-09 
5.8973189492390515e-09 
5.8973189492390515e-09 
5.8973189492390515e-09 
5.8973189492390515e-09 
5.8973189492390515e-09 
5.8973189492390515e-09 
5.8973189492390515e-09 
5.8973189492390515e-09 
5.8973189492390515e-09 
5.8973189492390515e-09 
5.8973189492390515e-09 
5.8973189492390515e-09 
5.8973189492390515e-09 
5.8973189492390515e-09 
5.8973189492390515e-09 
5.8973189492390515e-09 
5.8973189492390515e-09 
5.8973189492390515e-09 
5.8973189492390515e-09 
5.8973189492390515e-09 
5.8973189492390515e-09 
5.8973189492390515e-09 
5.8973189492390515e-09 
5.8973189492390515e-09 
5.8973189492390515e-09 
5.8973189492390515e-09 
5.8973189492390515e-09 
5.8973189492390515e-09 
5.8973189492390515e-09 
5.8973189492390515e-09 
5.8973189492390515e-09 
5.8973189492390515e-09 
5.8973189492390515e-09 
5.8973189492390515e-09 
5.8973189492390515e-09 
4.6312092974177935e-09 
4.6312092974177935e-09 
4.6312092974177935e-09 
4.6312092974177935e-09 
4.6312092974177935e-09 
4.6312092974177935e-09 
4.6312092974177935e-09 
4.6312092974177935e-09 
4.6312092974177935e-09 
4.6312092974177935e-09 
4.6312092974177935e-09 
4.6312092974177935e-09 
4.6312092974177935e-09 
4.6312092974177935e-09 
4.6312092974177935e-09 
4.6312092974177935e-09 
4.6312092974177935e-09 
4.6312092974177935e-09 
4.6312092974177935e-09 
4.6312092974177935e-09 
4.6312092974177935e-09 
4.6312092974177935e-09 
4.6312092974177935e-09 
4.6312092974177935e-09 
4.6312092974177935e-09 
4.6312092974177935e-09 
4.6312092974177935e-09 
4.6312092974177935e-09 
4.6312092974177935e-09 
4.6312092974177935e-09 
4.6312092974177935e-09 
4.6312092974177935e-09 
4.6312092974177935e-09 
4.6312092974177935e-09 
4.6312092974177935e-09 
4.6312092974177935e-09 
4.6312092974177935e-09 
4.6312092974177935e-09 
4.6312092974177935e-09 
4.6312092974177935e-09 
4.6312092974177935e-09 
4.6312092974177935e-09 
4.6312092974177935e-09 
4.6312092974177935e-09 
4.6312092974177935e-09 
4.6312092974177935e-09 
4.6312092974177935e-09 
4.6312092974177935e-09 
4.6312092974177935e-09 
4.6312092974177935e-09 
4.6312092974177935e-09 
4.6312092974177935e-09 
4.6312092974177935e-09 
4.6312092974177935e-09 
4.6312092974177935e-09 
4.6312092974177935e-09 
4.6312092974177935e-09 
4.6312092974177935e-09 
4.6312092974177935e-09 
4.6312092974177935e-09 
4.6312092974177935e-09 
4.6312092974177935e-09 
4.6312092974177935e-09 
4.6312092974177935e-09 
4.6312092974177935e-09 
4.6312092974177935e-09 
4.6312092974177935e-09 
4.6312092974177935e-09 
4.6312092974177935e-09 
4.6312092974177935e-09 
4.6312092974177935e-09 
4.6312092974177935e-09 
4.6312092974177935e-09 
4.6312092974177935e-09 
4.6312092974177935e-09 
4.6312092974177935e-09 
4.6312092974177935e-09 
4.6312092974177935e-09 
4.6312092974177935e-09 
4.6312092974177935e-09 
4.6312092974177935e-09 
4.6312092974177935e-09 
4.6312092974177935e-09 
4.6312092974177935e-09 
4.6312092974177935e-09 
4.6312092974177935e-09 
4.6312092974177935e-09 
4.6312092974177935e-09 
4.6312092974177935e-09 
4.6312092974177935e-09 
4.6312092974177935e-09 
4.6312092974177935e-09 
4.6312092974177935e-09 
4.6312092974177935e-09 
4.6312092974177935e-09 
4.6312092974177935e-09 
4.6312092974177935e-09 
4.6312092974177935e-09 
4.6312092974177935e-09 
4.6312092974177935e-09 
4.6312092974177935e-09 
4.6312092974177935e-09 
4.6312092974177935e-09 
4.6312092974177935e-09 
4.6312092974177935e-09 
4.6312092974177935e-09 
4.6312092974177935e-09 
4.6312092974177935e-09 
4.6312092974177935e-09 
4.6312092974177935e-09 
4.6312092974177935e-09 
4.6312092974177935e-09 
4.6312092974177935e-09 
4.6312092974177935e-09 
4.6312092974177935e-09 
4.6312092974177935e-09 
4.6312092974177935e-09 
4.6312092974177935e-09 
4.6312092974177935e-09 
4.6312092974177935e-09 
4.6312092974177935e-09 
4.6312092974177935e-09 
4.6312092974177935e-09 
4.6312092974177935e-09 
4.6312092974177935e-09 
4.6312092974177935e-09 
4.6312092974177935e-09 
4.6312092974177935e-09 
4.6312092974177935e-09 
4.6312092974177935e-09 
4.6312092974177935e-09 
4.6312092974177935e-09 
4.6312092974177935e-09 
4.6312092974177935e-09 
4.6312092974177935e-09 
4.6312092974177935e-09 
4.6312092974177935e-09 
4.6312092974177935e-09 
4.6312092974177935e-09 
4.6312092974177935e-09 
4.6312092974177935e-09 
4.6312092974177935e-09 
4.6312092974177935e-09 
4.6312092974177935e-09 
4.6312092974177935e-09 
4.6312092974177935e-09 
4.6312092974177935e-09 
4.6312092974177935e-09 
4.6312092974177935e-09 
4.6312092974177935e-09 
4.6312092974177935e-09 
4.6312092974177935e-09 
4.6312092974177935e-09 
4.6312092974177935e-09 
4.6312092974177935e-09 
4.6312092974177935e-09 
4.6312092974177935e-09 
4.6312092974177935e-09 
4.6312092974177935e-09 
4.6312092974177935e-09 
4.6312092974177935e-09 
4.6312092974177935e-09 
4.6312092974177935e-09 
4.6312092974177935e-09 
4.6312092974177935e-09 
4.6312092974177935e-09 
4.6312092974177935e-09 
4.6312092974177935e-09 
4.6312092974177935e-09 
4.6312092974177935e-09 
4.6312092974177935e-09 
4.6312092974177935e-09 
4.6312092974177935e-09 
4.6312092974177935e-09 
4.6312092974177935e-09 
4.6312092974177935e-09 
4.6312092974177935e-09 
4.6312092974177935e-09 
4.6312092974177935e-09 
4.6312092974177935e-09 
4.6312092974177935e-09 
4.6312092974177935e-09 
3.0323439927734498e-09 
3.0323439927734498e-09 
3.0323439927734498e-09 
3.0323439927734498e-09 
3.0323439927734498e-09 
3.0323439927734498e-09 
3.0323439927734498e-09 
3.0323439927734498e-09 
3.0323439927734498e-09 
3.0323439927734498e-09 
3.0323439927734498e-09 
3.0323439927734498e-09 
3.0323439927734498e-09 
3.0323439927734498e-09 
3.0323439927734498e-09 
3.0323439927734498e-09 
3.0323439927734498e-09 
3.0323439927734498e-09 
3.0323439927734498e-09 
3.0323439927734498e-09 
3.0323439927734498e-09 
3.0323439927734498e-09 
3.0323439927734498e-09 
3.0323439927734498e-09 
3.0323439927734498e-09 
3.0323439927734498e-09 
3.0323439927734498e-09 
3.0323439927734498e-09 
3.0323439927734498e-09 
3.0323439927734498e-09 
3.0323439927734498e-09 
3.0323439927734498e-09 
3.0323439927734498e-09 
3.0323439927734498e-09 
3.0323439927734498e-09 
3.0323439927734498e-09 
3.0323439927734498e-09 
3.0323439927734498e-09 
3.0323439927734498e-09 
3.0323439927734498e-09 
3.0323439927734498e-09 
3.0323439927734498e-09 
3.0323439927734498e-09 
3.0323439927734498e-09 
3.0323439927734498e-09 
3.0323439927734498e-09 
3.0323439927734498e-09 
3.0323439927734498e-09 
3.0323439927734498e-09 
3.0323439927734498e-09 
3.0323439927734498e-09 
3.0323439927734498e-09 
3.0323439927734498e-09 
3.0323439927734498e-09 
3.0323439927734498e-09 
3.0323439927734498e-09 
3.0323439927734498e-09 
3.0323439927734498e-09 
3.0323439927734498e-09 
3.0323439927734498e-09 
3.0323439927734498e-09 
3.0323439927734498e-09 
3.0323439927734498e-09 
3.0323439927734498e-09 
3.0323439927734498e-09 
3.0323439927734498e-09 
3.0323439927734498e-09 
3.0323439927734498e-09 
3.0323439927734498e-09 
3.0323439927734498e-09 
3.0323439927734498e-09 
3.0323439927734498e-09 
3.0323439927734498e-09 
3.0323439927734498e-09 
3.0323439927734498e-09 
3.0323439927734498e-09 
3.0323439927734498e-09 
3.0323439927734498e-09 
3.0323439927734498e-09 
3.0323439927734498e-09 
3.0323439927734498e-09 
3.0323439927734498e-09 
3.0323439927734498e-09 
3.0323439927734498e-09 
3.0323439927734498e-09 
3.0323439927734498e-09 
3.0323439927734498e-09 
3.0323439927734498e-09 
3.0323439927734498e-09 
3.0323439927734498e-09 
3.0323439927734498e-09 
1.5403085575958987e-10 
1.5403085575958987e-10 
1.5403085575958987e-10 
1.5403085575958987e-10 
1.5403085575958987e-10 
1.5403085575958987e-10 
1.5403085575958987e-10 
1.5403085575958987e-10 
1.5403085575958987e-10 
1.5403085575958987e-10 
1.5403085575958987e-10 
1.5403085575958987e-10 
1.5403085575958987e-10 
1.5403085575958987e-10 
1.5403085575958987e-10 
1.5403085575958987e-10 
1.5403085575958987e-10 
1.5403085575958987e-10 
1.5403085575958987e-10 
1.5403085575958987e-10 
1.5403085575958987e-10 
1.5403085575958987e-10 
1.5403085575958987e-10 
1.5403085575958987e-10 
1.5403085575958987e-10 
1.5403085575958987e-10 
1.5403085575958987e-10 
1.5403085575958987e-10 
1.5403085575958987e-10 
1.5403085575958987e-10 
1.5403085575958987e-10 
1.5403085575958987e-10 
1.5403085575958987e-10 
1.5403085575958987e-10 
1.5403085575958987e-10 
1.5403085575958987e-10 
1.5403085575958987e-10 
1.5403085575958987e-10 
1.5403085575958987e-10 
1.5403085575958987e-10 
1.5403085575958987e-10 
1.5403085575958987e-10 
1.5403085575958987e-10 
1.5403085575958987e-10 
1.5403085575958987e-10 
1.5403085575958987e-10 
1.5403085575958987e-10 
1.5403085575958987e-10 
1.5403085575958987e-10 
1.5403085575958987e-10 
1.5403085575958987e-10 
1.5403085575958987e-10 
1.5403085575958987e-10 
1.5403085575958987e-10 
1.5403085575958987e-10 
1.5403085575958987e-10 
1.5403085575958987e-10 
1.5403085575958987e-10 
1.5403085575958987e-10 
1.5403085575958987e-10 
1.5403085575958987e-10 
1.5403085575958987e-10 
1.5403085575958987e-10 
1.5403085575958987e-10 
1.5403085575958987e-10 
1.5403085575958987e-10 
1.5403085575958987e-10 
1.5403085575958987e-10 
1.5403085575958987e-10 
1.5403085575958987e-10 
1.5403085575958987e-10 
1.5403085575958987e-10 
1.5403085575958987e-10 
1.5403085575958987e-10 
1.5403085575958987e-10 
1.5403085575958987e-10 
1.5403085575958987e-10 
1.5403085575958987e-10 
1.5403085575958987e-10 
1.5403085575958987e-10 
1.5403085575958987e-10 
1.5403085575958987e-10 
1.5403085575958987e-10 
1.5403085575958987e-10 
1.5403085575958987e-10 
1.5403085575958987e-10 
1.5403085575958987e-10 
1.5403085575958987e-10 
1.5403085575958987e-10 
1.5403085575958987e-10 
1.5403085575958987e-10 
1.5403085575958987e-10 
1.5403085575958987e-10 
1.5403085575958987e-10 
1.5403085575958987e-10 
1.5403085575958987e-10 
1.5403085575958987e-10 
1.5403085575958987e-10 
1.5403085575958987e-10 
1.5403085575958987e-10 
1.5403085575958987e-10 
1.5403085575958987e-10 
1.5403085575958987e-10 
1.5403085575958987e-10 
1.5403085575958987e-10 
1.5403085575958987e-10 
1.5403085575958987e-10 
1.5403085575958987e-10 
1.5403085575958987e-10 
1.5403085575958987e-10 
1.5403085575958987e-10 
1.5403085575958987e-10 
1.5403085575958987e-10 
1.5403085575958987e-10 
1.5403085575958987e-10 
1.5403085575958987e-10 
1.5403085575958987e-10 
1.5403085575958987e-10 
1.5403085575958987e-10 
1.5403085575958987e-10 
1.5403085575958987e-10 
1.5403085575958987e-10 
1.5403085575958987e-10 
1.5403085575958987e-10 
1.5403085575958987e-10 
1.5403085575958987e-10 
1.5403085575958987e-10 
1.5403085575958987e-10 
1.5403085575958987e-10 
1.5403085575958987e-10 
1.5403085575958987e-10 
1.5403085575958987e-10 
1.5403085575958987e-10 
1.5403085575958987e-10 
1.5403085575958987e-10 
1.5403085575958987e-10 
1.5403085575958987e-10 
1.5403085575958987e-10 
1.5403085575958987e-10 
1.5403085575958987e-10 
1.5403085575958987e-10 
1.5403085575958987e-10 
1.5403085575958987e-10 
1.5403085575958987e-10 
1.5403085575958987e-10 
1.5403085575958987e-10 
1.5403085575958987e-10 
1.5403085575958987e-10 
1.5403085575958987e-10 
1.5403085575958987e-10 
1.5403085575958987e-10 
1.5403085575958987e-10 
1.5403085575958987e-10 
1.5403085575958987e-10 
1.5403085575958987e-10 
1.5403085575958987e-10 
1.5403085575958987e-10 
1.5403085575958987e-10 
1.5403085575958987e-10 
1.5403085575958987e-10 
1.5403085575958987e-10 
1.5403085575958987e-10 
1.5403085575958987e-10 
1.5403085575958987e-10 
1.5403085575958987e-10 
1.5403085575958987e-10 
1.5403085575958987e-10 
1.5403085575958987e-10 
1.5403085575958987e-10 
1.5403085575958987e-10 
1.5403085575958987e-10 
1.5403085575958987e-10 
1.5403085575958987e-10 
1.5403085575958987e-10 
1.5403085575958987e-10 
1.5403085575958987e-10 
1.5403085575958987e-10 
1.5403085575958987e-10 
1.5403085575958987e-10 
1.5403085575958987e-10 
1.5403085575958987e-10 
1.5403085575958987e-10 
1.5403085575958987e-10 
1.5403085575958987e-10 
1.5403085575958987e-10 
1.5403085575958987e-10 
1.5403085575958987e-10 
1.5403085575958987e-10 
1.5403085575958987e-10 
1.5403085575958987e-10 
1.5403085575958987e-10 
1.5403085575958987e-10 
1.5403085575958987e-10 
1.5403085575958987e-10 
1.5403085575958987e-10 
1.5403085575958987e-10 
1.5403085575958987e-10 
1.5403085575958987e-10 
1.5403085575958987e-10 
1.5403085575958987e-10 
1.5403085575958987e-10 
1.5403085575958987e-10 
1.5403085575958987e-10 
1.5403085575958987e-10 
1.5403085575958987e-10 
1.5403085575958987e-10 
1.5403085575958987e-10 
1.5403085575958987e-10 
1.5403085575958987e-10 
1.5403085575958987e-10 
1.5403085575958987e-10 
1.5403085575958987e-10 
1.5403085575958987e-10 
1.5403085575958987e-10 
1.5403085575958987e-10 
1.5403085575958987e-10 
1.5403085575958987e-10 
1.5403085575958987e-10 
1.5403085575958987e-10 
1.5403085575958987e-10 
1.5403085575958987e-10 
1.5403085575958987e-10 
1.5403085575958987e-10 
1.5403085575958987e-10 
1.5403085575958987e-10 
1.5403085575958987e-10 
1.5403085575958987e-10 
1.5403085575958987e-10 
1.5403085575958987e-10 
1.5403085575958987e-10 
1.5403085575958987e-10 
1.5403085575958987e-10 
1.5403085575958987e-10 
1.5403085575958987e-10 
1.5403085575958987e-10 
1.5403085575958987e-10 
1.5403085575958987e-10 
1.5403085575958987e-10 
1.5403085575958987e-10 
1.5403085575958987e-10 
1.5403085575958987e-10 
1.5403085575958987e-10 
1.5403085575958987e-10 
1.5403085575958987e-10 
1.5403085575958987e-10 
1.5403085575958987e-10 
1.5403085575958987e-10 
1.5403085575958987e-10 
1.5403085575958987e-10 
1.5403085575958987e-10 
1.5403085575958987e-10 
1.5403085575958987e-10 
1.5403085575958987e-10 
1.5403085575958987e-10 
1.5403085575958987e-10 
1.5403085575958987e-10 
1.5403085575958987e-10 
1.5403085575958987e-10 
1.5403085575958987e-10 
1.5403085575958987e-10 
1.5403085575958987e-10 
1.5403085575958987e-10 
1.5403085575958987e-10 
1.5403085575958987e-10 
1.5403085575958987e-10 
1.5403085575958987e-10 
1.5403085575958987e-10 
1.5403085575958987e-10 
1.5403085575958987e-10 
1.5403085575958987e-10 
1.5403085575958987e-10 
1.5403085575958987e-10 
1.5403085575958987e-10 
1.5403085575958987e-10 
1.5403085575958987e-10 
1.5403085575958987e-10 
1.5403085575958987e-10 
1.5403085575958987e-10 
1.5403085575958987e-10 
1.5403085575958987e-10 
1.5403085575958987e-10 
1.5403085575958987e-10 
1.5403085575958987e-10 
1.5403085575958987e-10 
1.5403085575958987e-10 
1.5403085575958987e-10 
1.5403085575958987e-10 
1.5403085575958987e-10 
1.5403085575958987e-10 
1.5403085575958987e-10 
1.5403085575958987e-10 
1.5403085575958987e-10 
1.5403085575958987e-10 
1.5403085575958987e-10 
1.5403085575958987e-10 
1.5403085575958987e-10 
1.5403085575958987e-10 
1.5403085575958987e-10 
1.5403085575958987e-10 
1.5403085575958987e-10 
1.5403085575958987e-10 
1.5403085575958987e-10 
1.5403085575958987e-10 
1.5403085575958987e-10 
1.5403085575958987e-10 
1.5403085575958987e-10 
1.5403085575958987e-10 
1.5403085575958987e-10 
1.5403085575958987e-10 
1.5403085575958987e-10 
1.5403085575958987e-10 
1.5403085575958987e-10 
1.5403085575958987e-10 
1.5403085575958987e-10 
1.5403085575958987e-10 
1.5403085575958987e-10 
1.5403085575958987e-10 
1.5403085575958987e-10 
1.5403085575958987e-10 
1.5403085575958987e-10 
1.5403085575958987e-10 
1.5403085575958987e-10 
1.5403085575958987e-10 
1.5403085575958987e-10 
1.5403085575958987e-10 
1.5403085575958987e-10 
1.5403085575958987e-10 
