0.17325472632710115 
0.14747446089266403 
0.084016800445121831 
0.080860541098111027 
0.040651205668955415 
0.030970379766842915 
0.017980147002010116 
0.01298718552654099 
0.007066519771363855 
0.0054771707007685855 
0.0027208215888483434 
0.002356010837852418 
0.0010139314008708045 
0.0010038769311309093 
0.00037684684631811294 
0.0003727566921256642 
0.00017669455535329615 
0.00016442569285923803 
6.5334760652291379e-05 
6.4705909043505372e-05 
2.8888539541527258e-05 
2.8580065319361303e-05 
1.1744180870687515e-05 
1.1645512297930871e-05 
6.2076748691408667e-06 
6.0015106544408781e-06 
3.1988306430363878e-06 
3.1696750728560374e-06 
2.2979377787279986e-06 
2.2262418025720265e-06 
1.7957035710614022e-06 
1.1307498934964855e-06 
8.27444898043872e-07 
4.8096957161458676e-07 
2.9149832547759047e-07 
2.2129889065691799e-07 
1.0570899988682214e-07 
9.2261435824525506e-08 
5.6156576833110705e-08 
2.5633193678764599e-08 
2.3651366420907038e-08 
1.0677405515302496e-08 
1.003195881921215e-08 
5.0013908570178955e-09 
2.7048159267906158e-09 
2.045159153141185e-09 
1.2017883355142089e-09 
8.4564621971594534e-10 
5.1758308750038395e-10 
2.9976465754089077e-10 
2.0909085574061237e-10 
7.4429906682382807e-11 
2.962929901428879e-11 
1.086764012114827e-11 
1.086764012114827e-11 
2.0193846594906972e-12 
2.0193846594906972e-12 
2.0193846594906972e-12 
2.0193846594906972e-12 
2.0193846594906972e-12 
2.0193846594906972e-12 
2.0193846594906972e-12 
2.0193846594906972e-12 
2.0193846594906972e-12 
2.0193846594906972e-12 
2.0193846594906972e-12 
2.0193846594906972e-12 
2.0193846594906972e-12 
2.0193846594906972e-12 
2.0193846594906972e-12 
2.0193846594906972e-12 
2.0193846594906972e-12 
2.0193846594906972e-12 
2.0193846594906972e-12 
2.0193846594906972e-12 
2.0193846594906972e-12 
2.0193846594906972e-12 
2.0193846594906972e-12 
2.0193846594906972e-12 
2.0193846594906972e-12 
2.0193846594906972e-12 
2.0193846594906972e-12 
2.0193846594906972e-12 
2.0193846594906972e-12 
2.0193846594906972e-12 
2.0193846594906972e-12 
2.0193846594906972e-12 
2.0193846594906972e-12 
2.0193846594906972e-12 
2.0193846594906972e-12 
2.0193846594906972e-12 
2.0193846594906972e-12 
2.0193846594906972e-12 
2.0193846594906972e-12 
2.0193846594906972e-12 
2.0193846594906972e-12 
2.0193846594906972e-12 
2.0193846594906972e-12 
2.0193846594906972e-12 
2.0193846594906972e-12 
2.0193846594906972e-12 
2.0193846594906972e-12 
2.0193846594906972e-12 
2.0193846594906972e-12 
2.0193846594906972e-12 
2.0193846594906972e-12 
2.0193846594906972e-12 
2.0193846594906972e-12 
2.0193846594906972e-12 
2.0193846594906972e-12 
2.0193846594906972e-12 
2.0193846594906972e-12 
2.0193846594906972e-12 
2.0193846594906972e-12 
2.0193846594906972e-12 
2.0193846594906972e-12 
2.0193846594906972e-12 
2.0193846594906972e-12 
2.0193846594906972e-12 
2.0193846594906972e-12 
2.0193846594906972e-12 
2.0193846594906972e-12 
2.0193846594906972e-12 
2.0193846594906972e-12 
2.0193846594906972e-12 
2.0193846594906972e-12 
2.0193846594906972e-12 
2.0193846594906972e-12 
2.0193846594906972e-12 
2.0193846594906972e-12 
2.0193846594906972e-12 
2.0193846594906972e-12 
2.0193846594906972e-12 
2.0193846594906972e-12 
2.0193846594906972e-12 
2.0193846594906972e-12 
2.0193846594906972e-12 
2.0193846594906972e-12 
2.0193846594906972e-12 
2.0193846594906972e-12 
2.0193846594906972e-12 
2.0193846594906972e-12 
2.0193846594906972e-12 
2.0193846594906972e-12 
2.0193846594906972e-12 
2.0193846594906972e-12 
2.0193846594906972e-12 
2.0193846594906972e-12 
2.0193846594906972e-12 
2.0193846594906972e-12 
2.0193846594906972e-12 
2.0193846594906972e-12 
2.0193846594906972e-12 
2.0193846594906972e-12 
2.0193846594906972e-12 
2.0193846594906972e-12 
2.0193846594906972e-12 
2.0193846594906972e-12 
2.0193846594906972e-12 
2.0193846594906972e-12 
2.0193846594906972e-12 
2.0193846594906972e-12 
2.0193846594906972e-12 
2.0193846594906972e-12 
2.0193846594906972e-12 
2.0193846594906972e-12 
2.0193846594906972e-12 
2.0193846594906972e-12 
2.0193846594906972e-12 
2.0193846594906972e-12 
2.0193846594906972e-12 
2.0193846594906972e-12 
2.0193846594906972e-12 
2.0193846594906972e-12 
2.0193846594906972e-12 
2.0193846594906972e-12 
2.0193846594906972e-12 
2.0193846594906972e-12 
2.0193846594906972e-12 
2.0193846594906972e-12 
2.0193846594906972e-12 
2.0193846594906972e-12 
2.0193846594906972e-12 
2.0193846594906972e-12 
2.0193846594906972e-12 
2.0193846594906972e-12 
2.0193846594906972e-12 
2.0193846594906972e-12 
2.0193846594906972e-12 
2.0193846594906972e-12 
2.0193846594906972e-12 
2.0193846594906972e-12 
2.0193846594906972e-12 
2.0193846594906972e-12 
2.0193846594906972e-12 
2.0193846594906972e-12 
2.0193846594906972e-12 
2.0193846594906972e-12 
2.0193846594906972e-12 
2.0193846594906972e-12 
2.0193846594906972e-12 
2.0193846594906972e-12 
2.0193846594906972e-12 
2.0193846594906972e-12 
2.0193846594906972e-12 
2.0193846594906972e-12 
2.0193846594906972e-12 
2.0193846594906972e-12 
2.0193846594906972e-12 
2.0193846594906972e-12 
2.0193846594906972e-12 
2.0193846594906972e-12 
2.0193846594906972e-12 
2.0193846594906972e-12 
2.0193846594906972e-12 
2.0193846594906972e-12 
2.0193846594906972e-12 
2.0193846594906972e-12 
2.0193846594906972e-12 
2.0193846594906972e-12 
2.0193846594906972e-12 
2.0193846594906972e-12 
2.0193846594906972e-12 
2.0193846594906972e-12 
2.0193846594906972e-12 
2.0193846594906972e-12 
2.0193846594906972e-12 
2.0193846594906972e-12 
2.0193846594906972e-12 
2.0193846594906972e-12 
2.0193846594906972e-12 
2.0193846594906972e-12 
2.0193846594906972e-12 
2.0193846594906972e-12 
2.0193846594906972e-12 
2.0193846594906972e-12 
2.0193846594906972e-12 
2.0193846594906972e-12 
2.0193846594906972e-12 
2.0193846594906972e-12 
2.0193846594906972e-12 
2.0193846594906972e-12 
2.0193846594906972e-12 
2.0193846594906972e-12 
2.0193846594906972e-12 
2.0193846594906972e-12 
2.0193846594906972e-12 
2.0193846594906972e-12 
2.0193846594906972e-12 
2.0193846594906972e-12 
2.0193846594906972e-12 
2.0193846594906972e-12 
2.0193846594906972e-12 
2.0193846594906972e-12 
2.0193846594906972e-12 
2.0193846594906972e-12 
2.0193846594906972e-12 
2.0193846594906972e-12 
2.0193846594906972e-12 
2.0193846594906972e-12 
2.0193846594906972e-12 
2.0193846594906972e-12 
2.0193846594906972e-12 
2.0193846594906972e-12 
2.0193846594906972e-12 
2.0193846594906972e-12 
2.0193846594906972e-12 
2.0193846594906972e-12 
2.0193846594906972e-12 
2.0193846594906972e-12 
2.0193846594906972e-12 
2.0193846594906972e-12 
2.0193846594906972e-12 
2.0193846594906972e-12 
2.0193846594906972e-12 
2.0193846594906972e-12 
2.0193846594906972e-12 
2.0193846594906972e-12 
2.0193846594906972e-12 
2.0193846594906972e-12 
2.0193846594906972e-12 
2.0193846594906972e-12 
2.0193846594906972e-12 
2.0193846594906972e-12 
2.0193846594906972e-12 
2.0193846594906972e-12 
2.0193846594906972e-12 
2.0193846594906972e-12 
2.0193846594906972e-12 
2.0193846594906972e-12 
2.0193846594906972e-12 
2.0193846594906972e-12 
2.0193846594906972e-12 
2.0193846594906972e-12 
2.0193846594906972e-12 
2.0193846594906972e-12 
2.0193846594906972e-12 
2.0193846594906972e-12 
2.0193846594906972e-12 
2.0193846594906972e-12 
2.0193846594906972e-12 
2.0193846594906972e-12 
2.0193846594906972e-12 
2.0193846594906972e-12 
2.0193846594906972e-12 
2.0193846594906972e-12 
2.0193846594906972e-12 
2.0193846594906972e-12 
2.0193846594906972e-12 
2.0193846594906972e-12 
2.0193846594906972e-12 
2.0193846594906972e-12 
2.0193846594906972e-12 
2.0193846594906972e-12 
2.0193846594906972e-12 
2.0193846594906972e-12 
2.0193846594906972e-12 
2.0193846594906972e-12 
2.0193846594906972e-12 
2.0193846594906972e-12 
2.0193846594906972e-12 
2.0193846594906972e-12 
2.0193846594906972e-12 
2.0193846594906972e-12 
2.0193846594906972e-12 
2.0193846594906972e-12 
2.0193846594906972e-12 
2.0193846594906972e-12 
2.0193846594906972e-12 
2.0193846594906972e-12 
2.0193846594906972e-12 
2.0193846594906972e-12 
2.0193846594906972e-12 
2.0193846594906972e-12 
2.0193846594906972e-12 
2.0193846594906972e-12 
2.0193846594906972e-12 
2.0193846594906972e-12 
2.0193846594906972e-12 
2.0193846594906972e-12 
2.0193846594906972e-12 
2.0193846594906972e-12 
2.0193846594906972e-12 
2.0193846594906972e-12 
2.0193846594906972e-12 
2.0193846594906972e-12 
2.0193846594906972e-12 
2.0193846594906972e-12 
2.0193846594906972e-12 
2.0193846594906972e-12 
2.0193846594906972e-12 
2.0193846594906972e-12 
2.0193846594906972e-12 
2.0193846594906972e-12 
2.0193846594906972e-12 
2.0193846594906972e-12 
2.0193846594906972e-12 
2.0193846594906972e-12 
2.0193846594906972e-12 
2.0193846594906972e-12 
2.0193846594906972e-12 
2.0193846594906972e-12 
2.0193846594906972e-12 
2.0193846594906972e-12 
2.0193846594906972e-12 
2.0193846594906972e-12 
2.0193846594906972e-12 
2.0193846594906972e-12 
2.0193846594906972e-12 
2.0193846594906972e-12 
2.0193846594906972e-12 
2.0193846594906972e-12 
2.0193846594906972e-12 
2.0193846594906972e-12 
2.0193846594906972e-12 
2.0193846594906972e-12 
2.0193846594906972e-12 
2.0193846594906972e-12 
2.0193846594906972e-12 
2.0193846594906972e-12 
2.0193846594906972e-12 
2.0193846594906972e-12 
2.0193846594906972e-12 
2.0193846594906972e-12 
2.0193846594906972e-12 
2.0193846594906972e-12 
2.0193846594906972e-12 
2.0193846594906972e-12 
2.0193846594906972e-12 
2.0193846594906972e-12 
2.0193846594906972e-12 
2.0193846594906972e-12 
2.0193846594906972e-12 
2.0193846594906972e-12 
2.0193846594906972e-12 
2.0193846594906972e-12 
2.0193846594906972e-12 
2.0193846594906972e-12 
2.0193846594906972e-12 
2.0193846594906972e-12 
2.0193846594906972e-12 
2.0193846594906972e-12 
2.0193846594906972e-12 
2.0193846594906972e-12 
2.0193846594906972e-12 
2.0193846594906972e-12 
2.0193846594906972e-12 
2.0193846594906972e-12 
2.0193846594906972e-12 
2.0193846594906972e-12 
2.0193846594906972e-12 
2.0193846594906972e-12 
2.0193846594906972e-12 
2.0193846594906972e-12 
2.0193846594906972e-12 
2.0193846594906972e-12 
2.0193846594906972e-12 
2.0193846594906972e-12 
2.0193846594906972e-12 
2.0193846594906972e-12 
2.0193846594906972e-12 
2.0193846594906972e-12 
2.0193846594906972e-12 
2.0193846594906972e-12 
2.0193846594906972e-12 
2.0193846594906972e-12 
2.0193846594906972e-12 
2.0193846594906972e-12 
2.0193846594906972e-12 
2.0193846594906972e-12 
2.0193846594906972e-12 
2.0193846594906972e-12 
2.0193846594906972e-12 
2.0193846594906972e-12 
2.0193846594906972e-12 
2.0193846594906972e-12 
2.0193846594906972e-12 
2.0193846594906972e-12 
2.0193846594906972e-12 
2.0193846594906972e-12 
2.0193846594906972e-12 
2.0193846594906972e-12 
2.0193846594906972e-12 
2.0193846594906972e-12 
2.0193846594906972e-12 
2.0193846594906972e-12 
2.0193846594906972e-12 
2.0193846594906972e-12 
2.0193846594906972e-12 
2.0193846594906972e-12 
2.0193846594906972e-12 
2.0193846594906972e-12 
2.0193846594906972e-12 
2.0193846594906972e-12 
2.0193846594906972e-12 
2.0193846594906972e-12 
2.0193846594906972e-12 
2.0193846594906972e-12 
2.0193846594906972e-12 
2.0193846594906972e-12 
2.0193846594906972e-12 
2.0193846594906972e-12 
2.0193846594906972e-12 
2.0193846594906972e-12 
2.0193846594906972e-12 
2.0193846594906972e-12 
2.0193846594906972e-12 
2.0193846594906972e-12 
2.0193846594906972e-12 
2.0193846594906972e-12 
2.0193846594906972e-12 
2.0193846594906972e-12 
2.0193846594906972e-12 
2.0193846594906972e-12 
2.0193846594906972e-12 
2.0193846594906972e-12 
2.0193846594906972e-12 
2.0193846594906972e-12 
2.0193846594906972e-12 
2.0193846594906972e-12 
2.0193846594906972e-12 
2.0193846594906972e-12 
2.0193846594906972e-12 
2.0193846594906972e-12 
2.0193846594906972e-12 
2.0193846594906972e-12 
2.0193846594906972e-12 
2.0193846594906972e-12 
2.0193846594906972e-12 
2.0193846594906972e-12 
2.0193846594906972e-12 
2.0193846594906972e-12 
2.0193846594906972e-12 
2.0193846594906972e-12 
2.0193846594906972e-12 
2.0193846594906972e-12 
2.0193846594906972e-12 
2.0193846594906972e-12 
2.0193846594906972e-12 
2.0193846594906972e-12 
2.0193846594906972e-12 
2.0193846594906972e-12 
2.0193846594906972e-12 
2.0193846594906972e-12 
2.0193846594906972e-12 
2.0193846594906972e-12 
2.0193846594906972e-12 
2.0193846594906972e-12 
2.0193846594906972e-12 
2.0193846594906972e-12 
2.0193846594906972e-12 
2.0193846594906972e-12 
2.0193846594906972e-12 
2.0193846594906972e-12 
2.0193846594906972e-12 
2.0193846594906972e-12 
2.0193846594906972e-12 
2.0193846594906972e-12 
2.0193846594906972e-12 
2.0193846594906972e-12 
2.0193846594906972e-12 
2.0193846594906972e-12 
2.0193846594906972e-12 
2.0193846594906972e-12 
2.0193846594906972e-12 
2.0193846594906972e-12 
2.0193846594906972e-12 
2.0193846594906972e-12 
2.0193846594906972e-12 
2.0193846594906972e-12 
2.0193846594906972e-12 
2.0193846594906972e-12 
2.0193846594906972e-12 
2.0193846594906972e-12 
2.0193846594906972e-12 
2.0193846594906972e-12 
2.0193846594906972e-12 
2.0193846594906972e-12 
2.0193846594906972e-12 
2.0193846594906972e-12 
2.0193846594906972e-12 
2.0193846594906972e-12 
2.0193846594906972e-12 
2.0193846594906972e-12 
2.0193846594906972e-12 
2.0193846594906972e-12 
2.0193846594906972e-12 
2.0193846594906972e-12 
2.0193846594906972e-12 
2.0193846594906972e-12 
2.0193846594906972e-12 
2.0193846594906972e-12 
2.0193846594906972e-12 
2.0193846594906972e-12 
2.0193846594906972e-12 
2.0193846594906972e-12 
2.0193846594906972e-12 
2.0193846594906972e-12 
2.0193846594906972e-12 
2.0193846594906972e-12 
2.0193846594906972e-12 
2.0193846594906972e-12 
2.0193846594906972e-12 
2.0193846594906972e-12 
2.0193846594906972e-12 
2.0193846594906972e-12 
2.0193846594906972e-12 
2.0193846594906972e-12 
2.0193846594906972e-12 
2.0193846594906972e-12 
2.0193846594906972e-12 
2.0193846594906972e-12 
2.0193846594906972e-12 
2.0193846594906972e-12 
2.0193846594906972e-12 
2.0193846594906972e-12 
2.0193846594906972e-12 
2.0193846594906972e-12 
2.0193846594906972e-12 
2.0193846594906972e-12 
2.0193846594906972e-12 
2.0193846594906972e-12 
2.0193846594906972e-12 
2.0193846594906972e-12 
2.0193846594906972e-12 
2.0193846594906972e-12 
2.0193846594906972e-12 
2.0193846594906972e-12 
2.0193846594906972e-12 
2.0193846594906972e-12 
2.0193846594906972e-12 
2.0193846594906972e-12 
2.0193846594906972e-12 
2.0193846594906972e-12 
2.0193846594906972e-12 
2.0193846594906972e-12 
2.0193846594906972e-12 
2.0193846594906972e-12 
2.0193846594906972e-12 
2.0193846594906972e-12 
2.0193846594906972e-12 
2.0193846594906972e-12 
2.0193846594906972e-12 
2.0193846594906972e-12 
2.0193846594906972e-12 
2.0193846594906972e-12 
2.0193846594906972e-12 
2.0193846594906972e-12 
2.0193846594906972e-12 
2.0193846594906972e-12 
2.0193846594906972e-12 
2.0193846594906972e-12 
2.0193846594906972e-12 
2.0193846594906972e-12 
2.0193846594906972e-12 
2.0193846594906972e-12 
2.0193846594906972e-12 
2.0193846594906972e-12 
2.0193846594906972e-12 
2.0193846594906972e-12 
2.0193846594906972e-12 
2.0193846594906972e-12 
2.0193846594906972e-12 
2.0193846594906972e-12 
2.0193846594906972e-12 
2.0193846594906972e-12 
2.0193846594906972e-12 
2.0193846594906972e-12 
2.0193846594906972e-12 
2.0193846594906972e-12 
2.0193846594906972e-12 
2.0193846594906972e-12 
2.0193846594906972e-12 
2.0193846594906972e-12 
2.0193846594906972e-12 
2.0193846594906972e-12 
2.0193846594906972e-12 
2.0193846594906972e-12 
2.0193846594906972e-12 
2.0193846594906972e-12 
2.0193846594906972e-12 
2.0193846594906972e-12 
2.0193846594906972e-12 
2.0193846594906972e-12 
2.0193846594906972e-12 
2.0193846594906972e-12 
2.0193846594906972e-12 
2.0193846594906972e-12 
2.0193846594906972e-12 
2.0193846594906972e-12 
2.0193846594906972e-12 
2.0193846594906972e-12 
2.0193846594906972e-12 
2.0193846594906972e-12 
2.0193846594906972e-12 
2.0193846594906972e-12 
2.0193846594906972e-12 
2.0193846594906972e-12 
2.0193846594906972e-12 
2.0193846594906972e-12 
2.0193846594906972e-12 
2.0193846594906972e-12 
2.0193846594906972e-12 
2.0193846594906972e-12 
2.0193846594906972e-12 
2.0193846594906972e-12 
2.0193846594906972e-12 
2.0193846594906972e-12 
2.0193846594906972e-12 
2.0193846594906972e-12 
2.0193846594906972e-12 
2.0193846594906972e-12 
2.0193846594906972e-12 
2.0193846594906972e-12 
2.0193846594906972e-12 
2.0193846594906972e-12 
2.0193846594906972e-12 
2.0193846594906972e-12 
2.0193846594906972e-12 
2.0193846594906972e-12 
2.0193846594906972e-12 
2.0193846594906972e-12 
2.0193846594906972e-12 
2.0193846594906972e-12 
2.0193846594906972e-12 
2.0193846594906972e-12 
2.0193846594906972e-12 
2.0193846594906972e-12 
2.0193846594906972e-12 
2.0193846594906972e-12 
2.0193846594906972e-12 
2.0193846594906972e-12 
2.0193846594906972e-12 
2.0193846594906972e-12 
2.0193846594906972e-12 
2.0193846594906972e-12 
2.0193846594906972e-12 
2.0193846594906972e-12 
2.0193846594906972e-12 
2.0193846594906972e-12 
2.0193846594906972e-12 
2.0193846594906972e-12 
2.0193846594906972e-12 
2.0193846594906972e-12 
2.0193846594906972e-12 
2.0193846594906972e-12 
2.0193846594906972e-12 
2.0193846594906972e-12 
2.0193846594906972e-12 
2.0193846594906972e-12 
2.0193846594906972e-12 
2.0193846594906972e-12 
2.0193846594906972e-12 
2.0193846594906972e-12 
2.0193846594906972e-12 
2.0193846594906972e-12 
2.0193846594906972e-12 
2.0193846594906972e-12 
2.0193846594906972e-12 
2.0193846594906972e-12 
2.0193846594906972e-12 
2.0193846594906972e-12 
2.0193846594906972e-12 
2.0193846594906972e-12 
2.0193846594906972e-12 
2.0193846594906972e-12 
2.0193846594906972e-12 
2.0193846594906972e-12 
2.0193846594906972e-12 
2.0193846594906972e-12 
2.0193846594906972e-12 
2.0193846594906972e-12 
2.0193846594906972e-12 
2.0193846594906972e-12 
2.0193846594906972e-12 
2.0193846594906972e-12 
2.0193846594906972e-12 
2.0193846594906972e-12 
2.0193846594906972e-12 
2.0193846594906972e-12 
2.0193846594906972e-12 
2.0193846594906972e-12 
2.0193846594906972e-12 
2.0193846594906972e-12 
2.0193846594906972e-12 
2.0193846594906972e-12 
2.0193846594906972e-12 
2.0193846594906972e-12 
2.0193846594906972e-12 
2.0193846594906972e-12 
2.0193846594906972e-12 
2.0193846594906972e-12 
2.0193846594906972e-12 
2.0193846594906972e-12 
2.0193846594906972e-12 
2.0193846594906972e-12 
2.0193846594906972e-12 
2.0193846594906972e-12 
2.0193846594906972e-12 
2.0193846594906972e-12 
2.0193846594906972e-12 
2.0193846594906972e-12 
2.0193846594906972e-12 
2.0193846594906972e-12 
2.0193846594906972e-12 
2.0193846594906972e-12 
2.0193846594906972e-12 
2.0193846594906972e-12 
2.0193846594906972e-12 
2.0193846594906972e-12 
2.0193846594906972e-12 
2.0193846594906972e-12 
2.0193846594906972e-12 
2.0193846594906972e-12 
2.0193846594906972e-12 
2.0193846594906972e-12 
2.0193846594906972e-12 
2.0193846594906972e-12 
2.0193846594906972e-12 
2.0193846594906972e-12 
2.0193846594906972e-12 
2.0193846594906972e-12 
2.0193846594906972e-12 
2.0193846594906972e-12 
2.0193846594906972e-12 
2.0193846594906972e-12 
2.0193846594906972e-12 
2.0193846594906972e-12 
2.0193846594906972e-12 
2.0193846594906972e-12 
2.0193846594906972e-12 
2.0193846594906972e-12 
2.0193846594906972e-12 
2.0193846594906972e-12 
2.0193846594906972e-12 
2.0193846594906972e-12 
2.0193846594906972e-12 
2.0193846594906972e-12 
2.0193846594906972e-12 
2.0193846594906972e-12 
2.0193846594906972e-12 
2.0193846594906972e-12 
2.0193846594906972e-12 
2.0193846594906972e-12 
2.0193846594906972e-12 
2.0193846594906972e-12 
2.0193846594906972e-12 
2.0193846594906972e-12 
2.0193846594906972e-12 
2.0193846594906972e-12 
2.0193846594906972e-12 
2.0193846594906972e-12 
2.0193846594906972e-12 
2.0193846594906972e-12 
2.0193846594906972e-12 
2.0193846594906972e-12 
2.0193846594906972e-12 
2.0193846594906972e-12 
2.0193846594906972e-12 
2.0193846594906972e-12 
2.0193846594906972e-12 
2.0193846594906972e-12 
2.0193846594906972e-12 
2.0193846594906972e-12 
2.0193846594906972e-12 
2.0193846594906972e-12 
2.0193846594906972e-12 
2.0193846594906972e-12 
2.0193846594906972e-12 
2.0193846594906972e-12 
2.0193846594906972e-12 
2.0193846594906972e-12 
2.0193846594906972e-12 
2.0193846594906972e-12 
2.0193846594906972e-12 
2.0193846594906972e-12 
2.0193846594906972e-12 
2.0193846594906972e-12 
2.0193846594906972e-12 
2.0193846594906972e-12 
2.0193846594906972e-12 
2.0193846594906972e-12 
2.0193846594906972e-12 
2.0193846594906972e-12 
2.0193846594906972e-12 
2.0193846594906972e-12 
2.0193846594906972e-12 
2.0193846594906972e-12 
2.0193846594906972e-12 
2.0193846594906972e-12 
2.0193846594906972e-12 
2.0193846594906972e-12 
2.0193846594906972e-12 
2.0193846594906972e-12 
2.0193846594906972e-12 
2.0193846594906972e-12 
2.0193846594906972e-12 
2.0193846594906972e-12 
2.0193846594906972e-12 
2.0193846594906972e-12 
2.0193846594906972e-12 
2.0193846594906972e-12 
2.0193846594906972e-12 
2.0193846594906972e-12 
2.0193846594906972e-12 
2.0193846594906972e-12 
2.0193846594906972e-12 
2.0193846594906972e-12 
2.0193846594906972e-12 
2.0193846594906972e-12 
2.0193846594906972e-12 
2.0193846594906972e-12 
2.0193846594906972e-12 
2.0193846594906972e-12 
2.0193846594906972e-12 
2.0193846594906972e-12 
2.0193846594906972e-12 
2.0193846594906972e-12 
2.0193846594906972e-12 
2.0193846594906972e-12 
2.0193846594906972e-12 
2.0193846594906972e-12 
2.0193846594906972e-12 
2.0193846594906972e-12 
2.0193846594906972e-12 
2.0193846594906972e-12 
2.0193846594906972e-12 
2.0193846594906972e-12 
2.0193846594906972e-12 
2.0193846594906972e-12 
2.0193846594906972e-12 
2.0193846594906972e-12 
2.0193846594906972e-12 
2.0193846594906972e-12 
2.0193846594906972e-12 
2.0193846594906972e-12 
2.0193846594906972e-12 
2.0193846594906972e-12 
2.0193846594906972e-12 
2.0193846594906972e-12 
2.0193846594906972e-12 
2.0193846594906972e-12 
2.0193846594906972e-12 
2.0193846594906972e-12 
2.0193846594906972e-12 
2.0193846594906972e-12 
2.0193846594906972e-12 
2.0193846594906972e-12 
2.0193846594906972e-12 
2.0193846594906972e-12 
2.0193846594906972e-12 
2.0193846594906972e-12 
2.0193846594906972e-12 
2.0193846594906972e-12 
2.0193846594906972e-12 
2.0193846594906972e-12 
2.0193846594906972e-12 
2.0193846594906972e-12 
2.0193846594906972e-12 
2.0193846594906972e-12 
2.0193846594906972e-12 
2.0193846594906972e-12 
2.0193846594906972e-12 
2.0193846594906972e-12 
2.0193846594906972e-12 
2.0193846594906972e-12 
2.0193846594906972e-12 
2.0193846594906972e-12 
2.0193846594906972e-12 
2.0193846594906972e-12 
2.0193846594906972e-12 
2.0193846594906972e-12 
2.0193846594906972e-12 
2.0193846594906972e-12 
2.0193846594906972e-12 
2.0193846594906972e-12 
2.0193846594906972e-12 
2.0193846594906972e-12 
2.0193846594906972e-12 
2.0193846594906972e-12 
2.0193846594906972e-12 
2.0193846594906972e-12 
2.0193846594906972e-12 
2.0193846594906972e-12 
2.0193846594906972e-12 
2.0193846594906972e-12 
2.0193846594906972e-12 
2.0193846594906972e-12 
2.0193846594906972e-12 
2.0193846594906972e-12 
2.0193846594906972e-12 
2.0193846594906972e-12 
2.0193846594906972e-12 
2.0193846594906972e-12 
2.0193846594906972e-12 
2.0193846594906972e-12 
2.0193846594906972e-12 
2.0193846594906972e-12 
2.0193846594906972e-12 
2.0193846594906972e-12 
2.0193846594906972e-12 
2.0193846594906972e-12 
2.0193846594906972e-12 
2.0193846594906972e-12 
2.0193846594906972e-12 
2.0193846594906972e-12 
2.0193846594906972e-12 
2.0193846594906972e-12 
2.0193846594906972e-12 
2.0193846594906972e-12 
2.0193846594906972e-12 
2.0193846594906972e-12 
2.0193846594906972e-12 
2.0193846594906972e-12 
2.0193846594906972e-12 
2.0193846594906972e-12 
2.0193846594906972e-12 
2.0193846594906972e-12 
2.0193846594906972e-12 
2.0193846594906972e-12 
2.0193846594906972e-12 
2.0193846594906972e-12 
2.0193846594906972e-12 
2.0193846594906972e-12 
2.0193846594906972e-12 
2.0193846594906972e-12 
2.0193846594906972e-12 
2.0193846594906972e-12 
2.0193846594906972e-12 
2.0193846594906972e-12 
2.0193846594906972e-12 
2.0193846594906972e-12 
2.0193846594906972e-12 
2.0193846594906972e-12 
2.0193846594906972e-12 
2.0193846594906972e-12 
2.0193846594906972e-12 
2.0193846594906972e-12 
2.0193846594906972e-12 
2.0193846594906972e-12 
