0.15842539525798816 
0.12648210183298292 
0.027915156916110684 
0.0080853656119009853 
0.0041945999591820327 
0.0041945999591820327 
0.003277153913333275 
0.003277153913333275 
0.0025108750228191035 
0.0011866707050603997 
0.0011866707050603997 
0.0011866707050603997 
0.0011866707050603997 
0.0010900760902459172 
0.0010900760902459172 
0.0010900760902459172 
0.0010900760902459172 
0.0003763965906189437 
0.0003763965906189437 
0.0003763965906189437 
0.00011046513714041417 
0.00011046513714041417 
0.00011046513714041417 
0.00011046513714041417 
0.00011046513714041417 
0.00011046513714041417 
9.5655301387775893e-05 
9.5655301387775893e-05 
9.5655301387775893e-05 
9.5655301387775893e-05 
9.5655301387775893e-05 
9.5655301387775893e-05 
9.5655301387775893e-05 
9.5655301387775893e-05 
9.5655301387775893e-05 
9.5655301387775893e-05 
9.5655301387775893e-05 
9.5655301387775893e-05 
9.5655301387775893e-05 
9.5655301387775893e-05 
9.5655301387775893e-05 
9.5655301387775893e-05 
3.2204571528415826e-05 
3.2204571528415826e-05 
3.2204571528415826e-05 
3.2204571528415826e-05 
3.2204571528415826e-05 
3.2204571528415826e-05 
3.2204571528415826e-05 
3.2204571528415826e-05 
3.2204571528415826e-05 
2.4250399671910117e-05 
2.4250399671910117e-05 
2.195742074595497e-05 
2.195742074595497e-05 
2.195742074595497e-05 
2.195742074595497e-05 
2.195742074595497e-05 
2.195742074595497e-05 
2.195742074595497e-05 
1.7938636731940072e-05 
1.7938636731940072e-05 
1.7938636731940072e-05 
1.7938636731940072e-05 
1.7938636731940072e-05 
1.7938636731940072e-05 
1.7938636731940072e-05 
9.4941440765827778e-06 
9.4941440765827778e-06 
9.4941440765827778e-06 
9.4941440765827778e-06 
9.4941440765827778e-06 
9.4941440765827778e-06 
9.4941440765827778e-06 
9.4941440765827778e-06 
9.4941440765827778e-06 
9.4941440765827778e-06 
9.4941440765827778e-06 
4.3403307270484248e-07 
4.3403307270484248e-07 
4.3403307270484248e-07 
4.3403307270484248e-07 
4.3403307270484248e-07 
4.3403307270484248e-07 
4.3403307270484248e-07 
4.3403307270484248e-07 
4.3403307270484248e-07 
4.3403307270484248e-07 
4.3403307270484248e-07 
4.3403307270484248e-07 
4.3403307270484248e-07 
4.3403307270484248e-07 
4.3403307270484248e-07 
4.3403307270484248e-07 
4.3403307270484248e-07 
4.3403307270484248e-07 
4.3403307270484248e-07 
4.3403307270484248e-07 
4.3403307270484248e-07 
4.3403307270484248e-07 
4.3403307270484248e-07 
4.3403307270484248e-07 
4.3403307270484248e-07 
4.3403307270484248e-07 
4.3403307270484248e-07 
4.1697719987965343e-07 
7.2968913134019431e-08 
7.2968913134019431e-08 
7.2968913134019431e-08 
7.2968913134019431e-08 
7.2968913134019431e-08 
7.2968913134019431e-08 
5.2634699043707656e-08 
5.2634699043707656e-08 
5.2634699043707656e-08 
5.2634699043707656e-08 
5.2634699043707656e-08 
5.2634699043707656e-08 
5.2634699043707656e-08 
5.2634699043707656e-08 
5.2634699043707656e-08 
5.2634699043707656e-08 
5.2634699043707656e-08 
5.2634699043707656e-08 
5.2634699043707656e-08 
5.2634699043707656e-08 
5.2634699043707656e-08 
5.2634699043707656e-08 
5.2634699043707656e-08 
5.2634699043707656e-08 
5.2634699043707656e-08 
5.2634699043707656e-08 
5.2634699043707656e-08 
5.2634699043707656e-08 
5.2634699043707656e-08 
5.2634699043707656e-08 
5.2634699043707656e-08 
5.2634699043707656e-08 
3.3741203830928157e-08 
3.3741203830928157e-08 
3.3741203830928157e-08 
3.3741203830928157e-08 
3.3741203830928157e-08 
3.3741203830928157e-08 
3.3741203830928157e-08 
1.557813655850282e-09 
1.557813655850282e-09 
1.557813655850282e-09 
1.557813655850282e-09 
1.557813655850282e-09 
1.557813655850282e-09 
1.557813655850282e-09 
1.557813655850282e-09 
1.557813655850282e-09 
1.557813655850282e-09 
1.557813655850282e-09 
1.557813655850282e-09 
1.557813655850282e-09 
1.557813655850282e-09 
1.557813655850282e-09 
1.557813655850282e-09 
1.557813655850282e-09 
1.557813655850282e-09 
1.557813655850282e-09 
1.557813655850282e-09 
1.557813655850282e-09 
1.557813655850282e-09 
1.557813655850282e-09 
1.557813655850282e-09 
1.557813655850282e-09 
1.557813655850282e-09 
1.557813655850282e-09 
1.557813655850282e-09 
1.557813655850282e-09 
2.3170065865940614e-10 
2.3170065865940614e-10 
2.3170065865940614e-10 
1.8838486326444581e-10 
1.8838486326444581e-10 
1.8838486326444581e-10 
1.8838486326444581e-10 
2.1089796575779474e-12 
2.1089796575779474e-12 
2.1089796575779474e-12 
2.1089796575779474e-12 
2.1089796575779474e-12 
2.1089796575779474e-12 
2.1089796575779474e-12 
2.1089796575779474e-12 
2.1089796575779474e-12 
2.1089796575779474e-12 
2.1089796575779474e-12 
2.1089796575779474e-12 
2.1089796575779474e-12 
2.1089796575779474e-12 
2.1089796575779474e-12 
2.1089796575779474e-12 
2.1089796575779474e-12 
2.1089796575779474e-12 
2.1089796575779474e-12 
2.1089796575779474e-12 
2.1089796575779474e-12 
2.1089796575779474e-12 
2.1089796575779474e-12 
2.1089796575779474e-12 
2.1089796575779474e-12 
2.1089796575779474e-12 
2.1089796575779474e-12 
2.1089796575779474e-12 
2.1089796575779474e-12 
2.1089796575779474e-12 
2.1089796575779474e-12 
2.1089796575779474e-12 
2.1089796575779474e-12 
2.1089796575779474e-12 
2.1089796575779474e-12 
2.1089796575779474e-12 
2.1089796575779474e-12 
2.1089796575779474e-12 
2.1089796575779474e-12 
2.1089796575779474e-12 
2.1089796575779474e-12 
2.1089796575779474e-12 
2.1089796575779474e-12 
1.5298873279334657e-12 
1.5298873279334657e-12 
1.5298873279334657e-12 
1.5298873279334657e-12 
1.5298873279334657e-12 
1.5298873279334657e-12 
1.5298873279334657e-12 
1.5298873279334657e-12 
1.5298873279334657e-12 
1.5298873279334657e-12 
1.5298873279334657e-12 
1.5298873279334657e-12 
1.5298873279334657e-12 
1.5298873279334657e-12 
1.5298873279334657e-12 
1.5298873279334657e-12 
1.0519363158323358e-12 
1.0519363158323358e-12 
1.0519363158323358e-12 
1.0519363158323358e-12 
3.3306690738754696e-13 
3.3306690738754696e-13 
3.3306690738754696e-13 
3.3306690738754696e-13 
3.3306690738754696e-13 
3.3306690738754696e-13 
1.2356782264077992e-13 
1.2356782264077992e-13 
1.2356782264077992e-13 
1.2356782264077992e-13 
1.2356782264077992e-13 
1.2356782264077992e-13 
1.2356782264077992e-13 
1.2356782264077992e-13 
1.2356782264077992e-13 
1.2356782264077992e-13 
1.2356782264077992e-13 
1.2356782264077992e-13 
1.2356782264077992e-13 
1.2356782264077992e-13 
1.2356782264077992e-13 
1.2356782264077992e-13 
1.2356782264077992e-13 
1.2356782264077992e-13 
1.2356782264077992e-13 
1.2356782264077992e-13 
1.2356782264077992e-13 
1.2356782264077992e-13 
1.2356782264077992e-13 
1.2356782264077992e-13 
1.2356782264077992e-13 
1.2356782264077992e-13 
1.2356782264077992e-13 
1.2356782264077992e-13 
1.2356782264077992e-13 
1.2356782264077992e-13 
1.2356782264077992e-13 
1.2356782264077992e-13 
1.2356782264077992e-13 
1.2356782264077992e-13 
1.2356782264077992e-13 
1.2356782264077992e-13 
1.2356782264077992e-13 
1.2356782264077992e-13 
1.2356782264077992e-13 
1.2356782264077992e-13 
1.2356782264077992e-13 
1.2356782264077992e-13 
1.2356782264077992e-13 
1.2356782264077992e-13 
1.2356782264077992e-13 
1.2356782264077992e-13 
1.2356782264077992e-13 
1.2356782264077992e-13 
1.2356782264077992e-13 
1.2356782264077992e-13 
1.2356782264077992e-13 
1.2356782264077992e-13 
1.2356782264077992e-13 
1.2356782264077992e-13 
1.2356782264077992e-13 
1.2356782264077992e-13 
1.2356782264077992e-13 
1.2356782264077992e-13 
1.2356782264077992e-13 
1.2356782264077992e-13 
1.2356782264077992e-13 
1.2356782264077992e-13 
1.2356782264077992e-13 
1.2356782264077992e-13 
1.2356782264077992e-13 
1.2356782264077992e-13 
1.2356782264077992e-13 
1.2356782264077992e-13 
1.2356782264077992e-13 
1.2356782264077992e-13 
1.2356782264077992e-13 
1.2356782264077992e-13 
1.2356782264077992e-13 
1.2356782264077992e-13 
1.2356782264077992e-13 
1.2356782264077992e-13 
1.2356782264077992e-13 
1.2356782264077992e-13 
1.2356782264077992e-13 
1.2356782264077992e-13 
1.2356782264077992e-13 
1.2356782264077992e-13 
1.2356782264077992e-13 
1.2356782264077992e-13 
1.2356782264077992e-13 
1.2356782264077992e-13 
1.2356782264077992e-13 
1.2356782264077992e-13 
1.2356782264077992e-13 
1.2356782264077992e-13 
1.2356782264077992e-13 
1.2356782264077992e-13 
1.2356782264077992e-13 
1.2356782264077992e-13 
1.2356782264077992e-13 
1.2356782264077992e-13 
1.2356782264077992e-13 
1.2356782264077992e-13 
1.2356782264077992e-13 
1.2356782264077992e-13 
1.2356782264077992e-13 
1.2356782264077992e-13 
1.2356782264077992e-13 
1.2356782264077992e-13 
1.2356782264077992e-13 
1.2356782264077992e-13 
1.2356782264077992e-13 
1.2356782264077992e-13 
1.2356782264077992e-13 
1.2356782264077992e-13 
1.2356782264077992e-13 
1.2356782264077992e-13 
1.2356782264077992e-13 
1.2356782264077992e-13 
1.2356782264077992e-13 
1.2356782264077992e-13 
1.2356782264077992e-13 
1.2356782264077992e-13 
1.2356782264077992e-13 
1.2356782264077992e-13 
1.2356782264077992e-13 
1.2356782264077992e-13 
1.2356782264077992e-13 
1.2356782264077992e-13 
1.2356782264077992e-13 
1.2356782264077992e-13 
1.2356782264077992e-13 
1.2356782264077992e-13 
1.2356782264077992e-13 
1.2356782264077992e-13 
1.2356782264077992e-13 
1.2356782264077992e-13 
1.2356782264077992e-13 
1.2356782264077992e-13 
1.2356782264077992e-13 
1.2356782264077992e-13 
1.2356782264077992e-13 
1.2356782264077992e-13 
1.2356782264077992e-13 
1.2356782264077992e-13 
1.2356782264077992e-13 
1.2356782264077992e-13 
1.2356782264077992e-13 
1.2356782264077992e-13 
1.2356782264077992e-13 
1.2356782264077992e-13 
1.2356782264077992e-13 
1.2356782264077992e-13 
1.2356782264077992e-13 
1.2356782264077992e-13 
1.2356782264077992e-13 
1.2356782264077992e-13 
1.2356782264077992e-13 
1.2356782264077992e-13 
1.2356782264077992e-13 
1.2356782264077992e-13 
1.2356782264077992e-13 
1.2356782264077992e-13 
1.2356782264077992e-13 
1.2356782264077992e-13 
1.2356782264077992e-13 
1.2356782264077992e-13 
1.2356782264077992e-13 
1.2356782264077992e-13 
1.2356782264077992e-13 
1.2356782264077992e-13 
1.2356782264077992e-13 
1.2356782264077992e-13 
1.2356782264077992e-13 
1.2356782264077992e-13 
1.2356782264077992e-13 
1.2356782264077992e-13 
1.2356782264077992e-13 
1.2356782264077992e-13 
1.2356782264077992e-13 
1.2356782264077992e-13 
1.2356782264077992e-13 
1.2356782264077992e-13 
1.2356782264077992e-13 
1.2356782264077992e-13 
1.2356782264077992e-13 
1.2356782264077992e-13 
1.2356782264077992e-13 
1.2356782264077992e-13 
1.2356782264077992e-13 
1.2356782264077992e-13 
1.2356782264077992e-13 
1.2356782264077992e-13 
1.2356782264077992e-13 
1.2356782264077992e-13 
1.2356782264077992e-13 
1.2356782264077992e-13 
1.2356782264077992e-13 
1.2356782264077992e-13 
1.2356782264077992e-13 
1.2356782264077992e-13 
1.2356782264077992e-13 
1.2356782264077992e-13 
1.2356782264077992e-13 
1.2356782264077992e-13 
1.2356782264077992e-13 
1.2356782264077992e-13 
1.2356782264077992e-13 
1.2356782264077992e-13 
1.2356782264077992e-13 
1.2356782264077992e-13 
1.2356782264077992e-13 
1.2356782264077992e-13 
1.2356782264077992e-13 
1.2356782264077992e-13 
1.2356782264077992e-13 
1.2356782264077992e-13 
1.2356782264077992e-13 
1.2356782264077992e-13 
1.2356782264077992e-13 
1.2356782264077992e-13 
1.2356782264077992e-13 
1.2356782264077992e-13 
1.2356782264077992e-13 
1.2356782264077992e-13 
1.2356782264077992e-13 
1.2356782264077992e-13 
1.2356782264077992e-13 
1.2356782264077992e-13 
1.2356782264077992e-13 
1.2356782264077992e-13 
1.2356782264077992e-13 
1.2356782264077992e-13 
1.2356782264077992e-13 
1.2356782264077992e-13 
1.2356782264077992e-13 
1.2356782264077992e-13 
1.2356782264077992e-13 
1.2356782264077992e-13 
1.2356782264077992e-13 
1.2356782264077992e-13 
1.2356782264077992e-13 
1.2356782264077992e-13 
1.2356782264077992e-13 
1.2356782264077992e-13 
1.2356782264077992e-13 
1.2356782264077992e-13 
1.2356782264077992e-13 
1.2356782264077992e-13 
1.2356782264077992e-13 
1.2356782264077992e-13 
1.2356782264077992e-13 
1.2356782264077992e-13 
1.2356782264077992e-13 
1.2356782264077992e-13 
1.2356782264077992e-13 
1.2356782264077992e-13 
1.2356782264077992e-13 
1.2356782264077992e-13 
1.2356782264077992e-13 
1.2356782264077992e-13 
1.2356782264077992e-13 
1.2356782264077992e-13 
1.2356782264077992e-13 
1.2356782264077992e-13 
1.2356782264077992e-13 
1.2356782264077992e-13 
1.2356782264077992e-13 
1.2356782264077992e-13 
1.2356782264077992e-13 
1.2356782264077992e-13 
1.2356782264077992e-13 
1.2356782264077992e-13 
1.2356782264077992e-13 
1.2356782264077992e-13 
1.2356782264077992e-13 
1.2356782264077992e-13 
1.2356782264077992e-13 
1.2356782264077992e-13 
1.2356782264077992e-13 
1.2356782264077992e-13 
1.2356782264077992e-13 
1.2356782264077992e-13 
1.2356782264077992e-13 
1.2356782264077992e-13 
1.2356782264077992e-13 
1.2356782264077992e-13 
1.2356782264077992e-13 
1.2356782264077992e-13 
1.2356782264077992e-13 
1.2356782264077992e-13 
1.2356782264077992e-13 
1.2356782264077992e-13 
1.2356782264077992e-13 
1.2356782264077992e-13 
1.2356782264077992e-13 
1.2356782264077992e-13 
1.2356782264077992e-13 
1.2356782264077992e-13 
1.2356782264077992e-13 
1.2356782264077992e-13 
1.2356782264077992e-13 
1.2356782264077992e-13 
1.2356782264077992e-13 
1.2356782264077992e-13 
1.2356782264077992e-13 
1.2356782264077992e-13 
1.2356782264077992e-13 
1.2356782264077992e-13 
1.2356782264077992e-13 
1.2356782264077992e-13 
1.2356782264077992e-13 
1.2356782264077992e-13 
1.2356782264077992e-13 
1.2356782264077992e-13 
1.2356782264077992e-13 
1.2356782264077992e-13 
1.2356782264077992e-13 
1.2356782264077992e-13 
1.2356782264077992e-13 
1.2356782264077992e-13 
1.2356782264077992e-13 
1.2356782264077992e-13 
1.2356782264077992e-13 
1.2356782264077992e-13 
1.2356782264077992e-13 
1.2356782264077992e-13 
1.2356782264077992e-13 
1.2356782264077992e-13 
1.2356782264077992e-13 
1.2356782264077992e-13 
1.2356782264077992e-13 
1.2356782264077992e-13 
1.2356782264077992e-13 
1.2356782264077992e-13 
1.2356782264077992e-13 
1.2356782264077992e-13 
1.2356782264077992e-13 
1.2356782264077992e-13 
1.2356782264077992e-13 
1.2356782264077992e-13 
1.2356782264077992e-13 
1.2356782264077992e-13 
1.2356782264077992e-13 
1.2356782264077992e-13 
1.2356782264077992e-13 
1.2356782264077992e-13 
1.2356782264077992e-13 
1.2356782264077992e-13 
1.2356782264077992e-13 
1.2356782264077992e-13 
1.2356782264077992e-13 
1.2356782264077992e-13 
1.2356782264077992e-13 
1.2356782264077992e-13 
1.2356782264077992e-13 
1.2356782264077992e-13 
1.2356782264077992e-13 
1.2356782264077992e-13 
1.2356782264077992e-13 
1.2356782264077992e-13 
1.2356782264077992e-13 
1.2356782264077992e-13 
1.2356782264077992e-13 
1.2356782264077992e-13 
1.2356782264077992e-13 
1.2356782264077992e-13 
1.2356782264077992e-13 
1.2356782264077992e-13 
1.2356782264077992e-13 
1.2356782264077992e-13 
1.2356782264077992e-13 
1.2356782264077992e-13 
1.2356782264077992e-13 
1.2356782264077992e-13 
1.2356782264077992e-13 
1.2356782264077992e-13 
1.2356782264077992e-13 
1.2356782264077992e-13 
1.2356782264077992e-13 
1.2356782264077992e-13 
1.2356782264077992e-13 
1.2356782264077992e-13 
1.2356782264077992e-13 
1.2356782264077992e-13 
1.2356782264077992e-13 
1.2356782264077992e-13 
1.2356782264077992e-13 
1.2356782264077992e-13 
1.2356782264077992e-13 
1.2356782264077992e-13 
1.2356782264077992e-13 
1.2356782264077992e-13 
1.2356782264077992e-13 
1.2356782264077992e-13 
1.2356782264077992e-13 
1.2356782264077992e-13 
1.2356782264077992e-13 
1.2356782264077992e-13 
1.2356782264077992e-13 
1.2356782264077992e-13 
1.2356782264077992e-13 
1.2356782264077992e-13 
1.2356782264077992e-13 
1.2356782264077992e-13 
1.2356782264077992e-13 
1.2356782264077992e-13 
1.2356782264077992e-13 
1.2356782264077992e-13 
1.2356782264077992e-13 
1.2356782264077992e-13 
1.2356782264077992e-13 
1.2356782264077992e-13 
1.2356782264077992e-13 
1.2356782264077992e-13 
1.2356782264077992e-13 
1.2356782264077992e-13 
1.2356782264077992e-13 
1.2356782264077992e-13 
1.2356782264077992e-13 
1.2356782264077992e-13 
1.2356782264077992e-13 
1.2356782264077992e-13 
1.2356782264077992e-13 
1.2356782264077992e-13 
1.2356782264077992e-13 
1.2356782264077992e-13 
1.2356782264077992e-13 
1.2356782264077992e-13 
1.2356782264077992e-13 
1.2356782264077992e-13 
1.2356782264077992e-13 
1.2356782264077992e-13 
1.2356782264077992e-13 
1.2356782264077992e-13 
1.2356782264077992e-13 
1.2356782264077992e-13 
1.2356782264077992e-13 
1.2356782264077992e-13 
1.2356782264077992e-13 
1.2356782264077992e-13 
1.2356782264077992e-13 
1.2356782264077992e-13 
1.2356782264077992e-13 
1.2356782264077992e-13 
1.2356782264077992e-13 
1.2356782264077992e-13 
1.2356782264077992e-13 
1.2356782264077992e-13 
1.2356782264077992e-13 
1.2356782264077992e-13 
1.2356782264077992e-13 
1.2356782264077992e-13 
1.2356782264077992e-13 
1.2356782264077992e-13 
1.2356782264077992e-13 
1.2356782264077992e-13 
1.2356782264077992e-13 
1.2356782264077992e-13 
1.2356782264077992e-13 
1.2356782264077992e-13 
1.2356782264077992e-13 
1.2356782264077992e-13 
1.2356782264077992e-13 
1.2356782264077992e-13 
1.2356782264077992e-13 
1.2356782264077992e-13 
1.2356782264077992e-13 
1.2356782264077992e-13 
1.2356782264077992e-13 
1.2356782264077992e-13 
1.2356782264077992e-13 
1.2356782264077992e-13 
1.2356782264077992e-13 
1.2356782264077992e-13 
1.2356782264077992e-13 
1.2356782264077992e-13 
1.2356782264077992e-13 
1.2356782264077992e-13 
1.2356782264077992e-13 
1.2356782264077992e-13 
1.2356782264077992e-13 
1.2356782264077992e-13 
1.2356782264077992e-13 
1.2356782264077992e-13 
1.2356782264077992e-13 
1.2356782264077992e-13 
1.2356782264077992e-13 
1.2356782264077992e-13 
1.2356782264077992e-13 
1.2356782264077992e-13 
1.2356782264077992e-13 
1.2356782264077992e-13 
1.2356782264077992e-13 
1.2356782264077992e-13 
1.2356782264077992e-13 
1.2356782264077992e-13 
1.2356782264077992e-13 
1.2356782264077992e-13 
1.2356782264077992e-13 
1.2356782264077992e-13 
1.2356782264077992e-13 
1.2356782264077992e-13 
1.2356782264077992e-13 
1.2356782264077992e-13 
1.2356782264077992e-13 
1.2356782264077992e-13 
1.2356782264077992e-13 
1.2356782264077992e-13 
1.2356782264077992e-13 
1.2356782264077992e-13 
1.2356782264077992e-13 
1.2356782264077992e-13 
1.2356782264077992e-13 
1.2356782264077992e-13 
1.2356782264077992e-13 
1.2356782264077992e-13 
1.2356782264077992e-13 
1.2356782264077992e-13 
1.2356782264077992e-13 
1.2356782264077992e-13 
1.2356782264077992e-13 
1.2356782264077992e-13 
1.2356782264077992e-13 
1.2356782264077992e-13 
1.2356782264077992e-13 
1.2356782264077992e-13 
1.2356782264077992e-13 
1.2356782264077992e-13 
1.2356782264077992e-13 
1.2356782264077992e-13 
1.2356782264077992e-13 
1.2356782264077992e-13 
1.2356782264077992e-13 
1.2356782264077992e-13 
1.2356782264077992e-13 
1.2356782264077992e-13 
1.2356782264077992e-13 
1.2356782264077992e-13 
1.2356782264077992e-13 
1.2356782264077992e-13 
1.2356782264077992e-13 
1.2356782264077992e-13 
1.2356782264077992e-13 
1.2356782264077992e-13 
1.2356782264077992e-13 
1.2356782264077992e-13 
1.2356782264077992e-13 
1.2356782264077992e-13 
1.2356782264077992e-13 
1.2356782264077992e-13 
1.2356782264077992e-13 
1.2356782264077992e-13 
1.2356782264077992e-13 
1.2356782264077992e-13 
1.2356782264077992e-13 
1.2356782264077992e-13 
1.2356782264077992e-13 
1.2356782264077992e-13 
1.2356782264077992e-13 
1.2356782264077992e-13 
1.2356782264077992e-13 
1.2356782264077992e-13 
1.2356782264077992e-13 
1.2356782264077992e-13 
1.2356782264077992e-13 
1.2356782264077992e-13 
1.2356782264077992e-13 
1.2356782264077992e-13 
1.2356782264077992e-13 
1.2356782264077992e-13 
1.2356782264077992e-13 
1.2356782264077992e-13 
1.2356782264077992e-13 
1.2356782264077992e-13 
1.2356782264077992e-13 
1.2356782264077992e-13 
1.2356782264077992e-13 
1.2356782264077992e-13 
1.2356782264077992e-13 
1.2356782264077992e-13 
1.2356782264077992e-13 
1.2356782264077992e-13 
1.2356782264077992e-13 
1.2356782264077992e-13 
1.2356782264077992e-13 
1.2356782264077992e-13 
1.2356782264077992e-13 
1.2356782264077992e-13 
1.2356782264077992e-13 
1.2356782264077992e-13 
1.2356782264077992e-13 
1.2356782264077992e-13 
1.2356782264077992e-13 
1.2356782264077992e-13 
1.2356782264077992e-13 
1.2356782264077992e-13 
1.2356782264077992e-13 
1.2356782264077992e-13 
1.2356782264077992e-13 
1.2356782264077992e-13 
1.2356782264077992e-13 
1.2356782264077992e-13 
1.2356782264077992e-13 
1.2356782264077992e-13 
1.2356782264077992e-13 
1.2356782264077992e-13 
1.2356782264077992e-13 
1.2356782264077992e-13 
1.2356782264077992e-13 
1.2356782264077992e-13 
1.2356782264077992e-13 
1.2356782264077992e-13 
1.2356782264077992e-13 
1.2356782264077992e-13 
1.2356782264077992e-13 
1.2356782264077992e-13 
1.2356782264077992e-13 
1.2356782264077992e-13 
1.2356782264077992e-13 
1.2356782264077992e-13 
1.2356782264077992e-13 
1.2356782264077992e-13 
1.2356782264077992e-13 
1.2356782264077992e-13 
1.2356782264077992e-13 
1.2356782264077992e-13 
1.2356782264077992e-13 
1.2356782264077992e-13 
1.2356782264077992e-13 
1.2356782264077992e-13 
1.2356782264077992e-13 
1.2356782264077992e-13 
1.2356782264077992e-13 
1.2356782264077992e-13 
1.2356782264077992e-13 
1.2356782264077992e-13 
1.2356782264077992e-13 
1.2356782264077992e-13 
1.2356782264077992e-13 
1.2356782264077992e-13 
1.2356782264077992e-13 
1.2356782264077992e-13 
1.2356782264077992e-13 
1.2356782264077992e-13 
1.2356782264077992e-13 
1.2356782264077992e-13 
1.2356782264077992e-13 
1.2356782264077992e-13 
1.2356782264077992e-13 
1.2356782264077992e-13 
1.2356782264077992e-13 
1.2356782264077992e-13 
1.2356782264077992e-13 
1.2356782264077992e-13 
1.2356782264077992e-13 
1.2356782264077992e-13 
1.2356782264077992e-13 
1.2356782264077992e-13 
1.2356782264077992e-13 
1.2356782264077992e-13 
1.2356782264077992e-13 
1.2356782264077992e-13 
1.2356782264077992e-13 
1.2356782264077992e-13 
1.2356782264077992e-13 
1.2356782264077992e-13 
1.2356782264077992e-13 
1.2356782264077992e-13 
1.2356782264077992e-13 
1.2356782264077992e-13 
1.2356782264077992e-13 
1.2356782264077992e-13 
1.2356782264077992e-13 
1.2356782264077992e-13 
1.2356782264077992e-13 
1.2356782264077992e-13 
1.2356782264077992e-13 
1.2356782264077992e-13 
1.2356782264077992e-13 
1.2356782264077992e-13 
1.2356782264077992e-13 
1.2356782264077992e-13 
1.2356782264077992e-13 
1.2356782264077992e-13 
1.2356782264077992e-13 
1.2356782264077992e-13 
1.2356782264077992e-13 
1.2356782264077992e-13 
1.2356782264077992e-13 
1.2356782264077992e-13 
1.2356782264077992e-13 
1.2356782264077992e-13 
1.2356782264077992e-13 
1.2356782264077992e-13 
1.2356782264077992e-13 
1.2356782264077992e-13 
1.2356782264077992e-13 
1.2356782264077992e-13 
1.2356782264077992e-13 
1.2356782264077992e-13 
1.2356782264077992e-13 
1.2356782264077992e-13 
1.2356782264077992e-13 
1.2356782264077992e-13 
1.2356782264077992e-13 
1.2356782264077992e-13 
1.2356782264077992e-13 
1.2356782264077992e-13 
1.2356782264077992e-13 
1.2356782264077992e-13 
1.2356782264077992e-13 
1.2356782264077992e-13 
1.2356782264077992e-13 
1.2356782264077992e-13 
1.2356782264077992e-13 
1.2356782264077992e-13 
1.2356782264077992e-13 
1.2356782264077992e-13 
1.2356782264077992e-13 
1.2356782264077992e-13 
1.2356782264077992e-13 
1.2356782264077992e-13 
1.2356782264077992e-13 
1.2356782264077992e-13 
1.2356782264077992e-13 
1.2356782264077992e-13 
1.2356782264077992e-13 
1.2356782264077992e-13 
1.2356782264077992e-13 
1.2356782264077992e-13 
1.2356782264077992e-13 
1.2356782264077992e-13 
1.2356782264077992e-13 
1.2356782264077992e-13 
1.2356782264077992e-13 
1.2356782264077992e-13 
1.2356782264077992e-13 
1.2356782264077992e-13 
1.2356782264077992e-13 
1.2356782264077992e-13 
1.2356782264077992e-13 
1.2356782264077992e-13 
1.2356782264077992e-13 
1.2356782264077992e-13 
1.2356782264077992e-13 
1.2356782264077992e-13 
1.2356782264077992e-13 
1.2356782264077992e-13 
1.2356782264077992e-13 
1.2356782264077992e-13 
1.2356782264077992e-13 
1.2356782264077992e-13 
1.2356782264077992e-13 
1.2356782264077992e-13 
