0.70992136279675733 
0.64202389400913873 
0.5796982650805107 
0.52271404209954864 
0.47084505852908526 
0.42386941520611249 
0.38156948034178151 
0.34373188952140032 
0.31014754570443775 
0.2806116192245191 
0.25492354778943022 
0.23288703648111406 
0.21431005775567311 
0.19900485144336727 
0.18678792474861636 
0.17748005224999774 
0.17090627590024821 
0.1668959050262625 
0.16528251632909419 
0.16528251632909419 
0.16528251632909419 
0.16528251632909419 
0.16528251632909419 
0.16528251632909419 
0.16528251632909419 
0.16528251632909419 
0.16167984387417855 
0.16167984387417855 
0.16111626544253918 
0.16111626544253918 
0.16005509718977751 
0.16005509718977751 
0.16005509718977751 
0.16005509718977751 
0.16005509718977751 
0.16005509718977751 
0.16005509718977751 
0.16005509718977751 
0.16005509718977751 
0.16000687705935548 
0.16000687705935548 
0.15989233686093679 
0.15918288666899624 
0.15918288666899624 
0.15918288666899624 
0.15918288666899624 
0.15918288666899624 
0.15907329821486654 
0.15907329821486654 
0.15907329821486654 
0.15907329821486654 
0.15902200238311051 
0.15902200238311051 
0.15902200238311051 
0.15902200238311051 
0.15902200238311051 
0.15891166980881002 
0.15891166980881002 
0.15818291406310828 
0.15818291406310828 
0.15818291406310828 
0.15818291406310828 
0.15818291406310828 
0.15818291406310828 
0.15818291406310828 
0.15647952178101271 
0.15382572857134921 
0.15300205566155367 
0.15092707812861847 
0.14828698335384391 
0.14828698335384391 
0.14828698335384391 
0.14665971792151816 
0.14466520828650367 
0.14343408740038588 
0.14292922080206602 
0.14111510045046993 
0.1397468992760561 
0.13664706545949204 
0.13280968189545739 
0.12876845060141615 
0.12456820473958072 
0.12085042729094406 
0.11759173486635277 
0.11476917567472111 
0.11236022952303093 
0.11034280781633155 
0.10684179167703214 
0.10291946449075427 
0.10052882681506926 
0.097871655482491743 
0.094792767696760288 
0.092387562304124288 
0.090716156849629984 
0.087575447866553927 
0.08449082948341502 
0.083938731911943079 
0.081175691054579807 
0.078236683797628145 
0.075494667523730366 
0.072935995002295459 
0.070547464620275349 
0.06831632038216541 
0.066230251910004131 
0.064277394443373131 
0.062446328839397262 
0.060726081572744575 
0.059106124735626264 
0.05757637603779675 
0.056127198806553681 
0.054749401986737729 
0.053434240140732905 
0.05167455571567179 
0.049047776203522742 
0.046633756448844946 
0.044395070152350571 
0.042409557632070015 
0.040462608500086768 
0.038826806778988671 
0.037658912415485406 
0.036771529051940269 
0.035943527641833867 
0.035431526254555833 
0.035263948800944245 
0.034979403295194535 
0.033810233955607616 
0.03270070259105496 
0.031647910623970363 
0.03064902793501521 
0.029701292863078696 
0.028802012205277741 
0.027948561216957005 
0.027138383611688823 
0.025792046783351757 
0.024452727157551084 
0.023230498531669305 
0.022139466088113291 
0.021194551539110731 
0.020411493126710003 
0.019803200967787378 
0.019260393431451178 
0.018655945794642151 
0.017855941869352781 
0.017170913486744235 
0.016612523995342805 
0.015517176774925314 
0.014339273486898649 
0.013328856996845023 
0.012479472866332744 
0.011784762301564994 
0.0108458040466152 
0.010202729884475235 
0.0096192746958913954 
0.0089859644650452722 
0.0084603250867054548 
0.0078342339146208542 
0.0071653814434481664 
0.0063738271117893741 
0.0057716007657254579 
0.0052263976305950994 
0.0046681350443213334 
0.0042107850133895107 
0.0038658325851474015 
0.0036453898930264537 
0.0032946112805865889 
0.0028156153228567691 
0.0023853786292368354 
0.0020002570569821951 
0.0016570195944759156 
0.0013528483612288706 
0.0010853386078796348 
0.00079462209109775969 
0.00063435086321748479 
0.00045277916183446331 
0.00030499392340849408 
0.00018856496201000365 
0.00010142159441675622 
4.1852640113903762e-05 
4.1852640113903762e-05 
8.2010011885544123e-06 
3.8842369574852374e-06 
4.5039779071027819e-08 
4.5039779071027819e-08 
4.5039779071027819e-08 
4.5039779071027819e-08 
4.5039779071027819e-08 
4.5039779071027819e-08 
4.5039779071027819e-08 
4.5039779071027819e-08 
4.5039779071027819e-08 
4.5039779071027819e-08 
4.5039779071027819e-08 
3.6372713868566541e-09 
3.6372713868566541e-09 
3.6372713868566541e-09 
3.6372713868566541e-09 
3.6372713868566541e-09 
3.6372713868566541e-09 
3.6372713868566541e-09 
3.6372713868566541e-09 
3.6372713868566541e-09 
3.6372713868566541e-09 
3.6372713868566541e-09 
3.6372713868566541e-09 
3.6372713868566541e-09 
3.6372713868566541e-09 
3.6372713868566541e-09 
3.6372713868566541e-09 
3.6372713868566541e-09 
3.6372713868566541e-09 
3.6372713868566541e-09 
3.6372713868566541e-09 
3.6372713868566541e-09 
3.6372713868566541e-09 
3.6372713868566541e-09 
3.6372713868566541e-09 
3.6372713868566541e-09 
3.6372713868566541e-09 
3.6372713868566541e-09 
3.6372713868566541e-09 
3.6372713868566541e-09 
3.6372713868566541e-09 
3.6372713868566541e-09 
3.6372713868566541e-09 
3.6372713868566541e-09 
3.6372713868566541e-09 
3.6372713868566541e-09 
3.6372713868566541e-09 
3.6372713868566541e-09 
3.6372713868566541e-09 
3.6372713868566541e-09 
3.6372713868566541e-09 
3.6372713868566541e-09 
3.6372713868566541e-09 
3.6372713868566541e-09 
3.6372713868566541e-09 
3.6372713868566541e-09 
3.6372713868566541e-09 
3.6372713868566541e-09 
3.6372713868566541e-09 
3.6372713868566541e-09 
3.6372713868566541e-09 
3.6372713868566541e-09 
3.6372713868566541e-09 
3.6372713868566541e-09 
3.6372713868566541e-09 
3.6372713868566541e-09 
3.6372713868566541e-09 
3.6372713868566541e-09 
3.6372713868566541e-09 
3.6372713868566541e-09 
3.6372713868566541e-09 
3.6372713868566541e-09 
3.6372713868566541e-09 
3.6372713868566541e-09 
3.6372713868566541e-09 
3.6372713868566541e-09 
3.6372713868566541e-09 
3.6372713868566541e-09 
3.6372713868566541e-09 
3.6372713868566541e-09 
3.6372713868566541e-09 
3.6372713868566541e-09 
3.6372713868566541e-09 
3.6372713868566541e-09 
3.6372713868566541e-09 
3.6372713868566541e-09 
3.6372713868566541e-09 
3.6372713868566541e-09 
3.6372713868566541e-09 
3.6372713868566541e-09 
3.6372713868566541e-09 
3.6372713868566541e-09 
3.6372713868566541e-09 
3.6372713868566541e-09 
3.6372713868566541e-09 
3.6372713868566541e-09 
3.6372713868566541e-09 
3.6372713868566541e-09 
3.6372713868566541e-09 
3.6372713868566541e-09 
3.6372713868566541e-09 
3.6372713868566541e-09 
3.6372713868566541e-09 
3.6372713868566541e-09 
3.6372713868566541e-09 
3.6372713868566541e-09 
3.6372713868566541e-09 
3.6372713868566541e-09 
3.6372713868566541e-09 
3.6372713868566541e-09 
3.6372713868566541e-09 
3.6372713868566541e-09 
3.6372713868566541e-09 
3.6372713868566541e-09 
3.6372713868566541e-09 
3.6372713868566541e-09 
3.6372713868566541e-09 
3.6372713868566541e-09 
3.6372713868566541e-09 
3.6372713868566541e-09 
3.6372713868566541e-09 
3.6372713868566541e-09 
3.6372713868566541e-09 
3.6372713868566541e-09 
3.6372713868566541e-09 
3.6372713868566541e-09 
3.6372713868566541e-09 
3.6372713868566541e-09 
3.6372713868566541e-09 
3.6372713868566541e-09 
3.6372713868566541e-09 
3.6372713868566541e-09 
3.6372713868566541e-09 
3.6372713868566541e-09 
3.6372713868566541e-09 
3.6372713868566541e-09 
3.6372713868566541e-09 
3.6372713868566541e-09 
3.6372713868566541e-09 
3.6372713868566541e-09 
3.6372713868566541e-09 
6.1682594596014603e-10 
6.1682594596014603e-10 
6.1682594596014603e-10 
6.1682594596014603e-10 
6.1682594596014603e-10 
6.1682594596014603e-10 
6.1682594596014603e-10 
6.1682594596014603e-10 
6.1682594596014603e-10 
6.1682594596014603e-10 
6.1682594596014603e-10 
6.1682594596014603e-10 
6.1682594596014603e-10 
6.1682594596014603e-10 
6.1682594596014603e-10 
6.1682594596014603e-10 
6.1682594596014603e-10 
6.1682594596014603e-10 
6.1682594596014603e-10 
6.1682594596014603e-10 
6.1682594596014603e-10 
6.1682594596014603e-10 
6.1682594596014603e-10 
6.1682594596014603e-10 
6.1682594596014603e-10 
6.1682594596014603e-10 
6.1682594596014603e-10 
6.1682594596014603e-10 
6.1682594596014603e-10 
6.1682594596014603e-10 
6.1682594596014603e-10 
6.1682594596014603e-10 
6.1682594596014603e-10 
6.1682594596014603e-10 
6.1682594596014603e-10 
6.1682594596014603e-10 
6.1682594596014603e-10 
6.1682594596014603e-10 
6.1682594596014603e-10 
6.1682594596014603e-10 
6.1682594596014603e-10 
6.1682594596014603e-10 
6.1682594596014603e-10 
6.1682594596014603e-10 
6.1682594596014603e-10 
6.1682594596014603e-10 
6.1682594596014603e-10 
6.1682594596014603e-10 
6.1682594596014603e-10 
6.1682594596014603e-10 
6.1682594596014603e-10 
6.1682594596014603e-10 
6.1682594596014603e-10 
6.1682594596014603e-10 
6.1682594596014603e-10 
6.1682594596014603e-10 
6.1682594596014603e-10 
6.1682594596014603e-10 
6.1682594596014603e-10 
6.1682594596014603e-10 
6.1682594596014603e-10 
6.1682594596014603e-10 
6.1682594596014603e-10 
6.1682594596014603e-10 
6.1682594596014603e-10 
6.1682594596014603e-10 
6.1682594596014603e-10 
6.1682594596014603e-10 
6.1682594596014603e-10 
6.1682594596014603e-10 
6.1682594596014603e-10 
6.1682594596014603e-10 
6.1682594596014603e-10 
6.1682594596014603e-10 
6.1682594596014603e-10 
6.1682594596014603e-10 
6.1682594596014603e-10 
6.1682594596014603e-10 
6.1682594596014603e-10 
6.1682594596014603e-10 
6.1682594596014603e-10 
6.1682594596014603e-10 
6.1682594596014603e-10 
6.1682594596014603e-10 
6.1682594596014603e-10 
6.1682594596014603e-10 
6.1682594596014603e-10 
6.1682594596014603e-10 
6.1682594596014603e-10 
6.1682594596014603e-10 
6.1682594596014603e-10 
6.1682594596014603e-10 
6.1682594596014603e-10 
6.1682594596014603e-10 
6.1682594596014603e-10 
6.1682594596014603e-10 
6.1682594596014603e-10 
6.1682594596014603e-10 
6.1682594596014603e-10 
6.1682594596014603e-10 
6.1682594596014603e-10 
6.1682594596014603e-10 
6.1682594596014603e-10 
6.1682594596014603e-10 
6.1682594596014603e-10 
6.1682594596014603e-10 
6.1682594596014603e-10 
6.1682594596014603e-10 
6.1682594596014603e-10 
6.1682594596014603e-10 
6.1682594596014603e-10 
6.1682594596014603e-10 
6.1682594596014603e-10 
6.1682594596014603e-10 
6.1682594596014603e-10 
6.1682594596014603e-10 
6.1682594596014603e-10 
6.1682594596014603e-10 
6.1682594596014603e-10 
6.1682594596014603e-10 
6.1682594596014603e-10 
6.1682594596014603e-10 
6.1682594596014603e-10 
6.1682594596014603e-10 
6.1682594596014603e-10 
6.1682594596014603e-10 
6.1682594596014603e-10 
6.1682594596014603e-10 
6.1682594596014603e-10 
6.1682594596014603e-10 
6.1682594596014603e-10 
6.1682594596014603e-10 
6.1682594596014603e-10 
6.1682594596014603e-10 
6.1682594596014603e-10 
6.1682594596014603e-10 
6.1682594596014603e-10 
6.1682594596014603e-10 
6.1682594596014603e-10 
6.1682594596014603e-10 
6.1682594596014603e-10 
6.1682594596014603e-10 
6.1682594596014603e-10 
6.1682594596014603e-10 
6.1682594596014603e-10 
6.1682594596014603e-10 
6.1682594596014603e-10 
6.1682594596014603e-10 
6.1682594596014603e-10 
6.1682594596014603e-10 
6.1682594596014603e-10 
6.1682594596014603e-10 
6.1682594596014603e-10 
6.1682594596014603e-10 
6.1682594596014603e-10 
6.1682594596014603e-10 
6.1682594596014603e-10 
6.1682594596014603e-10 
6.1682594596014603e-10 
6.1682594596014603e-10 
6.1682594596014603e-10 
6.1682594596014603e-10 
6.1682594596014603e-10 
6.1682594596014603e-10 
6.1682594596014603e-10 
6.1682594596014603e-10 
6.1682594596014603e-10 
6.1682594596014603e-10 
6.1682594596014603e-10 
6.1682594596014603e-10 
6.1682594596014603e-10 
6.1682594596014603e-10 
6.1682594596014603e-10 
6.1682594596014603e-10 
6.1682594596014603e-10 
6.1682594596014603e-10 
6.1682594596014603e-10 
6.1682594596014603e-10 
6.1682594596014603e-10 
6.1682594596014603e-10 
6.1682594596014603e-10 
6.1682594596014603e-10 
6.1682594596014603e-10 
6.1682594596014603e-10 
6.1682594596014603e-10 
6.1682594596014603e-10 
6.1682594596014603e-10 
6.1682594596014603e-10 
6.1682594596014603e-10 
6.1682594596014603e-10 
6.1682594596014603e-10 
6.1682594596014603e-10 
6.1682594596014603e-10 
6.1682594596014603e-10 
6.1682594596014603e-10 
6.1682594596014603e-10 
6.1682594596014603e-10 
6.1682594596014603e-10 
6.1682594596014603e-10 
6.1682594596014603e-10 
6.1682594596014603e-10 
6.1682594596014603e-10 
6.1682594596014603e-10 
6.1682594596014603e-10 
6.1682594596014603e-10 
6.1682594596014603e-10 
6.1682594596014603e-10 
6.1682594596014603e-10 
6.1682594596014603e-10 
6.1682594596014603e-10 
6.1682594596014603e-10 
6.1682594596014603e-10 
6.1682594596014603e-10 
6.1682594596014603e-10 
6.1682594596014603e-10 
6.1682594596014603e-10 
6.1682594596014603e-10 
6.1682594596014603e-10 
6.1682594596014603e-10 
6.1682594596014603e-10 
6.1682594596014603e-10 
6.1682594596014603e-10 
6.1682594596014603e-10 
6.1682594596014603e-10 
6.1682594596014603e-10 
6.1682594596014603e-10 
6.1682594596014603e-10 
6.1682594596014603e-10 
6.1682594596014603e-10 
6.1682594596014603e-10 
6.1682594596014603e-10 
6.1682594596014603e-10 
6.1682594596014603e-10 
6.1682594596014603e-10 
6.1682594596014603e-10 
6.1682594596014603e-10 
6.1682594596014603e-10 
6.1682594596014603e-10 
6.1682594596014603e-10 
6.1682594596014603e-10 
6.1682594596014603e-10 
6.1682594596014603e-10 
6.1682594596014603e-10 
6.1682594596014603e-10 
6.1682594596014603e-10 
6.1682594596014603e-10 
6.1682594596014603e-10 
6.1682594596014603e-10 
6.1682594596014603e-10 
6.1682594596014603e-10 
6.1682594596014603e-10 
6.1682594596014603e-10 
6.1682594596014603e-10 
6.1682594596014603e-10 
6.1682594596014603e-10 
6.1682594596014603e-10 
6.1682594596014603e-10 
6.1682594596014603e-10 
6.1682594596014603e-10 
6.1682594596014603e-10 
6.1682594596014603e-10 
6.1682594596014603e-10 
6.1682594596014603e-10 
6.1682594596014603e-10 
6.1682594596014603e-10 
6.1682594596014603e-10 
6.1682594596014603e-10 
6.1682594596014603e-10 
6.1682594596014603e-10 
6.1682594596014603e-10 
6.1682594596014603e-10 
6.1682594596014603e-10 
6.1682594596014603e-10 
6.1682594596014603e-10 
6.1682594596014603e-10 
6.1682594596014603e-10 
6.1682594596014603e-10 
6.1682594596014603e-10 
6.1682594596014603e-10 
6.1682594596014603e-10 
6.1682594596014603e-10 
6.1682594596014603e-10 
6.1682594596014603e-10 
6.1682594596014603e-10 
6.1682594596014603e-10 
6.1682594596014603e-10 
6.1682594596014603e-10 
6.1682594596014603e-10 
6.1682594596014603e-10 
6.1682594596014603e-10 
6.1682594596014603e-10 
6.1682594596014603e-10 
6.1682594596014603e-10 
6.1682594596014603e-10 
6.1682594596014603e-10 
6.1682594596014603e-10 
6.1682594596014603e-10 
6.1682594596014603e-10 
6.1682594596014603e-10 
6.1682594596014603e-10 
6.1682594596014603e-10 
6.1682594596014603e-10 
6.1682594596014603e-10 
6.1682594596014603e-10 
6.1682594596014603e-10 
6.1682594596014603e-10 
6.1682594596014603e-10 
6.1682594596014603e-10 
6.1682594596014603e-10 
6.1682594596014603e-10 
6.1682594596014603e-10 
6.1682594596014603e-10 
6.1682594596014603e-10 
6.1682594596014603e-10 
6.1682594596014603e-10 
6.1682594596014603e-10 
6.1682594596014603e-10 
6.1682594596014603e-10 
6.1682594596014603e-10 
6.1682594596014603e-10 
6.1682594596014603e-10 
6.1682594596014603e-10 
6.1682594596014603e-10 
6.1682594596014603e-10 
6.1682594596014603e-10 
6.1682594596014603e-10 
6.1682594596014603e-10 
6.1682594596014603e-10 
6.1682594596014603e-10 
6.1682594596014603e-10 
6.1682594596014603e-10 
6.1682594596014603e-10 
6.1682594596014603e-10 
6.1682594596014603e-10 
6.1682594596014603e-10 
6.1682594596014603e-10 
6.1682594596014603e-10 
6.1682594596014603e-10 
6.1682594596014603e-10 
6.1682594596014603e-10 
6.1682594596014603e-10 
6.1682594596014603e-10 
6.1682594596014603e-10 
6.1682594596014603e-10 
6.1682594596014603e-10 
6.1682594596014603e-10 
6.1682594596014603e-10 
6.1682594596014603e-10 
6.1682594596014603e-10 
6.1682594596014603e-10 
6.1682594596014603e-10 
6.1682594596014603e-10 
6.1682594596014603e-10 
6.1682594596014603e-10 
6.1682594596014603e-10 
6.1682594596014603e-10 
6.1682594596014603e-10 
6.1682594596014603e-10 
6.1682594596014603e-10 
6.1682594596014603e-10 
6.1682594596014603e-10 
6.1682594596014603e-10 
6.1682594596014603e-10 
6.1682594596014603e-10 
6.1682594596014603e-10 
6.1682594596014603e-10 
6.1682594596014603e-10 
6.1682594596014603e-10 
6.1682594596014603e-10 
6.1682594596014603e-10 
6.1682594596014603e-10 
6.1682594596014603e-10 
6.1682594596014603e-10 
6.1682594596014603e-10 
6.1682594596014603e-10 
6.1682594596014603e-10 
6.1682594596014603e-10 
6.1682594596014603e-10 
6.1682594596014603e-10 
6.1682594596014603e-10 
6.1682594596014603e-10 
6.1682594596014603e-10 
6.1682594596014603e-10 
6.1682594596014603e-10 
6.1682594596014603e-10 
6.1682594596014603e-10 
6.1682594596014603e-10 
6.1682594596014603e-10 
6.1682594596014603e-10 
6.1682594596014603e-10 
6.1682594596014603e-10 
6.1682594596014603e-10 
6.1682594596014603e-10 
6.1682594596014603e-10 
6.1682594596014603e-10 
6.1682594596014603e-10 
6.1682594596014603e-10 
6.1682594596014603e-10 
6.1682594596014603e-10 
6.1682594596014603e-10 
6.1682594596014603e-10 
6.1682594596014603e-10 
6.1682594596014603e-10 
6.1682594596014603e-10 
6.1682594596014603e-10 
6.1682594596014603e-10 
6.1682594596014603e-10 
6.1682594596014603e-10 
6.1682594596014603e-10 
6.1682594596014603e-10 
6.1682594596014603e-10 
6.1682594596014603e-10 
6.1682594596014603e-10 
6.1682594596014603e-10 
6.1682594596014603e-10 
6.1682594596014603e-10 
6.1682594596014603e-10 
6.1682594596014603e-10 
6.1682594596014603e-10 
6.1682594596014603e-10 
6.1682594596014603e-10 
6.1682594596014603e-10 
6.1682594596014603e-10 
6.1682594596014603e-10 
6.1682594596014603e-10 
6.1682594596014603e-10 
6.1682594596014603e-10 
6.1682594596014603e-10 
6.1682594596014603e-10 
6.1682594596014603e-10 
6.1682594596014603e-10 
6.1682594596014603e-10 
6.1682594596014603e-10 
6.1682594596014603e-10 
6.1682594596014603e-10 
6.1682594596014603e-10 
6.1682594596014603e-10 
6.1682594596014603e-10 
6.1682594596014603e-10 
6.1682594596014603e-10 
6.1682594596014603e-10 
6.1682594596014603e-10 
6.1682594596014603e-10 
6.1682594596014603e-10 
6.1682594596014603e-10 
6.1682594596014603e-10 
6.1682594596014603e-10 
6.1682594596014603e-10 
6.1682594596014603e-10 
6.1682594596014603e-10 
6.1682594596014603e-10 
6.1682594596014603e-10 
6.1682594596014603e-10 
6.1682594596014603e-10 
6.1682594596014603e-10 
6.1682594596014603e-10 
6.1682594596014603e-10 
6.1682594596014603e-10 
6.1682594596014603e-10 
6.1682594596014603e-10 
6.1682594596014603e-10 
6.1682594596014603e-10 
6.1682594596014603e-10 
6.1682594596014603e-10 
6.1682594596014603e-10 
6.1682594596014603e-10 
6.1682594596014603e-10 
6.1682594596014603e-10 
6.1682594596014603e-10 
6.1682594596014603e-10 
6.1682594596014603e-10 
6.1682594596014603e-10 
6.1682594596014603e-10 
6.1682594596014603e-10 
6.1682594596014603e-10 
6.1682594596014603e-10 
6.1682594596014603e-10 
6.1682594596014603e-10 
6.1682594596014603e-10 
6.1682594596014603e-10 
6.1682594596014603e-10 
6.1682594596014603e-10 
6.1682594596014603e-10 
6.1682594596014603e-10 
6.1682594596014603e-10 
6.1682594596014603e-10 
6.1682594596014603e-10 
6.1682594596014603e-10 
6.1682594596014603e-10 
6.1682594596014603e-10 
6.1682594596014603e-10 
6.1682594596014603e-10 
6.1682594596014603e-10 
6.1682594596014603e-10 
6.1682594596014603e-10 
6.1682594596014603e-10 
6.1682594596014603e-10 
6.1682594596014603e-10 
6.1682594596014603e-10 
6.1682594596014603e-10 
6.1682594596014603e-10 
6.1682594596014603e-10 
6.1682594596014603e-10 
6.1682594596014603e-10 
6.1682594596014603e-10 
6.1682594596014603e-10 
6.1682594596014603e-10 
6.1682594596014603e-10 
6.1682594596014603e-10 
6.1682594596014603e-10 
6.1682594596014603e-10 
6.1682594596014603e-10 
6.1682594596014603e-10 
6.1682594596014603e-10 
6.1682594596014603e-10 
6.1682594596014603e-10 
6.1682594596014603e-10 
6.1682594596014603e-10 
6.1682594596014603e-10 
6.1682594596014603e-10 
6.1682594596014603e-10 
6.1682594596014603e-10 
6.1682594596014603e-10 
6.1682594596014603e-10 
6.1682594596014603e-10 
6.1682594596014603e-10 
6.1682594596014603e-10 
6.1682594596014603e-10 
6.1682594596014603e-10 
6.1682594596014603e-10 
6.1682594596014603e-10 
6.1682594596014603e-10 
6.1682594596014603e-10 
6.1682594596014603e-10 
6.1682594596014603e-10 
5.4832421887288929e-10 
5.4832421887288929e-10 
5.4832421887288929e-10 
5.4832421887288929e-10 
5.4832421887288929e-10 
5.4832421887288929e-10 
5.4832421887288929e-10 
5.4832421887288929e-10 
5.4832421887288929e-10 
5.4832421887288929e-10 
5.4832421887288929e-10 
5.4832421887288929e-10 
5.4832421887288929e-10 
5.4832421887288929e-10 
5.4832421887288929e-10 
5.4832421887288929e-10 
5.4832421887288929e-10 
5.4832421887288929e-10 
5.4832421887288929e-10 
5.4832421887288929e-10 
5.4832421887288929e-10 
5.4832421887288929e-10 
5.4832421887288929e-10 
5.4832421887288929e-10 
5.4832421887288929e-10 
5.4832421887288929e-10 
5.4832421887288929e-10 
5.4832421887288929e-10 
5.4832421887288929e-10 
5.4832421887288929e-10 
5.4832421887288929e-10 
5.4832421887288929e-10 
5.4832421887288929e-10 
5.4832421887288929e-10 
5.4832421887288929e-10 
5.4832421887288929e-10 
5.4832421887288929e-10 
5.4832421887288929e-10 
5.4832421887288929e-10 
5.4832421887288929e-10 
5.4832421887288929e-10 
5.4832421887288929e-10 
5.4832421887288929e-10 
5.4832421887288929e-10 
5.4832421887288929e-10 
5.4832421887288929e-10 
5.4832421887288929e-10 
5.4832421887288929e-10 
5.4832421887288929e-10 
5.4832421887288929e-10 
5.4832421887288929e-10 
5.4832421887288929e-10 
5.4832421887288929e-10 
5.4832421887288929e-10 
5.4832421887288929e-10 
5.4832421887288929e-10 
5.4832421887288929e-10 
5.4832421887288929e-10 
5.4832421887288929e-10 
5.4832421887288929e-10 
5.4832421887288929e-10 
5.4832421887288929e-10 
5.4832421887288929e-10 
5.4832421887288929e-10 
5.4832421887288929e-10 
5.4832421887288929e-10 
5.4832421887288929e-10 
5.4832421887288929e-10 
5.4832421887288929e-10 
5.4832421887288929e-10 
5.4832421887288929e-10 
5.4832421887288929e-10 
5.4832421887288929e-10 
5.4832421887288929e-10 
5.4832421887288929e-10 
5.4832421887288929e-10 
5.4832421887288929e-10 
5.4832421887288929e-10 
5.4832421887288929e-10 
5.4832421887288929e-10 
5.4832421887288929e-10 
5.4832421887288929e-10 
5.4832421887288929e-10 
5.4832421887288929e-10 
5.4832421887288929e-10 
5.4832421887288929e-10 
5.4832421887288929e-10 
5.4832421887288929e-10 
5.4832421887288929e-10 
5.4832421887288929e-10 
5.4832421887288929e-10 
5.4832421887288929e-10 
5.4832421887288929e-10 
5.4832421887288929e-10 
5.4832421887288929e-10 
5.4832421887288929e-10 
5.4832421887288929e-10 
5.4832421887288929e-10 
5.4832421887288929e-10 
5.4832421887288929e-10 
5.4832421887288929e-10 
5.4832421887288929e-10 
5.4832421887288929e-10 
5.4832421887288929e-10 
5.4832421887288929e-10 
5.4832421887288929e-10 
5.4832421887288929e-10 
5.4832421887288929e-10 
5.4832421887288929e-10 
5.4832421887288929e-10 
5.4832421887288929e-10 
5.4832421887288929e-10 
5.4832421887288929e-10 
5.4832421887288929e-10 
5.4832421887288929e-10 
5.4832421887288929e-10 
5.4832421887288929e-10 
5.4832421887288929e-10 
5.4832421887288929e-10 
5.4832421887288929e-10 
5.4832421887288929e-10 
5.4832421887288929e-10 
5.4832421887288929e-10 
5.4832421887288929e-10 
5.4832421887288929e-10 
5.4832421887288929e-10 
5.4832421887288929e-10 
5.4832421887288929e-10 
5.4832421887288929e-10 
5.4832421887288929e-10 
5.4832421887288929e-10 
5.4832421887288929e-10 
5.4832421887288929e-10 
5.4832421887288929e-10 
5.4832421887288929e-10 
5.4832421887288929e-10 
5.4832421887288929e-10 
5.4832421887288929e-10 
5.4832421887288929e-10 
5.4832421887288929e-10 
5.4832421887288929e-10 
5.4832421887288929e-10 
5.4832421887288929e-10 
