0.29192163442398955 
0.2612928846973297 
0.23283175792220889 
0.20659340732500786 
0.18262964811120175 
0.16098885389229578 
0.14171585944919951 
0.12485187002455833 
0.11043437732393946 
0.098497082392813073 
0.08906982552298337 
0.082178523328521713 
0.077845113117386511 
0.076087504670796169 
0.076087504670796169 
0.076087504670796169 
0.073169782163373664 
0.072647278449905373 
0.072647278449905373 
0.072647278449905373 
0.072647278449905373 
0.072532709957557895 
0.072532709957557895 
0.071512422167973044 
0.06796898409433727 
0.066580929688678903 
0.062630340015346397 
0.058723182749892189 
0.055123183327476566 
0.051831399697670144 
0.04884880233253297 
0.046176273936736734 
0.040440664026561435 
0.035392244724068656 
0.031578230612848035 
0.029002821298861559 
0.02501380439865919 
0.017427597253519278 
0.011201177697682807 
0.0063421450868298423 
0.0028564241379411826 
0.00074825722356097746 
2.019885423687473e-05 
1.0865212667576785e-05 
1.0865212667576785e-05 
1.0865212667576785e-05 
1.0865212667576785e-05 
1.0865212667576785e-05 
1.0865212667576785e-05 
1.0865212667576785e-05 
1.0865212667576785e-05 
1.0865212667576785e-05 
1.0865212667576785e-05 
1.0865212667576785e-05 
1.0865212667576785e-05 
1.0865212667576785e-05 
1.0865212667576785e-05 
1.0865212667576785e-05 
1.0865212667576785e-05 
1.0865212667576785e-05 
1.0865212667576785e-05 
1.0865212667576785e-05 
9.7738517423895388e-06 
9.7738517423895388e-06 
1.8058395366837843e-06 
1.8058395366837843e-06 
1.8058395366837843e-06 
1.8058395366837843e-06 
1.8058395366837843e-06 
1.8058395366837843e-06 
1.8058395366837843e-06 
1.8058395366837843e-06 
1.8058395366837843e-06 
1.8058395366837843e-06 
1.8058395366837843e-06 
8.7839866602656969e-08 
8.7839866602656969e-08 
8.7839866602656969e-08 
8.7839866602656969e-08 
8.7839866602656969e-08 
8.7839866602656969e-08 
8.7839866602656969e-08 
8.7839866602656969e-08 
8.7839866602656969e-08 
8.7839866602656969e-08 
8.7839866602656969e-08 
8.7839866602656969e-08 
8.7839866602656969e-08 
8.7839866602656969e-08 
8.7839866602656969e-08 
8.7839866602656969e-08 
8.7839866602656969e-08 
8.7839866602656969e-08 
8.7839866602656969e-08 
8.7839866602656969e-08 
8.7839866602656969e-08 
8.7839866602656969e-08 
8.7839866602656969e-08 
8.7839866602656969e-08 
8.7839866602656969e-08 
8.7839866602656969e-08 
8.7839866602656969e-08 
8.7839866602656969e-08 
8.7839866602656969e-08 
8.7839866602656969e-08 
8.7839866602656969e-08 
8.7839866602656969e-08 
8.7839866602656969e-08 
8.7839866602656969e-08 
8.7839866602656969e-08 
8.7839866602656969e-08 
8.7839866602656969e-08 
8.7839866602656969e-08 
8.7839866602656969e-08 
8.7839866602656969e-08 
8.7839866602656969e-08 
8.7839866602656969e-08 
8.7839866602656969e-08 
8.7839866602656969e-08 
8.7839866602656969e-08 
8.7839866602656969e-08 
8.7839866602656969e-08 
8.7839866602656969e-08 
8.7839866602656969e-08 
8.7839866602656969e-08 
8.7839866602656969e-08 
8.7839866602656969e-08 
8.7839866602656969e-08 
8.7839866602656969e-08 
8.7839866602656969e-08 
8.7839866602656969e-08 
8.7839866602656969e-08 
8.7839866602656969e-08 
8.7839866602656969e-08 
8.7839866602656969e-08 
8.7839866602656969e-08 
8.7839866602656969e-08 
8.7839866602656969e-08 
8.7839866602656969e-08 
8.7839866602656969e-08 
8.7839866602656969e-08 
8.7839866602656969e-08 
8.7839866602656969e-08 
8.7839866602656969e-08 
8.7839866602656969e-08 
8.7839866602656969e-08 
8.7839866602656969e-08 
8.7839866602656969e-08 
8.7839866602656969e-08 
8.7839866602656969e-08 
8.7839866602656969e-08 
8.7839866602656969e-08 
8.7839866602656969e-08 
8.7839866602656969e-08 
8.7839866602656969e-08 
8.7839866602656969e-08 
8.7839866602656969e-08 
8.7839866602656969e-08 
8.7839866602656969e-08 
8.7839866602656969e-08 
8.7839866602656969e-08 
8.7839866602656969e-08 
8.7839866602656969e-08 
8.7839866602656969e-08 
8.7839866602656969e-08 
8.7839866602656969e-08 
8.7839866602656969e-08 
8.7839866602656969e-08 
8.7839866602656969e-08 
1.3193030112823578e-08 
1.3193030112823578e-08 
1.3193030112823578e-08 
1.3193030112823578e-08 
1.3193030112823578e-08 
1.3193030112823578e-08 
1.3193030112823578e-08 
1.3193030112823578e-08 
1.3193030112823578e-08 
1.3193030112823578e-08 
1.3193030112823578e-08 
1.3193030112823578e-08 
1.3193030112823578e-08 
1.3193030112823578e-08 
1.3193030112823578e-08 
1.3193030112823578e-08 
1.3193030112823578e-08 
1.3193030112823578e-08 
1.3193030112823578e-08 
1.3193030112823578e-08 
1.3193030112823578e-08 
1.3193030112823578e-08 
1.3193030112823578e-08 
1.3193030112823578e-08 
1.3193030112823578e-08 
1.3193030112823578e-08 
1.3193030112823578e-08 
1.3193030112823578e-08 
1.3193030112823578e-08 
1.3193030112823578e-08 
1.3193030112823578e-08 
1.3193030112823578e-08 
1.3193030112823578e-08 
1.3193030112823578e-08 
1.3193030112823578e-08 
1.3193030112823578e-08 
1.3193030112823578e-08 
1.3193030112823578e-08 
1.3193030112823578e-08 
1.3193030112823578e-08 
1.3193030112823578e-08 
1.3193030112823578e-08 
1.3193030112823578e-08 
1.3193030112823578e-08 
1.3193030112823578e-08 
1.3193030112823578e-08 
1.3193030112823578e-08 
1.3193030112823578e-08 
1.3193030112823578e-08 
1.3193030112823578e-08 
1.3193030112823578e-08 
1.3193030112823578e-08 
1.3193030112823578e-08 
1.3193030112823578e-08 
1.3193030112823578e-08 
1.3193030112823578e-08 
1.3193030112823578e-08 
1.3193030112823578e-08 
1.3193030112823578e-08 
1.3193030112823578e-08 
1.3193030112823578e-08 
1.3193030112823578e-08 
1.3193030112823578e-08 
1.3193030112823578e-08 
1.3193030112823578e-08 
1.3193030112823578e-08 
1.3193030112823578e-08 
1.3193030112823578e-08 
1.3193030112823578e-08 
1.3193030112823578e-08 
1.3193030112823578e-08 
1.3193030112823578e-08 
1.3193030112823578e-08 
1.3193030112823578e-08 
1.3193030112823578e-08 
1.3193030112823578e-08 
1.3193030112823578e-08 
1.3193030112823578e-08 
1.3193030112823578e-08 
1.3193030112823578e-08 
1.3193030112823578e-08 
1.3193030112823578e-08 
1.3193030112823578e-08 
1.3193030112823578e-08 
1.3193030112823578e-08 
4.9590430650781059e-09 
4.9590430650781059e-09 
4.9590430650781059e-09 
4.9590430650781059e-09 
4.9590430650781059e-09 
4.9590430650781059e-09 
4.9590430650781059e-09 
4.9590430650781059e-09 
4.9590430650781059e-09 
4.9590430650781059e-09 
4.9590430650781059e-09 
4.9590430650781059e-09 
4.9590430650781059e-09 
4.9590430650781059e-09 
4.9590430650781059e-09 
4.9590430650781059e-09 
4.9590430650781059e-09 
4.9590430650781059e-09 
4.9590430650781059e-09 
4.9590430650781059e-09 
4.9590430650781059e-09 
4.9590430650781059e-09 
4.9590430650781059e-09 
4.9590430650781059e-09 
4.9590430650781059e-09 
4.9590430650781059e-09 
4.9590430650781059e-09 
4.9590430650781059e-09 
4.9590430650781059e-09 
4.9590430650781059e-09 
4.9590430650781059e-09 
4.9590430650781059e-09 
4.9590430650781059e-09 
4.9590430650781059e-09 
4.9590430650781059e-09 
4.9590430650781059e-09 
4.9590430650781059e-09 
4.9590430650781059e-09 
4.9590430650781059e-09 
4.9590430650781059e-09 
4.9590430650781059e-09 
4.9590430650781059e-09 
4.9590430650781059e-09 
4.9590430650781059e-09 
4.9590430650781059e-09 
4.9590430650781059e-09 
4.9590430650781059e-09 
4.9590430650781059e-09 
4.9590430650781059e-09 
4.9590430650781059e-09 
4.9590430650781059e-09 
4.9590430650781059e-09 
4.9590430650781059e-09 
4.9590430650781059e-09 
4.9590430650781059e-09 
4.9590430650781059e-09 
4.9590430650781059e-09 
4.9590430650781059e-09 
4.9590430650781059e-09 
4.9590430650781059e-09 
4.9590430650781059e-09 
4.9590430650781059e-09 
4.9590430650781059e-09 
4.9590430650781059e-09 
3.9643367477637526e-09 
3.9643367477637526e-09 
3.9643367477637526e-09 
3.9643367477637526e-09 
3.9643367477637526e-09 
3.9643367477637526e-09 
3.9643367477637526e-09 
3.9643367477637526e-09 
3.9643367477637526e-09 
3.9643367477637526e-09 
3.9643367477637526e-09 
3.9643367477637526e-09 
3.9643367477637526e-09 
3.9643367477637526e-09 
3.9643367477637526e-09 
3.9643367477637526e-09 
3.9643367477637526e-09 
3.9643367477637526e-09 
3.9643367477637526e-09 
3.9643367477637526e-09 
3.9643367477637526e-09 
3.9643367477637526e-09 
3.9643367477637526e-09 
3.9643367477637526e-09 
3.9643367477637526e-09 
3.9643367477637526e-09 
3.9643367477637526e-09 
3.9643367477637526e-09 
3.9643367477637526e-09 
3.9643367477637526e-09 
3.9643367477637526e-09 
3.9643367477637526e-09 
3.9643367477637526e-09 
3.9643367477637526e-09 
3.9643367477637526e-09 
3.9643367477637526e-09 
3.9643367477637526e-09 
3.9643367477637526e-09 
3.9643367477637526e-09 
3.9643367477637526e-09 
3.9643367477637526e-09 
3.9643367477637526e-09 
3.9643367477637526e-09 
3.9643367477637526e-09 
3.9643367477637526e-09 
3.9643367477637526e-09 
3.9643367477637526e-09 
3.9643367477637526e-09 
3.9643367477637526e-09 
3.9643367477637526e-09 
3.9643367477637526e-09 
3.9643367477637526e-09 
3.9643367477637526e-09 
3.9643367477637526e-09 
3.9643367477637526e-09 
3.9643367477637526e-09 
3.9643367477637526e-09 
3.9643367477637526e-09 
3.9643367477637526e-09 
3.9643367477637526e-09 
3.9643367477637526e-09 
3.9643367477637526e-09 
3.9643367477637526e-09 
3.9643367477637526e-09 
3.9643367477637526e-09 
3.9643367477637526e-09 
3.9643367477637526e-09 
3.9643367477637526e-09 
3.9643367477637526e-09 
3.9643367477637526e-09 
3.9643367477637526e-09 
3.9643367477637526e-09 
3.9643367477637526e-09 
3.9643367477637526e-09 
3.9643367477637526e-09 
3.9643367477637526e-09 
3.9643367477637526e-09 
3.9643367477637526e-09 
3.9643367477637526e-09 
3.9643367477637526e-09 
3.9643367477637526e-09 
3.9643367477637526e-09 
3.9643367477637526e-09 
3.9643367477637526e-09 
3.9643367477637526e-09 
3.9643367477637526e-09 
3.9643367477637526e-09 
3.9643367477637526e-09 
3.9643367477637526e-09 
3.9643367477637526e-09 
3.9643367477637526e-09 
3.9643367477637526e-09 
3.9643367477637526e-09 
3.9643367477637526e-09 
3.9643367477637526e-09 
3.9643367477637526e-09 
3.9643367477637526e-09 
3.9643367477637526e-09 
3.9643367477637526e-09 
3.9643367477637526e-09 
3.9643367477637526e-09 
3.9643367477637526e-09 
3.9643367477637526e-09 
3.9643367477637526e-09 
3.9643367477637526e-09 
3.9643367477637526e-09 
3.9643367477637526e-09 
3.9643367477637526e-09 
3.9643367477637526e-09 
3.9643367477637526e-09 
3.9643367477637526e-09 
3.9643367477637526e-09 
3.9643367477637526e-09 
3.9643367477637526e-09 
3.9643367477637526e-09 
3.9643367477637526e-09 
3.9643367477637526e-09 
3.9643367477637526e-09 
3.9643367477637526e-09 
3.9643367477637526e-09 
3.9643367477637526e-09 
3.9643367477637526e-09 
3.9643367477637526e-09 
3.9643367477637526e-09 
3.9643367477637526e-09 
3.9643367477637526e-09 
3.9643367477637526e-09 
3.9643367477637526e-09 
3.9643367477637526e-09 
3.9643367477637526e-09 
3.9643367477637526e-09 
3.9643367477637526e-09 
3.9643367477637526e-09 
3.9643367477637526e-09 
3.9643367477637526e-09 
3.9643367477637526e-09 
3.9643367477637526e-09 
3.9643367477637526e-09 
3.9643367477637526e-09 
3.9643367477637526e-09 
3.9643367477637526e-09 
3.9643367477637526e-09 
3.9643367477637526e-09 
3.9643367477637526e-09 
3.9643367477637526e-09 
3.9643367477637526e-09 
3.9643367477637526e-09 
3.9643367477637526e-09 
3.9643367477637526e-09 
3.9643367477637526e-09 
3.9643367477637526e-09 
3.9643367477637526e-09 
3.9643367477637526e-09 
3.9643367477637526e-09 
3.9643367477637526e-09 
3.9643367477637526e-09 
3.9643367477637526e-09 
3.9643367477637526e-09 
3.9643367477637526e-09 
3.9643367477637526e-09 
3.9643367477637526e-09 
3.9643367477637526e-09 
3.9643367477637526e-09 
3.9643367477637526e-09 
3.9643367477637526e-09 
3.9643367477637526e-09 
3.9643367477637526e-09 
3.9643367477637526e-09 
3.9643367477637526e-09 
3.9643367477637526e-09 
3.9643367477637526e-09 
3.9643367477637526e-09 
3.9643367477637526e-09 
3.9643367477637526e-09 
3.9643367477637526e-09 
3.9643367477637526e-09 
3.9643367477637526e-09 
3.9643367477637526e-09 
3.9643367477637526e-09 
3.9643367477637526e-09 
3.9643367477637526e-09 
3.9643367477637526e-09 
3.9643367477637526e-09 
3.9643367477637526e-09 
3.9643367477637526e-09 
3.9643367477637526e-09 
3.9643367477637526e-09 
3.9643367477637526e-09 
3.9643367477637526e-09 
3.9643367477637526e-09 
3.9643367477637526e-09 
3.9643367477637526e-09 
3.9643367477637526e-09 
3.9643367477637526e-09 
3.9643367477637526e-09 
3.9643367477637526e-09 
3.9643367477637526e-09 
3.9643367477637526e-09 
3.9643367477637526e-09 
3.9643367477637526e-09 
3.9643367477637526e-09 
3.9643367477637526e-09 
3.9643367477637526e-09 
3.9643367477637526e-09 
3.9643367477637526e-09 
3.9643367477637526e-09 
3.9643367477637526e-09 
3.9643367477637526e-09 
3.9643367477637526e-09 
3.9643367477637526e-09 
3.9643367477637526e-09 
3.9643367477637526e-09 
3.9643367477637526e-09 
3.9643367477637526e-09 
3.9643367477637526e-09 
3.9643367477637526e-09 
3.9643367477637526e-09 
3.9643367477637526e-09 
3.9643367477637526e-09 
3.9643367477637526e-09 
3.9643367477637526e-09 
3.9643367477637526e-09 
3.9643367477637526e-09 
3.9643367477637526e-09 
3.9643367477637526e-09 
3.9643367477637526e-09 
3.9643367477637526e-09 
3.9643367477637526e-09 
3.9643367477637526e-09 
3.9643367477637526e-09 
3.9643367477637526e-09 
3.9643367477637526e-09 
3.9643367477637526e-09 
3.9643367477637526e-09 
3.9643367477637526e-09 
3.9643367477637526e-09 
3.9643367477637526e-09 
3.9643367477637526e-09 
3.9643367477637526e-09 
3.9643367477637526e-09 
3.9643367477637526e-09 
3.9643367477637526e-09 
3.9643367477637526e-09 
3.9643367477637526e-09 
3.9643367477637526e-09 
3.9643367477637526e-09 
3.9643367477637526e-09 
3.9643367477637526e-09 
3.9643367477637526e-09 
3.9643367477637526e-09 
3.9643367477637526e-09 
3.9643367477637526e-09 
3.9643367477637526e-09 
3.9643367477637526e-09 
3.9643367477637526e-09 
3.9643367477637526e-09 
3.9643367477637526e-09 
3.9643367477637526e-09 
3.9643367477637526e-09 
3.9643367477637526e-09 
3.9643367477637526e-09 
3.9643367477637526e-09 
3.9643367477637526e-09 
3.9643367477637526e-09 
3.9643367477637526e-09 
3.9643367477637526e-09 
3.9643367477637526e-09 
3.9643367477637526e-09 
3.9643367477637526e-09 
3.9643367477637526e-09 
3.9643367477637526e-09 
3.9643367477637526e-09 
3.9643367477637526e-09 
3.9643367477637526e-09 
3.9643367477637526e-09 
3.9643367477637526e-09 
3.9643367477637526e-09 
3.9643367477637526e-09 
3.9643367477637526e-09 
3.9643367477637526e-09 
3.9643367477637526e-09 
3.9643367477637526e-09 
3.9643367477637526e-09 
3.9643367477637526e-09 
3.9643367477637526e-09 
3.9643367477637526e-09 
3.9643367477637526e-09 
3.9643367477637526e-09 
3.9643367477637526e-09 
3.9643367477637526e-09 
3.9643367477637526e-09 
3.9643367477637526e-09 
3.9643367477637526e-09 
3.9643367477637526e-09 
3.9643367477637526e-09 
3.9643367477637526e-09 
3.9643367477637526e-09 
3.9643367477637526e-09 
3.9643367477637526e-09 
3.9643367477637526e-09 
3.9643367477637526e-09 
3.9643367477637526e-09 
3.9643367477637526e-09 
3.9643367477637526e-09 
3.9643367477637526e-09 
3.9643367477637526e-09 
3.9643367477637526e-09 
3.9643367477637526e-09 
3.9643367477637526e-09 
3.9643367477637526e-09 
3.9643367477637526e-09 
3.9643367477637526e-09 
3.9643367477637526e-09 
3.9643367477637526e-09 
3.9643367477637526e-09 
3.9643367477637526e-09 
3.9643367477637526e-09 
3.9643367477637526e-09 
3.9643367477637526e-09 
3.9643367477637526e-09 
3.9643367477637526e-09 
3.9643367477637526e-09 
3.9643367477637526e-09 
3.9643367477637526e-09 
3.9643367477637526e-09 
3.9643367477637526e-09 
3.9643367477637526e-09 
3.9643367477637526e-09 
3.9643367477637526e-09 
3.9643367477637526e-09 
3.9643367477637526e-09 
3.9643367477637526e-09 
3.9643367477637526e-09 
3.9643367477637526e-09 
3.9643367477637526e-09 
3.9643367477637526e-09 
3.9643367477637526e-09 
3.9643367477637526e-09 
3.9643367477637526e-09 
3.9643367477637526e-09 
3.9643367477637526e-09 
3.9643367477637526e-09 
3.9643367477637526e-09 
3.9643367477637526e-09 
3.9643367477637526e-09 
3.9643367477637526e-09 
3.9643367477637526e-09 
3.9643367477637526e-09 
3.9643367477637526e-09 
3.9643367477637526e-09 
3.9643367477637526e-09 
3.9643367477637526e-09 
3.9643367477637526e-09 
3.9643367477637526e-09 
3.9643367477637526e-09 
3.9643367477637526e-09 
3.9643367477637526e-09 
3.9643367477637526e-09 
3.9643367477637526e-09 
3.9643367477637526e-09 
3.9643367477637526e-09 
3.9643367477637526e-09 
3.9643367477637526e-09 
3.9643367477637526e-09 
3.9643367477637526e-09 
3.9643367477637526e-09 
3.9643367477637526e-09 
3.9643367477637526e-09 
3.9643367477637526e-09 
3.9643367477637526e-09 
3.9643367477637526e-09 
3.9643367477637526e-09 
3.9643367477637526e-09 
3.9643367477637526e-09 
3.9643367477637526e-09 
3.9643367477637526e-09 
3.9643367477637526e-09 
3.9643367477637526e-09 
3.9643367477637526e-09 
3.9643367477637526e-09 
3.9643367477637526e-09 
3.9643367477637526e-09 
3.9643367477637526e-09 
3.9643367477637526e-09 
3.9643367477637526e-09 
3.9643367477637526e-09 
3.9643367477637526e-09 
3.9643367477637526e-09 
3.9643367477637526e-09 
3.9643367477637526e-09 
3.9643367477637526e-09 
3.9643367477637526e-09 
3.9643367477637526e-09 
3.9643367477637526e-09 
3.9643367477637526e-09 
3.9643367477637526e-09 
3.9643367477637526e-09 
3.9643367477637526e-09 
3.9643367477637526e-09 
3.9643367477637526e-09 
3.9643367477637526e-09 
3.9643367477637526e-09 
3.9643367477637526e-09 
3.9643367477637526e-09 
3.9643367477637526e-09 
3.9643367477637526e-09 
3.9643367477637526e-09 
3.9643367477637526e-09 
3.9643367477637526e-09 
3.9643367477637526e-09 
3.9643367477637526e-09 
3.9643367477637526e-09 
3.9643367477637526e-09 
3.9643367477637526e-09 
3.9643367477637526e-09 
3.9643367477637526e-09 
3.9643367477637526e-09 
3.9643367477637526e-09 
3.9643367477637526e-09 
3.9643367477637526e-09 
3.9643367477637526e-09 
3.9643367477637526e-09 
3.9643367477637526e-09 
3.9643367477637526e-09 
3.9643367477637526e-09 
3.9643367477637526e-09 
3.9643367477637526e-09 
3.9643367477637526e-09 
3.9643367477637526e-09 
3.9643367477637526e-09 
3.9643367477637526e-09 
3.9643367477637526e-09 
3.9643367477637526e-09 
3.9643367477637526e-09 
3.9643367477637526e-09 
3.9643367477637526e-09 
3.9643367477637526e-09 
3.9643367477637526e-09 
3.9643367477637526e-09 
3.9643367477637526e-09 
3.9643367477637526e-09 
3.9643367477637526e-09 
3.9643367477637526e-09 
3.9643367477637526e-09 
3.9643367477637526e-09 
3.9643367477637526e-09 
3.9643367477637526e-09 
3.9643367477637526e-09 
3.9643367477637526e-09 
3.9643367477637526e-09 
3.9643367477637526e-09 
3.9643367477637526e-09 
3.9643367477637526e-09 
3.9643367477637526e-09 
3.9643367477637526e-09 
3.9643367477637526e-09 
3.9643367477637526e-09 
3.9643367477637526e-09 
3.9643367477637526e-09 
3.9643367477637526e-09 
3.9643367477637526e-09 
3.9643367477637526e-09 
3.9643367477637526e-09 
3.9643367477637526e-09 
3.9643367477637526e-09 
3.9643367477637526e-09 
3.9643367477637526e-09 
3.9643367477637526e-09 
3.9643367477637526e-09 
3.9643367477637526e-09 
3.9643367477637526e-09 
3.9643367477637526e-09 
3.9643367477637526e-09 
3.9643367477637526e-09 
3.9643367477637526e-09 
3.9643367477637526e-09 
3.9643367477637526e-09 
3.9643367477637526e-09 
3.9643367477637526e-09 
3.9643367477637526e-09 
3.9643367477637526e-09 
3.9643367477637526e-09 
3.9643367477637526e-09 
3.9643367477637526e-09 
3.9643367477637526e-09 
3.9643367477637526e-09 
3.9643367477637526e-09 
3.9643367477637526e-09 
3.9643367477637526e-09 
3.9643367477637526e-09 
3.9643367477637526e-09 
3.9643367477637526e-09 
3.9643367477637526e-09 
3.9643367477637526e-09 
3.9643367477637526e-09 
3.9643367477637526e-09 
3.9643367477637526e-09 
3.9643367477637526e-09 
3.9643367477637526e-09 
3.9643367477637526e-09 
3.9643367477637526e-09 
3.9643367477637526e-09 
3.9643367477637526e-09 
3.9643367477637526e-09 
3.9643367477637526e-09 
3.9643367477637526e-09 
3.9643367477637526e-09 
3.9643367477637526e-09 
3.9643367477637526e-09 
3.9643367477637526e-09 
3.9643367477637526e-09 
3.9643367477637526e-09 
3.9643367477637526e-09 
3.9643367477637526e-09 
3.9643367477637526e-09 
3.9643367477637526e-09 
3.9643367477637526e-09 
3.9643367477637526e-09 
3.9643367477637526e-09 
3.9643367477637526e-09 
3.9643367477637526e-09 
3.9643367477637526e-09 
3.9643367477637526e-09 
3.9643367477637526e-09 
3.9643367477637526e-09 
3.9643367477637526e-09 
3.9643367477637526e-09 
3.9643367477637526e-09 
3.9643367477637526e-09 
3.9643367477637526e-09 
3.9643367477637526e-09 
3.9643367477637526e-09 
3.9643367477637526e-09 
3.9643367477637526e-09 
3.9643367477637526e-09 
3.9643367477637526e-09 
3.9643367477637526e-09 
3.9643367477637526e-09 
3.9643367477637526e-09 
3.9643367477637526e-09 
3.9643367477637526e-09 
3.9643367477637526e-09 
3.9643367477637526e-09 
3.9643367477637526e-09 
3.9643367477637526e-09 
3.9643367477637526e-09 
3.9643367477637526e-09 
3.9643367477637526e-09 
3.9643367477637526e-09 
3.9643367477637526e-09 
3.9643367477637526e-09 
3.9643367477637526e-09 
3.9643367477637526e-09 
3.9643367477637526e-09 
3.9643367477637526e-09 
3.9643367477637526e-09 
3.9643367477637526e-09 
3.9643367477637526e-09 
3.9643367477637526e-09 
3.9643367477637526e-09 
3.9643367477637526e-09 
3.9643367477637526e-09 
3.9643367477637526e-09 
3.9643367477637526e-09 
3.9643367477637526e-09 
3.9643367477637526e-09 
3.9643367477637526e-09 
3.9643367477637526e-09 
3.9643367477637526e-09 
3.9643367477637526e-09 
3.9643367477637526e-09 
3.9643367477637526e-09 
3.9643367477637526e-09 
3.9643367477637526e-09 
3.9643367477637526e-09 
3.9643367477637526e-09 
3.9643367477637526e-09 
3.9643367477637526e-09 
3.9643367477637526e-09 
3.9643367477637526e-09 
3.9643367477637526e-09 
3.9643367477637526e-09 
3.9643367477637526e-09 
3.9643367477637526e-09 
3.9643367477637526e-09 
3.9643367477637526e-09 
3.9643367477637526e-09 
3.9643367477637526e-09 
3.9643367477637526e-09 
3.9643367477637526e-09 
3.9643367477637526e-09 
3.9643367477637526e-09 
3.9643367477637526e-09 
3.9643367477637526e-09 
3.9643367477637526e-09 
3.9643367477637526e-09 
3.9643367477637526e-09 
3.9643367477637526e-09 
3.9643367477637526e-09 
3.9643367477637526e-09 
3.9643367477637526e-09 
3.9643367477637526e-09 
3.9643367477637526e-09 
3.9643367477637526e-09 
3.9643367477637526e-09 
3.9643367477637526e-09 
3.9643367477637526e-09 
3.9643367477637526e-09 
3.9643367477637526e-09 
3.9643367477637526e-09 
3.9643367477637526e-09 
3.9643367477637526e-09 
7.6177841812352654e-10 
7.6177841812352654e-10 
7.6177841812352654e-10 
7.6177841812352654e-10 
7.6177841812352654e-10 
7.6177841812352654e-10 
7.6177841812352654e-10 
7.6177841812352654e-10 
7.6177841812352654e-10 
7.6177841812352654e-10 
7.6177841812352654e-10 
7.6177841812352654e-10 
7.6177841812352654e-10 
7.6177841812352654e-10 
7.6177841812352654e-10 
7.6177841812352654e-10 
7.6177841812352654e-10 
7.6177841812352654e-10 
7.6177841812352654e-10 
7.6177841812352654e-10 
7.6177841812352654e-10 
7.6177841812352654e-10 
7.6177841812352654e-10 
7.6177841812352654e-10 
7.6177841812352654e-10 
7.6177841812352654e-10 
7.6177841812352654e-10 
7.6177841812352654e-10 
7.6177841812352654e-10 
7.6177841812352654e-10 
7.6177841812352654e-10 
7.6177841812352654e-10 
7.6177841812352654e-10 
7.6177841812352654e-10 
7.6177841812352654e-10 
7.6177841812352654e-10 
7.6177841812352654e-10 
7.6177841812352654e-10 
7.6177841812352654e-10 
7.6177841812352654e-10 
7.6177841812352654e-10 
7.6177841812352654e-10 
7.6177841812352654e-10 
7.6177841812352654e-10 
7.6177841812352654e-10 
7.6177841812352654e-10 
7.6177841812352654e-10 
7.6177841812352654e-10 
7.6177841812352654e-10 
7.6177841812352654e-10 
7.6177841812352654e-10 
7.6177841812352654e-10 
7.6177841812352654e-10 
7.6177841812352654e-10 
7.6177841812352654e-10 
7.6177841812352654e-10 
7.6177841812352654e-10 
7.6177841812352654e-10 
7.6177841812352654e-10 
7.6177841812352654e-10 
7.6177841812352654e-10 
7.6177841812352654e-10 
7.6177841812352654e-10 
7.6177841812352654e-10 
7.6177841812352654e-10 
7.6177841812352654e-10 
7.6177841812352654e-10 
7.6177841812352654e-10 
7.6177841812352654e-10 
7.6177841812352654e-10 
