0.48723513043181466 
0.48723513043181466 
0.48723513043181466 
0.47381784445601682 
0.4339289319239244 
0.39918242127886233 
0.3695300975403556 
0.3449239006828152 
0.32531592563553852 
0.31065842228270935 
0.30090379546339713 
0.29600460497155773 
0.29591356555603321 
0.29591356555603321 
0.29591356555603321 
0.29591356555603321 
0.2954303986043631 
0.2954303986043631 
0.2954303986043631 
0.2954303986043631 
0.2954303986043631 
0.2954303986043631 
0.29450759798121345 
0.29395211722841547 
0.2936792901641968 
0.2913325336544646 
0.2913325336544646 
0.28786520358069756 
0.28596756217255426 
0.28596756217255426 
0.2851187106036791 
0.27678220682356652 
0.26953876837466689 
0.26470267395419161 
0.25594744505807304 
0.25100102547967695 
0.25054518099415907 
0.25054518099415907 
0.24747579470729975 
0.24225481800983528 
0.23722369437119664 
0.23239054210668658 
0.22776592896373674 
0.22336287212190734 
0.21919683819288766 
0.21528574322049565 
0.21029083921801345 
0.20423159055770473 
0.19844178141336452 
0.19289924548816323 
0.18758323457180895 
0.18247441854054697 
0.17755488535715983 
0.17280814107096773 
0.16797386309336329 
0.16365171511964624 
0.15932970136269781 
0.15523193579347747 
0.15133820924668331 
0.14762923614521703 
0.14383806618132988 
0.14021055940124441 
0.13679202036372171 
0.13311375751565035 
0.1296052982819661 
0.12638830984054561 
0.12333499496816085 
0.11994754351381701 
0.11665571182186055 
0.11345166108868401 
0.11032849065213604 
0.10728023799152114 
0.10430187872759973 
0.10131324925158861 
0.098523519939398826 
0.095719657402891928 
0.092975010437808689 
0.090287768842835542 
0.087657040790604268 
0.085082852827692068 
0.082566149874621464 
0.080108795225860438 
0.077713570549822295 
0.075384175888865729 
0.073125229659294785 
0.070942268651358942 
0.068841748029253039 
0.066592318831114397 
0.064068017425952195 
0.061919716357419809 
0.060128618462272999 
0.057874367133691186 
0.055876606648081792 
0.054302698074620473 
0.052840581708443933 
0.050755405202675893 
0.048735446493365558 
0.046790785294735016 
0.044932348854170447 
0.043171911952222093 
0.041522096902604264 
0.039996373552195312 
0.038609059281037771 
0.037375319002338141 
0.036311165162466942 
0.035433457740959018 
0.034759904250513049 
0.0343090597369917 
0.033610991858678739 
0.031994344722554767 
0.030462897826908288 
0.029008292317156611 
0.02762275378304354 
0.02629909225863921 
0.025030702222340214 
0.023811562596869541 
0.022636236749276589 
0.021499872490937173 
0.020398202077553537 
0.019327542209154305 
0.018284794030094521 
0.017103553304315691 
0.015997753188851205 
0.015087281909728002 
0.014064373520026374 
0.013164475780379391 
0.012400997365773204 
0.011787974446987847 
0.01082396374691552 
0.0099386859174653477 
0.0091700452186293299 
0.0085048118133757324 
0.0078388277957603513 
0.0071512768684633072 
0.0065918570685654264 
0.0059902541548813096 
0.0054143107231318091 
0.0048644180163462825 
0.0043414723017026003 
0.0038468748705272251 
0.0033825320382951255 
0.0029508551446298446 
0.0025547605533034591 
0.0021976696522365896 
0.001883508853498407 
0.0016106363101555657 
0.0013381699372201883 
0.0010981331490750867 
0.00089183597818361104 
0.00072104299693599109 
0.00058797331764955487 
0.00047649911502013574 
0.00033656934740163832 
0.00021652107625985201 
0.00012441024414470392 
6.772612915862334e-05 
2.5792936790190487e-05 
5.7763777906735856e-06 
1.0694537881538544e-06 
1.0694537881538544e-06 
1.0694537881538544e-06 
1.0694537881538544e-06 
1.0264472252116866e-06 
1.0264472252116866e-06 
1.0264472252116866e-06 
1.0264472252116866e-06 
4.860472460609859e-07 
4.860472460609859e-07 
4.860472460609859e-07 
2.0959896256129731e-07 
2.0959896256129731e-07 
2.0959896256129731e-07 
2.0959896256129731e-07 
2.0959896256129731e-07 
2.0959896256129731e-07 
2.0959896256129731e-07 
2.1782561217648083e-08 
2.1782561217648083e-08 
2.1782561217648083e-08 
2.1782561217648083e-08 
2.1782561217648083e-08 
2.1782561217648083e-08 
2.1782561217648083e-08 
2.1782561217648083e-08 
2.1782561217648083e-08 
2.1782561217648083e-08 
2.1782561217648083e-08 
2.1782561217648083e-08 
2.1782561217648083e-08 
2.1782561217648083e-08 
2.1782561217648083e-08 
2.1782561217648083e-08 
2.1782561217648083e-08 
2.1782561217648083e-08 
2.1782561217648083e-08 
2.1782561217648083e-08 
2.1782561217648083e-08 
2.1782561217648083e-08 
2.1782561217648083e-08 
1.3328903504314899e-08 
1.3328903504314899e-08 
1.3328903504314899e-08 
1.3328903504314899e-08 
1.3328903504314899e-08 
1.3328903504314899e-08 
1.3328903504314899e-08 
1.3328903504314899e-08 
1.3328903504314899e-08 
1.3328903504314899e-08 
1.3328903504314899e-08 
1.2873007479433346e-08 
1.2873007479433346e-08 
1.2873007479433346e-08 
9.7947742838871174e-09 
9.7947742838871174e-09 
9.7947742838871174e-09 
9.7947742838871174e-09 
9.7947742838871174e-09 
9.7947742838871174e-09 
9.7947742838871174e-09 
9.7947742838871174e-09 
9.7947742838871174e-09 
9.7947742838871174e-09 
9.7947742838871174e-09 
9.7947742838871174e-09 
9.7947742838871174e-09 
9.7947742838871174e-09 
9.7947742838871174e-09 
9.7947742838871174e-09 
9.7947742838871174e-09 
9.7947742838871174e-09 
9.7947742838871174e-09 
9.7947742838871174e-09 
9.7947742838871174e-09 
9.7947742838871174e-09 
9.7947742838871174e-09 
9.7947742838871174e-09 
9.7947742838871174e-09 
9.7947742838871174e-09 
9.7947742838871174e-09 
9.7947742838871174e-09 
9.7947742838871174e-09 
9.7947742838871174e-09 
9.7947742838871174e-09 
9.7947742838871174e-09 
9.7947742838871174e-09 
9.7947742838871174e-09 
9.7947742838871174e-09 
9.7947742838871174e-09 
9.7947742838871174e-09 
9.7947742838871174e-09 
9.7947742838871174e-09 
9.7947742838871174e-09 
9.7947742838871174e-09 
9.7947742838871174e-09 
9.7947742838871174e-09 
9.7947742838871174e-09 
9.7947742838871174e-09 
9.7947742838871174e-09 
9.7947742838871174e-09 
9.7947742838871174e-09 
9.7947742838871174e-09 
9.7947742838871174e-09 
9.7947742838871174e-09 
1.9546016396938647e-09 
1.9546016396938647e-09 
1.9546016396938647e-09 
1.9546016396938647e-09 
1.9546016396938647e-09 
1.9546016396938647e-09 
1.9546016396938647e-09 
1.9546016396938647e-09 
1.9546016396938647e-09 
1.9546016396938647e-09 
1.9546016396938647e-09 
1.9546016396938647e-09 
1.9546016396938647e-09 
1.9546016396938647e-09 
1.9546016396938647e-09 
1.9546016396938647e-09 
1.9546016396938647e-09 
1.9546016396938647e-09 
1.9546016396938647e-09 
1.9546016396938647e-09 
1.9546016396938647e-09 
1.9546016396938647e-09 
1.9546016396938647e-09 
1.9546016396938647e-09 
1.9546016396938647e-09 
1.9546016396938647e-09 
1.9546016396938647e-09 
1.9546016396938647e-09 
1.9546016396938647e-09 
1.9546016396938647e-09 
1.9546016396938647e-09 
1.9546016396938647e-09 
1.9546016396938647e-09 
1.9546016396938647e-09 
1.9546016396938647e-09 
1.9546016396938647e-09 
1.9546016396938647e-09 
1.9546016396938647e-09 
1.9546016396938647e-09 
1.9546016396938647e-09 
1.9546016396938647e-09 
1.9546016396938647e-09 
1.9546016396938647e-09 
1.9546016396938647e-09 
1.9546016396938647e-09 
1.9546016396938647e-09 
1.9546016396938647e-09 
1.9546016396938647e-09 
1.9546016396938647e-09 
1.9546016396938647e-09 
1.9546016396938647e-09 
1.9546016396938647e-09 
1.9546016396938647e-09 
1.9546016396938647e-09 
1.9546016396938647e-09 
1.9546016396938647e-09 
1.9546016396938647e-09 
1.9546016396938647e-09 
1.9546016396938647e-09 
1.9546016396938647e-09 
1.9546016396938647e-09 
1.9546016396938647e-09 
1.9546016396938647e-09 
1.9546016396938647e-09 
1.9546016396938647e-09 
1.9546016396938647e-09 
1.9546016396938647e-09 
1.9546016396938647e-09 
1.432784849087378e-09 
1.432784849087378e-09 
1.432784849087378e-09 
1.432784849087378e-09 
1.432784849087378e-09 
1.432784849087378e-09 
1.432784849087378e-09 
1.432784849087378e-09 
1.432784849087378e-09 
1.432784849087378e-09 
1.432784849087378e-09 
1.432784849087378e-09 
1.432784849087378e-09 
1.432784849087378e-09 
1.432784849087378e-09 
1.432784849087378e-09 
1.432784849087378e-09 
1.432784849087378e-09 
1.432784849087378e-09 
1.432784849087378e-09 
1.432784849087378e-09 
1.432784849087378e-09 
1.432784849087378e-09 
1.432784849087378e-09 
1.432784849087378e-09 
1.432784849087378e-09 
1.432784849087378e-09 
1.432784849087378e-09 
1.432784849087378e-09 
1.432784849087378e-09 
1.432784849087378e-09 
1.432784849087378e-09 
1.432784849087378e-09 
1.432784849087378e-09 
1.432784849087378e-09 
1.432784849087378e-09 
1.432784849087378e-09 
1.432784849087378e-09 
1.432784849087378e-09 
1.432784849087378e-09 
1.432784849087378e-09 
1.432784849087378e-09 
1.432784849087378e-09 
1.432784849087378e-09 
1.432784849087378e-09 
1.432784849087378e-09 
1.432784849087378e-09 
1.432784849087378e-09 
1.432784849087378e-09 
1.432784849087378e-09 
5.3243470456716747e-10 
5.3243470456716747e-10 
5.3243470456716747e-10 
5.3243470456716747e-10 
3.7289950243725606e-11 
3.7289950243725606e-11 
3.7289950243725606e-11 
3.7289950243725606e-11 
3.7289950243725606e-11 
3.7289950243725606e-11 
3.7289950243725606e-11 
3.7289950243725606e-11 
3.7289950243725606e-11 
3.7289950243725606e-11 
3.7289950243725606e-11 
3.7289950243725606e-11 
3.7289950243725606e-11 
3.7289950243725606e-11 
3.7289950243725606e-11 
3.7289950243725606e-11 
3.7289950243725606e-11 
3.7289950243725606e-11 
3.7289950243725606e-11 
3.7289950243725606e-11 
3.7289950243725606e-11 
3.7289950243725606e-11 
3.7289950243725606e-11 
3.7289950243725606e-11 
3.7289950243725606e-11 
3.7289950243725606e-11 
3.7289950243725606e-11 
3.7289950243725606e-11 
3.7289950243725606e-11 
3.7289950243725606e-11 
3.7289950243725606e-11 
3.7289950243725606e-11 
3.7289950243725606e-11 
3.7289950243725606e-11 
3.7289950243725606e-11 
3.7289950243725606e-11 
3.7289950243725606e-11 
3.7289950243725606e-11 
3.7289950243725606e-11 
3.7289950243725606e-11 
3.7289950243725606e-11 
3.7289950243725606e-11 
3.7289950243725606e-11 
3.7289950243725606e-11 
3.7289950243725606e-11 
3.7289950243725606e-11 
3.7289950243725606e-11 
3.7289950243725606e-11 
3.7289950243725606e-11 
3.7289950243725606e-11 
3.7289950243725606e-11 
3.7289950243725606e-11 
3.7289950243725606e-11 
3.7289950243725606e-11 
3.7289950243725606e-11 
3.7289950243725606e-11 
3.7289950243725606e-11 
3.7289950243725606e-11 
3.7289950243725606e-11 
3.7289950243725606e-11 
3.7289950243725606e-11 
3.7289950243725606e-11 
3.7289950243725606e-11 
3.7289950243725606e-11 
3.7289950243725606e-11 
3.7289950243725606e-11 
3.7289950243725606e-11 
3.7289950243725606e-11 
3.7289950243725606e-11 
3.7289950243725606e-11 
3.7289950243725606e-11 
3.7289950243725606e-11 
3.7289950243725606e-11 
3.7289950243725606e-11 
3.7289950243725606e-11 
3.7289950243725606e-11 
3.7289950243725606e-11 
3.7289950243725606e-11 
3.7289950243725606e-11 
3.7289950243725606e-11 
3.7289950243725606e-11 
3.7289950243725606e-11 
3.7289950243725606e-11 
3.7289950243725606e-11 
3.7289950243725606e-11 
3.7289950243725606e-11 
3.7289950243725606e-11 
3.7289950243725606e-11 
3.7289950243725606e-11 
3.7289950243725606e-11 
3.7289950243725606e-11 
3.7289950243725606e-11 
3.7289950243725606e-11 
3.7289950243725606e-11 
3.7289950243725606e-11 
3.7289950243725606e-11 
3.7289950243725606e-11 
3.7289950243725606e-11 
3.7289950243725606e-11 
3.7289950243725606e-11 
3.7289950243725606e-11 
3.7289950243725606e-11 
3.7289950243725606e-11 
3.7289950243725606e-11 
3.7289950243725606e-11 
3.7289950243725606e-11 
3.7289950243725606e-11 
3.7289950243725606e-11 
3.7289950243725606e-11 
3.7289950243725606e-11 
3.7289950243725606e-11 
3.7289950243725606e-11 
3.7289950243725606e-11 
3.7289950243725606e-11 
3.7289950243725606e-11 
3.7289950243725606e-11 
3.7289950243725606e-11 
3.7289950243725606e-11 
3.7289950243725606e-11 
3.7289950243725606e-11 
3.7289950243725606e-11 
3.7289950243725606e-11 
3.7289950243725606e-11 
3.7289950243725606e-11 
3.7289950243725606e-11 
3.7289950243725606e-11 
3.7289950243725606e-11 
3.7289950243725606e-11 
3.7289950243725606e-11 
3.7289950243725606e-11 
3.7289950243725606e-11 
3.7289950243725606e-11 
3.7289950243725606e-11 
3.7289950243725606e-11 
3.7289950243725606e-11 
3.7289950243725606e-11 
3.7289950243725606e-11 
3.7289950243725606e-11 
3.7289950243725606e-11 
3.7289950243725606e-11 
3.7289950243725606e-11 
3.7289950243725606e-11 
3.7289950243725606e-11 
3.7289950243725606e-11 
3.7289950243725606e-11 
3.7289950243725606e-11 
3.7289950243725606e-11 
3.7289950243725606e-11 
3.7289950243725606e-11 
3.7289950243725606e-11 
3.7289950243725606e-11 
3.7289950243725606e-11 
3.7289950243725606e-11 
3.7289950243725606e-11 
3.7289950243725606e-11 
3.7289950243725606e-11 
3.7289950243725606e-11 
3.7289950243725606e-11 
3.7289950243725606e-11 
3.7289950243725606e-11 
3.7289950243725606e-11 
3.7289950243725606e-11 
3.7289950243725606e-11 
3.7289950243725606e-11 
3.7289950243725606e-11 
3.7289950243725606e-11 
3.7289950243725606e-11 
3.7289950243725606e-11 
3.7289950243725606e-11 
3.7289950243725606e-11 
3.7289950243725606e-11 
3.7289950243725606e-11 
3.7289950243725606e-11 
3.7289950243725606e-11 
3.7289950243725606e-11 
3.7289950243725606e-11 
3.7289950243725606e-11 
3.7289950243725606e-11 
3.7289950243725606e-11 
3.7289950243725606e-11 
3.7289950243725606e-11 
3.7289950243725606e-11 
3.7289950243725606e-11 
3.7289950243725606e-11 
3.7289950243725606e-11 
3.7289950243725606e-11 
3.7289950243725606e-11 
3.7289950243725606e-11 
3.7289950243725606e-11 
3.7289950243725606e-11 
3.7289950243725606e-11 
3.7289950243725606e-11 
3.7289950243725606e-11 
3.7289950243725606e-11 
3.7289950243725606e-11 
3.7289950243725606e-11 
3.7289950243725606e-11 
3.7289950243725606e-11 
3.7289950243725606e-11 
3.7289950243725606e-11 
3.7289950243725606e-11 
3.7289950243725606e-11 
3.7289950243725606e-11 
3.7289950243725606e-11 
3.7289950243725606e-11 
3.7289950243725606e-11 
3.7289950243725606e-11 
3.7289950243725606e-11 
3.7289950243725606e-11 
3.7289950243725606e-11 
3.7289950243725606e-11 
3.7289950243725606e-11 
3.7289950243725606e-11 
3.7289950243725606e-11 
3.7289950243725606e-11 
3.7289950243725606e-11 
3.7289950243725606e-11 
3.7289950243725606e-11 
3.7289950243725606e-11 
3.7289950243725606e-11 
3.7289950243725606e-11 
3.7289950243725606e-11 
3.7289950243725606e-11 
3.7289950243725606e-11 
3.7289950243725606e-11 
3.7289950243725606e-11 
3.7289950243725606e-11 
3.7289950243725606e-11 
3.7289950243725606e-11 
3.7289950243725606e-11 
3.7289950243725606e-11 
3.7289950243725606e-11 
3.7289950243725606e-11 
3.7289950243725606e-11 
3.7289950243725606e-11 
3.7289950243725606e-11 
3.7289950243725606e-11 
3.7289950243725606e-11 
3.7289950243725606e-11 
3.7289950243725606e-11 
3.7289950243725606e-11 
3.7289950243725606e-11 
3.7289950243725606e-11 
3.7289950243725606e-11 
3.7289950243725606e-11 
3.7289950243725606e-11 
3.7289950243725606e-11 
3.7289950243725606e-11 
3.7289950243725606e-11 
3.7289950243725606e-11 
3.7289950243725606e-11 
3.7289950243725606e-11 
3.7289950243725606e-11 
3.7289950243725606e-11 
3.7289950243725606e-11 
3.7289950243725606e-11 
3.7289950243725606e-11 
3.7289950243725606e-11 
3.7289950243725606e-11 
3.7289950243725606e-11 
3.7289950243725606e-11 
3.7289950243725606e-11 
3.7289950243725606e-11 
3.7289950243725606e-11 
3.7289950243725606e-11 
3.7289950243725606e-11 
3.7289950243725606e-11 
3.7289950243725606e-11 
3.7289950243725606e-11 
3.7289950243725606e-11 
3.7289950243725606e-11 
3.7289950243725606e-11 
3.7289950243725606e-11 
3.7289950243725606e-11 
3.7289950243725606e-11 
3.7289950243725606e-11 
3.7289950243725606e-11 
3.7289950243725606e-11 
3.7289950243725606e-11 
3.7289950243725606e-11 
3.7289950243725606e-11 
3.7289950243725606e-11 
3.7289950243725606e-11 
3.7289950243725606e-11 
3.7289950243725606e-11 
3.7289950243725606e-11 
3.7289950243725606e-11 
3.7289950243725606e-11 
3.7289950243725606e-11 
3.7289950243725606e-11 
3.7289950243725606e-11 
3.7289950243725606e-11 
3.7289950243725606e-11 
3.7289950243725606e-11 
3.7289950243725606e-11 
3.7289950243725606e-11 
3.7289950243725606e-11 
3.7289950243725606e-11 
3.7289950243725606e-11 
3.7289950243725606e-11 
3.7289950243725606e-11 
3.7289950243725606e-11 
3.7289950243725606e-11 
3.7289950243725606e-11 
3.7289950243725606e-11 
3.7289950243725606e-11 
3.7289950243725606e-11 
3.7289950243725606e-11 
3.7289950243725606e-11 
3.7289950243725606e-11 
3.7289950243725606e-11 
3.7289950243725606e-11 
3.7289950243725606e-11 
3.7289950243725606e-11 
3.7289950243725606e-11 
3.7289950243725606e-11 
3.7289950243725606e-11 
3.7289950243725606e-11 
3.7289950243725606e-11 
3.7289950243725606e-11 
3.7289950243725606e-11 
3.7289950243725606e-11 
3.7289950243725606e-11 
3.7289950243725606e-11 
3.7289950243725606e-11 
3.7289950243725606e-11 
3.7289950243725606e-11 
3.7289950243725606e-11 
3.7289950243725606e-11 
3.7289950243725606e-11 
3.7289950243725606e-11 
3.7289950243725606e-11 
3.7289950243725606e-11 
3.7289950243725606e-11 
3.7289950243725606e-11 
3.7289950243725606e-11 
3.7289950243725606e-11 
3.7289950243725606e-11 
3.7289950243725606e-11 
3.7289950243725606e-11 
3.7289950243725606e-11 
3.7289950243725606e-11 
3.7289950243725606e-11 
3.7289950243725606e-11 
3.7289950243725606e-11 
3.7289950243725606e-11 
3.7289950243725606e-11 
3.7289950243725606e-11 
3.7289950243725606e-11 
3.7289950243725606e-11 
3.7289950243725606e-11 
3.7289950243725606e-11 
3.7289950243725606e-11 
3.7289950243725606e-11 
3.7289950243725606e-11 
3.7289950243725606e-11 
3.7289950243725606e-11 
3.7289950243725606e-11 
3.7289950243725606e-11 
3.7289950243725606e-11 
3.7289950243725606e-11 
3.7289950243725606e-11 
3.7289950243725606e-11 
3.7289950243725606e-11 
3.7289950243725606e-11 
3.7289950243725606e-11 
3.7289950243725606e-11 
3.7289950243725606e-11 
3.7289950243725606e-11 
3.7289950243725606e-11 
3.7289950243725606e-11 
3.7289950243725606e-11 
3.7289950243725606e-11 
3.7289950243725606e-11 
3.7289950243725606e-11 
3.7289950243725606e-11 
3.7289950243725606e-11 
3.7289950243725606e-11 
3.7289950243725606e-11 
3.7289950243725606e-11 
3.7289950243725606e-11 
3.7289950243725606e-11 
3.7289950243725606e-11 
3.7289950243725606e-11 
3.7289950243725606e-11 
3.7289950243725606e-11 
3.7289950243725606e-11 
3.7289950243725606e-11 
3.7289950243725606e-11 
3.7289950243725606e-11 
3.7289950243725606e-11 
3.7289950243725606e-11 
3.7289950243725606e-11 
3.7289950243725606e-11 
3.7289950243725606e-11 
3.7289950243725606e-11 
3.7289950243725606e-11 
3.7289950243725606e-11 
3.7289950243725606e-11 
3.7289950243725606e-11 
3.7289950243725606e-11 
3.7289950243725606e-11 
3.7289950243725606e-11 
3.7289950243725606e-11 
3.7289950243725606e-11 
3.7289950243725606e-11 
3.7289950243725606e-11 
3.7289950243725606e-11 
3.7289950243725606e-11 
3.7289950243725606e-11 
3.7289950243725606e-11 
3.7289950243725606e-11 
3.7289950243725606e-11 
3.7289950243725606e-11 
3.7289950243725606e-11 
3.7289950243725606e-11 
3.7289950243725606e-11 
3.7289950243725606e-11 
3.7289950243725606e-11 
3.7289950243725606e-11 
3.7289950243725606e-11 
3.7289950243725606e-11 
3.7289950243725606e-11 
3.7289950243725606e-11 
3.7289950243725606e-11 
3.7289950243725606e-11 
3.7289950243725606e-11 
3.7289950243725606e-11 
3.7289950243725606e-11 
3.7289950243725606e-11 
3.7289950243725606e-11 
3.7289950243725606e-11 
3.7289950243725606e-11 
3.7289950243725606e-11 
3.7289950243725606e-11 
3.7289950243725606e-11 
3.7289950243725606e-11 
3.7289950243725606e-11 
3.7289950243725606e-11 
3.7289950243725606e-11 
3.7289950243725606e-11 
3.7289950243725606e-11 
3.7289950243725606e-11 
3.7289950243725606e-11 
3.7289950243725606e-11 
3.7289950243725606e-11 
3.7289950243725606e-11 
3.7289950243725606e-11 
3.7289950243725606e-11 
3.7289950243725606e-11 
3.7289950243725606e-11 
3.7289950243725606e-11 
3.7289950243725606e-11 
3.7289950243725606e-11 
3.7289950243725606e-11 
3.7289950243725606e-11 
3.7289950243725606e-11 
3.7289950243725606e-11 
3.7289950243725606e-11 
3.7289950243725606e-11 
3.7289950243725606e-11 
3.7289950243725606e-11 
3.7289950243725606e-11 
3.7289950243725606e-11 
3.7289950243725606e-11 
3.7289950243725606e-11 
3.7289950243725606e-11 
3.7289950243725606e-11 
3.7289950243725606e-11 
3.7289950243725606e-11 
3.7289950243725606e-11 
3.7289950243725606e-11 
3.7289950243725606e-11 
3.7289950243725606e-11 
3.7289950243725606e-11 
3.7289950243725606e-11 
3.7289950243725606e-11 
3.7289950243725606e-11 
3.7289950243725606e-11 
3.7289950243725606e-11 
3.7289950243725606e-11 
3.7289950243725606e-11 
3.7289950243725606e-11 
3.7289950243725606e-11 
3.7289950243725606e-11 
3.7289950243725606e-11 
3.7289950243725606e-11 
3.7289950243725606e-11 
3.7289950243725606e-11 
3.7289950243725606e-11 
3.7289950243725606e-11 
3.7289950243725606e-11 
3.7289950243725606e-11 
3.7289950243725606e-11 
3.7289950243725606e-11 
3.7289950243725606e-11 
3.7289950243725606e-11 
3.7289950243725606e-11 
3.7289950243725606e-11 
3.7289950243725606e-11 
3.7289950243725606e-11 
3.7289950243725606e-11 
3.7289950243725606e-11 
3.7289950243725606e-11 
3.7289950243725606e-11 
3.7289950243725606e-11 
3.7289950243725606e-11 
3.7289950243725606e-11 
3.7289950243725606e-11 
3.7289950243725606e-11 
3.7289950243725606e-11 
3.7289950243725606e-11 
3.7289950243725606e-11 
3.7289950243725606e-11 
3.7289950243725606e-11 
3.7289950243725606e-11 
3.7289950243725606e-11 
3.7289950243725606e-11 
3.7289950243725606e-11 
3.7289950243725606e-11 
3.7289950243725606e-11 
3.7289950243725606e-11 
3.7289950243725606e-11 
3.7289950243725606e-11 
3.7289950243725606e-11 
3.7289950243725606e-11 
3.7289950243725606e-11 
3.7289950243725606e-11 
3.7289950243725606e-11 
3.7289950243725606e-11 
3.7289950243725606e-11 
3.7289950243725606e-11 
3.7289950243725606e-11 
3.7289950243725606e-11 
3.7289950243725606e-11 
3.7289950243725606e-11 
3.7289950243725606e-11 
3.7289950243725606e-11 
3.7289950243725606e-11 
3.7289950243725606e-11 
3.7289950243725606e-11 
3.7289950243725606e-11 
3.7289950243725606e-11 
3.7289950243725606e-11 
3.7289950243725606e-11 
3.7289950243725606e-11 
3.7289950243725606e-11 
3.7289950243725606e-11 
3.7289950243725606e-11 
3.7289950243725606e-11 
3.7289950243725606e-11 
3.7289950243725606e-11 
3.7289950243725606e-11 
3.7289950243725606e-11 
3.7289950243725606e-11 
3.7289950243725606e-11 
3.7289950243725606e-11 
3.7289950243725606e-11 
3.7289950243725606e-11 
3.7289950243725606e-11 
3.7289950243725606e-11 
3.7289950243725606e-11 
3.7289950243725606e-11 
3.7289950243725606e-11 
3.7289950243725606e-11 
3.7289950243725606e-11 
3.7289950243725606e-11 
3.7289950243725606e-11 
3.7289950243725606e-11 
3.7289950243725606e-11 
3.7289950243725606e-11 
3.7289950243725606e-11 
3.7289950243725606e-11 
3.7289950243725606e-11 
3.7289950243725606e-11 
3.7289950243725606e-11 
3.7289950243725606e-11 
3.7289950243725606e-11 
3.7289950243725606e-11 
3.7289950243725606e-11 
3.7289950243725606e-11 
3.7289950243725606e-11 
3.7289950243725606e-11 
3.7289950243725606e-11 
3.7289950243725606e-11 
3.7289950243725606e-11 
3.7289950243725606e-11 
3.7289950243725606e-11 
3.7289950243725606e-11 
3.7289950243725606e-11 
3.7289950243725606e-11 
3.7289950243725606e-11 
3.7289950243725606e-11 
3.7289950243725606e-11 
3.7289950243725606e-11 
3.7289950243725606e-11 
3.7289950243725606e-11 
3.7289950243725606e-11 
3.7289950243725606e-11 
3.7289950243725606e-11 
3.7289950243725606e-11 
3.7289950243725606e-11 
3.7289950243725606e-11 
3.7289950243725606e-11 
3.7289950243725606e-11 
3.7289950243725606e-11 
3.7289950243725606e-11 
3.7289950243725606e-11 
3.7289950243725606e-11 
3.7289950243725606e-11 
3.7289950243725606e-11 
3.7289950243725606e-11 
3.7289950243725606e-11 
3.7289950243725606e-11 
