0.4799280937046162 
0.31067831663039946 
0.31067831663039946 
0.14054576849090775 
0.065401400457899606 
0.040102119758804802 
0.040102119758804802 
0.040102119758804802 
0.01370836230606794 
0.01370836230606794 
0.01370836230606794 
0.01370836230606794 
0.01370836230606794 
0.01370836230606794 
0.01370836230606794 
0.0070664410804563054 
0.0070664410804563054 
0.0070664410804563054 
0.0070664410804563054 
0.0070664410804563054 
0.0070664410804563054 
0.0070664410804563054 
0.0070664410804563054 
0.0070664410804563054 
0.0070664410804563054 
0.0070664410804563054 
0.0016603048632687187 
0.0016603048632687187 
0.0016603048632687187 
0.0016603048632687187 
0.0016603048632687187 
0.0016603048632687187 
0.0016603048632687187 
0.0016603048632687187 
0.0016603048632687187 
0.0016603048632687187 
0.0016603048632687187 
0.0016603048632687187 
0.0016603048632687187 
0.0016603048632687187 
0.0016603048632687187 
0.0016603048632687187 
0.0016603048632687187 
0.0016603048632687187 
0.00010158914393868338 
0.00010158914393868338 
0.00010158914393868338 
0.00010158914393868338 
0.00010158914393868338 
0.00010158914393868338 
0.00010158914393868338 
0.00010158914393868338 
0.00010158914393868338 
0.00010158914393868338 
0.00010158914393868338 
0.00010158914393868338 
0.00010158914393868338 
0.00010158914393868338 
0.00010158914393868338 
9.8132107792065328e-05 
9.8132107792065328e-05 
9.8132107792065328e-05 
9.8132107792065328e-05 
9.8132107792065328e-05 
9.3979305970558313e-05 
3.4672750059720337e-05 
3.4672750059720337e-05 
3.4672750059720337e-05 
3.4672750059720337e-05 
1.852173099206728e-05 
1.852173099206728e-05 
1.852173099206728e-05 
1.852173099206728e-05 
1.852173099206728e-05 
1.852173099206728e-05 
1.852173099206728e-05 
1.8100029279386457e-05 
1.8100029279386457e-05 
1.8100029279386457e-05 
1.8100029279386457e-05 
1.8100029279386457e-05 
1.8100029279386457e-05 
1.8100029279386457e-05 
1.8100029279386457e-05 
1.8100029279386457e-05 
1.8100029279386457e-05 
1.8100029279386457e-05 
1.8100029279386457e-05 
1.8100029279386457e-05 
1.8100029279386457e-05 
1.8100029279386457e-05 
1.8100029279386457e-05 
1.8100029279386457e-05 
1.8100029279386457e-05 
1.8100029279386457e-05 
1.8100029279386457e-05 
1.8100029279386457e-05 
1.8100029279386457e-05 
1.8100029279386457e-05 
1.8100029279386457e-05 
1.8100029279386457e-05 
1.8100029279386457e-05 
1.8100029279386457e-05 
1.8100029279386457e-05 
1.8100029279386457e-05 
1.8100029279386457e-05 
1.8100029279386457e-05 
1.8100029279386457e-05 
6.1988241355545989e-06 
6.1988241355545989e-06 
6.1988241355545989e-06 
6.1988241355545989e-06 
6.1988241355545989e-06 
6.1988241355545989e-06 
6.1988241355545989e-06 
6.1988241355545989e-06 
4.9845574135327169e-06 
1.0791497808534085e-06 
1.0791497808534085e-06 
3.6266135743922104e-07 
3.6266135743922104e-07 
3.6266135743922104e-07 
3.6266135743922104e-07 
3.6266135743922104e-07 
3.6266135743922104e-07 
3.6266135743922104e-07 
3.6266135743922104e-07 
3.6266135743922104e-07 
3.6266135743922104e-07 
3.6266135743922104e-07 
3.6266135743922104e-07 
3.6266135743922104e-07 
3.6266135743922104e-07 
3.6266135743922104e-07 
3.6266135743922104e-07 
3.6266135743922104e-07 
3.6266135743922104e-07 
3.6266135743922104e-07 
3.6266135743922104e-07 
3.6266135743922104e-07 
3.6266135743922104e-07 
3.3895945121686905e-07 
2.8337830342203541e-07 
2.8337830342203541e-07 
8.3240234838394056e-08 
2.7287535896808815e-08 
2.7287535896808815e-08 
2.7287535896808815e-08 
2.7287535896808815e-08 
1.9475689117976961e-08 
1.9475689117976961e-08 
1.9475689117976961e-08 
1.9475689117976961e-08 
1.9475689117976961e-08 
1.6465032720813245e-08 
1.0735639090192988e-08 
5.487517661073874e-09 
5.487517661073874e-09 
5.487517661073874e-09 
5.487517661073874e-09 
5.487517661073874e-09 
5.487517661073874e-09 
3.896230049436553e-09 
3.2120027049061303e-09 
3.2120027049061303e-09 
3.2120027049061303e-09 
8.3954385361280972e-10 
8.3954385361280972e-10 
8.3954385361280972e-10 
8.3954385361280972e-10 
8.3954385361280972e-10 
8.3954385361280972e-10 
8.3954385361280972e-10 
8.3954385361280972e-10 
8.3954385361280972e-10 
8.3954385361280972e-10 
8.0765413906145424e-10 
7.8420986123247029e-11 
7.8420986123247029e-11 
7.8420986123247029e-11 
2.445919644257518e-11 
2.445919644257518e-11 
2.445919644257518e-11 
2.445919644257518e-11 
2.445919644257518e-11 
2.445919644257518e-11 
2.445919644257518e-11 
2.445919644257518e-11 
2.445919644257518e-11 
2.445919644257518e-11 
2.445919644257518e-11 
2.445919644257518e-11 
2.445919644257518e-11 
2.445919644257518e-11 
2.445919644257518e-11 
2.445919644257518e-11 
2.445919644257518e-11 
2.445919644257518e-11 
2.445919644257518e-11 
2.445919644257518e-11 
2.445919644257518e-11 
2.445919644257518e-11 
2.445919644257518e-11 
2.445919644257518e-11 
2.445919644257518e-11 
2.445919644257518e-11 
2.445919644257518e-11 
2.445919644257518e-11 
2.445919644257518e-11 
2.445919644257518e-11 
2.445919644257518e-11 
2.445919644257518e-11 
2.445919644257518e-11 
2.445919644257518e-11 
2.445919644257518e-11 
2.445919644257518e-11 
2.445919644257518e-11 
2.445919644257518e-11 
2.445919644257518e-11 
2.445919644257518e-11 
2.445919644257518e-11 
2.445919644257518e-11 
2.445919644257518e-11 
2.445919644257518e-11 
2.445919644257518e-11 
2.445919644257518e-11 
2.445919644257518e-11 
2.445919644257518e-11 
2.445919644257518e-11 
2.445919644257518e-11 
2.445919644257518e-11 
2.445919644257518e-11 
2.445919644257518e-11 
1.7598062948669041e-11 
1.7598062948669041e-11 
6.3915431831068529e-12 
6.3915431831068529e-12 
3.4789956636815535e-12 
3.4789956636815535e-12 
2.4556046456105136e-12 
2.4556046456105136e-12 
2.4556046456105136e-12 
2.4556046456105136e-12 
2.4556046456105136e-12 
2.4556046456105136e-12 
1.2157787558267731e-12 
1.2157787558267731e-12 
1.2157787558267731e-12 
1.2157787558267731e-12 
1.2157787558267731e-12 
1.2157787558267731e-12 
1.2157787558267731e-12 
1.2157787558267731e-12 
1.2157787558267731e-12 
1.2157787558267731e-12 
1.0349972968497957e-12 
1.0349972968497957e-12 
8.8385259769880434e-13 
8.8385259769880434e-13 
8.8385259769880434e-13 
8.8385259769880434e-13 
8.8385259769880434e-13 
8.8385259769880434e-13 
8.8385259769880434e-13 
8.8385259769880434e-13 
8.150531000921315e-13 
8.150531000921315e-13 
8.150531000921315e-13 
8.150531000921315e-13 
8.150531000921315e-13 
8.150531000921315e-13 
8.0047507250648507e-13 
8.0047507250648507e-13 
8.0047507250648507e-13 
8.0047507250648507e-13 
8.0047507250648507e-13 
8.0047507250648507e-13 
8.0047507250648507e-13 
8.0047507250648507e-13 
8.0047507250648507e-13 
8.0047507250648507e-13 
8.0047507250648507e-13 
8.0047507250648507e-13 
8.0047507250648507e-13 
8.0047507250648507e-13 
8.0047507250648507e-13 
8.0047507250648507e-13 
8.0047507250648507e-13 
8.0047507250648507e-13 
8.0047507250648507e-13 
8.0047507250648507e-13 
8.0047507250648507e-13 
8.0047507250648507e-13 
8.0047507250648507e-13 
8.0047507250648507e-13 
8.0047507250648507e-13 
8.0047507250648507e-13 
8.0047507250648507e-13 
8.0047507250648507e-13 
8.0047507250648507e-13 
8.0047507250648507e-13 
8.0047507250648507e-13 
8.0047507250648507e-13 
8.0047507250648507e-13 
8.0047507250648507e-13 
8.0047507250648507e-13 
8.0047507250648507e-13 
8.0047507250648507e-13 
8.0047507250648507e-13 
8.0047507250648507e-13 
8.0047507250648507e-13 
8.0047507250648507e-13 
8.0047507250648507e-13 
8.0047507250648507e-13 
8.0047507250648507e-13 
8.0047507250648507e-13 
8.0047507250648507e-13 
8.0047507250648507e-13 
8.0047507250648507e-13 
8.0047507250648507e-13 
8.0047507250648507e-13 
8.0047507250648507e-13 
8.0047507250648507e-13 
8.0047507250648507e-13 
8.0047507250648507e-13 
8.0047507250648507e-13 
8.0047507250648507e-13 
8.0047507250648507e-13 
8.0047507250648507e-13 
8.0047507250648507e-13 
8.0047507250648507e-13 
8.0047507250648507e-13 
8.0047507250648507e-13 
8.0047507250648507e-13 
8.0047507250648507e-13 
8.0047507250648507e-13 
8.0047507250648507e-13 
8.0047507250648507e-13 
8.0047507250648507e-13 
8.0047507250648507e-13 
8.0047507250648507e-13 
8.0047507250648507e-13 
8.0047507250648507e-13 
8.0047507250648507e-13 
8.0047507250648507e-13 
8.0047507250648507e-13 
8.0047507250648507e-13 
8.0047507250648507e-13 
8.0047507250648507e-13 
8.0047507250648507e-13 
8.0047507250648507e-13 
8.0047507250648507e-13 
8.0047507250648507e-13 
8.0047507250648507e-13 
8.0047507250648507e-13 
8.0047507250648507e-13 
8.0047507250648507e-13 
8.0047507250648507e-13 
8.0047507250648507e-13 
8.0047507250648507e-13 
8.0047507250648507e-13 
8.0047507250648507e-13 
8.0047507250648507e-13 
8.0047507250648507e-13 
8.0047507250648507e-13 
8.0047507250648507e-13 
8.0047507250648507e-13 
8.0047507250648507e-13 
8.0047507250648507e-13 
8.0047507250648507e-13 
8.0047507250648507e-13 
8.0047507250648507e-13 
8.0047507250648507e-13 
8.0047507250648507e-13 
8.0047507250648507e-13 
8.0047507250648507e-13 
8.0047507250648507e-13 
8.0047507250648507e-13 
8.0047507250648507e-13 
8.0047507250648507e-13 
8.0047507250648507e-13 
8.0047507250648507e-13 
8.0047507250648507e-13 
8.0047507250648507e-13 
8.0047507250648507e-13 
8.0047507250648507e-13 
8.0047507250648507e-13 
8.0047507250648507e-13 
8.0047507250648507e-13 
8.0047507250648507e-13 
8.0047507250648507e-13 
8.0047507250648507e-13 
8.0047507250648507e-13 
8.0047507250648507e-13 
8.0047507250648507e-13 
8.0047507250648507e-13 
8.0047507250648507e-13 
8.0047507250648507e-13 
8.0047507250648507e-13 
8.0047507250648507e-13 
8.0047507250648507e-13 
8.0047507250648507e-13 
8.0047507250648507e-13 
8.0047507250648507e-13 
8.0047507250648507e-13 
8.0047507250648507e-13 
8.0047507250648507e-13 
8.0047507250648507e-13 
8.0047507250648507e-13 
8.0047507250648507e-13 
8.0047507250648507e-13 
8.0047507250648507e-13 
8.0047507250648507e-13 
8.0047507250648507e-13 
8.0047507250648507e-13 
8.0047507250648507e-13 
8.0047507250648507e-13 
8.0047507250648507e-13 
8.0047507250648507e-13 
8.0047507250648507e-13 
8.0047507250648507e-13 
8.0047507250648507e-13 
8.0047507250648507e-13 
8.0047507250648507e-13 
8.0047507250648507e-13 
8.0047507250648507e-13 
8.0047507250648507e-13 
8.0047507250648507e-13 
8.0047507250648507e-13 
8.0047507250648507e-13 
8.0047507250648507e-13 
8.0047507250648507e-13 
8.0047507250648507e-13 
8.0047507250648507e-13 
8.0047507250648507e-13 
8.0047507250648507e-13 
8.0047507250648507e-13 
8.0047507250648507e-13 
8.0047507250648507e-13 
8.0047507250648507e-13 
8.0047507250648507e-13 
8.0047507250648507e-13 
8.0047507250648507e-13 
8.0047507250648507e-13 
8.0047507250648507e-13 
8.0047507250648507e-13 
8.0047507250648507e-13 
8.0047507250648507e-13 
8.0047507250648507e-13 
8.0047507250648507e-13 
8.0047507250648507e-13 
8.0047507250648507e-13 
8.0047507250648507e-13 
8.0047507250648507e-13 
8.0047507250648507e-13 
8.0047507250648507e-13 
8.0047507250648507e-13 
8.0047507250648507e-13 
8.0047507250648507e-13 
8.0047507250648507e-13 
8.0047507250648507e-13 
8.0047507250648507e-13 
8.0047507250648507e-13 
8.0047507250648507e-13 
8.0047507250648507e-13 
8.0047507250648507e-13 
8.0047507250648507e-13 
8.0047507250648507e-13 
8.0047507250648507e-13 
8.0047507250648507e-13 
8.0047507250648507e-13 
8.0047507250648507e-13 
8.0047507250648507e-13 
8.0047507250648507e-13 
8.0047507250648507e-13 
8.0047507250648507e-13 
8.0047507250648507e-13 
8.0047507250648507e-13 
8.0047507250648507e-13 
8.0047507250648507e-13 
8.0047507250648507e-13 
8.0047507250648507e-13 
8.0047507250648507e-13 
8.0047507250648507e-13 
8.0047507250648507e-13 
8.0047507250648507e-13 
8.0047507250648507e-13 
8.0047507250648507e-13 
8.0047507250648507e-13 
8.0047507250648507e-13 
8.0047507250648507e-13 
8.0047507250648507e-13 
8.0047507250648507e-13 
8.0047507250648507e-13 
8.0047507250648507e-13 
8.0047507250648507e-13 
8.0047507250648507e-13 
8.0047507250648507e-13 
8.0047507250648507e-13 
8.0047507250648507e-13 
8.0047507250648507e-13 
8.0047507250648507e-13 
8.0047507250648507e-13 
8.0047507250648507e-13 
8.0047507250648507e-13 
8.0047507250648507e-13 
8.0047507250648507e-13 
8.0047507250648507e-13 
8.0047507250648507e-13 
8.0047507250648507e-13 
8.0047507250648507e-13 
8.0047507250648507e-13 
8.0047507250648507e-13 
8.0047507250648507e-13 
8.0047507250648507e-13 
8.0047507250648507e-13 
8.0047507250648507e-13 
8.0047507250648507e-13 
8.0047507250648507e-13 
8.0047507250648507e-13 
8.0047507250648507e-13 
8.0047507250648507e-13 
8.0047507250648507e-13 
8.0047507250648507e-13 
8.0047507250648507e-13 
8.0047507250648507e-13 
8.0047507250648507e-13 
8.0047507250648507e-13 
8.0047507250648507e-13 
8.0047507250648507e-13 
8.0047507250648507e-13 
8.0047507250648507e-13 
8.0047507250648507e-13 
8.0047507250648507e-13 
8.0047507250648507e-13 
8.0047507250648507e-13 
8.0047507250648507e-13 
8.0047507250648507e-13 
8.0047507250648507e-13 
8.0047507250648507e-13 
8.0047507250648507e-13 
8.0047507250648507e-13 
8.0047507250648507e-13 
8.0047507250648507e-13 
8.0047507250648507e-13 
8.0047507250648507e-13 
8.0047507250648507e-13 
8.0047507250648507e-13 
8.0047507250648507e-13 
8.0047507250648507e-13 
8.0047507250648507e-13 
8.0047507250648507e-13 
8.0047507250648507e-13 
8.0047507250648507e-13 
8.0047507250648507e-13 
8.0047507250648507e-13 
8.0047507250648507e-13 
8.0047507250648507e-13 
8.0047507250648507e-13 
8.0047507250648507e-13 
8.0047507250648507e-13 
8.0047507250648507e-13 
8.0047507250648507e-13 
8.0047507250648507e-13 
8.0047507250648507e-13 
8.0047507250648507e-13 
8.0047507250648507e-13 
8.0047507250648507e-13 
8.0047507250648507e-13 
8.0047507250648507e-13 
8.0047507250648507e-13 
8.0047507250648507e-13 
8.0047507250648507e-13 
8.0047507250648507e-13 
8.0047507250648507e-13 
8.0047507250648507e-13 
8.0047507250648507e-13 
8.0047507250648507e-13 
8.0047507250648507e-13 
8.0047507250648507e-13 
8.0047507250648507e-13 
8.0047507250648507e-13 
8.0047507250648507e-13 
8.0047507250648507e-13 
8.0047507250648507e-13 
8.0047507250648507e-13 
8.0047507250648507e-13 
8.0047507250648507e-13 
8.0047507250648507e-13 
8.0047507250648507e-13 
8.0047507250648507e-13 
8.0047507250648507e-13 
8.0047507250648507e-13 
8.0047507250648507e-13 
8.0047507250648507e-13 
8.0047507250648507e-13 
8.0047507250648507e-13 
8.0047507250648507e-13 
8.0047507250648507e-13 
8.0047507250648507e-13 
8.0047507250648507e-13 
8.0047507250648507e-13 
8.0047507250648507e-13 
8.0047507250648507e-13 
8.0047507250648507e-13 
8.0047507250648507e-13 
8.0047507250648507e-13 
8.0047507250648507e-13 
8.0047507250648507e-13 
8.0047507250648507e-13 
8.0047507250648507e-13 
8.0047507250648507e-13 
8.0047507250648507e-13 
8.0047507250648507e-13 
8.0047507250648507e-13 
8.0047507250648507e-13 
8.0047507250648507e-13 
8.0047507250648507e-13 
8.0047507250648507e-13 
8.0047507250648507e-13 
8.0047507250648507e-13 
8.0047507250648507e-13 
8.0047507250648507e-13 
8.0047507250648507e-13 
8.0047507250648507e-13 
8.0047507250648507e-13 
8.0047507250648507e-13 
8.0047507250648507e-13 
8.0047507250648507e-13 
8.0047507250648507e-13 
8.0047507250648507e-13 
8.0047507250648507e-13 
8.0047507250648507e-13 
8.0047507250648507e-13 
8.0047507250648507e-13 
8.0047507250648507e-13 
8.0047507250648507e-13 
8.0047507250648507e-13 
8.0047507250648507e-13 
8.0047507250648507e-13 
8.0047507250648507e-13 
8.0047507250648507e-13 
8.0047507250648507e-13 
8.0047507250648507e-13 
8.0047507250648507e-13 
8.0047507250648507e-13 
8.0047507250648507e-13 
8.0047507250648507e-13 
8.0047507250648507e-13 
8.0047507250648507e-13 
8.0047507250648507e-13 
8.0047507250648507e-13 
8.0047507250648507e-13 
8.0047507250648507e-13 
8.0047507250648507e-13 
8.0047507250648507e-13 
8.0047507250648507e-13 
8.0047507250648507e-13 
8.0047507250648507e-13 
8.0047507250648507e-13 
8.0047507250648507e-13 
8.0047507250648507e-13 
8.0047507250648507e-13 
8.0047507250648507e-13 
8.0047507250648507e-13 
8.0047507250648507e-13 
8.0047507250648507e-13 
8.0047507250648507e-13 
8.0047507250648507e-13 
8.0047507250648507e-13 
8.0047507250648507e-13 
8.0047507250648507e-13 
8.0047507250648507e-13 
8.0047507250648507e-13 
8.0047507250648507e-13 
8.0047507250648507e-13 
8.0047507250648507e-13 
8.0047507250648507e-13 
8.0047507250648507e-13 
8.0047507250648507e-13 
8.0047507250648507e-13 
8.0047507250648507e-13 
8.0047507250648507e-13 
8.0047507250648507e-13 
8.0047507250648507e-13 
8.0047507250648507e-13 
8.0047507250648507e-13 
8.0047507250648507e-13 
8.0047507250648507e-13 
8.0047507250648507e-13 
8.0047507250648507e-13 
8.0047507250648507e-13 
8.0047507250648507e-13 
8.0047507250648507e-13 
8.0047507250648507e-13 
8.0047507250648507e-13 
8.0047507250648507e-13 
8.0047507250648507e-13 
8.0047507250648507e-13 
8.0047507250648507e-13 
8.0047507250648507e-13 
8.0047507250648507e-13 
8.0047507250648507e-13 
8.0047507250648507e-13 
8.0047507250648507e-13 
8.0047507250648507e-13 
8.0047507250648507e-13 
8.0047507250648507e-13 
8.0047507250648507e-13 
8.0047507250648507e-13 
8.0047507250648507e-13 
8.0047507250648507e-13 
8.0047507250648507e-13 
8.0047507250648507e-13 
8.0047507250648507e-13 
8.0047507250648507e-13 
8.0047507250648507e-13 
8.0047507250648507e-13 
8.0047507250648507e-13 
8.0047507250648507e-13 
8.0047507250648507e-13 
8.0047507250648507e-13 
8.0047507250648507e-13 
8.0047507250648507e-13 
8.0047507250648507e-13 
8.0047507250648507e-13 
8.0047507250648507e-13 
8.0047507250648507e-13 
8.0047507250648507e-13 
8.0047507250648507e-13 
8.0047507250648507e-13 
8.0047507250648507e-13 
8.0047507250648507e-13 
8.0047507250648507e-13 
8.0047507250648507e-13 
8.0047507250648507e-13 
8.0047507250648507e-13 
8.0047507250648507e-13 
8.0047507250648507e-13 
8.0047507250648507e-13 
8.0047507250648507e-13 
8.0047507250648507e-13 
8.0047507250648507e-13 
8.0047507250648507e-13 
8.0047507250648507e-13 
8.0047507250648507e-13 
8.0047507250648507e-13 
8.0047507250648507e-13 
8.0047507250648507e-13 
8.0047507250648507e-13 
8.0047507250648507e-13 
8.0047507250648507e-13 
8.0047507250648507e-13 
8.0047507250648507e-13 
8.0047507250648507e-13 
8.0047507250648507e-13 
8.0047507250648507e-13 
8.0047507250648507e-13 
8.0047507250648507e-13 
8.0047507250648507e-13 
8.0047507250648507e-13 
8.0047507250648507e-13 
8.0047507250648507e-13 
8.0047507250648507e-13 
8.0047507250648507e-13 
8.0047507250648507e-13 
8.0047507250648507e-13 
8.0047507250648507e-13 
8.0047507250648507e-13 
8.0047507250648507e-13 
8.0047507250648507e-13 
8.0047507250648507e-13 
8.0047507250648507e-13 
8.0047507250648507e-13 
8.0047507250648507e-13 
8.0047507250648507e-13 
8.0047507250648507e-13 
8.0047507250648507e-13 
8.0047507250648507e-13 
8.0047507250648507e-13 
8.0047507250648507e-13 
8.0047507250648507e-13 
8.0047507250648507e-13 
8.0047507250648507e-13 
8.0047507250648507e-13 
8.0047507250648507e-13 
8.0047507250648507e-13 
8.0047507250648507e-13 
8.0047507250648507e-13 
8.0047507250648507e-13 
8.0047507250648507e-13 
8.0047507250648507e-13 
8.0047507250648507e-13 
8.0047507250648507e-13 
8.0047507250648507e-13 
8.0047507250648507e-13 
8.0047507250648507e-13 
8.0047507250648507e-13 
8.0047507250648507e-13 
8.0047507250648507e-13 
8.0047507250648507e-13 
8.0047507250648507e-13 
8.0047507250648507e-13 
8.0047507250648507e-13 
8.0047507250648507e-13 
8.0047507250648507e-13 
8.0047507250648507e-13 
8.0047507250648507e-13 
8.0047507250648507e-13 
8.0047507250648507e-13 
8.0047507250648507e-13 
8.0047507250648507e-13 
8.0047507250648507e-13 
8.0047507250648507e-13 
8.0047507250648507e-13 
8.0047507250648507e-13 
8.0047507250648507e-13 
8.0047507250648507e-13 
8.0047507250648507e-13 
8.0047507250648507e-13 
8.0047507250648507e-13 
8.0047507250648507e-13 
8.0047507250648507e-13 
8.0047507250648507e-13 
8.0047507250648507e-13 
8.0047507250648507e-13 
8.0047507250648507e-13 
8.0047507250648507e-13 
8.0047507250648507e-13 
8.0047507250648507e-13 
8.0047507250648507e-13 
8.0047507250648507e-13 
8.0047507250648507e-13 
8.0047507250648507e-13 
8.0047507250648507e-13 
8.0047507250648507e-13 
8.0047507250648507e-13 
8.0047507250648507e-13 
8.0047507250648507e-13 
8.0047507250648507e-13 
8.0047507250648507e-13 
8.0047507250648507e-13 
8.0047507250648507e-13 
8.0047507250648507e-13 
8.0047507250648507e-13 
8.0047507250648507e-13 
8.0047507250648507e-13 
8.0047507250648507e-13 
8.0047507250648507e-13 
8.0047507250648507e-13 
8.0047507250648507e-13 
8.0047507250648507e-13 
8.0047507250648507e-13 
8.0047507250648507e-13 
8.0047507250648507e-13 
8.0047507250648507e-13 
8.0047507250648507e-13 
8.0047507250648507e-13 
8.0047507250648507e-13 
8.0047507250648507e-13 
8.0047507250648507e-13 
8.0047507250648507e-13 
8.0047507250648507e-13 
8.0047507250648507e-13 
8.0047507250648507e-13 
8.0047507250648507e-13 
8.0047507250648507e-13 
8.0047507250648507e-13 
8.0047507250648507e-13 
8.0047507250648507e-13 
8.0047507250648507e-13 
8.0047507250648507e-13 
8.0047507250648507e-13 
8.0047507250648507e-13 
8.0047507250648507e-13 
8.0047507250648507e-13 
8.0047507250648507e-13 
8.0047507250648507e-13 
8.0047507250648507e-13 
8.0047507250648507e-13 
8.0047507250648507e-13 
8.0047507250648507e-13 
8.0047507250648507e-13 
8.0047507250648507e-13 
8.0047507250648507e-13 
8.0047507250648507e-13 
8.0047507250648507e-13 
8.0047507250648507e-13 
8.0047507250648507e-13 
8.0047507250648507e-13 
8.0047507250648507e-13 
8.0047507250648507e-13 
8.0047507250648507e-13 
8.0047507250648507e-13 
8.0047507250648507e-13 
8.0047507250648507e-13 
8.0047507250648507e-13 
8.0047507250648507e-13 
8.0047507250648507e-13 
8.0047507250648507e-13 
8.0047507250648507e-13 
8.0047507250648507e-13 
8.0047507250648507e-13 
8.0047507250648507e-13 
8.0047507250648507e-13 
8.0047507250648507e-13 
8.0047507250648507e-13 
8.0047507250648507e-13 
8.0047507250648507e-13 
8.0047507250648507e-13 
8.0047507250648507e-13 
8.0047507250648507e-13 
8.0047507250648507e-13 
8.0047507250648507e-13 
8.0047507250648507e-13 
8.0047507250648507e-13 
8.0047507250648507e-13 
8.0047507250648507e-13 
8.0047507250648507e-13 
8.0047507250648507e-13 
8.0047507250648507e-13 
8.0047507250648507e-13 
8.0047507250648507e-13 
8.0047507250648507e-13 
8.0047507250648507e-13 
8.0047507250648507e-13 
8.0047507250648507e-13 
8.0047507250648507e-13 
8.0047507250648507e-13 
8.0047507250648507e-13 
8.0047507250648507e-13 
8.0047507250648507e-13 
8.0047507250648507e-13 
8.0047507250648507e-13 
8.0047507250648507e-13 
8.0047507250648507e-13 
8.0047507250648507e-13 
8.0047507250648507e-13 
8.0047507250648507e-13 
8.0047507250648507e-13 
8.0047507250648507e-13 
8.0047507250648507e-13 
8.0047507250648507e-13 
8.0047507250648507e-13 
8.0047507250648507e-13 
8.0047507250648507e-13 
8.0047507250648507e-13 
8.0047507250648507e-13 
8.0047507250648507e-13 
8.0047507250648507e-13 
8.0047507250648507e-13 
8.0047507250648507e-13 
8.0047507250648507e-13 
8.0047507250648507e-13 
8.0047507250648507e-13 
8.0047507250648507e-13 
8.0047507250648507e-13 
8.0047507250648507e-13 
8.0047507250648507e-13 
8.0047507250648507e-13 
8.0047507250648507e-13 
8.0047507250648507e-13 
8.0047507250648507e-13 
8.0047507250648507e-13 
8.0047507250648507e-13 
8.0047507250648507e-13 
8.0047507250648507e-13 
8.0047507250648507e-13 
8.0047507250648507e-13 
8.0047507250648507e-13 
8.0047507250648507e-13 
8.0047507250648507e-13 
8.0047507250648507e-13 
8.0047507250648507e-13 
8.0047507250648507e-13 
8.0047507250648507e-13 
8.0047507250648507e-13 
8.0047507250648507e-13 
8.0047507250648507e-13 
8.0047507250648507e-13 
8.0047507250648507e-13 
8.0047507250648507e-13 
8.0047507250648507e-13 
8.0047507250648507e-13 
8.0047507250648507e-13 
8.0047507250648507e-13 
8.0047507250648507e-13 
8.0047507250648507e-13 
8.0047507250648507e-13 
8.0047507250648507e-13 
8.0047507250648507e-13 
8.0047507250648507e-13 
8.0047507250648507e-13 
8.0047507250648507e-13 
8.0047507250648507e-13 
8.0047507250648507e-13 
8.0047507250648507e-13 
8.0047507250648507e-13 
8.0047507250648507e-13 
8.0047507250648507e-13 
