0.79486683563422966 
0.7792480600304682 
0.76595948585652829 
0.75499395045337758 
0.74633987187545847 
0.73998128709112176 
0.73589789932409277 
0.73406513443045229 
0.73406513443045229 
0.73406513443045229 
0.73406513443045229 
0.73406513443045229 
0.73406513443045229 
0.73406513443045229 
0.73406513443045229 
0.73406513443045229 
0.73406513443045229 
0.73406513443045229 
0.73392461455831126 
0.70363998584914067 
0.67407705518530803 
0.63188703634595766 
0.5815539218789525 
0.53309243716995403 
0.48657828141274173 
0.44208384217596131 
0.39967805042751459 
0.35942624266449663 
0.32139003043771341 
0.28562717754419709 
0.25219148514498868 
0.22113268504874106 
0.19249634138446126 
0.16632376086903544 
0.14265191185703885 
0.1215133523418126 
0.10293616705790321 
0.086943913815766716 
0.07355557918015565 
0.062785543583902648 
0.054643555948901912 
0.048131299453788912 
0.04335615889012634 
0.041185930301378293 
0.041185930301378293 
0.041185930301378293 
0.039764490112015216 
0.037764934204846834 
0.037764934204846834 
0.037764934204846834 
0.036853389808699122 
0.035091719933830867 
0.033403805300532885 
0.031789693735424618 
0.030249430156114809 
0.024316341928139584 
0.016521903753333511 
0.0085012414108489587 
0.0031212827316737801 
0.00039072515852223155 
0.0003138917399209129 
0.0003138917399209129 
0.0003138917399209129 
0.0003138917399209129 
5.3811386716895449e-05 
5.3811386716895449e-05 
4.8810312562985736e-05 
4.7147641336287016e-05 
4.7147641336287016e-05 
4.7147641336287016e-05 
2.2405398174996094e-05 
2.2405398174996094e-05 
2.2405398174996094e-05 
7.9878289018786575e-06 
7.9878289018786575e-06 
7.9878289018786575e-06 
7.9878289018786575e-06 
7.9878289018786575e-06 
7.9878289018786575e-06 
7.9878289018786575e-06 
7.9878289018786575e-06 
7.9878289018786575e-06 
7.9878289018786575e-06 
9.0652972062343906e-07 
9.0652972062343906e-07 
9.0652972062343906e-07 
3.2833367247242506e-08 
3.2833367247242506e-08 
3.2833367247242506e-08 
3.2833367247242506e-08 
3.2833367247242506e-08 
3.2833367247242506e-08 
3.2833367247242506e-08 
3.2833367247242506e-08 
3.2833367247242506e-08 
3.2833367247242506e-08 
3.2833367247242506e-08 
3.2833367247242506e-08 
3.2833367247242506e-08 
3.2833367247242506e-08 
3.2833367247242506e-08 
3.2833367247242506e-08 
3.2833367247242506e-08 
3.2833367247242506e-08 
3.2833367247242506e-08 
3.2833367247242506e-08 
3.2833367247242506e-08 
3.2833367247242506e-08 
3.2833367247242506e-08 
3.2833367247242506e-08 
3.2833367247242506e-08 
3.2833367247242506e-08 
3.2833367247242506e-08 
3.2833367247242506e-08 
3.2833367247242506e-08 
3.2833367247242506e-08 
3.2833367247242506e-08 
3.2833367247242506e-08 
3.2833367247242506e-08 
3.2833367247242506e-08 
3.2833367247242506e-08 
3.2833367247242506e-08 
3.2833367247242506e-08 
3.2833367247242506e-08 
3.2833367247242506e-08 
3.2833367247242506e-08 
3.2833367247242506e-08 
3.2833367247242506e-08 
3.2833367247242506e-08 
3.2833367247242506e-08 
3.2833367247242506e-08 
3.2833367247242506e-08 
3.2833367247242506e-08 
3.2833367247242506e-08 
3.2833367247242506e-08 
3.2833367247242506e-08 
3.2833367247242506e-08 
3.2833367247242506e-08 
3.2833367247242506e-08 
3.2833367247242506e-08 
3.2833367247242506e-08 
3.2833367247242506e-08 
3.2833367247242506e-08 
3.2833367247242506e-08 
3.2833367247242506e-08 
3.2833367247242506e-08 
3.2833367247242506e-08 
3.2833367247242506e-08 
3.2833367247242506e-08 
3.2833367247242506e-08 
3.2833367247242506e-08 
1.8251068101271528e-08 
1.8251068101271528e-08 
1.8251068101271528e-08 
1.8251068101271528e-08 
1.8251068101271528e-08 
1.8251068101271528e-08 
1.8251068101271528e-08 
8.7433135176340215e-09 
8.7433135176340215e-09 
8.7433135176340215e-09 
8.7433135176340215e-09 
8.7433135176340215e-09 
8.7433135176340215e-09 
8.7433135176340215e-09 
8.7433135176340215e-09 
8.7433135176340215e-09 
8.7433135176340215e-09 
8.7433135176340215e-09 
8.7433135176340215e-09 
8.7433135176340215e-09 
8.7433135176340215e-09 
8.7433135176340215e-09 
8.7433135176340215e-09 
8.7433135176340215e-09 
8.7433135176340215e-09 
8.7433135176340215e-09 
8.7433135176340215e-09 
8.7433135176340215e-09 
8.7433135176340215e-09 
8.7433135176340215e-09 
8.7433135176340215e-09 
8.7433135176340215e-09 
8.7433135176340215e-09 
8.7433135176340215e-09 
8.7433135176340215e-09 
8.7433135176340215e-09 
8.7433135176340215e-09 
8.7433135176340215e-09 
8.7433135176340215e-09 
8.7433135176340215e-09 
8.7433135176340215e-09 
8.7433135176340215e-09 
8.7433135176340215e-09 
8.7433135176340215e-09 
8.7433135176340215e-09 
8.7433135176340215e-09 
8.7433135176340215e-09 
8.7433135176340215e-09 
8.7433135176340215e-09 
8.7433135176340215e-09 
8.7433135176340215e-09 
8.7433135176340215e-09 
8.7433135176340215e-09 
8.7433135176340215e-09 
8.7433135176340215e-09 
8.7433135176340215e-09 
8.7433135176340215e-09 
8.7433135176340215e-09 
8.7433135176340215e-09 
8.7433135176340215e-09 
8.7433135176340215e-09 
8.7433135176340215e-09 
8.7433135176340215e-09 
8.7433135176340215e-09 
8.7433135176340215e-09 
8.7433135176340215e-09 
8.7433135176340215e-09 
8.7433135176340215e-09 
8.7433135176340215e-09 
8.7433135176340215e-09 
8.7433135176340215e-09 
8.7433135176340215e-09 
8.7433135176340215e-09 
8.7433135176340215e-09 
8.7433135176340215e-09 
8.7433135176340215e-09 
8.7433135176340215e-09 
8.7433135176340215e-09 
8.7433135176340215e-09 
8.7433135176340215e-09 
8.7433135176340215e-09 
8.7433135176340215e-09 
8.7433135176340215e-09 
8.7433135176340215e-09 
8.7433135176340215e-09 
8.7433135176340215e-09 
8.7433135176340215e-09 
8.7433135176340215e-09 
8.7433135176340215e-09 
8.7433135176340215e-09 
8.7433135176340215e-09 
8.7433135176340215e-09 
8.7433135176340215e-09 
8.7433135176340215e-09 
8.7433135176340215e-09 
8.7433135176340215e-09 
8.7433135176340215e-09 
8.7433135176340215e-09 
8.7433135176340215e-09 
8.7433135176340215e-09 
8.7433135176340215e-09 
8.7433135176340215e-09 
8.7433135176340215e-09 
8.7433135176340215e-09 
8.7433135176340215e-09 
8.7433135176340215e-09 
8.7433135176340215e-09 
8.7433135176340215e-09 
8.7433135176340215e-09 
8.7433135176340215e-09 
8.7433135176340215e-09 
8.7433135176340215e-09 
8.7433135176340215e-09 
8.7433135176340215e-09 
8.7433135176340215e-09 
8.7433135176340215e-09 
8.7433135176340215e-09 
1.9824983876759461e-09 
1.9824983876759461e-09 
1.9824983876759461e-09 
1.9824983876759461e-09 
1.9824983876759461e-09 
1.9824983876759461e-09 
1.9824983876759461e-09 
1.9824983876759461e-09 
1.9824983876759461e-09 
1.9824983876759461e-09 
1.9824983876759461e-09 
1.9824983876759461e-09 
1.9824983876759461e-09 
1.9824983876759461e-09 
1.9824983876759461e-09 
1.9824983876759461e-09 
1.9824983876759461e-09 
1.9824983876759461e-09 
1.9824983876759461e-09 
1.9824983876759461e-09 
1.9824983876759461e-09 
1.9824983876759461e-09 
1.9824983876759461e-09 
1.9824983876759461e-09 
1.9824983876759461e-09 
1.9824983876759461e-09 
1.9824983876759461e-09 
1.9824983876759461e-09 
1.9824983876759461e-09 
1.9824983876759461e-09 
1.9824983876759461e-09 
1.9824983876759461e-09 
1.9824983876759461e-09 
1.9824983876759461e-09 
1.9824983876759461e-09 
1.9824983876759461e-09 
1.9824983876759461e-09 
1.9824983876759461e-09 
1.9824983876759461e-09 
1.9824983876759461e-09 
1.9824983876759461e-09 
1.9824983876759461e-09 
1.9824983876759461e-09 
1.9824983876759461e-09 
1.9824983876759461e-09 
1.9824983876759461e-09 
1.9824983876759461e-09 
1.9824983876759461e-09 
1.9824983876759461e-09 
1.9824983876759461e-09 
1.9824983876759461e-09 
1.9824983876759461e-09 
1.9824983876759461e-09 
1.9824983876759461e-09 
1.9824983876759461e-09 
1.9824983876759461e-09 
1.9824983876759461e-09 
1.9824983876759461e-09 
1.9824983876759461e-09 
1.9824983876759461e-09 
1.9824983876759461e-09 
1.9824983876759461e-09 
1.9824983876759461e-09 
1.9824983876759461e-09 
1.9824983876759461e-09 
1.9824983876759461e-09 
1.9824983876759461e-09 
1.9824983876759461e-09 
1.9824983876759461e-09 
1.9824983876759461e-09 
1.9824983876759461e-09 
1.9824983876759461e-09 
1.9824983876759461e-09 
1.9824983876759461e-09 
1.9824983876759461e-09 
1.9824983876759461e-09 
1.9824983876759461e-09 
1.9824983876759461e-09 
1.9824983876759461e-09 
1.9824983876759461e-09 
1.9824983876759461e-09 
1.9824983876759461e-09 
1.9824983876759461e-09 
1.9824983876759461e-09 
1.9824983876759461e-09 
1.9824983876759461e-09 
1.9824983876759461e-09 
1.9824983876759461e-09 
1.9824983876759461e-09 
1.9824983876759461e-09 
1.9824983876759461e-09 
1.9824983876759461e-09 
1.9824983876759461e-09 
1.9824983876759461e-09 
1.9824983876759461e-09 
1.9824983876759461e-09 
1.9824983876759461e-09 
1.9824983876759461e-09 
1.9824983876759461e-09 
1.9824983876759461e-09 
1.9824983876759461e-09 
1.9824983876759461e-09 
1.9824983876759461e-09 
1.9824983876759461e-09 
1.9824983876759461e-09 
1.9824983876759461e-09 
1.9824983876759461e-09 
1.9824983876759461e-09 
1.9824983876759461e-09 
1.9824983876759461e-09 
1.9824983876759461e-09 
1.9824983876759461e-09 
1.9824983876759461e-09 
1.9824983876759461e-09 
1.9824983876759461e-09 
1.9824983876759461e-09 
1.9824983876759461e-09 
1.9824983876759461e-09 
1.9824983876759461e-09 
1.9824983876759461e-09 
1.9824983876759461e-09 
1.9824983876759461e-09 
1.9824983876759461e-09 
1.9824983876759461e-09 
1.9824983876759461e-09 
1.9824983876759461e-09 
1.9824983876759461e-09 
1.9824983876759461e-09 
1.9824983876759461e-09 
1.9824983876759461e-09 
1.9824983876759461e-09 
1.9824983876759461e-09 
1.9824983876759461e-09 
1.9824983876759461e-09 
1.9824983876759461e-09 
1.9824983876759461e-09 
1.9824983876759461e-09 
1.9824983876759461e-09 
1.9824983876759461e-09 
1.9824983876759461e-09 
1.9824983876759461e-09 
1.9824983876759461e-09 
1.9824983876759461e-09 
1.9824983876759461e-09 
1.9824983876759461e-09 
1.9824983876759461e-09 
1.9824983876759461e-09 
1.9824983876759461e-09 
1.9824983876759461e-09 
1.9824983876759461e-09 
1.9824983876759461e-09 
1.9824983876759461e-09 
1.9824983876759461e-09 
1.9824983876759461e-09 
1.9824983876759461e-09 
1.9824983876759461e-09 
1.9824983876759461e-09 
1.9824983876759461e-09 
1.9824983876759461e-09 
1.9824983876759461e-09 
1.9824983876759461e-09 
1.9824983876759461e-09 
1.9824983876759461e-09 
1.9824983876759461e-09 
1.9824983876759461e-09 
1.9824983876759461e-09 
1.9824983876759461e-09 
1.9824983876759461e-09 
1.9824983876759461e-09 
1.9824983876759461e-09 
1.9824983876759461e-09 
1.9824983876759461e-09 
1.9824983876759461e-09 
1.9824983876759461e-09 
1.9824983876759461e-09 
1.9824983876759461e-09 
1.9824983876759461e-09 
1.9824983876759461e-09 
1.9824983876759461e-09 
1.9824983876759461e-09 
1.9824983876759461e-09 
1.9824983876759461e-09 
1.9824983876759461e-09 
1.9824983876759461e-09 
1.9824983876759461e-09 
1.9824983876759461e-09 
1.9824983876759461e-09 
1.9824983876759461e-09 
1.9824983876759461e-09 
1.9824983876759461e-09 
1.9824983876759461e-09 
1.9824983876759461e-09 
1.9824983876759461e-09 
1.9824983876759461e-09 
1.9824983876759461e-09 
1.9824983876759461e-09 
1.9824983876759461e-09 
1.9824983876759461e-09 
1.9824983876759461e-09 
1.9824983876759461e-09 
1.9824983876759461e-09 
1.9824983876759461e-09 
1.9824983876759461e-09 
1.9824983876759461e-09 
1.9824983876759461e-09 
1.9824983876759461e-09 
1.9824983876759461e-09 
1.9824983876759461e-09 
1.9824983876759461e-09 
1.9824983876759461e-09 
1.9824983876759461e-09 
1.9824983876759461e-09 
1.9824983876759461e-09 
1.9824983876759461e-09 
1.9824983876759461e-09 
1.9824983876759461e-09 
1.9824983876759461e-09 
1.9824983876759461e-09 
1.9824983876759461e-09 
1.9824983876759461e-09 
1.9824983876759461e-09 
1.9824983876759461e-09 
1.9824983876759461e-09 
1.9824983876759461e-09 
1.9824983876759461e-09 
1.9824983876759461e-09 
1.9824983876759461e-09 
1.9824983876759461e-09 
1.9824983876759461e-09 
1.9824983876759461e-09 
1.9824983876759461e-09 
1.9824983876759461e-09 
1.9824983876759461e-09 
1.9824983876759461e-09 
1.9824983876759461e-09 
1.9824983876759461e-09 
1.9824983876759461e-09 
1.9824983876759461e-09 
1.9824983876759461e-09 
1.9824983876759461e-09 
1.9824983876759461e-09 
1.9824983876759461e-09 
1.9824983876759461e-09 
1.9824983876759461e-09 
1.9824983876759461e-09 
1.9824983876759461e-09 
1.9824983876759461e-09 
1.9824983876759461e-09 
1.9824983876759461e-09 
1.9824983876759461e-09 
1.9824983876759461e-09 
1.9824983876759461e-09 
4.1147418805564939e-10 
4.1147418805564939e-10 
4.1147418805564939e-10 
4.1147418805564939e-10 
4.1147418805564939e-10 
4.1147418805564939e-10 
4.1147418805564939e-10 
4.1147418805564939e-10 
4.1147418805564939e-10 
4.1147418805564939e-10 
4.1147418805564939e-10 
4.1147418805564939e-10 
4.1147418805564939e-10 
4.1147418805564939e-10 
4.1147418805564939e-10 
4.1147418805564939e-10 
4.1147418805564939e-10 
4.1147418805564939e-10 
4.1147418805564939e-10 
4.1147418805564939e-10 
4.1147418805564939e-10 
4.1147418805564939e-10 
4.1147418805564939e-10 
4.1147418805564939e-10 
4.1147418805564939e-10 
4.1147418805564939e-10 
4.1147418805564939e-10 
4.1147418805564939e-10 
4.1147418805564939e-10 
4.1147418805564939e-10 
4.1147418805564939e-10 
4.1147418805564939e-10 
4.1147418805564939e-10 
4.1147418805564939e-10 
4.1147418805564939e-10 
4.1147418805564939e-10 
4.1147418805564939e-10 
4.1147418805564939e-10 
4.1147418805564939e-10 
4.1147418805564939e-10 
4.1147418805564939e-10 
4.1147418805564939e-10 
4.1147418805564939e-10 
4.1147418805564939e-10 
4.1147418805564939e-10 
4.1147418805564939e-10 
4.1147418805564939e-10 
4.1147418805564939e-10 
4.1147418805564939e-10 
4.1147418805564939e-10 
4.1147418805564939e-10 
4.1147418805564939e-10 
4.1147418805564939e-10 
4.1147418805564939e-10 
4.1147418805564939e-10 
4.1147418805564939e-10 
4.1147418805564939e-10 
4.1147418805564939e-10 
4.1147418805564939e-10 
4.1147418805564939e-10 
4.1147418805564939e-10 
4.1147418805564939e-10 
4.1147418805564939e-10 
4.1147418805564939e-10 
4.1147418805564939e-10 
4.1147418805564939e-10 
4.1147418805564939e-10 
4.1147418805564939e-10 
4.1147418805564939e-10 
4.1147418805564939e-10 
4.1147418805564939e-10 
4.1147418805564939e-10 
4.1147418805564939e-10 
4.1147418805564939e-10 
4.1147418805564939e-10 
4.1147418805564939e-10 
4.1147418805564939e-10 
4.1147418805564939e-10 
4.1147418805564939e-10 
4.1147418805564939e-10 
4.1147418805564939e-10 
4.1147418805564939e-10 
4.1147418805564939e-10 
4.1147418805564939e-10 
4.1147418805564939e-10 
4.1147418805564939e-10 
4.1147418805564939e-10 
4.1147418805564939e-10 
4.1147418805564939e-10 
4.1147418805564939e-10 
4.1147418805564939e-10 
4.1147418805564939e-10 
4.1147418805564939e-10 
4.1147418805564939e-10 
4.1147418805564939e-10 
4.1147418805564939e-10 
4.1147418805564939e-10 
4.1147418805564939e-10 
4.1147418805564939e-10 
4.1147418805564939e-10 
4.1147418805564939e-10 
4.1147418805564939e-10 
4.1147418805564939e-10 
4.1147418805564939e-10 
4.1147418805564939e-10 
4.1147418805564939e-10 
4.1147418805564939e-10 
4.1147418805564939e-10 
4.1147418805564939e-10 
4.1147418805564939e-10 
4.1147418805564939e-10 
4.1147418805564939e-10 
4.1147418805564939e-10 
4.1147418805564939e-10 
4.1147418805564939e-10 
4.1147418805564939e-10 
4.1147418805564939e-10 
4.1147418805564939e-10 
4.1147418805564939e-10 
4.1147418805564939e-10 
4.1147418805564939e-10 
4.1147418805564939e-10 
4.1147418805564939e-10 
4.1147418805564939e-10 
4.1147418805564939e-10 
4.1147418805564939e-10 
4.1147418805564939e-10 
4.1147418805564939e-10 
4.1147418805564939e-10 
4.1147418805564939e-10 
4.1147418805564939e-10 
4.1147418805564939e-10 
4.1147418805564939e-10 
4.1147418805564939e-10 
4.1147418805564939e-10 
4.1147418805564939e-10 
4.1147418805564939e-10 
4.1147418805564939e-10 
4.1147418805564939e-10 
4.1147418805564939e-10 
4.1147418805564939e-10 
4.1147418805564939e-10 
4.1147418805564939e-10 
4.1147418805564939e-10 
4.1147418805564939e-10 
4.1147418805564939e-10 
4.1147418805564939e-10 
4.1147418805564939e-10 
4.1147418805564939e-10 
4.1147418805564939e-10 
4.1147418805564939e-10 
4.1147418805564939e-10 
4.1147418805564939e-10 
4.1147418805564939e-10 
4.1147418805564939e-10 
4.1147418805564939e-10 
4.1147418805564939e-10 
4.1147418805564939e-10 
4.1147418805564939e-10 
4.1147418805564939e-10 
4.1147418805564939e-10 
4.1147418805564939e-10 
4.1147418805564939e-10 
4.1147418805564939e-10 
4.1147418805564939e-10 
4.1147418805564939e-10 
4.1147418805564939e-10 
4.1147418805564939e-10 
4.1147418805564939e-10 
4.1147418805564939e-10 
4.1147418805564939e-10 
4.1147418805564939e-10 
4.1147418805564939e-10 
4.1147418805564939e-10 
4.1147418805564939e-10 
4.1147418805564939e-10 
4.1147418805564939e-10 
4.1147418805564939e-10 
4.1147418805564939e-10 
4.1147418805564939e-10 
4.1147418805564939e-10 
4.1147418805564939e-10 
4.1147418805564939e-10 
4.1147418805564939e-10 
4.1147418805564939e-10 
4.1147418805564939e-10 
4.1147418805564939e-10 
4.1147418805564939e-10 
4.1147418805564939e-10 
4.1147418805564939e-10 
4.1147418805564939e-10 
4.1147418805564939e-10 
4.1147418805564939e-10 
4.1147418805564939e-10 
4.1147418805564939e-10 
4.1147418805564939e-10 
4.1147418805564939e-10 
4.1147418805564939e-10 
4.1147418805564939e-10 
4.1147418805564939e-10 
4.1147418805564939e-10 
4.1147418805564939e-10 
4.1147418805564939e-10 
4.1147418805564939e-10 
4.1147418805564939e-10 
4.1147418805564939e-10 
4.1147418805564939e-10 
4.1147418805564939e-10 
4.1147418805564939e-10 
4.1147418805564939e-10 
4.1147418805564939e-10 
4.1147418805564939e-10 
4.1147418805564939e-10 
4.1147418805564939e-10 
4.1147418805564939e-10 
4.1147418805564939e-10 
4.1147418805564939e-10 
4.1147418805564939e-10 
4.1147418805564939e-10 
4.1147418805564939e-10 
4.1147418805564939e-10 
4.1147418805564939e-10 
4.1147418805564939e-10 
4.1147418805564939e-10 
4.1147418805564939e-10 
4.1147418805564939e-10 
4.1147418805564939e-10 
4.1147418805564939e-10 
4.1147418805564939e-10 
4.1147418805564939e-10 
4.1147418805564939e-10 
4.1147418805564939e-10 
4.1147418805564939e-10 
4.1147418805564939e-10 
4.1147418805564939e-10 
4.1147418805564939e-10 
4.1147418805564939e-10 
4.1147418805564939e-10 
4.1147418805564939e-10 
4.1147418805564939e-10 
4.1147418805564939e-10 
4.1147418805564939e-10 
4.1147418805564939e-10 
4.1147418805564939e-10 
4.1147418805564939e-10 
4.1147418805564939e-10 
4.1147418805564939e-10 
4.1147418805564939e-10 
4.1147418805564939e-10 
4.1147418805564939e-10 
4.1147418805564939e-10 
4.1147418805564939e-10 
4.1147418805564939e-10 
4.1147418805564939e-10 
4.1147418805564939e-10 
4.1147418805564939e-10 
4.1147418805564939e-10 
4.1147418805564939e-10 
4.1147418805564939e-10 
4.1147418805564939e-10 
4.1147418805564939e-10 
4.1147418805564939e-10 
4.1147418805564939e-10 
4.1147418805564939e-10 
4.1147418805564939e-10 
4.1147418805564939e-10 
4.1147418805564939e-10 
4.1147418805564939e-10 
4.1147418805564939e-10 
4.1147418805564939e-10 
4.1147418805564939e-10 
4.1147418805564939e-10 
4.1147418805564939e-10 
4.1147418805564939e-10 
4.1147418805564939e-10 
4.1147418805564939e-10 
4.1147418805564939e-10 
4.1147418805564939e-10 
4.1147418805564939e-10 
4.1147418805564939e-10 
4.1147418805564939e-10 
4.1147418805564939e-10 
4.1147418805564939e-10 
4.1147418805564939e-10 
4.1147418805564939e-10 
4.1147418805564939e-10 
4.1147418805564939e-10 
4.1147418805564939e-10 
4.1147418805564939e-10 
4.1147418805564939e-10 
4.1147418805564939e-10 
4.1147418805564939e-10 
4.1147418805564939e-10 
4.1147418805564939e-10 
4.1147418805564939e-10 
4.1147418805564939e-10 
4.1147418805564939e-10 
4.1147418805564939e-10 
4.1147418805564939e-10 
4.1147418805564939e-10 
4.1147418805564939e-10 
4.1147418805564939e-10 
4.1147418805564939e-10 
4.1147418805564939e-10 
4.1147418805564939e-10 
4.1147418805564939e-10 
4.1147418805564939e-10 
4.1147418805564939e-10 
4.1147418805564939e-10 
4.1147418805564939e-10 
4.1147418805564939e-10 
4.1147418805564939e-10 
4.1147418805564939e-10 
4.1147418805564939e-10 
4.1147418805564939e-10 
4.1147418805564939e-10 
4.1147418805564939e-10 
4.1147418805564939e-10 
4.1147418805564939e-10 
4.1147418805564939e-10 
4.1147418805564939e-10 
4.1147418805564939e-10 
4.1147418805564939e-10 
4.1147418805564939e-10 
4.1147418805564939e-10 
4.1147418805564939e-10 
4.1147418805564939e-10 
4.1147418805564939e-10 
4.1147418805564939e-10 
4.1147418805564939e-10 
4.1147418805564939e-10 
4.1147418805564939e-10 
4.1147418805564939e-10 
4.1147418805564939e-10 
4.1147418805564939e-10 
4.1147418805564939e-10 
4.1147418805564939e-10 
4.1147418805564939e-10 
4.1147418805564939e-10 
4.1147418805564939e-10 
4.1147418805564939e-10 
4.1147418805564939e-10 
4.1147418805564939e-10 
4.1147418805564939e-10 
4.1147418805564939e-10 
4.1147418805564939e-10 
4.1147418805564939e-10 
4.1147418805564939e-10 
4.1147418805564939e-10 
4.1147418805564939e-10 
4.1147418805564939e-10 
4.1147418805564939e-10 
4.1147418805564939e-10 
4.1147418805564939e-10 
4.1147418805564939e-10 
4.1147418805564939e-10 
4.1147418805564939e-10 
4.1147418805564939e-10 
4.1147418805564939e-10 
4.1147418805564939e-10 
4.1147418805564939e-10 
4.1147418805564939e-10 
4.1147418805564939e-10 
4.1147418805564939e-10 
4.1147418805564939e-10 
4.1147418805564939e-10 
4.1147418805564939e-10 
4.1147418805564939e-10 
4.1147418805564939e-10 
4.1147418805564939e-10 
4.1147418805564939e-10 
4.1147418805564939e-10 
4.1147418805564939e-10 
4.1147418805564939e-10 
4.1147418805564939e-10 
4.1147418805564939e-10 
4.1147418805564939e-10 
4.1147418805564939e-10 
4.1147418805564939e-10 
4.1147418805564939e-10 
4.1147418805564939e-10 
4.1147418805564939e-10 
4.1147418805564939e-10 
4.1147418805564939e-10 
4.1147418805564939e-10 
4.1147418805564939e-10 
4.1147418805564939e-10 
4.1147418805564939e-10 
4.1147418805564939e-10 
4.1147418805564939e-10 
4.1147418805564939e-10 
4.1147418805564939e-10 
4.1147418805564939e-10 
4.1147418805564939e-10 
4.1147418805564939e-10 
4.1147418805564939e-10 
4.1147418805564939e-10 
4.1147418805564939e-10 
4.1147418805564939e-10 
4.1147418805564939e-10 
4.1147418805564939e-10 
4.1147418805564939e-10 
4.1147418805564939e-10 
4.1147418805564939e-10 
4.1147418805564939e-10 
4.1147418805564939e-10 
4.1147418805564939e-10 
4.1147418805564939e-10 
4.1147418805564939e-10 
4.1147418805564939e-10 
4.1147418805564939e-10 
4.1147418805564939e-10 
4.1147418805564939e-10 
4.1147418805564939e-10 
4.1147418805564939e-10 
4.1147418805564939e-10 
4.1147418805564939e-10 
4.1147418805564939e-10 
4.1147418805564939e-10 
4.1147418805564939e-10 
4.1147418805564939e-10 
4.1147418805564939e-10 
4.1147418805564939e-10 
4.1147418805564939e-10 
4.1147418805564939e-10 
4.1147418805564939e-10 
4.1147418805564939e-10 
4.1147418805564939e-10 
4.1147418805564939e-10 
4.1147418805564939e-10 
4.1147418805564939e-10 
4.1147418805564939e-10 
4.1147418805564939e-10 
4.1147418805564939e-10 
4.1147418805564939e-10 
4.1147418805564939e-10 
4.1147418805564939e-10 
4.1147418805564939e-10 
4.1147418805564939e-10 
4.1147418805564939e-10 
4.1147418805564939e-10 
4.1147418805564939e-10 
4.1147418805564939e-10 
4.1147418805564939e-10 
4.1147418805564939e-10 
4.1147418805564939e-10 
4.1147418805564939e-10 
4.1147418805564939e-10 
4.1147418805564939e-10 
4.1147418805564939e-10 
4.1147418805564939e-10 
4.1147418805564939e-10 
4.1147418805564939e-10 
4.1147418805564939e-10 
4.1147418805564939e-10 
4.1147418805564939e-10 
4.1147418805564939e-10 
4.1147418805564939e-10 
4.1147418805564939e-10 
4.1147418805564939e-10 
4.1147418805564939e-10 
4.1147418805564939e-10 
4.1147418805564939e-10 
4.1147418805564939e-10 
4.1147418805564939e-10 
4.1147418805564939e-10 
4.1147418805564939e-10 
4.1147418805564939e-10 
4.1147418805564939e-10 
4.1147418805564939e-10 
4.1147418805564939e-10 
4.1147418805564939e-10 
4.1147418805564939e-10 
4.1147418805564939e-10 
4.1147418805564939e-10 
4.1147418805564939e-10 
4.1147418805564939e-10 
4.1147418805564939e-10 
4.1147418805564939e-10 
4.1147418805564939e-10 
