0.80401355229326077 
0.018974968261646352 
0.01571011990759319 
0.01571011990759319 
0.01571011990759319 
0.01571011990759319 
0.01571011990759319 
0.01571011990759319 
0.01571011990759319 
0.010716935750359591 
0.010716935750359591 
0.010716935750359591 
0.010716935750359591 
0.010716935750359591 
0.010716935750359591 
0.0062133173982993339 
0.0016735300541327325 
0.0016735300541327325 
0.0016735300541327325 
0.0016735300541327325 
0.0016735300541327325 
0.0016735300541327325 
0.0016735300541327325 
0.0016680411108903614 
0.00056593972980967244 
0.00056593972980967244 
0.00056593972980967244 
0.00056593972980967244 
0.00056593972980967244 
0.00056593972980967244 
0.00056593972980967244 
0.00056593972980967244 
0.00056593972980967244 
0.00056593972980967244 
0.00056593972980967244 
0.00056593972980967244 
0.00056593972980967244 
0.00056593972980967244 
0.00056593972980967244 
0.00056593972980967244 
0.00056593972980967244 
0.00023191457612581345 
0.00013177837434841244 
0.00013177837434841244 
0.00013177837434841244 
0.00013177837434841244 
0.00013177837434841244 
0.00013177837434841244 
0.00013177837434841244 
0.00012738271943590895 
0.00012738271943590895 
0.00012738271943590895 
0.00012738271943590895 
0.00012738271943590895 
0.00012738271943590895 
0.00012738271943590895 
0.00012738271943590895 
0.00012738271943590895 
0.00012738271943590895 
1.7302692843834677e-05 
1.7302692843834677e-05 
1.7302692843834677e-05 
1.7302692843834677e-05 
1.7302692843834677e-05 
1.7302692843834677e-05 
1.7302692843834677e-05 
1.7302692843834677e-05 
1.7302692843834677e-05 
1.7302692843834677e-05 
1.7302692843834677e-05 
1.7302692843834677e-05 
1.7302692843834677e-05 
1.7302692843834677e-05 
1.7302692843834677e-05 
1.7302692843834677e-05 
1.7302692843834677e-05 
1.7302692843834677e-05 
1.7302692843834677e-05 
1.7302692843834677e-05 
1.7302692843834677e-05 
1.7302692843834677e-05 
1.7302692843834677e-05 
1.2814226508006676e-05 
1.2814226508006676e-05 
8.5168072905261738e-07 
8.5168072905261738e-07 
8.5168072905261738e-07 
8.5168072905261738e-07 
8.5168072905261738e-07 
8.5168072905261738e-07 
8.5168072905261738e-07 
8.5168072905261738e-07 
8.5168072905261738e-07 
8.5168072905261738e-07 
8.5168072905261738e-07 
8.5168072905261738e-07 
8.5168072905261738e-07 
8.5168072905261738e-07 
8.5168072905261738e-07 
8.5168072905261738e-07 
8.5168072905261738e-07 
8.5168072905261738e-07 
8.5168072905261738e-07 
8.5168072905261738e-07 
8.5168072905261738e-07 
8.5168072905261738e-07 
7.6591322939467688e-07 
7.6591322939467688e-07 
7.6591322939467688e-07 
7.6591322939467688e-07 
7.6591322939467688e-07 
7.6591322939467688e-07 
7.6591322939467688e-07 
7.6591322939467688e-07 
7.6591322939467688e-07 
7.6591322939467688e-07 
7.6591322939467688e-07 
7.6591322939467688e-07 
7.6591322939467688e-07 
5.369305311475614e-07 
5.369305311475614e-07 
5.369305311475614e-07 
5.369305311475614e-07 
5.369305311475614e-07 
5.369305311475614e-07 
5.369305311475614e-07 
5.369305311475614e-07 
5.369305311475614e-07 
5.369305311475614e-07 
5.369305311475614e-07 
5.369305311475614e-07 
5.369305311475614e-07 
5.369305311475614e-07 
5.369305311475614e-07 
1.4838987394405478e-07 
1.4838987394405478e-07 
1.4838987394405478e-07 
1.4838987394405478e-07 
1.4838987394405478e-07 
1.4838987394405478e-07 
1.4838987394405478e-07 
1.4838987394405478e-07 
4.1644809045671138e-08 
4.1644809045671138e-08 
4.1644809045671138e-08 
4.1644809045671138e-08 
4.1644809045671138e-08 
4.1644809045671138e-08 
4.1644809045671138e-08 
4.1644809045671138e-08 
4.1644809045671138e-08 
4.1644809045671138e-08 
4.1644809045671138e-08 
4.1644809045671138e-08 
4.1644809045671138e-08 
4.1644809045671138e-08 
4.1644809045671138e-08 
4.1644809045671138e-08 
4.1644809045671138e-08 
4.1644809045671138e-08 
4.1644809045671138e-08 
4.1644809045671138e-08 
4.1644809045671138e-08 
4.1644809045671138e-08 
4.1644809045671138e-08 
4.1644809045671138e-08 
4.1644809045671138e-08 
4.1644809045671138e-08 
4.1644809045671138e-08 
4.1644809045671138e-08 
4.1644809045671138e-08 
4.1644809045671138e-08 
4.1644809045671138e-08 
4.1644809045671138e-08 
4.1644809045671138e-08 
4.1644809045671138e-08 
4.1644809045671138e-08 
4.1644809045671138e-08 
4.1644809045671138e-08 
4.1644809045671138e-08 
4.1644809045671138e-08 
4.1644809045671138e-08 
4.1644809045671138e-08 
4.1644809045671138e-08 
4.1644809045671138e-08 
4.1644809045671138e-08 
4.1644809045671138e-08 
4.1644809045671138e-08 
4.1644809045671138e-08 
4.1644809045671138e-08 
4.1644809045671138e-08 
3.9685900565800125e-08 
3.9685900565800125e-08 
3.9685900565800125e-08 
3.9685900565800125e-08 
3.9685900565800125e-08 
3.9685900565800125e-08 
3.9685900565800125e-08 
2.012623578906414e-08 
2.012623578906414e-08 
2.012623578906414e-08 
2.012623578906414e-08 
2.012623578906414e-08 
2.012623578906414e-08 
2.012623578906414e-08 
1.1754479833925302e-08 
1.1754479833925302e-08 
1.1754479833925302e-08 
1.1754479833925302e-08 
9.5949935774441997e-09 
9.5949935774441997e-09 
9.5949935774441997e-09 
9.5949935774441997e-09 
9.5949935774441997e-09 
9.5949935774441997e-09 
9.5949935774441997e-09 
9.5949935774441997e-09 
9.5949935774441997e-09 
9.5949935774441997e-09 
9.5949935774441997e-09 
9.5949935774441997e-09 
9.5949935774441997e-09 
9.5949935774441997e-09 
9.5949935774441997e-09 
9.5949935774441997e-09 
9.5949935774441997e-09 
9.5949935774441997e-09 
9.5949935774441997e-09 
9.5949935774441997e-09 
9.5949935774441997e-09 
9.5949935774441997e-09 
9.5949935774441997e-09 
9.5949935774441997e-09 
9.5949935774441997e-09 
9.5949935774441997e-09 
9.5949935774441997e-09 
9.5949935774441997e-09 
9.5949935774441997e-09 
9.5949935774441997e-09 
9.5949935774441997e-09 
9.5949935774441997e-09 
9.5949935774441997e-09 
9.5949935774441997e-09 
9.5949935774441997e-09 
9.5949935774441997e-09 
9.5949935774441997e-09 
9.5949935774441997e-09 
9.5949935774441997e-09 
9.5949935774441997e-09 
9.5949935774441997e-09 
9.5949935774441997e-09 
9.5949935774441997e-09 
9.5949935774441997e-09 
9.5949935774441997e-09 
9.5949935774441997e-09 
9.5949935774441997e-09 
9.5949935774441997e-09 
9.5949935774441997e-09 
9.5949935774441997e-09 
9.5949935774441997e-09 
9.5949935774441997e-09 
9.5949935774441997e-09 
9.5949935774441997e-09 
9.5949935774441997e-09 
9.5689715040592205e-09 
9.5689715040592205e-09 
9.5689715040592205e-09 
9.5689715040592205e-09 
9.5689715040592205e-09 
9.5689715040592205e-09 
9.5689715040592205e-09 
9.5386617493531389e-09 
9.5386617493531389e-09 
9.5386617493531389e-09 
9.5386617493531389e-09 
9.4804248895741239e-09 
9.4804248895741239e-09 
9.4804248895741239e-09 
9.4804248895741239e-09 
9.4804248895741239e-09 
9.4804248895741239e-09 
9.4804248895741239e-09 
9.4744346812447588e-09 
9.4744346812447588e-09 
9.4744346812447588e-09 
9.4744346812447588e-09 
9.4592671473492373e-09 
9.4592671473492373e-09 
9.4592671473492373e-09 
9.4592671473492373e-09 
9.4592671473492373e-09 
9.4592671473492373e-09 
9.4592671473492373e-09 
9.4582025544909243e-09 
9.4582025544909243e-09 
9.4582025544909243e-09 
9.4582025544909243e-09 
9.4549095219775836e-09 
9.4549095219775836e-09 
9.4549095219775836e-09 
9.4549095219775836e-09 
9.4549095219775836e-09 
9.4549095219775836e-09 
9.4549095219775836e-09 
9.4547261131339155e-09 
9.4547261131339155e-09 
9.4547261131339155e-09 
9.4547261131339155e-09 
9.4538314954206726e-09 
9.4538314954206726e-09 
9.4538314954206726e-09 
9.4538314954206726e-09 
9.4538314954206726e-09 
9.4538314954206726e-09 
9.4538314954206726e-09 
9.4538075146033407e-09 
9.4538075146033407e-09 
9.4538075146033407e-09 
9.4538075146033407e-09 
9.4536779515763669e-09 
9.4536779515763669e-09 
9.4536779515763669e-09 
9.4536779515763669e-09 
9.4536779515763669e-09 
9.4536779515763669e-09 
9.4536779515763669e-09 
9.4536747319295955e-09 
9.4536747319295955e-09 
9.4536747319295955e-09 
9.4536747319295955e-09 
9.4536188877114569e-09 
9.4536188877114569e-09 
9.4536188877114569e-09 
9.4536188877114569e-09 
9.4536188877114569e-09 
9.4536188877114569e-09 
9.4536188877114569e-09 
9.4536185546445495e-09 
9.4536185546445495e-09 
9.4536185546445495e-09 
9.4536185546445495e-09 
9.4536185546445495e-09 
9.4536185546445495e-09 
9.4536185546445495e-09 
9.4536185546445495e-09 
9.4536185546445495e-09 
9.4536185546445495e-09 
9.4536185546445495e-09 
9.4536151129531731e-09 
9.4536151129531731e-09 
9.4536151129531731e-09 
9.4536151129531731e-09 
9.4536151129531731e-09 
9.4536151129531731e-09 
9.4536151129531731e-09 
9.4536151129531731e-09 
9.4536151129531731e-09 
9.4536151129531731e-09 
9.4536151129531731e-09 
9.4536151129531731e-09 
9.4536151129531731e-09 
9.4536151129531731e-09 
9.4536150019308707e-09 
9.4536150019308707e-09 
9.4536150019308707e-09 
9.4536150019308707e-09 
9.4536150019308707e-09 
9.4536150019308707e-09 
9.4536150019308707e-09 
9.4536150019308707e-09 
9.4536150019308707e-09 
9.4536150019308707e-09 
9.4536150019308707e-09 
9.4536150019308707e-09 
9.4536148909085682e-09 
9.4536148909085682e-09 
9.4536148909085682e-09 
9.4536148909085682e-09 
9.4536148909085682e-09 
9.4536148909085682e-09 
9.4536148909085682e-09 
9.4536148909085682e-09 
9.4536148909085682e-09 
9.4536148909085682e-09 
9.4536148909085682e-09 
9.4536148909085682e-09 
9.4536148909085682e-09 
9.4536148909085682e-09 
9.4536148909085682e-09 
9.4536148909085682e-09 
9.4536148909085682e-09 
9.4536148909085682e-09 
9.4536148909085682e-09 
9.4536148909085682e-09 
9.4536147798862658e-09 
9.4536147798862658e-09 
9.4536147798862658e-09 
9.4536147798862658e-09 
9.4536147798862658e-09 
9.4536147798862658e-09 
9.4536147798862658e-09 
9.4536147798862658e-09 
9.4536147798862658e-09 
9.4536147798862658e-09 
9.4536147798862658e-09 
9.4536147798862658e-09 
9.4536147798862658e-09 
9.4536147798862658e-09 
9.4536147798862658e-09 
9.4536147798862658e-09 
9.4536147798862658e-09 
9.4536147798862658e-09 
9.4536147798862658e-09 
9.4536147798862658e-09 
9.4536147798862658e-09 
9.4536147798862658e-09 
9.4536147798862658e-09 
9.4536147798862658e-09 
9.4536147798862658e-09 
9.4536147798862658e-09 
9.4536147798862658e-09 
9.4536147798862658e-09 
9.4536147798862658e-09 
9.4536147798862658e-09 
9.4536147798862658e-09 
9.4536147798862658e-09 
9.4536147798862658e-09 
9.4536147798862658e-09 
9.4536147798862658e-09 
9.4536147798862658e-09 
9.4536147798862658e-09 
9.4536147798862658e-09 
9.4536147798862658e-09 
9.4536147798862658e-09 
9.4536147798862658e-09 
9.4536147798862658e-09 
9.4536147798862658e-09 
9.4536147798862658e-09 
9.4536147798862658e-09 
9.4536147798862658e-09 
9.4536147798862658e-09 
9.4536147798862658e-09 
9.4536147798862658e-09 
9.4536147798862658e-09 
9.4536147798862658e-09 
9.4536147798862658e-09 
9.4536147798862658e-09 
9.4536147798862658e-09 
9.4536147798862658e-09 
9.4536147798862658e-09 
9.4536147798862658e-09 
9.4536147798862658e-09 
9.4536147798862658e-09 
9.4536147798862658e-09 
9.4536147798862658e-09 
9.4536147798862658e-09 
9.4536147798862658e-09 
9.4536147798862658e-09 
9.4536147798862658e-09 
9.4536147798862658e-09 
9.4536147798862658e-09 
9.4536147798862658e-09 
9.4536147798862658e-09 
9.4536147798862658e-09 
9.4536147798862658e-09 
9.4536147798862658e-09 
9.4536147798862658e-09 
9.4536147798862658e-09 
9.4536147798862658e-09 
9.4536147798862658e-09 
9.4536147798862658e-09 
9.4536147798862658e-09 
9.4536147798862658e-09 
9.4536147798862658e-09 
9.4536147798862658e-09 
9.4536147798862658e-09 
9.4536147798862658e-09 
9.4536147798862658e-09 
9.4536147798862658e-09 
9.4536147798862658e-09 
9.4536147798862658e-09 
9.4536147798862658e-09 
9.4536147798862658e-09 
9.4536147798862658e-09 
9.4536147798862658e-09 
9.4536147798862658e-09 
9.4536147798862658e-09 
9.4536147798862658e-09 
9.4536147798862658e-09 
9.4536147798862658e-09 
9.4536147798862658e-09 
9.4536147798862658e-09 
9.4536147798862658e-09 
9.4536147798862658e-09 
9.4536147798862658e-09 
9.4536147798862658e-09 
9.4536147798862658e-09 
9.4536147798862658e-09 
9.4536147798862658e-09 
9.4536147798862658e-09 
9.4536147798862658e-09 
9.4536147798862658e-09 
9.4536147798862658e-09 
9.4536147798862658e-09 
9.4536147798862658e-09 
9.4536147798862658e-09 
9.4536147798862658e-09 
9.4536147798862658e-09 
9.4536147798862658e-09 
9.4536147798862658e-09 
9.4536147798862658e-09 
9.4536147798862658e-09 
9.4536147798862658e-09 
9.4536147798862658e-09 
9.4536147798862658e-09 
9.4536147798862658e-09 
9.4536147798862658e-09 
9.4536147798862658e-09 
9.4536147798862658e-09 
9.4536147798862658e-09 
9.4536147798862658e-09 
9.4536147798862658e-09 
9.4536147798862658e-09 
9.4536147798862658e-09 
9.4536147798862658e-09 
9.4536147798862658e-09 
9.4536147798862658e-09 
9.4536147798862658e-09 
9.4536147798862658e-09 
9.4536147798862658e-09 
9.4536147798862658e-09 
9.4536147798862658e-09 
9.4536147798862658e-09 
9.4536147798862658e-09 
9.1346319397445086e-09 
9.1346319397445086e-09 
9.1346319397445086e-09 
9.1346319397445086e-09 
9.1346319397445086e-09 
9.1346319397445086e-09 
9.1346319397445086e-09 
9.1346319397445086e-09 
9.1346319397445086e-09 
9.1346319397445086e-09 
9.1346319397445086e-09 
7.8648985102347524e-09 
7.8648985102347524e-09 
7.8648985102347524e-09 
7.8648985102347524e-09 
7.8648985102347524e-09 
7.8648985102347524e-09 
7.8648985102347524e-09 
7.8648985102347524e-09 
7.8648985102347524e-09 
7.8648985102347524e-09 
7.8648985102347524e-09 
7.8609276865648781e-09 
7.8609276865648781e-09 
7.8609276865648781e-09 
7.8609276865648781e-09 
7.8305184558757901e-09 
7.8305184558757901e-09 
7.8305184558757901e-09 
7.8305184558757901e-09 
7.8305184558757901e-09 
7.8305184558757901e-09 
7.8305184558757901e-09 
7.8305184558757901e-09 
7.8305184558757901e-09 
7.8305184558757901e-09 
7.8305184558757901e-09 
7.8305184558757901e-09 
7.8305184558757901e-09 
7.8305184558757901e-09 
7.8305184558757901e-09 
7.8305184558757901e-09 
7.8305184558757901e-09 
7.8305184558757901e-09 
7.8303599160278736e-09 
7.8303599160278736e-09 
7.8303599160278736e-09 
7.8303599160278736e-09 
7.8302230255289373e-09 
7.8302230255289373e-09 
7.8302230255289373e-09 
7.8302230255289373e-09 
7.8302230255289373e-09 
7.8302230255289373e-09 
7.8302230255289373e-09 
7.8302230255289373e-09 
7.8302230255289373e-09 
7.8302230255289373e-09 
7.8302230255289373e-09 
7.8302230255289373e-09 
7.8302230255289373e-09 
7.8302230255289373e-09 
7.8302230255289373e-09 
7.8302230255289373e-09 
7.8302230255289373e-09 
7.8302230255289373e-09 
7.8302230255289373e-09 
7.8302230255289373e-09 
7.830222470417425e-09 
7.830222470417425e-09 
7.830222470417425e-09 
7.8302223593951226e-09 
7.8302223593951226e-09 
7.8302223593951226e-09 
7.8302222483728201e-09 
7.8302222483728201e-09 
7.8302222483728201e-09 
7.8302222483728201e-09 
7.8302222483728201e-09 
7.8302222483728201e-09 
7.8302222483728201e-09 
7.8302222483728201e-09 
7.8302222483728201e-09 
7.8302222483728201e-09 
7.8302222483728201e-09 
7.8302222483728201e-09 
7.8302222483728201e-09 
7.8302222483728201e-09 
7.8302222483728201e-09 
7.8302222483728201e-09 
7.8302222483728201e-09 
7.8302222483728201e-09 
7.8302222483728201e-09 
7.8302222483728201e-09 
7.8302222483728201e-09 
7.8302222483728201e-09 
7.8302222483728201e-09 
7.8302222483728201e-09 
7.8302222483728201e-09 
7.8302222483728201e-09 
7.8302222483728201e-09 
7.8302222483728201e-09 
7.8302222483728201e-09 
7.8302222483728201e-09 
7.8302222483728201e-09 
7.8302222483728201e-09 
7.8302222483728201e-09 
7.8302222483728201e-09 
7.8302222483728201e-09 
7.8302222483728201e-09 
7.8302222483728201e-09 
7.8302222483728201e-09 
7.8302222483728201e-09 
7.8302222483728201e-09 
7.8302222483728201e-09 
7.8302222483728201e-09 
7.8302222483728201e-09 
7.8302222483728201e-09 
7.8302222483728201e-09 
7.8302222483728201e-09 
7.8302222483728201e-09 
7.8302222483728201e-09 
7.8302222483728201e-09 
7.8302222483728201e-09 
7.8302222483728201e-09 
7.8302222483728201e-09 
7.8302222483728201e-09 
7.8302222483728201e-09 
7.8302222483728201e-09 
7.8302222483728201e-09 
7.8302222483728201e-09 
7.8302222483728201e-09 
7.8302222483728201e-09 
5.0432876763650825e-09 
5.0432876763650825e-09 
5.0432876763650825e-09 
5.0432876763650825e-09 
5.0432876763650825e-09 
5.0432876763650825e-09 
5.0432876763650825e-09 
5.0432876763650825e-09 
5.0432876763650825e-09 
5.0432876763650825e-09 
5.0432876763650825e-09 
5.0432876763650825e-09 
5.0432876763650825e-09 
5.0432876763650825e-09 
5.0432876763650825e-09 
5.0432876763650825e-09 
5.0432876763650825e-09 
5.0432876763650825e-09 
5.0432876763650825e-09 
5.0432876763650825e-09 
5.0432876763650825e-09 
5.0432876763650825e-09 
5.0432876763650825e-09 
5.0432876763650825e-09 
5.0432876763650825e-09 
5.0432876763650825e-09 
5.0432876763650825e-09 
5.0432876763650825e-09 
5.0432876763650825e-09 
5.0432876763650825e-09 
5.0432876763650825e-09 
5.0432876763650825e-09 
5.0432876763650825e-09 
5.0432876763650825e-09 
5.0432876763650825e-09 
5.0432876763650825e-09 
5.0432876763650825e-09 
5.0432876763650825e-09 
5.0432876763650825e-09 
5.0432876763650825e-09 
1.3522382102948427e-09 
1.3522382102948427e-09 
1.3522382102948427e-09 
1.3522382102948427e-09 
1.3522382102948427e-09 
1.3522382102948427e-09 
1.3522382102948427e-09 
1.3522382102948427e-09 
1.3522382102948427e-09 
1.3522382102948427e-09 
1.3522382102948427e-09 
1.3522382102948427e-09 
1.3522382102948427e-09 
1.3522382102948427e-09 
1.3522382102948427e-09 
1.3522382102948427e-09 
1.3522382102948427e-09 
1.3522382102948427e-09 
1.3522382102948427e-09 
1.3522382102948427e-09 
1.3522382102948427e-09 
1.3522382102948427e-09 
1.3522382102948427e-09 
1.3522382102948427e-09 
1.3522382102948427e-09 
1.3522382102948427e-09 
1.3522382102948427e-09 
1.3522382102948427e-09 
1.3522382102948427e-09 
1.3522382102948427e-09 
1.3522382102948427e-09 
1.3522382102948427e-09 
1.3522382102948427e-09 
1.3522382102948427e-09 
1.3522382102948427e-09 
1.0478978795802618e-09 
1.0478978795802618e-09 
1.0478978795802618e-09 
1.0478978795802618e-09 
1.0478978795802618e-09 
1.0478978795802618e-09 
1.0478978795802618e-09 
1.0478978795802618e-09 
1.0478978795802618e-09 
1.0478978795802618e-09 
1.0478978795802618e-09 
1.0478978795802618e-09 
1.0478978795802618e-09 
1.0431475683247982e-09 
1.0431475683247982e-09 
1.0431475683247982e-09 
1.0408384154558803e-09 
1.0408384154558803e-09 
1.0408384154558803e-09 
1.0408384154558803e-09 
1.0408384154558803e-09 
1.0408384154558803e-09 
1.0408384154558803e-09 
1.0408384154558803e-09 
1.0408384154558803e-09 
1.0408384154558803e-09 
1.0408384154558803e-09 
1.0407463779671389e-09 
1.0407463779671389e-09 
1.0407463779671389e-09 
1.0407463779671389e-09 
1.0407463779671389e-09 
1.0407463779671389e-09 
1.0407463779671389e-09 
1.0407463779671389e-09 
1.0407463779671389e-09 
1.0407463779671389e-09 
1.0407463779671389e-09 
1.0407463779671389e-09 
1.0407463779671389e-09 
1.0407461559225339e-09 
1.0407461559225339e-09 
1.0407461559225339e-09 
1.040745933877929e-09 
1.040745933877929e-09 
1.040745933877929e-09 
1.040745933877929e-09 
1.040745933877929e-09 
1.040745933877929e-09 
1.040745933877929e-09 
1.040745933877929e-09 
1.040745933877929e-09 
1.040745933877929e-09 
1.0407458228556266e-09 
1.0407458228556266e-09 
1.0407458228556266e-09 
1.0407458228556266e-09 
1.0407458228556266e-09 
1.0407458228556266e-09 
1.0407458228556266e-09 
1.0407458228556266e-09 
1.0407458228556266e-09 
1.0407458228556266e-09 
1.0407458228556266e-09 
1.0407458228556266e-09 
1.0407458228556266e-09 
1.0407458228556266e-09 
1.0407458228556266e-09 
1.0407458228556266e-09 
1.0407458228556266e-09 
1.0407458228556266e-09 
1.0407458228556266e-09 
1.0407458228556266e-09 
1.0407458228556266e-09 
1.0407458228556266e-09 
1.0407458228556266e-09 
1.0407458228556266e-09 
1.0407458228556266e-09 
1.0407458228556266e-09 
1.0407458228556266e-09 
1.0407458228556266e-09 
1.0407458228556266e-09 
1.0407458228556266e-09 
1.0407458228556266e-09 
1.0407458228556266e-09 
1.0407458228556266e-09 
1.0407458228556266e-09 
1.0407458228556266e-09 
1.0407458228556266e-09 
1.0407458228556266e-09 
1.0407458228556266e-09 
1.0407458228556266e-09 
1.0407458228556266e-09 
1.0407458228556266e-09 
1.0407458228556266e-09 
1.0407458228556266e-09 
1.0407458228556266e-09 
1.0407458228556266e-09 
1.0407458228556266e-09 
1.0407458228556266e-09 
1.0407458228556266e-09 
1.0407458228556266e-09 
1.0407458228556266e-09 
1.0407458228556266e-09 
1.0407458228556266e-09 
1.0407458228556266e-09 
1.0407458228556266e-09 
1.0407458228556266e-09 
1.0407458228556266e-09 
1.0407458228556266e-09 
1.0407458228556266e-09 
1.0407458228556266e-09 
1.0407458228556266e-09 
1.0407458228556266e-09 
1.0407458228556266e-09 
1.0407458228556266e-09 
1.0407458228556266e-09 
1.0407458228556266e-09 
1.0407458228556266e-09 
1.0407458228556266e-09 
1.0407458228556266e-09 
1.0407458228556266e-09 
1.0407458228556266e-09 
1.0407458228556266e-09 
1.0407458228556266e-09 
1.0407458228556266e-09 
1.0407458228556266e-09 
1.0407458228556266e-09 
1.0407458228556266e-09 
1.0407458228556266e-09 
1.0407458228556266e-09 
1.0407458228556266e-09 
1.0407458228556266e-09 
1.0407458228556266e-09 
1.0407458228556266e-09 
1.0407458228556266e-09 
1.0407458228556266e-09 
5.8822946513714669e-12 
5.8822946513714669e-12 
5.8822946513714669e-12 
5.8822946513714669e-12 
5.8822946513714669e-12 
5.8822946513714669e-12 
5.8822946513714669e-12 
5.8822946513714669e-12 
5.8822946513714669e-12 
5.8822946513714669e-12 
5.8822946513714669e-12 
5.8822946513714669e-12 
5.8822946513714669e-12 
5.8822946513714669e-12 
5.8822946513714669e-12 
5.8822946513714669e-12 
5.8822946513714669e-12 
5.8822946513714669e-12 
5.8822946513714669e-12 
5.8822946513714669e-12 
5.8822946513714669e-12 
5.8822946513714669e-12 
5.8822946513714669e-12 
5.8822946513714669e-12 
5.8822946513714669e-12 
5.8822946513714669e-12 
5.8822946513714669e-12 
5.8822946513714669e-12 
5.8822946513714669e-12 
5.8822946513714669e-12 
5.8822946513714669e-12 
5.8822946513714669e-12 
5.8822946513714669e-12 
5.8822946513714669e-12 
2.0344836926255994e-12 
2.0344836926255994e-12 
2.0344836926255994e-12 
2.0344836926255994e-12 
2.0344836926255994e-12 
2.0344836926255994e-12 
2.0344836926255994e-12 
2.0344836926255994e-12 
2.0344836926255994e-12 
2.0344836926255994e-12 
2.0344836926255994e-12 
2.0344836926255994e-12 
2.0344836926255994e-12 
1.9725332478515156e-12 
1.9725332478515156e-12 
1.9725332478515156e-12 
1.9725332478515156e-12 
1.9722001809441281e-12 
1.9722001809441281e-12 
1.9722001809441281e-12 
1.9722001809441281e-12 
1.9696466679874902e-12 
1.9696466679874902e-12 
1.9696466679874902e-12 
1.9696466679874902e-12 
1.9696466679874902e-12 
1.9696466679874902e-12 
1.9696466679874902e-12 
1.9695356456850277e-12 
1.9695356456850277e-12 
1.9695356456850277e-12 
1.9695356456850277e-12 
1.9695356456850277e-12 
1.9695356456850277e-12 
1.9695356456850277e-12 
1.9695356456850277e-12 
1.9695356456850277e-12 
1.9695356456850277e-12 
1.9695356456850277e-12 
1.9695356456850277e-12 
1.9695356456850277e-12 
1.9695356456850277e-12 
1.9695356456850277e-12 
1.9695356456850277e-12 
1.9695356456850277e-12 
1.9695356456850277e-12 
1.9695356456850277e-12 
1.9695356456850277e-12 
1.9695356456850277e-12 
1.9695356456850277e-12 
1.9695356456850277e-12 
1.9695356456850277e-12 
1.9695356456850277e-12 
1.9695356456850277e-12 
1.9695356456850277e-12 
1.9695356456850277e-12 
1.9695356456850277e-12 
1.9695356456850277e-12 
1.9695356456850277e-12 
1.9695356456850277e-12 
1.9695356456850277e-12 
1.9695356456850277e-12 
1.9695356456850277e-12 
1.9695356456850277e-12 
1.9695356456850277e-12 
1.9695356456850277e-12 
1.9695356456850277e-12 
1.9695356456850277e-12 
1.9695356456850277e-12 
1.9695356456850277e-12 
1.9695356456850277e-12 
1.9695356456850277e-12 
1.9695356456850277e-12 
1.9695356456850277e-12 
1.9695356456850277e-12 
1.9695356456850277e-12 
1.9695356456850277e-12 
1.9695356456850277e-12 
1.9695356456850277e-12 
1.9695356456850277e-12 
1.9695356456850277e-12 
1.9695356456850277e-12 
1.9695356456850277e-12 
1.9695356456850277e-12 
1.9695356456850277e-12 
1.9695356456850277e-12 
1.9695356456850277e-12 
