0.44798742590796015 
0.17698248534630678 
0.13604379057598048 
0.037392030608793259 
0.00047160004637347708 
0.00047160004637347708 
0.00047160004637347708 
0.00047160004637347708 
0.00047160004637347708 
0.00047160004637347708 
0.00047160004637347708 
0.00047160004637347708 
0.00047160004637347708 
0.00026402259875624168 
0.00026402259875624168 
0.00026402259875624168 
0.00026402259875624168 
0.00026402259875624168 
0.00026402259875624168 
0.00026402259875624168 
0.00026402259875624168 
0.00026402259875624168 
7.7530032694284046e-05 
7.7530032694284046e-05 
7.7530032694284046e-05 
7.7530032694284046e-05 
7.7530032694284046e-05 
7.7530032694284046e-05 
7.7530032694284046e-05 
7.7530032694284046e-05 
7.7530032694284046e-05 
7.7530032694284046e-05 
7.7530032694284046e-05 
7.7530032694284046e-05 
7.7530032694284046e-05 
7.7530032694284046e-05 
7.7530032694284046e-05 
7.7530032694284046e-05 
7.7530032694284046e-05 
7.7530032694284046e-05 
7.7530032694284046e-05 
7.7530032694284046e-05 
7.7530032694284046e-05 
7.7530032694284046e-05 
7.7530032694284046e-05 
7.7530032694284046e-05 
7.7530032694284046e-05 
7.7530032694284046e-05 
7.7530032694284046e-05 
7.7530032694284046e-05 
7.7530032694284046e-05 
7.704942414998861e-05 
7.704942414998861e-05 
7.704942414998861e-05 
7.704942414998861e-05 
7.704942414998861e-05 
7.704942414998861e-05 
7.2795877637199524e-05 
4.4168162036894998e-05 
4.4168162036894998e-05 
4.4168162036894998e-05 
4.4168162036894998e-05 
4.4168162036894998e-05 
4.4168162036894998e-05 
4.4168162036894998e-05 
4.4168162036894998e-05 
4.4168162036894998e-05 
4.4168162036894998e-05 
4.4168162036894998e-05 
4.4168162036894998e-05 
4.4168162036894998e-05 
4.4168162036894998e-05 
4.4168162036894998e-05 
4.4168162036894998e-05 
4.4168162036894998e-05 
4.4168162036894998e-05 
1.5992557256150342e-05 
1.5992557256150342e-05 
1.5992557256150342e-05 
1.5992557256150342e-05 
1.5992557256150342e-05 
1.5992557256150342e-05 
9.7743814120310191e-06 
9.7743814120310191e-06 
9.7743814120310191e-06 
9.7743814120310191e-06 
9.7743814120310191e-06 
9.7743814120310191e-06 
9.7743814120310191e-06 
9.7743814120310191e-06 
9.7743814120310191e-06 
9.7743814120310191e-06 
9.7743814120310191e-06 
9.7743814120310191e-06 
9.7743814120310191e-06 
9.7743814120310191e-06 
9.7743814120310191e-06 
5.9043423975557729e-06 
5.9043423975557729e-06 
5.9043423975557729e-06 
5.9043423975557729e-06 
5.9043423975557729e-06 
5.9043423975557729e-06 
5.9043423975557729e-06 
4.656873991870647e-06 
2.1725992793708571e-06 
2.1725992793708571e-06 
7.4846837005981826e-07 
7.4846837005981826e-07 
7.4846837005981826e-07 
7.4846837005981826e-07 
7.4846837005981826e-07 
2.2538688981832422e-07 
2.2538688981832422e-07 
2.2538688981832422e-07 
2.2538688981832422e-07 
2.2538688981832422e-07 
2.2538688981832422e-07 
2.2538688981832422e-07 
2.2538688981832422e-07 
2.2538688981832422e-07 
2.2538688981832422e-07 
2.2538688981832422e-07 
2.2538688981832422e-07 
2.2538688981832422e-07 
2.2538688981832422e-07 
2.2538688981832422e-07 
2.2538688981832422e-07 
2.2538688981832422e-07 
2.2538688981832422e-07 
2.2538688981832422e-07 
2.2538688981832422e-07 
2.2538688981832422e-07 
2.2538688981832422e-07 
2.2538688981832422e-07 
2.2538688981832422e-07 
2.2538688981832422e-07 
2.2538688981832422e-07 
2.2538688981832422e-07 
2.2538688981832422e-07 
2.2538688981832422e-07 
2.2538688981832422e-07 
2.2538688981832422e-07 
2.2538688981832422e-07 
2.2538688981832422e-07 
2.2538688981832422e-07 
2.2538688981832422e-07 
2.2538688981832422e-07 
2.2538688981832422e-07 
2.2538688981832422e-07 
2.2538688981832422e-07 
2.2538688981832422e-07 
2.2538688981832422e-07 
2.2538688981832422e-07 
2.2538688981832422e-07 
2.2538688981832422e-07 
2.2538688981832422e-07 
2.2538688981832422e-07 
2.2538688981832422e-07 
2.2538688981832422e-07 
2.2538688981832422e-07 
2.2538688981832422e-07 
2.2538688981832422e-07 
2.2538688981832422e-07 
2.2538688981832422e-07 
2.2538688981832422e-07 
2.2538688981832422e-07 
1.362027733931015e-07 
1.362027733931015e-07 
1.362027733931015e-07 
1.362027733931015e-07 
1.362027733931015e-07 
1.362027733931015e-07 
6.7514773771648606e-08 
6.7514773771648606e-08 
6.7514773771648606e-08 
5.8792498536242022e-08 
5.8792498536242022e-08 
5.8792498536242022e-08 
5.8792498536242022e-08 
5.8792498536242022e-08 
5.8792498536242022e-08 
5.8792498536242022e-08 
5.8792498536242022e-08 
5.8792498536242022e-08 
5.8792498536242022e-08 
5.8792498536242022e-08 
5.8792498536242022e-08 
5.8792498536242022e-08 
5.8792498536242022e-08 
5.8792498536242022e-08 
5.8792498536242022e-08 
5.8792498536242022e-08 
5.8792498536242022e-08 
5.8792498536242022e-08 
5.8792498536242022e-08 
5.8792498536242022e-08 
5.8792498536242022e-08 
5.8792498536242022e-08 
5.8792498536242022e-08 
5.8792498536242022e-08 
5.8792498536242022e-08 
5.8792498536242022e-08 
5.8792498536242022e-08 
5.8792498536242022e-08 
5.8792498536242022e-08 
5.8792498536242022e-08 
5.8792498536242022e-08 
5.8792498536242022e-08 
5.8792498536242022e-08 
5.8792498536242022e-08 
5.8792498536242022e-08 
5.8792498536242022e-08 
5.8792498536242022e-08 
5.8792498536242022e-08 
5.8792498536242022e-08 
5.8792498536242022e-08 
5.8792498536242022e-08 
5.8792498536242022e-08 
5.8792498536242022e-08 
5.8792498536242022e-08 
5.8792498536242022e-08 
5.8792498536242022e-08 
5.8792498536242022e-08 
5.8792498536242022e-08 
5.8792498536242022e-08 
2.8400235718706313e-08 
2.8400235718706313e-08 
2.8400235718706313e-08 
2.8400235718706313e-08 
2.8400235718706313e-08 
2.8400235718706313e-08 
2.8400235718706313e-08 
1.7761221382528447e-08 
1.7761221382528447e-08 
1.7761221382528447e-08 
1.7761221382528447e-08 
7.0732611989754446e-09 
7.0732611989754446e-09 
7.0732611989754446e-09 
7.0732611989754446e-09 
7.0732611989754446e-09 
7.0732611989754446e-09 
7.0732611989754446e-09 
4.6262170760869026e-09 
4.6262170760869026e-09 
4.6262170760869026e-09 
4.6262170760869026e-09 
2.1513405501494276e-09 
2.1513405501494276e-09 
2.1513405501494276e-09 
2.1513405501494276e-09 
2.1513405501494276e-09 
2.1513405501494276e-09 
2.1513405501494276e-09 
1.5554524335215092e-09 
1.5554524335215092e-09 
1.5554524335215092e-09 
1.5554524335215092e-09 
5.4029392071441862e-10 
5.4029392071441862e-10 
5.4029392071441862e-10 
5.4029392071441862e-10 
5.4029392071441862e-10 
5.4029392071441862e-10 
5.4029392071441862e-10 
4.3011361139377868e-10 
4.3011361139377868e-10 
4.3011361139377868e-10 
4.3011361139377868e-10 
3.1997848815024099e-10 
3.1997848815024099e-10 
3.1997848815024099e-10 
3.1997848815024099e-10 
2.896377582217724e-10 
2.896377582217724e-10 
2.896377582217724e-10 
2.896377582217724e-10 
2.3495838608056374e-10 
2.3495838608056374e-10 
2.3495838608056374e-10 
2.3495838608056374e-10 
2.2685564537994196e-10 
2.2685564537994196e-10 
2.2685564537994196e-10 
2.2685564537994196e-10 
1.9927670624753091e-10 
1.9927670624753091e-10 
1.9927670624753091e-10 
1.9927670624753091e-10 
1.9918933169549291e-10 
1.9918933169549291e-10 
1.9918933169549291e-10 
1.9918933169549291e-10 
1.8495849296584765e-10 
1.8495849296584765e-10 
1.8495849296584765e-10 
1.8495849296584765e-10 
1.8495849296584765e-10 
1.8495849296584765e-10 
1.8495849296584765e-10 
1.8383383704190237e-10 
1.8383383704190237e-10 
1.8383383704190237e-10 
1.8383383704190237e-10 
1.779160152537429e-10 
1.779160152537429e-10 
1.779160152537429e-10 
1.779160152537429e-10 
1.779160152537429e-10 
1.779160152537429e-10 
1.779160152537429e-10 
1.7779722139010801e-10 
1.7779722139010801e-10 
1.7779722139010801e-10 
1.7779722139010801e-10 
1.7768841953369474e-10 
1.7768841953369474e-10 
1.7768841953369474e-10 
1.7768841953369474e-10 
1.7733847723633289e-10 
1.7733847723633289e-10 
1.7733847723633289e-10 
1.7733847723633289e-10 
1.7733847723633289e-10 
1.7733847723633289e-10 
1.7733847723633289e-10 
1.7732781909529649e-10 
1.7732781909529649e-10 
1.7732781909529649e-10 
1.7732781909529649e-10 
1.7711199173930936e-10 
1.7711199173930936e-10 
1.7711199173930936e-10 
1.7711199173930936e-10 
1.7711199173930936e-10 
1.7711199173930936e-10 
1.7711199173930936e-10 
1.7711199173930936e-10 
1.7711199173930936e-10 
1.7711199173930936e-10 
1.7711199173930936e-10 
1.7711199173930936e-10 
1.7711199173930936e-10 
1.7711199173930936e-10 
1.7711199173930936e-10 
1.7711199173930936e-10 
1.7711199173930936e-10 
1.7711199173930936e-10 
1.771083280033281e-10 
1.771083280033281e-10 
1.771083280033281e-10 
1.771083280033281e-10 
1.7710799493642071e-10 
1.7710799493642071e-10 
1.7710799493642071e-10 
1.7710799493642071e-10 
1.7710632960188377e-10 
1.7710632960188377e-10 
1.7710632960188377e-10 
1.7710632960188377e-10 
1.7710632960188377e-10 
1.7710632960188377e-10 
1.7710632960188377e-10 
1.7710632960188377e-10 
1.7710632960188377e-10 
1.7710632960188377e-10 
1.7710632960188377e-10 
1.77105663468069e-10 
1.77105663468069e-10 
1.77105663468069e-10 
1.77105663468069e-10 
1.77105663468069e-10 
1.77105663468069e-10 
1.77105663468069e-10 
1.7710555244576653e-10 
1.7710555244576653e-10 
1.7710555244576653e-10 
1.7710555244576653e-10 
1.7710555244576653e-10 
1.7710555244576653e-10 
1.7710555244576653e-10 
1.7710544142346407e-10 
1.7710544142346407e-10 
1.7710544142346407e-10 
1.7710544142346407e-10 
1.7710544142346407e-10 
1.7710544142346407e-10 
1.7710544142346407e-10 
1.7710544142346407e-10 
1.7710544142346407e-10 
1.7710544142346407e-10 
1.7710544142346407e-10 
1.7710544142346407e-10 
1.7710544142346407e-10 
1.7710544142346407e-10 
1.7710544142346407e-10 
1.7710544142346407e-10 
1.7710544142346407e-10 
1.7710544142346407e-10 
1.7710544142346407e-10 
1.7710544142346407e-10 
1.7710544142346407e-10 
1.7710544142346407e-10 
1.7710544142346407e-10 
1.7710533040116161e-10 
1.7710533040116161e-10 
1.7710533040116161e-10 
1.7710533040116161e-10 
1.7710533040116161e-10 
1.7710533040116161e-10 
1.7710533040116161e-10 
1.7710533040116161e-10 
1.7710533040116161e-10 
1.7710533040116161e-10 
1.7710533040116161e-10 
1.7710533040116161e-10 
1.7710533040116161e-10 
1.7710533040116161e-10 
1.7710533040116161e-10 
1.7710533040116161e-10 
1.7710533040116161e-10 
1.7710533040116161e-10 
1.7710533040116161e-10 
1.7710533040116161e-10 
1.7710533040116161e-10 
1.7710533040116161e-10 
1.7710533040116161e-10 
1.7710533040116161e-10 
1.7710533040116161e-10 
1.7710533040116161e-10 
1.7710533040116161e-10 
1.7710533040116161e-10 
1.7710533040116161e-10 
1.7710533040116161e-10 
1.7710533040116161e-10 
1.7710533040116161e-10 
1.7710533040116161e-10 
1.7710533040116161e-10 
1.7710533040116161e-10 
1.7710533040116161e-10 
1.7710533040116161e-10 
1.7710533040116161e-10 
1.7710533040116161e-10 
1.7710533040116161e-10 
1.7710533040116161e-10 
1.7710533040116161e-10 
1.7710533040116161e-10 
1.7710533040116161e-10 
1.7710533040116161e-10 
1.7710533040116161e-10 
1.7710533040116161e-10 
1.7710533040116161e-10 
1.7710533040116161e-10 
1.7710533040116161e-10 
1.7710533040116161e-10 
1.7710533040116161e-10 
1.7710533040116161e-10 
1.7710533040116161e-10 
1.7710533040116161e-10 
1.7710533040116161e-10 
1.7710533040116161e-10 
1.7710533040116161e-10 
1.7710533040116161e-10 
1.7710533040116161e-10 
1.7710533040116161e-10 
1.7710533040116161e-10 
1.7710533040116161e-10 
1.7710533040116161e-10 
1.7710533040116161e-10 
1.7710533040116161e-10 
1.7710533040116161e-10 
1.7710533040116161e-10 
1.7710533040116161e-10 
1.7710533040116161e-10 
1.7710533040116161e-10 
1.7710533040116161e-10 
1.7710533040116161e-10 
1.7710533040116161e-10 
1.7710533040116161e-10 
1.7710533040116161e-10 
1.7710533040116161e-10 
1.7710533040116161e-10 
1.7710533040116161e-10 
1.7710533040116161e-10 
1.7710533040116161e-10 
1.7710533040116161e-10 
1.7710533040116161e-10 
1.7710533040116161e-10 
1.7710533040116161e-10 
1.7710533040116161e-10 
1.7710533040116161e-10 
1.7710533040116161e-10 
1.7710533040116161e-10 
1.7710533040116161e-10 
1.7710533040116161e-10 
1.7710533040116161e-10 
1.7710533040116161e-10 
1.7710533040116161e-10 
1.7710533040116161e-10 
1.7710533040116161e-10 
1.7710533040116161e-10 
1.7710533040116161e-10 
1.7710533040116161e-10 
1.7710533040116161e-10 
1.7710533040116161e-10 
1.7710533040116161e-10 
1.7710533040116161e-10 
1.7710533040116161e-10 
1.7710533040116161e-10 
1.7710533040116161e-10 
1.7710533040116161e-10 
1.7710533040116161e-10 
1.7710533040116161e-10 
1.7710533040116161e-10 
1.7710533040116161e-10 
1.7710533040116161e-10 
1.7710533040116161e-10 
1.7710533040116161e-10 
1.7710533040116161e-10 
1.7710533040116161e-10 
1.7710533040116161e-10 
1.7710533040116161e-10 
1.7710533040116161e-10 
1.7710533040116161e-10 
1.7710533040116161e-10 
1.7710533040116161e-10 
1.7710533040116161e-10 
1.7710533040116161e-10 
1.7710533040116161e-10 
1.7710533040116161e-10 
1.7710533040116161e-10 
1.7710533040116161e-10 
1.7710533040116161e-10 
1.7710533040116161e-10 
1.7710533040116161e-10 
1.7710533040116161e-10 
1.7710533040116161e-10 
1.7710533040116161e-10 
1.7710533040116161e-10 
1.7710533040116161e-10 
1.7710533040116161e-10 
1.7710533040116161e-10 
1.7710533040116161e-10 
1.7710533040116161e-10 
1.7710533040116161e-10 
1.7710533040116161e-10 
1.7710533040116161e-10 
1.7710533040116161e-10 
1.7710533040116161e-10 
1.7710533040116161e-10 
1.7710533040116161e-10 
1.7710533040116161e-10 
1.7710533040116161e-10 
1.7710533040116161e-10 
1.7710533040116161e-10 
1.7710533040116161e-10 
1.7710533040116161e-10 
1.7710533040116161e-10 
1.7710533040116161e-10 
1.7710533040116161e-10 
1.7710533040116161e-10 
1.7710533040116161e-10 
1.7710533040116161e-10 
1.7710533040116161e-10 
1.7710533040116161e-10 
1.3713252755565009e-10 
1.3713252755565009e-10 
1.3713252755565009e-10 
1.3713252755565009e-10 
9.2519658601020183e-11 
9.2519658601020183e-11 
9.2519658601020183e-11 
9.2519658601020183e-11 
9.2519658601020183e-11 
9.2519658601020183e-11 
9.2519658601020183e-11 
9.2519658601020183e-11 
9.2519658601020183e-11 
9.2519658601020183e-11 
9.2519658601020183e-11 
8.8062113157150179e-11 
8.8062113157150179e-11 
8.8062113157150179e-11 
8.8062113157150179e-11 
8.8062113157150179e-11 
8.8062113157150179e-11 
8.8062113157150179e-11 
8.8062113157150179e-11 
8.8062113157150179e-11 
8.8062113157150179e-11 
8.8062113157150179e-11 
8.7631457645898081e-11 
8.7631457645898081e-11 
8.7631457645898081e-11 
8.7631457645898081e-11 
8.7631457645898081e-11 
8.7631457645898081e-11 
8.7631457645898081e-11 
8.7631457645898081e-11 
8.7631457645898081e-11 
8.7631457645898081e-11 
8.7631457645898081e-11 
8.7631457645898081e-11 
8.7631457645898081e-11 
8.7631457645898081e-11 
8.7631457645898081e-11 
8.7631457645898081e-11 
8.7631457645898081e-11 
8.7631457645898081e-11 
8.7628793110638981e-11 
8.7628793110638981e-11 
8.7628793110638981e-11 
8.7628793110638981e-11 
8.7628460043731593e-11 
8.7628460043731593e-11 
8.7628460043731593e-11 
8.7628460043731593e-11 
8.7628349021429131e-11 
8.7628349021429131e-11 
8.7628349021429131e-11 
8.7628349021429131e-11 
8.7628237999126668e-11 
8.7628237999126668e-11 
8.7628237999126668e-11 
8.7628237999126668e-11 
8.7628237999126668e-11 
8.7628237999126668e-11 
8.7628126976824205e-11 
8.7628015954521743e-11 
8.7628015954521743e-11 
8.7628015954521743e-11 
8.7628015954521743e-11 
8.7628015954521743e-11 
8.7628015954521743e-11 
8.7628015954521743e-11 
8.7628015954521743e-11 
8.7628015954521743e-11 
8.7628015954521743e-11 
8.7628015954521743e-11 
8.7628015954521743e-11 
8.7628015954521743e-11 
8.7628015954521743e-11 
8.7628015954521743e-11 
8.7628015954521743e-11 
8.7628015954521743e-11 
8.7628015954521743e-11 
8.7628015954521743e-11 
8.7628015954521743e-11 
8.7628015954521743e-11 
8.7628015954521743e-11 
8.7628015954521743e-11 
8.7628015954521743e-11 
8.7628015954521743e-11 
8.7628015954521743e-11 
8.7628015954521743e-11 
8.7628015954521743e-11 
8.7628015954521743e-11 
8.7628015954521743e-11 
8.7628015954521743e-11 
8.7628015954521743e-11 
8.7628015954521743e-11 
8.7628015954521743e-11 
8.7628015954521743e-11 
8.7628015954521743e-11 
8.7628015954521743e-11 
8.7628015954521743e-11 
8.7628015954521743e-11 
8.7628015954521743e-11 
8.7628015954521743e-11 
8.7628015954521743e-11 
8.7628015954521743e-11 
8.7628015954521743e-11 
8.7628015954521743e-11 
8.7628015954521743e-11 
8.7628015954521743e-11 
8.7628015954521743e-11 
8.7628015954521743e-11 
8.7628015954521743e-11 
8.7628015954521743e-11 
8.7628015954521743e-11 
8.7628015954521743e-11 
8.7628015954521743e-11 
8.7628015954521743e-11 
8.7628015954521743e-11 
8.7628015954521743e-11 
8.7628015954521743e-11 
8.7628015954521743e-11 
8.7628015954521743e-11 
8.7628015954521743e-11 
8.7628015954521743e-11 
8.7628015954521743e-11 
8.7628015954521743e-11 
8.7628015954521743e-11 
8.7628015954521743e-11 
8.7628015954521743e-11 
8.7628015954521743e-11 
8.7628015954521743e-11 
8.7628015954521743e-11 
8.7628015954521743e-11 
8.7628015954521743e-11 
8.7628015954521743e-11 
8.7628015954521743e-11 
8.7628015954521743e-11 
8.7628015954521743e-11 
8.7628015954521743e-11 
8.7628015954521743e-11 
8.7628015954521743e-11 
8.7628015954521743e-11 
8.7628015954521743e-11 
8.7628015954521743e-11 
8.7628015954521743e-11 
8.7628015954521743e-11 
8.7628015954521743e-11 
8.7628015954521743e-11 
8.7628015954521743e-11 
8.7628015954521743e-11 
8.7628015954521743e-11 
8.7628015954521743e-11 
8.7628015954521743e-11 
8.7628015954521743e-11 
8.7628015954521743e-11 
8.7628015954521743e-11 
8.7628015954521743e-11 
8.7628015954521743e-11 
8.7628015954521743e-11 
8.7628015954521743e-11 
8.7628015954521743e-11 
8.7628015954521743e-11 
8.7628015954521743e-11 
8.7628015954521743e-11 
8.7628015954521743e-11 
8.7628015954521743e-11 
8.7628015954521743e-11 
8.7628015954521743e-11 
8.7628015954521743e-11 
8.7628015954521743e-11 
8.7628015954521743e-11 
8.7628015954521743e-11 
8.7628015954521743e-11 
8.7628015954521743e-11 
8.7628015954521743e-11 
8.7628015954521743e-11 
8.7628015954521743e-11 
8.7628015954521743e-11 
8.7628015954521743e-11 
8.7628015954521743e-11 
8.7628015954521743e-11 
8.7628015954521743e-11 
8.7628015954521743e-11 
8.7628015954521743e-11 
8.7628015954521743e-11 
8.7628015954521743e-11 
6.1732952083559667e-11 
4.5275783122633584e-11 
4.5275783122633584e-11 
4.5275783122633584e-11 
4.5275783122633584e-11 
2.4711677149014122e-11 
2.4711677149014122e-11 
2.4711677149014122e-11 
2.2435053814717776e-11 
2.2435053814717776e-11 
2.2435053814717776e-11 
2.2435053814717776e-11 
2.2435053814717776e-11 
2.2435053814717776e-11 
2.2435053814717776e-11 
2.2435053814717776e-11 
2.2435053814717776e-11 
2.2435053814717776e-11 
2.2435053814717776e-11 
2.2435053814717776e-11 
2.2435053814717776e-11 
2.241273833192281e-11 
2.241273833192281e-11 
2.241273833192281e-11 
2.241229424271296e-11 
2.241229424271296e-11 
2.241229424271296e-11 
2.2411628108898185e-11 
2.2411628108898185e-11 
2.2411628108898185e-11 
2.2411628108898185e-11 
2.2411628108898185e-11 
2.2411628108898185e-11 
2.2411628108898185e-11 
2.2411517086595723e-11 
2.2411517086595723e-11 
2.2411517086595723e-11 
2.2411517086595723e-11 
2.2411517086595723e-11 
2.2411517086595723e-11 
2.2411517086595723e-11 
2.2411517086595723e-11 
2.2411517086595723e-11 
2.2411517086595723e-11 
2.2411517086595723e-11 
2.2411517086595723e-11 
2.2411517086595723e-11 
2.2411517086595723e-11 
2.2411517086595723e-11 
2.2411517086595723e-11 
2.2411517086595723e-11 
2.2411517086595723e-11 
2.2411517086595723e-11 
2.2411517086595723e-11 
2.2411517086595723e-11 
2.2411517086595723e-11 
2.2411517086595723e-11 
2.2411517086595723e-11 
2.2411517086595723e-11 
2.2411517086595723e-11 
2.2411517086595723e-11 
2.2411517086595723e-11 
2.2411517086595723e-11 
2.2411517086595723e-11 
2.2411517086595723e-11 
2.2411517086595723e-11 
2.2411517086595723e-11 
2.2411517086595723e-11 
2.2411517086595723e-11 
2.2411517086595723e-11 
2.2411517086595723e-11 
2.2411517086595723e-11 
2.2411517086595723e-11 
2.2411517086595723e-11 
2.2411517086595723e-11 
2.2411517086595723e-11 
2.2411517086595723e-11 
2.2411517086595723e-11 
2.2411517086595723e-11 
2.2411517086595723e-11 
2.2411517086595723e-11 
2.2411517086595723e-11 
2.2411517086595723e-11 
2.2411517086595723e-11 
2.2411517086595723e-11 
2.2411517086595723e-11 
2.2411517086595723e-11 
2.2411517086595723e-11 
2.2411517086595723e-11 
2.2411517086595723e-11 
2.2411517086595723e-11 
2.2411517086595723e-11 
2.2411517086595723e-11 
2.2411517086595723e-11 
2.2411517086595723e-11 
2.2411517086595723e-11 
2.2411517086595723e-11 
2.2411517086595723e-11 
2.2411517086595723e-11 
2.2411517086595723e-11 
2.2411517086595723e-11 
2.2411517086595723e-11 
2.2411517086595723e-11 
2.2411517086595723e-11 
2.2411517086595723e-11 
2.2411517086595723e-11 
2.2411517086595723e-11 
2.2411517086595723e-11 
2.2411517086595723e-11 
2.2411517086595723e-11 
2.2411517086595723e-11 
2.2411517086595723e-11 
2.2411517086595723e-11 
2.2411517086595723e-11 
2.2411517086595723e-11 
2.2411517086595723e-11 
2.2411517086595723e-11 
2.2411517086595723e-11 
2.2411517086595723e-11 
2.2411517086595723e-11 
2.2411517086595723e-11 
2.2411517086595723e-11 
2.2411517086595723e-11 
2.2411517086595723e-11 
2.2411517086595723e-11 
2.2411517086595723e-11 
2.2411517086595723e-11 
2.2411517086595723e-11 
2.2411517086595723e-11 
2.2411517086595723e-11 
2.2411517086595723e-11 
2.2411517086595723e-11 
2.2411517086595723e-11 
2.2411517086595723e-11 
2.2411517086595723e-11 
2.2411517086595723e-11 
2.2411517086595723e-11 
2.2411517086595723e-11 
2.2411517086595723e-11 
2.2411517086595723e-11 
2.2411517086595723e-11 
2.2411517086595723e-11 
2.2411517086595723e-11 
2.2411517086595723e-11 
2.2411517086595723e-11 
2.2411517086595723e-11 
2.2411517086595723e-11 
2.2411517086595723e-11 
2.2411517086595723e-11 
2.2411517086595723e-11 
2.2411517086595723e-11 
2.2411517086595723e-11 
2.2411517086595723e-11 
2.2411517086595723e-11 
2.2411517086595723e-11 
2.2411517086595723e-11 
2.2411517086595723e-11 
2.2411517086595723e-11 
2.2411517086595723e-11 
2.2411517086595723e-11 
2.2411517086595723e-11 
2.2411517086595723e-11 
2.2411517086595723e-11 
2.2411517086595723e-11 
1.5279555398706179e-11 
1.3182677172096646e-11 
1.3182677172096646e-11 
1.3182677172096646e-11 
1.3182677172096646e-11 
1.3163692358375556e-11 
1.3163692358375556e-11 
1.3163692358375556e-11 
1.3163692358375556e-11 
1.3122170017254575e-11 
1.3122170017254575e-11 
1.3122170017254575e-11 
1.3122170017254575e-11 
1.3122170017254575e-11 
1.3122170017254575e-11 
1.3122170017254575e-11 
1.3122170017254575e-11 
1.3122170017254575e-11 
1.3122170017254575e-11 
1.3122170017254575e-11 
1.3122170017254575e-11 
1.3122170017254575e-11 
1.3122170017254575e-11 
1.3122058994952113e-11 
1.3122058994952113e-11 
1.3122058994952113e-11 
1.3122058994952113e-11 
1.3122058994952113e-11 
1.3122058994952113e-11 
1.3122058994952113e-11 
1.3122058994952113e-11 
1.3122058994952113e-11 
1.3122058994952113e-11 
1.3122058994952113e-11 
1.3122058994952113e-11 
1.3122058994952113e-11 
1.3122058994952113e-11 
1.3122058994952113e-11 
1.3122058994952113e-11 
1.3122058994952113e-11 
1.3122058994952113e-11 
1.3122058994952113e-11 
1.3122058994952113e-11 
1.3122058994952113e-11 
1.3122058994952113e-11 
1.3122058994952113e-11 
1.3122058994952113e-11 
1.3122058994952113e-11 
1.3122058994952113e-11 
1.3122058994952113e-11 
1.3122058994952113e-11 
1.3122058994952113e-11 
1.3122058994952113e-11 
1.3122058994952113e-11 
1.3122058994952113e-11 
1.3122058994952113e-11 
1.3122058994952113e-11 
1.3122058994952113e-11 
1.3122058994952113e-11 
1.3122058994952113e-11 
1.3122058994952113e-11 
1.3122058994952113e-11 
1.3122058994952113e-11 
1.3122058994952113e-11 
1.3122058994952113e-11 
1.3122058994952113e-11 
1.3122058994952113e-11 
1.3122058994952113e-11 
1.3122058994952113e-11 
1.3122058994952113e-11 
1.3122058994952113e-11 
1.3122058994952113e-11 
1.3122058994952113e-11 
1.3122058994952113e-11 
1.3122058994952113e-11 
1.3122058994952113e-11 
1.3122058994952113e-11 
1.3122058994952113e-11 
1.3122058994952113e-11 
1.3122058994952113e-11 
1.3122058994952113e-11 
1.3122058994952113e-11 
1.3122058994952113e-11 
