0.63259156529842731 
0.63259156529842731 
0.63259156529842731 
0.63259156529842731 
0.17846835077438816 
0.17846835077438816 
0.17846835077438816 
0.069730731482934835 
0.069730731482934835 
0.069730731482934835 
0.069730731482934835 
0.069730731482934835 
0.069730731482934835 
0.069730731482934835 
0.060809089831776582 
0.060809089831776582 
0.060809089831776582 
0.060809089831776582 
0.060809089831776582 
0.060809089831776582 
0.05365755411863931 
0.05365755411863931 
0.052960803018225353 
0.025893272139486868 
0.014140497080950519 
0.014140497080950519 
0.014140497080950519 
0.014140497080950519 
0.014140497080950519 
0.014140497080950519 
0.0017398396055014953 
0.0017398396055014953 
0.00084971312717772656 
0.00084971312717772656 
0.00084971312717772656 
0.00084971312717772656 
0.00084971312717772656 
0.00084971312717772656 
0.00084971312717772656 
0.00084971312717772656 
0.00084971312717772656 
0.00084971312717772656 
0.00067027489682472212 
0.00067027489682472212 
0.00067027489682472212 
0.00067027489682472212 
3.8541418360286033e-05 
3.8541418360286033e-05 
3.8541418360286033e-05 
3.8541418360286033e-05 
3.8541418360286033e-05 
3.8541418360286033e-05 
3.8541418360286033e-05 
3.8541418360286033e-05 
3.8541418360286033e-05 
3.8541418360286033e-05 
3.8541418360286033e-05 
3.8541418360286033e-05 
3.8541418360286033e-05 
3.8541418360286033e-05 
3.8541418360286033e-05 
3.8541418360286033e-05 
3.8541418360286033e-05 
3.8541418360286033e-05 
3.8541418360286033e-05 
3.8541418360286033e-05 
3.8541418360286033e-05 
2.8548793493669404e-05 
2.8548793493669404e-05 
2.8548793493669404e-05 
2.8548793493669404e-05 
6.9650832828057754e-06 
6.9650832828057754e-06 
6.9650832828057754e-06 
6.9650832828057754e-06 
6.9650832828057754e-06 
6.9650832828057754e-06 
6.9650832828057754e-06 
6.9650832828057754e-06 
6.9650832828057754e-06 
6.9650832828057754e-06 
6.9650832828057754e-06 
6.9650832828057754e-06 
6.9650832828057754e-06 
6.9650832828057754e-06 
1.1044811311757631e-07 
1.1044811311757631e-07 
1.1044811311757631e-07 
1.1044811311757631e-07 
1.1044811311757631e-07 
1.1044811311757631e-07 
1.1044811311757631e-07 
1.1044811311757631e-07 
1.1044811311757631e-07 
1.1044811311757631e-07 
1.1044811311757631e-07 
1.1044811311757631e-07 
1.1044811311757631e-07 
1.1044811311757631e-07 
1.1044811311757631e-07 
1.1044811311757631e-07 
1.1044811311757631e-07 
1.1044811311757631e-07 
1.1044811311757631e-07 
1.1044811311757631e-07 
1.1044811311757631e-07 
1.1044811311757631e-07 
1.1044811311757631e-07 
1.1044811311757631e-07 
1.1044811311757631e-07 
1.1044811311757631e-07 
1.1044811311757631e-07 
1.1044811311757631e-07 
1.1044811311757631e-07 
1.1044811311757631e-07 
1.1044811311757631e-07 
1.1044811311757631e-07 
1.1044811311757631e-07 
1.1044811311757631e-07 
1.1044811311757631e-07 
1.1044811311757631e-07 
1.1044811311757631e-07 
1.1044811311757631e-07 
1.1044811311757631e-07 
1.1044811311757631e-07 
1.1044811311757631e-07 
1.1044811311757631e-07 
1.1044811311757631e-07 
1.1044811311757631e-07 
1.1044811311757631e-07 
1.1044811311757631e-07 
1.1044811311757631e-07 
1.1044811311757631e-07 
1.1044811311757631e-07 
1.1044811311757631e-07 
1.1044811311757631e-07 
1.1044811311757631e-07 
1.1044811311757631e-07 
1.1044811311757631e-07 
1.1044811311757631e-07 
2.9289253261899626e-08 
2.9289253261899626e-08 
1.4825996160690649e-08 
1.4825996160690649e-08 
1.4825996160690649e-08 
1.4825996160690649e-08 
1.4825996160690649e-08 
5.4007343955198967e-09 
5.4007343955198967e-09 
5.4007343955198967e-09 
5.4007343955198967e-09 
5.4007343955198967e-09 
5.4007343955198967e-09 
5.4007343955198967e-09 
5.4007343955198967e-09 
5.4007343955198967e-09 
5.4007343955198967e-09 
5.4007343955198967e-09 
5.4007343955198967e-09 
5.4007343955198967e-09 
5.4007343955198967e-09 
5.4007343955198967e-09 
5.4007343955198967e-09 
5.4007343955198967e-09 
5.4007343955198967e-09 
5.4007343955198967e-09 
5.4007343955198967e-09 
5.4007343955198967e-09 
5.4007343955198967e-09 
5.4007343955198967e-09 
5.4007343955198967e-09 
5.4007343955198967e-09 
5.4007343955198967e-09 
5.4007343955198967e-09 
5.4007343955198967e-09 
5.4007343955198967e-09 
5.4007343955198967e-09 
5.4007343955198967e-09 
5.4007343955198967e-09 
5.4007343955198967e-09 
5.4007343955198967e-09 
5.4007343955198967e-09 
5.4007343955198967e-09 
5.4007343955198967e-09 
5.4007343955198967e-09 
5.4007343955198967e-09 
5.4007343955198967e-09 
5.4007343955198967e-09 
5.4007343955198967e-09 
5.4007343955198967e-09 
5.4007343955198967e-09 
5.4007343955198967e-09 
5.4007343955198967e-09 
5.4007343955198967e-09 
5.4007343955198967e-09 
5.4007343955198967e-09 
5.4007343955198967e-09 
5.4007343955198967e-09 
5.4007343955198967e-09 
5.4007343955198967e-09 
5.4007343955198967e-09 
5.4007343955198967e-09 
5.4007343955198967e-09 
5.4007343955198967e-09 
5.4007343955198967e-09 
5.4007343955198967e-09 
5.4007343955198967e-09 
5.4007343955198967e-09 
5.4007343955198967e-09 
5.4007343955198967e-09 
5.4007343955198967e-09 
5.4007343955198967e-09 
5.4007343955198967e-09 
5.4007343955198967e-09 
5.4007343955198967e-09 
5.4007343955198967e-09 
5.4007343955198967e-09 
5.4007343955198967e-09 
5.4007343955198967e-09 
5.4007343955198967e-09 
5.4007343955198967e-09 
5.4007343955198967e-09 
5.4007343955198967e-09 
5.4007343955198967e-09 
5.4007343955198967e-09 
5.4007343955198967e-09 
5.4007343955198967e-09 
5.4007343955198967e-09 
5.4007343955198967e-09 
5.4007343955198967e-09 
5.4007343955198967e-09 
5.4007343955198967e-09 
5.4007343955198967e-09 
5.4007343955198967e-09 
5.4007343955198967e-09 
5.4007343955198967e-09 
5.4007343955198967e-09 
5.4007343955198967e-09 
5.4007343955198967e-09 
5.4007343955198967e-09 
5.4007343955198967e-09 
5.4007343955198967e-09 
5.4007343955198967e-09 
5.4007343955198967e-09 
5.4007343955198967e-09 
4.9383339453835909e-09 
4.9383339453835909e-09 
4.9383339453835909e-09 
4.9383339453835909e-09 
3.2361326617801356e-09 
3.2361326617801356e-09 
3.2361326617801356e-09 
3.2361326617801356e-09 
3.2361326617801356e-09 
3.2361326617801356e-09 
3.2361326617801356e-09 
3.1420270810388578e-09 
3.1420270810388578e-09 
3.1420270810388578e-09 
3.1420270810388578e-09 
3.1420270810388578e-09 
3.1420270810388578e-09 
3.1420270810388578e-09 
3.1018510694216341e-09 
3.1018510694216341e-09 
3.1018510694216341e-09 
3.1018510694216341e-09 
3.1018510694216341e-09 
3.1018510694216341e-09 
3.1018510694216341e-09 
3.0835324002203257e-09 
3.0835324002203257e-09 
3.0835324002203257e-09 
3.0835324002203257e-09 
3.0412149651870538e-09 
3.0412149651870538e-09 
3.0412149651870538e-09 
3.0412149651870538e-09 
3.0412149651870538e-09 
3.0412149651870538e-09 
3.0412149651870538e-09 
3.0382086679330515e-09 
3.0382086679330515e-09 
3.0382086679330515e-09 
3.0382086679330515e-09 
3.0344530595814238e-09 
3.0344530595814238e-09 
3.0344530595814238e-09 
3.0344530595814238e-09 
3.0331230368370242e-09 
3.0331230368370242e-09 
3.0331230368370242e-09 
3.0331230368370242e-09 
3.0313799224993183e-09 
3.0313799224993183e-09 
3.0313799224993183e-09 
3.0313799224993183e-09 
3.030964390831443e-09 
3.030964390831443e-09 
3.030964390831443e-09 
3.030964390831443e-09 
3.0301431788084382e-09 
3.0301431788084382e-09 
3.0301431788084382e-09 
3.0301431788084382e-09 
3.0300623143378538e-09 
3.0300623143378538e-09 
3.0300623143378538e-09 
3.0300623143378538e-09 
3.0296658131357769e-09 
3.0296658131357769e-09 
3.0296658131357769e-09 
3.0296658131357769e-09 
3.0296658131357769e-09 
3.0296658131357769e-09 
3.0296658131357769e-09 
3.0296443049327282e-09 
3.0296443049327282e-09 
3.0296443049327282e-09 
3.0296443049327282e-09 
3.0294258284588659e-09 
3.0294258284588659e-09 
3.0294258284588659e-09 
3.0294258284588659e-09 
3.0294258284588659e-09 
3.0294258284588659e-09 
3.0294258284588659e-09 
3.0294246599725121e-09 
3.0294246599725121e-09 
3.0294246599725121e-09 
3.0294246599725121e-09 
3.0294246599725121e-09 
3.0294246599725121e-09 
3.0294246599725121e-09 
3.0294243539571508e-09 
3.0294243539571508e-09 
3.0294243539571508e-09 
3.0294243539571508e-09 
3.0294151317169024e-09 
3.0294151317169024e-09 
3.0294151317169024e-09 
3.0294151317169024e-09 
3.0294151317169024e-09 
3.0294151317169024e-09 
3.0294151317169024e-09 
3.0294151317169024e-09 
3.0294151317169024e-09 
3.0294151317169024e-09 
3.0294151317169024e-09 
3.0294136546510651e-09 
3.0294136546510651e-09 
3.0294136546510651e-09 
3.0294136546510651e-09 
3.0294136546510651e-09 
3.0294136546510651e-09 
3.0294136546510651e-09 
3.0294136546510651e-09 
3.0294136546510651e-09 
3.0294136546510651e-09 
3.0294136546510651e-09 
3.0294132713600062e-09 
3.0294132713600062e-09 
3.0294132713600062e-09 
3.0294132713600062e-09 
3.0294132713600062e-09 
3.0294132713600062e-09 
3.0294132713600062e-09 
3.0294132713600062e-09 
3.0294132713600062e-09 
3.0294132713600062e-09 
3.0294132713600062e-09 
3.0294132498669898e-09 
3.0294132498669898e-09 
3.0294132498669898e-09 
3.0294132498669898e-09 
3.0294132403259246e-09 
3.0294132403259246e-09 
3.0294132403259246e-09 
3.0294132403259246e-09 
3.029413234585744e-09 
3.029413234585744e-09 
3.029413234585744e-09 
3.029413234585744e-09 
3.0294132316578783e-09 
3.0294132316578783e-09 
3.0294132316578783e-09 
3.0294132316578783e-09 
3.0294132298562611e-09 
3.0294132298562611e-09 
3.0294132298562611e-09 
3.0294132298562611e-09 
3.0294132290237431e-09 
3.0294132290237431e-09 
3.0294132290237431e-09 
3.0294132290237431e-09 
3.0294132284332619e-09 
3.0294132284332619e-09 
3.0294132284332619e-09 
3.0294132284332619e-09 
3.0294132282181859e-09 
3.0294132282181859e-09 
3.0294132282181859e-09 
3.0294132282181859e-09 
3.0294132280423814e-09 
3.0294132280423814e-09 
3.0294132280423814e-09 
3.0294132280423814e-09 
3.0294132279599674e-09 
3.0294132279599674e-09 
3.0294132279599674e-09 
3.0294132279599674e-09 
3.0294132278688452e-09 
3.0294132278688452e-09 
3.0294132278688452e-09 
3.0294132278688452e-09 
3.0294132278688452e-09 
3.0294132278688452e-09 
3.0294132278688452e-09 
3.0294132278226963e-09 
3.0294132278226963e-09 
3.0294132278226963e-09 
3.0294132278226963e-09 
3.0294132278226963e-09 
3.0294132278226963e-09 
3.0294132277446936e-09 
3.0294132276517036e-09 
3.0294132275701804e-09 
3.0294132275134478e-09 
3.0294132275086105e-09 
3.0294132274951361e-09 
3.0294132274735186e-09 
3.0294132274735186e-09 
3.0294132274735186e-09 
3.0294132274488947e-09 
3.0294132273866472e-09 
3.0294132273412669e-09 
3.0294132273412669e-09 
3.0294132273167658e-09 
3.0294132272678885e-09 
3.0294132272609981e-09 
3.0294132272609981e-09 
3.0294132272480411e-09 
3.0294132272469306e-09 
3.0294132272469306e-09 
3.0294132272469306e-09 
3.0294132272222641e-09 
3.0294132272130634e-09 
3.029413227184352e-09 
3.029413227184352e-09 
3.0294132271580331e-09 
3.0294132271556401e-09 
3.0294132271556401e-09 
3.0294132271532479e-09 
3.0294132271265585e-09 
3.0294132271265585e-09 
3.0294132271265585e-09 
3.0294132271265585e-09 
3.0294132271265585e-09 
3.0294132271265585e-09 
3.0294132271265585e-09 
3.0294132271265585e-09 
3.0294132271265585e-09 
3.0294132271265585e-09 
3.0294132271265585e-09 
3.0294132271265585e-09 
3.0294132271265585e-09 
3.0294132271265585e-09 
3.0294132271265585e-09 
3.0294132271265585e-09 
3.0294132271265585e-09 
3.0294132271265585e-09 
3.0294132271265585e-09 
3.0294132271265585e-09 
3.0294132271265585e-09 
3.0294132271265585e-09 
3.0294132271265585e-09 
3.0294132271265585e-09 
3.0294132271265585e-09 
3.0294132271265585e-09 
3.0294132271265585e-09 
3.0294132271265585e-09 
3.0294132271265585e-09 
3.0294132271265585e-09 
3.0294132271265585e-09 
3.0294132271265585e-09 
3.0294132271265585e-09 
3.0294132271265585e-09 
3.0294132271265585e-09 
3.0294132271265585e-09 
3.0294132271265585e-09 
3.0294132271265585e-09 
3.0294132271265585e-09 
3.0294132271265585e-09 
3.0294132271265585e-09 
3.0294132271265585e-09 
3.0294132271265585e-09 
3.0294132271265585e-09 
3.0294132271265585e-09 
3.0294132271265585e-09 
3.0294132271265585e-09 
3.0294132271265585e-09 
3.0294132271265585e-09 
3.0294132271265585e-09 
3.0294132271265585e-09 
3.0294132271265585e-09 
3.0294132271265585e-09 
3.0294132271265585e-09 
3.0294132271265585e-09 
3.0294132271265585e-09 
3.0294132271265585e-09 
3.0294132271265585e-09 
3.0294132271265585e-09 
3.0294132271265585e-09 
3.0294132271265585e-09 
3.0294132271265585e-09 
3.0294132271265585e-09 
3.0294132271265585e-09 
3.0294132271265585e-09 
3.0294132271265585e-09 
3.0294132271265585e-09 
3.0294132271265585e-09 
3.0294132271265585e-09 
3.0294132271265585e-09 
3.0294132271265585e-09 
3.0294132271265585e-09 
3.0294132271265585e-09 
3.0294132271265585e-09 
3.0294132271265585e-09 
3.0294132271265585e-09 
3.0294132271265585e-09 
3.0294132271265585e-09 
3.0294132271265585e-09 
3.0294132271265585e-09 
3.0294132271265585e-09 
3.0294132271265585e-09 
3.0294132271265585e-09 
3.0294132271265585e-09 
3.0294132271265585e-09 
3.0294132271265585e-09 
3.0294132271265585e-09 
1.9989056665947481e-09 
1.9989056665947481e-09 
1.9989056665947481e-09 
1.9989056665947481e-09 
1.9989056665947481e-09 
1.9989056665947481e-09 
1.9989056665947481e-09 
1.4666590801948226e-09 
1.4666590801948226e-09 
1.4666590801948226e-09 
1.4666590801948226e-09 
1.4666590801948226e-09 
1.4666590801948226e-09 
1.4666590801948226e-09 
1.4666590801948226e-09 
1.4666590801948226e-09 
1.4666590801948226e-09 
1.4666590801948226e-09 
1.4666590801948226e-09 
1.4666590801948226e-09 
1.4666590801948226e-09 
1.4666590801948226e-09 
1.4666590801948226e-09 
1.4666590801948226e-09 
1.4552949046912127e-09 
1.4552949046912127e-09 
1.4552949046912127e-09 
1.4552949046912127e-09 
1.4552949046912127e-09 
1.4552949046912127e-09 
1.4552949046912127e-09 
1.4552949046912127e-09 
1.4552949046912127e-09 
1.4552949046912127e-09 
1.4552949046912127e-09 
2.0300989026317039e-10 
2.0300989026317039e-10 
2.0300989026317039e-10 
2.0300989026317039e-10 
1.6001762725684192e-10 
1.6001762725684192e-10 
1.6001762725684192e-10 
1.6001762725684192e-10 
4.9308445992282072e-11 
4.9308445992282072e-11 
4.9308445992282072e-11 
4.9308445992282072e-11 
4.9308445992282072e-11 
4.9308445992282072e-11 
4.9308445992282072e-11 
4.9308445992282072e-11 
4.9308445992282072e-11 
4.9308445992282072e-11 
4.9308445992282072e-11 
3.4291075361994288e-11 
3.4291075361994288e-11 
3.4291075361994288e-11 
3.4291075361994288e-11 
3.4291075361994288e-11 
3.4291075361994288e-11 
3.4291075361994288e-11 
3.4291075361994288e-11 
3.4291075361994288e-11 
3.4291075361994288e-11 
3.4291075361994288e-11 
3.4036181184928064e-11 
3.4036181184928064e-11 
3.4036181184928064e-11 
3.4036181184928064e-11 
3.3853044732772871e-11 
3.3853044732772871e-11 
3.3853044732772871e-11 
3.3853044732772871e-11 
3.3853044732772871e-11 
3.3853044732772871e-11 
3.3853044732772871e-11 
3.3853044732772871e-11 
3.3853044732772871e-11 
3.3853044732772871e-11 
3.3853044732772871e-11 
3.3844779295172954e-11 
3.3844779295172954e-11 
3.3844779295172954e-11 
3.3844779295172954e-11 
3.3842494129471926e-11 
3.3842494129471926e-11 
3.3842494129471926e-11 
3.3842494129471926e-11 
3.3842484648811375e-11 
3.3842484648811375e-11 
3.3842484648811375e-11 
3.3842484648811375e-11 
3.384199124264135e-11 
3.384199124264135e-11 
3.384199124264135e-11 
3.384199124264135e-11 
3.384199124264135e-11 
3.384199124264135e-11 
3.384199124264135e-11 
3.384199124264135e-11 
3.384199124264135e-11 
3.384199124264135e-11 
3.384199124264135e-11 
3.3841979234503456e-11 
3.3841979234503456e-11 
3.3841979234503456e-11 
3.3841979234503456e-11 
3.3841970518873528e-11 
3.3841970518873528e-11 
3.3841970518873528e-11 
3.3841970518873528e-11 
3.3841970518873528e-11 
3.3841970518873528e-11 
3.3841970518873528e-11 
3.3841970518873528e-11 
3.3841970518873528e-11 
3.3841970518873528e-11 
3.3841970518873528e-11 
3.3841970457857577e-11 
3.3841970457857577e-11 
3.3841970457857577e-11 
3.3841970457857577e-11 
3.3841970261029046e-11 
3.3841970261029046e-11 
3.3841970261029046e-11 
3.3841970261029046e-11 
3.3841970261029046e-11 
3.3841970261029046e-11 
3.3841970261029046e-11 
3.3841970261029046e-11 
3.3841970261029046e-11 
3.3841970261029046e-11 
3.3841970261029046e-11 
3.3841970261029046e-11 
3.3841970261029046e-11 
3.3841970261029046e-11 
3.3841970261029046e-11 
3.3841970261029046e-11 
3.3841970261029046e-11 
3.3841970261029046e-11 
3.3841970261029046e-11 
3.3841970261029046e-11 
3.3841970261029046e-11 
3.3841970261029046e-11 
3.3841970261029046e-11 
3.3841970261029046e-11 
3.3841970261029046e-11 
3.3841970261029046e-11 
3.3841970261029046e-11 
3.3841970261029046e-11 
3.3841970261029046e-11 
3.3841970261029046e-11 
3.3841970261029046e-11 
3.3841970261029046e-11 
3.3841970261029046e-11 
3.3841970261029046e-11 
3.3841970261029046e-11 
3.3841970261029046e-11 
3.3841970261029046e-11 
3.3841970261029046e-11 
3.3841970261029046e-11 
3.3841970261029046e-11 
3.3841970261029046e-11 
3.3841970261029046e-11 
3.3841970261029046e-11 
3.3841970261029046e-11 
3.3841970261029046e-11 
3.3841970261029046e-11 
3.3841970261029046e-11 
3.3841970261029046e-11 
3.3841970261029046e-11 
3.3841970261029046e-11 
3.3841970261029046e-11 
3.3841970261029046e-11 
3.3841970261029046e-11 
3.3841970261029046e-11 
3.3841970261029046e-11 
3.3841970261029046e-11 
3.3841970261029046e-11 
3.3841970261029046e-11 
3.3841970261029046e-11 
3.3841970261029046e-11 
3.3841970261029046e-11 
3.3841970261029046e-11 
3.3841970261029046e-11 
3.3841970261029046e-11 
3.3841970261029046e-11 
3.3841970261029046e-11 
3.3841970261029046e-11 
3.3841970261029046e-11 
3.3841970261029046e-11 
3.3841970261029046e-11 
3.3841970261029046e-11 
3.3841970261029046e-11 
3.3841970261029046e-11 
3.3841970261029046e-11 
3.3841970261029046e-11 
3.3841970261029046e-11 
3.3841970261029046e-11 
3.3841970261029046e-11 
3.3841970261029046e-11 
3.3841970261029046e-11 
3.3841970261029046e-11 
3.3841970261029046e-11 
3.3841970261029046e-11 
3.3841970261029046e-11 
3.3841970261029046e-11 
3.3841970261029046e-11 
3.3841970261029046e-11 
3.3841970261029046e-11 
3.3841970261029046e-11 
3.3841970261029046e-11 
3.3841970261029046e-11 
3.3841970261029046e-11 
3.3841970261029046e-11 
3.3841970261029046e-11 
3.3841970261029046e-11 
3.3841970261029046e-11 
3.3841970261029046e-11 
3.3841970261029046e-11 
3.3841970261029046e-11 
3.3841970261029046e-11 
3.3841970261029046e-11 
3.3841970261029046e-11 
3.3841970261029046e-11 
3.3841970261029046e-11 
3.3841970261029046e-11 
3.3841970261029046e-11 
3.3841970261029046e-11 
3.3841970261029046e-11 
3.3841970261029046e-11 
3.3841970261029046e-11 
3.3841970261029046e-11 
3.3841970261029046e-11 
3.3841970261029046e-11 
3.3841970261029046e-11 
3.3841970261029046e-11 
3.3841970261029046e-11 
3.3841970261029046e-11 
3.3841970261029046e-11 
3.3841970261029046e-11 
3.1619003364687055e-11 
3.1619003364687055e-11 
3.1619003364687055e-11 
3.1619003364687055e-11 
2.5913586673938105e-11 
2.5913586673938105e-11 
2.5913586673938105e-11 
2.5913586673938105e-11 
2.2956102037150729e-11 
2.2956102037150729e-11 
2.2956102037150729e-11 
2.2956102037150729e-11 
2.2912869875324557e-11 
2.2912869875324557e-11 
2.2912869875324557e-11 
2.2912869875324557e-11 
2.2526314658891929e-11 
2.2526314658891929e-11 
2.2526314658891929e-11 
2.2526314658891929e-11 
2.2526314658891929e-11 
2.2526314658891929e-11 
2.2526314658891929e-11 
2.2526314658891929e-11 
2.2526314658891929e-11 
2.2526314658891929e-11 
2.2526314658891929e-11 
2.2526314658891929e-11 
2.2526314658891929e-11 
2.2526314658891929e-11 
2.2526314658891929e-11 
2.2526314658891929e-11 
2.2526314658891929e-11 
2.2526314658891929e-11 
2.2526314658891929e-11 
2.2526314658891929e-11 
2.2526314658891929e-11 
2.2526314658891929e-11 
2.2526314658891929e-11 
2.2526314658891929e-11 
2.2526314658891929e-11 
2.2526314658891929e-11 
2.2526314658891929e-11 
2.2526314658891929e-11 
2.2526314658891929e-11 
2.2526314658891929e-11 
2.2526314658891929e-11 
2.2526314658891929e-11 
2.2526314658891929e-11 
2.2526314658891929e-11 
2.2526314658891929e-11 
2.2526314658891929e-11 
2.2526314658891929e-11 
2.2526314658891929e-11 
2.2526314658891929e-11 
2.2526314658891929e-11 
2.2526314658891929e-11 
2.2526314658891929e-11 
2.2526314658891929e-11 
2.2526314658891929e-11 
2.2526314658891929e-11 
2.2526314658891929e-11 
2.2526314658891929e-11 
2.2526314658891929e-11 
2.2526314658891929e-11 
2.2526314658891929e-11 
2.2526314658891929e-11 
2.2526314658891929e-11 
2.2526314658891929e-11 
2.2526314658891929e-11 
2.2526314658891929e-11 
2.2526314658891929e-11 
2.2526314658891929e-11 
2.2526314658891929e-11 
2.2526314658891929e-11 
2.2526314658891929e-11 
2.2526314658891929e-11 
2.2526314658891929e-11 
2.2526314658891929e-11 
2.2526314658891929e-11 
2.2526314658891929e-11 
2.2526314658891929e-11 
2.2526314658891929e-11 
2.2526314658891929e-11 
2.2526314658891929e-11 
2.2526314658891929e-11 
2.2526314658891929e-11 
2.2526314658891929e-11 
2.2526314658891929e-11 
2.2526314658891929e-11 
2.2526314658891929e-11 
2.2526314658891929e-11 
2.2526314658891929e-11 
2.2526314658891929e-11 
2.2526314658891929e-11 
2.2526314658891929e-11 
2.2526314658891929e-11 
2.2526314658891929e-11 
2.2526314658891929e-11 
2.2526314658891929e-11 
2.2526314658891929e-11 
2.2526314658891929e-11 
2.2526314658891929e-11 
2.2526314658891929e-11 
2.2526314658891929e-11 
2.2526314658891929e-11 
2.2526314658891929e-11 
2.2526314658891929e-11 
2.2526314658891929e-11 
2.2526314658891929e-11 
2.2526314658891929e-11 
2.2526314658891929e-11 
2.2526314658891929e-11 
2.2526314658891929e-11 
2.2526314658891929e-11 
2.2526314658891929e-11 
2.2526314658891929e-11 
2.2526314658891929e-11 
2.2526314658891929e-11 
2.2526314658891929e-11 
2.2526314658891929e-11 
2.2526314658891929e-11 
2.2526314658891929e-11 
2.2526314658891929e-11 
2.2526314658891929e-11 
2.2526314658891929e-11 
2.2526314658891929e-11 
2.2526314658891929e-11 
2.2526314658891929e-11 
2.2526314658891929e-11 
2.2526314658891929e-11 
2.2526314658891929e-11 
2.2526314658891929e-11 
2.2526314658891929e-11 
2.2526314658891929e-11 
2.2526314658891929e-11 
2.2526314658891929e-11 
2.2526314658891929e-11 
2.2526314658891929e-11 
2.2526314658891929e-11 
2.2526314658891929e-11 
2.2526314658891929e-11 
2.2526314658891929e-11 
2.2526314658891929e-11 
2.2526314658891929e-11 
2.2526314658891929e-11 
2.2526314658891929e-11 
2.2526314658891929e-11 
2.2526314658891929e-11 
2.2526314658891929e-11 
2.2526314658891929e-11 
2.2526314658891929e-11 
2.2526314658891929e-11 
2.2526314658891929e-11 
2.2526314658891929e-11 
2.2526314658891929e-11 
2.2526314658891929e-11 
2.2526314658891929e-11 
2.2526314658891929e-11 
2.2526314658891929e-11 
2.0810171186650991e-11 
1.743135087806705e-11 
1.743135087806705e-11 
1.743135087806705e-11 
1.7316106708573591e-11 
1.7316106708573591e-11 
1.7316106708573591e-11 
1.7316106708573591e-11 
1.7316106708573591e-11 
1.7316106708573591e-11 
1.7313297684981395e-11 
1.7313297684981395e-11 
1.7313297684981395e-11 
1.7313297684981395e-11 
1.7313297684981395e-11 
1.7313297684981395e-11 
1.7313297684981395e-11 
1.7313297684981395e-11 
1.7313297684981395e-11 
1.7313297684981395e-11 
1.7313297684981395e-11 
1.7313297684981395e-11 
1.7313297684981395e-11 
1.7313297684981395e-11 
1.7313297684981395e-11 
1.7313297684981395e-11 
1.7313297684981395e-11 
1.7313297684981395e-11 
1.7313297684981395e-11 
1.7313297684981395e-11 
1.7313297684981395e-11 
1.7313297684981395e-11 
1.7313297684981395e-11 
1.7313297684981395e-11 
1.7313297684981395e-11 
1.7313297684981395e-11 
1.7313297684981395e-11 
1.7313297684981395e-11 
1.7313297684981395e-11 
1.7313297684981395e-11 
1.7313297684981395e-11 
1.7313297684981395e-11 
1.7313297684981395e-11 
1.7313297684981395e-11 
1.7313297684981395e-11 
1.7313297684981395e-11 
1.7313297684981395e-11 
1.7313297684981395e-11 
1.7313297684981395e-11 
1.7313297684981395e-11 
1.7313297684981395e-11 
1.7313297684981395e-11 
1.7313297684981395e-11 
1.7313297684981395e-11 
1.7313297684981395e-11 
1.7313297684981395e-11 
1.7313297684981395e-11 
1.7313297684981395e-11 
1.7313297684981395e-11 
