0.55744648697906407 
0.44526723429798798 
0.34014839648224188 
0.27480238983463179 
0.24315357336946616 
0.20308507935507386 
0.19965948052646201 
0.17675452055167365 
0.17660305614847899 
0.16988143863360564 
0.16873876218503947 
0.16565571374577251 
0.16546624486318345 
0.16398400111610809 
0.1639736409558831 
0.16340355178324958 
0.16339912136949036 
0.16316462046205271 
0.16316261466283236 
0.16262940782596755 
0.16214350453618273 
0.16199734618285405 
0.16177041845053619 
0.1617327949554854 
0.1616231916229218 
0.16162154069236595 
0.16156245967588703 
0.16153632295491269 
0.16150997829616773 
0.16150069642644607 
0.16148859017019124 
0.16148557180615875 
0.16147968898950907 
0.16147885420076658 
0.16147577679054573 
0.16147540124234389 
0.16147394983565941 
0.16147358096912323 
0.16147279158335379 
0.16147243023710195 
0.16147188239672519 
0.16147152112137683 
0.16147109827286343 
0.16147073600860021 
0.16147034572191851 
0.16146998650341338 
0.16146961512321045 
0.16146925555231595 
0.16146889216136132 
0.16146853235050715 
0.161468171369369 
0.16146781179903941 
0.16146745191304271 
0.16146709239372628 
0.1614667329781404 
0.16146637347740106 
0.16146601415625553 
0.16146565483920711 
0.16146529551111213 
0.16146493617840818 
0.16146457687579149 
0.16146421757609292 
0.16146385827911322 
0.16146349898485121 
0.16146313969330689 
0.16146278040448031 
0.16146242111837147 
0.16146206183466064 
0.16146170255062775 
0.16146134326931744 
0.16146098399072498 
0.16146062471485045 
0.16146026544169381 
0.16145990617125516 
0.16145954690353451 
0.16145918763853187 
0.16145882837624728 
0.1614584691166808 
0.16145810985983239 
0.16145775060570217 
0.16145739135429008 
0.16145703210559617 
0.16145667285962054 
0.16145631361636312 
0.16145595437582405 
0.16145559513800326 
0.16145523590290087 
0.16145487667051683 
0.16145451744085121 
0.16145415821390405 
0.16145379898967532 
0.16145343976816515 
0.16145308054937352 
0.16145272133330044 
0.16145236211994596 
0.16145200290931006 
0.16145164370139284 
0.16145128449619431 
0.16145092529371452 
0.16145056609395345 
0.16145020689691117 
0.16144984770258769 
0.16144948851098306 
0.16144912932209729 
0.1614487701359304 
0.16144841095248247 
0.1614480517717535 
0.1614476925937435 
0.16144733341845255 
0.16144697424588064 
0.16144661507602778 
0.16144625590889405 
0.16144589674447948 
0.16144553758278407 
0.16144517842380784 
0.16144481926755086 
0.1614444601140132 
0.16144410096319475 
0.16144374181509563 
0.16144338266971586 
0.1614430235270555 
0.16144266438711455 
0.16144230524989303 
0.16144194611539101 
0.1614415869836085 
0.16144122785454551 
0.16144086872820207 
0.16144050960457826 
0.16144015048367405 
0.1614397913654895 
0.16143943225002466 
0.16143907313727951 
0.16143871402725415 
0.16143835491994851 
0.16143799581536269 
0.16143763671349673 
0.16143727761435062 
0.16143691851792441 
0.16143655942421817 
0.16143620033323186 
0.16143584124496549 
0.16143548215941922 
0.16143512307659294 
0.16143476399648679 
0.16143440491910074 
0.16143404584443483 
0.16143368677248909 
0.16143332770326352 
0.16143296863675821 
0.16143260957297315 
0.1614322505119084 
0.16143189145356396 
0.16143153239793986 
0.16143117334503621 
0.16143081429485293 
0.16143045524739008 
0.16143009620264773 
0.16142973716062586 
0.16142937812132452 
0.1614290190847438 
0.1614286600508836 
0.16142830101974409 
0.16142794199132524 
0.16142758296562704 
0.16142722394264955 
0.16142686492239283 
0.16142650590485688 
0.16142614689004178 
0.16142578787794745 
0.16142542886857406 
0.16142506986192151 
0.16142471085798993 
0.16142435185677925 
0.16142399285828962 
0.16142363386252098 
0.16142327486947342 
0.16142291587914695 
0.16142255689154156 
0.16142219790665732 
0.16142183892449422 
0.16142147994505238 
0.16142112096833172 
0.16142076199433236 
0.1614204030230543 
0.16142004405449753 
0.16141968508866214 
0.16141932612554813 
0.16141896716515552 
0.16141860820748435 
0.16141824925253465 
0.16141789030030648 
0.16141753135079984 
0.16141717240401476 
0.16141681345995132 
0.16141645451860942 
0.16141609557998926 
0.16141573664409076 
0.16141537771091397 
0.16141501878045894 
0.16141465985272566 
0.16141430092771425 
0.16141394200542461 
0.16141358308585685 
0.16141322416901099 
0.1614128652548871 
0.16141250634348514 
0.1614121474348052 
0.16141178852884724 
0.16141142962561136 
0.16141107072509753 
0.16141071182730585 
0.1614103529322363 
0.1614099940398889 
0.16140963515026374 
0.1614092762633608 
0.16140891737918014 
0.16140855849772173 
0.16140819961898567 
0.16140784074297196 
0.16140748186968062 
0.16140712299911172 
0.16140676413126523 
0.16140640526614128 
0.16140604640373979 
0.16140568754406084 
0.16140532868710444 
0.16140496983287067 
0.16140461098135953 
0.16140425213257101 
0.16140389328650523 
0.16140353444316213 
0.16140317560254178 
0.16140281676464424 
0.16140245792946947 
0.16140209909701755 
0.16140174026728851 
0.16140138144028235 
0.16140102261599917 
0.1614006637944389 
0.16140030497560165 
0.16139994615948738 
0.16139958734609619 
0.16139922853542807 
0.1613988697274831 
0.16139851092226126 
0.16139815211976261 
0.16139779331998713 
0.16139743452293484 
0.1613970757286059 
0.1613967169370002 
0.16139635814811787 
0.16139599936195886 
0.16139564057852324 
0.16139528179781107 
0.16139492301982228 
0.161394564244557 
0.16139420547201525 
0.16139384670219697 
0.1613934879351023 
0.16139312917073126 
0.16139277040908381 
0.16139241165016002 
0.16139205289395991 
0.16139169414048354 
0.16139133538973094 
0.1613909766417021 
0.16139061789639705 
0.16139025915381588 
0.16138990041395856 
0.16138954167682512 
0.16138918294241564 
0.16138882421073009 
0.16138846548176852 
0.16138810675553103 
0.16138774803201758 
0.16138738931122817 
0.16138703059316292 
0.1613866718778218 
0.16138631316520483 
0.16138595445531209 
0.16138559574814357 
0.16138523704369931 
0.1613848783419794 
0.16138451964298378 
0.16138416094671248 
0.16138380225316559 
0.16138344356234313 
0.1613830848742451 
0.16138272618887156 
0.16138236750622256 
0.16138200882629805 
0.16138165014909814 
0.1613812914746228 
0.16138093280287208 
0.16138057413384602 
0.16138021546754466 
0.16137985680396805 
0.16137949814311614 
0.16137913948498908 
0.16137878082958676 
0.16137842217690934 
0.16137806352695674 
0.16137770487972908 
0.16137734623522632 
0.16137698759344854 
0.16137662895439575 
0.16137627031806803 
0.1613759116844653 
0.16137555305358764 
0.16137519442543513 
0.16137483580000775 
0.16137447717730555 
0.16137411855732856 
0.16137375994007683 
0.16137340132555031 
0.16137304271374914 
0.16137268410467326 
0.16137232549832276 
0.16137196689469763 
0.16137160829379793 
0.16137124969562369 
0.16137089110017491 
0.16137053250745165 
0.1613701739174539 
0.16136981533018172 
0.16136945674563516 
0.16136909816381423 
0.16136873958471898 
0.16136838100834941 
0.16136802243470552 
0.16136766386378742 
0.16136730529559509 
0.16136694673012858 
0.16136658816738791 
0.1613662296073731 
0.16136587105008426 
0.16136551249552128 
0.16136515394368428 
0.16136479539457327 
0.16136443684818827 
0.16136407830452934 
0.16136371976359651 
0.16136336122538977 
0.16136300268990922 
0.16136264415715479 
0.16136228562712659 
0.16136192709982461 
0.16136156857524891 
0.16136121005339951 
0.16136085153427648 
0.16136049301787977 
0.16136013450420947 
0.16135977599326556 
0.16135941748504809 
0.1613590589795571 
0.16135870047679265 
0.16135834197675472 
0.16135798347944336 
0.16135762498485862 
0.1613572664930005 
0.16135690800386904 
0.16135654951746423 
0.16135619103378615 
0.16135583255283487 
0.16135547407461037 
0.1613551155991127 
0.16135475712634184 
0.16135439865629783 
0.16135404018898075 
0.1613536817243906 
0.16135332326252741 
0.16135296480339126 
0.16135260634698212 
0.16135224789330002 
0.16135188944234499 
0.16135153099411709 
0.16135117254861631 
0.16135081410584273 
0.16135045566579637 
0.16135009722847724 
0.16134973879388537 
0.16134938036202082 
0.16134902193288359 
0.1613486635064737 
0.16134830508279122 
0.16134794666183616 
0.16134758824360851 
0.1613472298281084 
0.1613468714153358 
0.16134651300529074 
0.16134615459797322 
0.1613457961933833 
0.16134543779152102 
0.1613450793923864 
0.16134472099597946 
0.16134436260230026 
0.16134400421134887 
0.16134364582312519 
0.16134328743762935 
0.16134292905486133 
0.16134257067482122 
0.161342212297509 
0.16134185392292474 
0.16134149555106841 
0.16134113718194013 
0.16134077881553982 
0.16134042045186756 
0.16134006209092344 
0.1613397037327074 
0.16133934537721953 
0.16133898702445981 
0.16133862867442833 
0.16133827032712508 
0.1613379119825501 
0.1613375536407034 
0.16133719530158502 
0.16133683696519507 
0.16133647863153347 
0.16133612030060029 
0.1613357619723956 
0.16133540364691931 
0.16133504532417159 
0.16133468700415241 
0.16133432868686176 
0.16133397037229977 
0.1613336120604664 
0.16133325375136168 
0.16133289544498566 
0.16133253714133838 
0.16133217884041981 
0.16133182054223005 
0.16133146224676911 
0.16133110395403702 
0.1613307456640338 
0.16133038737675953 
0.16133002909221417 
0.16132967081039773 
0.16132931253131033 
0.16132895425495197 
0.16132859598132265 
0.16132823771042243 
0.16132787944225133 
0.16132752117680937 
0.16132716291409657 
0.16132680465411303 
0.1613264463968587 
0.16132608814233362 
0.16132572989053789 
0.16132537164147145 
0.16132501339513441 
0.16132465515152675 
0.16132429691064848 
0.16132393867249969 
0.16132358043708042 
0.16132322220439063 
0.16132286397443035 
0.16132250574719972 
0.16132214752269866 
0.16132178930092722 
0.16132143108188546 
0.1613210728655734 
0.16132071465199102 
0.16132035644113846 
0.16131999823301568 
0.1613196400276227 
0.16131928182495958 
0.16131892362502631 
0.16131856542782294 
0.16131820723334955 
0.16131784904160612 
0.16131749085259267 
0.16131713266630929 
0.16131677448275594 
0.16131641630193272 
0.16131605812383956 
0.16131569994847658 
0.16131534177584381 
0.16131498360594121 
0.16131462543876884 
0.16131426727432679 
0.16131390911261503 
0.16131355095363359 
0.16131319279738254 
0.16131283464386184 
0.16131247649307159 
0.1613121183450118 
0.16131176019968252 
0.16131140205708375 
0.16131104391721549 
0.16131068578007782 
0.16131032764567074 
0.16130996951399434 
0.1613096113850486 
0.16130925325883355 
0.16130889513534924 
0.16130853701459566 
0.16130817889657287 
0.16130782078128089 
0.16130746266871979 
0.16130710455888955 
0.16130674645179024 
0.16130638834742184 
0.16130603024578447 
0.16130567214687805 
0.16130531405070267 
0.16130495595725838 
0.16130459786654514 
0.16130423977856306 
0.16130388169331211 
0.16130352361079237 
0.16130316553100385 
0.16130280745394657 
0.16130244937962052 
0.16130209130802581 
0.16130173323916241 
0.16130137517303042 
0.1613010171096298 
0.1613006590489606 
0.16130030099102288 
0.16129994293581665 
0.16129958488334192 
0.16129922683359874 
0.16129886878658717 
0.16129851074230717 
0.16129815270075884 
0.16129779466194213 
0.16129743662585716 
0.16129707859250392 
0.16129672056188243 
0.16129636253399271 
0.16129600450883486 
0.16129564648640882 
0.1612952884667147 
0.16129493044975249 
0.1612945724355222 
0.16129421442402386 
0.16129385641525756 
0.1612934984092233 
0.16129314040592108 
0.161292782405351 
0.16129242440751301 
0.16129206641240718 
0.16129170842003354 
0.16129135043039208 
0.16129099244348288 
0.16129063445930603 
0.1612902764778614 
0.16128991849914917 
0.16128956052316928 
0.1612892025499218 
0.1612888445794067 
0.16128848661162412 
0.16128812864657396 
0.16128777068425637 
0.16128741272467137 
0.16128705476781893 
0.16128669681369906 
0.16128633886231186 
0.16128598091365731 
0.16128562296773549 
0.1612852650245464 
0.16128490708409007 
0.16128454914636653 
0.1612841912113758 
0.16128383327911794 
0.16128347534959295 
0.16128311742280088 
0.16128275949874174 
0.16128240157741561 
0.16128204365882245 
0.16128168574296239 
0.16128132782983537 
0.16128096991944141 
0.16128061201178059 
0.16128025410685295 
0.16127989620465849 
0.16127953830519726 
0.16127918040846928 
0.16127882251447456 
0.16127846462321316 
0.16127810673468509 
0.1612777488488904 
0.16127739096582908 
0.1612770330855012 
0.16127667520790684 
0.16127631733304593 
0.16127595946091855 
0.16127560159152471 
0.16127524372486446 
0.16127488586093783 
0.16127452799974487 
0.16127417014128553 
0.16127381228555995 
0.16127345443256808 
0.16127309658230995 
0.16127273873478565 
0.16127238088999515 
0.1612720230479385 
0.16127166520861577 
0.16127130737202697 
0.16127094953817209 
0.16127059170705119 
0.16127023387866429 
0.16126987605301144 
0.16126951823009264 
0.16126916040990799 
0.16126880259245741 
0.16126844477774102 
0.16126808696575884 
0.16126772915651086 
0.16126737134999711 
0.16126701354621767 
0.16126665574517254 
0.16126629794686179 
0.16126594015128534 
0.16126558235844335 
0.16126522456833575 
0.16126486678096266 
0.16126450899632402 
0.16126415121441989 
0.16126379343525035 
0.16126343565881537 
0.1612630778851151 
0.16126272011414941 
0.1612623623459184 
0.16126200458042209 
0.1612616468176605 
0.16126128905763371 
0.16126093130034172 
0.16126057354578455 
0.16126021579396224 
0.16125985804487483 
0.16125950029852229 
0.16125914255490473 
0.16125878481402217 
0.16125842707587459 
0.16125806934046208 
0.16125771160778465 
0.16125735387784229 
0.16125699615063507 
0.161256638426163 
0.16125628070442616 
0.16125592298542454 
0.16125556526915816 
0.16125520755562708 
0.16125484984483132 
0.16125449213677087 
0.16125413443144584 
0.16125377672885613 
0.16125341902900195 
0.16125306133188316 
0.16125270363749997 
0.16125234594585222 
0.16125198825694007 
0.1612516305707635 
0.16125127288732252 
0.16125091520661722 
0.16125055752864759 
0.16125019985341368 
0.16124984218091551 
0.16124948451115315 
0.16124912684412654 
0.16124876917983574 
0.16124841151828082 
0.16124805385946184 
0.16124769620337873 
0.16124733855003157 
0.16124698089942041 
0.16124662325154529 
0.1612462656064062 
0.16124590796400315 
0.16124555032433621 
0.16124519268740545 
0.16124483505321083 
0.16124447742175241 
0.16124411979303022 
0.16124376216704428 
0.16124340454379466 
0.16124304692328131 
0.16124268930550431 
0.1612423316904637 
0.16124197407815954 
0.16124161646859178 
0.16124125886176049 
0.16124090125766571 
0.16124054365630744 
0.16124018605768572 
0.16123982846180063 
0.16123947086865212 
0.16123911327824028 
0.16123875569056517 
0.16123839810562673 
0.16123804052342505 
0.16123768294396013 
0.16123732536723204 
0.16123696779324076 
0.16123661022198632 
0.1612362526534688 
0.16123589508768824 
0.16123553752464462 
0.16123517996433795 
0.16123482240676829 
0.16123446485193571 
0.1612341072998402 
0.16123374975048183 
0.16123339220386054 
0.16123303465997646 
0.16123267711882958 
0.16123231958041986 
0.16123196204474746 
0.16123160451181237 
0.16123124698161459 
0.16123088945415415 
0.1612305319294311 
0.16123017440744547 
0.16122981688819726 
0.16122945937168651 
0.16122910185791328 
0.16122874434687759 
0.16122838683857946 
0.16122802933301891 
0.16122767183019601 
0.16122731433011078 
0.16122695683276317 
0.16122659933815334 
0.16122624184628123 
0.16122588435714691 
0.16122552687075037 
0.16122516938709172 
0.16122481190617091 
0.16122445442798797 
0.161224096952543 
0.16122373947983595 
0.16122338200986688 
0.1612230245426359 
0.16122266707814289 
0.16122230961638803 
0.16122195215737126 
0.16122159470109262 
0.16122123724755213 
0.16122087979674984 
0.16122052234868586 
0.16122016490336008 
0.16121980746077261 
0.16121945002092347 
0.16121909258381267 
0.16121873514944024 
0.16121837771780628 
0.16121802028891072 
0.16121766286275366 
0.1612173054393351 
0.16121694801865505 
0.16121659060071358 
0.16121623318551073 
0.1612158757730465 
0.1612155183633209 
0.16121516095633398 
0.16121480355208584 
0.16121444615057642 
0.16121408875180582 
0.16121373135577394 
0.16121337396248095 
0.16121301657192685 
0.16121265918411162 
0.16121230179903534 
0.16121194441669806 
0.16121158703709973 
0.1612112296602404 
0.16121087228612016 
0.16121051491473898 
0.16121015754609691 
0.16120980018019401 
0.16120944281703026 
0.16120908545660573 
0.16120872809892048 
0.16120837074397446 
0.16120801339176771 
0.16120765604230031 
0.16120729869557224 
0.16120694135158362 
0.16120658401033436 
0.1612062266718246 
0.1612058693360543 
0.16120551200302349 
0.16120515467273222 
0.16120479734518053 
0.16120444002036843 
0.161204082698296 
0.16120372537896319 
0.16120336806237012 
0.16120301074851673 
0.16120265343740309 
0.16120229612902925 
0.16120193882339523 
0.16120158152050107 
0.16120122422034677 
0.16120086692293237 
0.16120050962825788 
0.1612001523363234 
0.16119979504712886 
0.16119943776067439 
0.16119908047695997 
0.16119872319598566 
0.16119836591775141 
0.16119800864225736 
0.16119765136950348 
0.1611972940994898 
0.16119693683221634 
0.16119657956768316 
0.16119622230589031 
0.16119586504683778 
0.16119550779052561 
0.16119515053695382 
0.16119479328612246 
0.16119443603803155 
0.16119407879268111 
0.1611937215500712 
0.16119336431020181 
0.16119300707307302 
0.16119264983868486 
0.1611922926070373 
0.16119193537813037 
0.16119157815196417 
0.16119122092853869 
0.16119086370785396 
0.16119050648991004 
0.16119014927470696 
0.16118979206224471 
0.16118943485252335 
0.16118907764554283 
0.16118872044130331 
0.16118836323980473 
0.16118800604104719 
0.16118764884503065 
0.16118729165175519 
0.16118693446122079 
0.16118657727342753 
0.16118622008837541 
0.16118586290606446 
0.16118550572649473 
0.16118514854966629 
0.16118479137557906 
0.16118443420423317 
0.16118407703562862 
0.16118371986976543 
0.16118336270664363 
0.16118300554626325 
0.16118264838862434 
0.16118229123372688 
0.161181934081571 
0.16118157693215665 
0.16118121978548383 
0.16118086264155265 
0.16118050550036311 
0.16118014836191524 
0.16117979122620907 
0.16117943409324462 
0.16117907696302194 
0.16117871983554105 
0.16117836271080196 
0.16117800558880474 
0.16117764846954941 
0.16117729135303599 
0.16117693423926449 
0.16117657712823502 
0.16117622001994752 
0.16117586291440203 
0.16117550581159865 
0.16117514871153732 
0.16117479161421813 
0.16117443451964111 
0.16117407742780623 
0.16117372033871363 
0.16117336325236326 
0.16117300616875516 
0.16117264908788934 
0.16117229200976588 
0.16117193493438478 
0.1611715778617461 
0.16117122079184984 
0.16117086372469608 
0.16117050666028473 
0.16117014959861597 
0.16116979253968972 
0.16116943548350604 
0.161169078430065 
0.16116872137936661 
0.16116836433141091 
0.16116800728619787 
0.16116765024372756 
0.161167293204 
0.1611669361670153 
0.16116657913277338 
0.16116622210127432 
0.16116586507251818 
0.16116550804650495 
0.16116515102323462 
0.16116479400270728 
0.161164436984923 
0.16116407996988169 
0.16116372295758347 
0.16116336594802838 
0.16116300894121641 
0.1611626519371476 
0.16116229493582193 
0.16116193793723954 
0.16116158094140035 
0.16116122394830446 
0.1611608669579519 
0.16116050997034265 
0.16116015298547681 
0.16115979600335437 
0.16115943902397534 
0.16115908204733978 
0.16115872507344772 
0.16115836810229919 
0.16115801113389422 
0.16115765416823286 
0.16115729720531508 
0.16115694024514093 
0.16115658328771046 
0.16115622633302373 
0.1611558693810807 
0.16115551243188148 
0.16115515548542605 
0.16115479854171441 
0.16115444160074668 
0.16115408466252282 
0.16115372772704287 
0.16115337079430686 
0.16115301386431488 
0.16115265693706687 
0.16115230001256292 
0.16115194309080305 
0.16115158617178726 
0.16115122925551562 
0.16115087234198813 
0.16115051543120484 
0.16115015852316578 
0.16114980161787099 
0.16114944471532044 
0.16114908781551424 
0.16114873091845239 
0.1611483740241349 
0.16114801713256177 
0.1611476602437332 
0.16114730335764899 
0.16114694647430933 
0.1611465895937142 
0.16114623271586362 
0.1611458758407576 
0.16114551896839624 
0.16114516209877949 
0.16114480523190747 
0.16114444836778016 
0.16114409150639758 
0.16114373464775975 
0.16114337779186672 
0.16114302093871855 
0.16114266408831524 
0.16114230724065678 
0.16114195039574331 
0.1611415935535748 
0.16114123671415123 
0.16114087987747269 
0.16114052304353921 
0.16114016621235075 
0.16113980938390748 
0.16113945255820927 
0.16113909573525628 
0.16113873891504849 
0.16113838209758591 
0.16113802528286861 
0.16113766847089656 
0.16113731166166986 
0.1611369548551885 
0.1611365980514525 
0.16113624125046194 
0.16113588445221685 
0.16113552765671718 
0.16113517086396301 
0.16113481407395441 
0.16113445728669137 
0.16113410050217394 
0.1611337437204021 
0.16113338694137594 
0.16113303016509545 
0.16113267339156068 
0.16113231662077163 
0.16113195985272838 
0.16113160308743094 
0.16113124632487935 
0.1611308895650736 
0.16113053280801379 
0.16113017605369986 
0.16112981930213191 
0.16112946255330995 
0.161129105807234 
0.16112874906390415 
0.16112839232332032 
