0.23174921521814695 
0.19902381444835082 
0.16869058145199534 
0.14079088910988058 
0.11536269238703523 
0.092440467141446936 
0.072055154656218035 
0.054234111990171696 
0.039001068231858227 
0.026376086731689008 
0.016375533376566165 
0.0090120509609116217 
0.0042945396974255479 
0.0022281439002769243 
0.0022281439002769243 
0.0022281439002769243 
0.0022281439002769243 
0.0022281439002769243 
0.0022281439002769243 
0.0022281439002769243 
0.0022281439002769243 
0.0022281439002769243 
0.0022281439002769243 
0.0019748632421437984 
0.0005688115770645652 
0.00035073877545221954 
0.00033142791431195473 
0.00016771023954120778 
0.00016771023954120778 
0.00016597694818143438 
0.00016597694818143438 
4.2108941319729531e-05 
4.2108941319729531e-05 
4.2108941319729531e-05 
4.2108941319729531e-05 
4.2108941319729531e-05 
4.2108941319729531e-05 
3.1366749048578058e-05 
1.9223612472862861e-05 
1.9223612472862861e-05 
1.9223612472862861e-05 
1.9223612472862861e-05 
1.7955531658619961e-05 
1.7955531658619961e-05 
1.7955531658619961e-05 
1.7955531658619961e-05 
1.7955531658619961e-05 
1.7955531658619961e-05 
1.7832165872144756e-05 
1.7832165872144756e-05 
8.2212058971631308e-07 
8.2212058971631308e-07 
8.2212058971631308e-07 
8.2212058971631308e-07 
4.6408803267006249e-07 
4.6408803267006249e-07 
4.6408803267006249e-07 
4.6408803267006249e-07 
4.6408803267006249e-07 
4.6408803267006249e-07 
4.6408803267006249e-07 
4.6408803267006249e-07 
4.6408803267006249e-07 
4.6408803267006249e-07 
4.6408803267006249e-07 
4.5987113572731886e-07 
4.5987113572731886e-07 
4.5987113572731886e-07 
4.5987113572731886e-07 
4.5987113572731886e-07 
4.5987113572731886e-07 
3.9207718416367499e-07 
3.9207718416367499e-07 
3.9207718416367499e-07 
3.9207718416367499e-07 
3.9207718416367499e-07 
3.9207718416367499e-07 
3.9207718416367499e-07 
3.9207718416367499e-07 
3.9207718416367499e-07 
3.9207718416367499e-07 
3.9207718416367499e-07 
3.9207718416367499e-07 
3.9207718416367499e-07 
3.9207718416367499e-07 
3.9207718416367499e-07 
3.9207718416367499e-07 
3.9207718416367499e-07 
3.9207718416367499e-07 
3.9207718416367499e-07 
3.9207718416367499e-07 
3.9207718416367499e-07 
3.9207718416367499e-07 
3.9207718416367499e-07 
3.9207718416367499e-07 
3.9207718416367499e-07 
3.9207718416367499e-07 
3.9207718416367499e-07 
3.9207718416367499e-07 
3.9207718416367499e-07 
3.9207718416367499e-07 
3.9207718416367499e-07 
3.9207718416367499e-07 
3.9207718416367499e-07 
3.9207718416367499e-07 
3.9207718416367499e-07 
3.9207718416367499e-07 
3.9207718416367499e-07 
3.9207718416367499e-07 
3.9207718416367499e-07 
3.9207718416367499e-07 
3.9207718416367499e-07 
3.9207718416367499e-07 
3.9207718416367499e-07 
3.9207718416367499e-07 
3.9207718416367499e-07 
3.9207718416367499e-07 
2.8150649233893432e-07 
2.8150649233893432e-07 
2.8150649233893432e-07 
2.8150649233893432e-07 
2.8150649233893432e-07 
1.3294162226618056e-07 
1.3294162226618056e-07 
1.3294162226618056e-07 
1.3294162226618056e-07 
1.3294162226618056e-07 
1.3294162226618056e-07 
1.3294162226618056e-07 
1.3294162226618056e-07 
1.3294162226618056e-07 
1.3294162226618056e-07 
1.3294162226618056e-07 
1.3294162226618056e-07 
1.3294162226618056e-07 
1.3294162226618056e-07 
1.3294162226618056e-07 
1.3294162226618056e-07 
1.3294162226618056e-07 
1.3294162226618056e-07 
1.3294162226618056e-07 
1.3294162226618056e-07 
1.3294162226618056e-07 
1.3294162226618056e-07 
1.3294162226618056e-07 
1.3294162226618056e-07 
1.3294162226618056e-07 
1.3294162226618056e-07 
1.3294162226618056e-07 
1.3294162226618056e-07 
1.3294162226618056e-07 
1.3294162226618056e-07 
1.3294162226618056e-07 
1.3294162226618056e-07 
1.3294162226618056e-07 
1.3294162226618056e-07 
1.3294162226618056e-07 
1.3294162226618056e-07 
1.3294162226618056e-07 
1.3294162226618056e-07 
1.3294162226618056e-07 
1.3294162226618056e-07 
1.1767006236063082e-07 
1.1767006236063082e-07 
1.1767006236063082e-07 
1.1767006236063082e-07 
1.1767006236063082e-07 
1.0357239621505698e-07 
1.0357239621505698e-07 
1.0357239621505698e-07 
1.0357239621505698e-07 
1.0357239621505698e-07 
1.0357239621505698e-07 
1.0357239621505698e-07 
1.0357239621505698e-07 
1.0357239621505698e-07 
1.0357239621505698e-07 
1.0357239621505698e-07 
1.0357239621505698e-07 
1.0357239621505698e-07 
1.0357239621505698e-07 
1.0357239621505698e-07 
1.0357239621505698e-07 
1.0357239621505698e-07 
1.0357239621505698e-07 
1.0357239621505698e-07 
1.0357239621505698e-07 
1.0357239621505698e-07 
1.0357239621505698e-07 
1.0357239621505698e-07 
1.0357239621505698e-07 
1.0357239621505698e-07 
1.0357239621505698e-07 
1.0357239621505698e-07 
1.0357239621505698e-07 
1.0357239621505698e-07 
1.0357239621505698e-07 
1.0357239621505698e-07 
1.0357239621505698e-07 
1.0357239621505698e-07 
1.0357239621505698e-07 
1.0357239621505698e-07 
1.0357239621505698e-07 
1.0357239621505698e-07 
1.0357239621505698e-07 
1.0357239621505698e-07 
1.0357239621505698e-07 
1.0357239621505698e-07 
1.0357239621505698e-07 
1.0357239621505698e-07 
1.0357239621505698e-07 
1.0357239621505698e-07 
1.0357239621505698e-07 
1.0357239621505698e-07 
1.0357239621505698e-07 
1.0357239621505698e-07 
1.0357239621505698e-07 
1.0357239621505698e-07 
1.0357239621505698e-07 
1.0357239621505698e-07 
1.0357239621505698e-07 
1.0357239621505698e-07 
7.1865267070592154e-09 
7.1865267070592154e-09 
7.1865267070592154e-09 
7.1865267070592154e-09 
7.1865267070592154e-09 
2.8458370104900155e-09 
2.8458370104900155e-09 
2.8458370104900155e-09 
2.8458370104900155e-09 
2.8458370104900155e-09 
2.8458370104900155e-09 
2.8458370104900155e-09 
2.8458370104900155e-09 
2.8458370104900155e-09 
2.8458370104900155e-09 
2.8458370104900155e-09 
2.8458370104900155e-09 
2.8458370104900155e-09 
2.8458370104900155e-09 
2.8458370104900155e-09 
2.8458370104900155e-09 
2.8458370104900155e-09 
2.8458370104900155e-09 
2.8458370104900155e-09 
2.8458370104900155e-09 
2.8458370104900155e-09 
2.8458370104900155e-09 
2.8458370104900155e-09 
2.8458370104900155e-09 
2.8458370104900155e-09 
2.8458370104900155e-09 
2.8458370104900155e-09 
2.8458370104900155e-09 
2.8458370104900155e-09 
2.8458370104900155e-09 
2.8458370104900155e-09 
2.8458370104900155e-09 
2.8458370104900155e-09 
2.8458370104900155e-09 
2.8458370104900155e-09 
2.8458370104900155e-09 
2.8458370104900155e-09 
2.8458370104900155e-09 
2.8458370104900155e-09 
2.8458370104900155e-09 
2.8458370104900155e-09 
2.8458370104900155e-09 
2.8458370104900155e-09 
2.8458370104900155e-09 
2.8458370104900155e-09 
2.8458370104900155e-09 
2.8458370104900155e-09 
2.8458370104900155e-09 
2.8458370104900155e-09 
2.8458370104900155e-09 
2.8458370104900155e-09 
2.8458370104900155e-09 
2.8458370104900155e-09 
2.8458370104900155e-09 
2.8458370104900155e-09 
2.8458370104900155e-09 
2.8458370104900155e-09 
2.8458370104900155e-09 
2.8458370104900155e-09 
2.8458370104900155e-09 
2.8458370104900155e-09 
2.8458370104900155e-09 
2.8458370104900155e-09 
2.8458370104900155e-09 
2.8458370104900155e-09 
2.8458370104900155e-09 
2.8458370104900155e-09 
2.8458370104900155e-09 
2.8458370104900155e-09 
2.8458370104900155e-09 
2.8458370104900155e-09 
2.8458370104900155e-09 
2.8458370104900155e-09 
2.8458370104900155e-09 
2.8458370104900155e-09 
2.8458370104900155e-09 
2.8458370104900155e-09 
2.8458370104900155e-09 
2.8458370104900155e-09 
2.8458370104900155e-09 
2.8458370104900155e-09 
2.8458370104900155e-09 
2.8458370104900155e-09 
2.8458370104900155e-09 
2.8458370104900155e-09 
2.8458370104900155e-09 
2.8458370104900155e-09 
2.8458370104900155e-09 
2.8458370104900155e-09 
2.8458370104900155e-09 
2.8458370104900155e-09 
2.8458370104900155e-09 
2.8458370104900155e-09 
2.8458370104900155e-09 
2.8458370104900155e-09 
2.8458370104900155e-09 
2.8458370104900155e-09 
2.8458370104900155e-09 
2.8458370104900155e-09 
2.8458370104900155e-09 
2.8458370104900155e-09 
2.8458370104900155e-09 
2.8458370104900155e-09 
2.8458370104900155e-09 
2.8458370104900155e-09 
2.8458370104900155e-09 
2.8458370104900155e-09 
2.8458370104900155e-09 
2.8458370104900155e-09 
2.8458370104900155e-09 
2.8458370104900155e-09 
2.8458370104900155e-09 
2.8458370104900155e-09 
2.8458370104900155e-09 
2.8458370104900155e-09 
2.8458370104900155e-09 
2.8458370104900155e-09 
2.8458370104900155e-09 
2.8458370104900155e-09 
2.8458370104900155e-09 
2.8458370104900155e-09 
2.8458370104900155e-09 
2.8458370104900155e-09 
2.8458370104900155e-09 
2.8458370104900155e-09 
2.8458370104900155e-09 
2.8458370104900155e-09 
2.8458370104900155e-09 
2.8458370104900155e-09 
2.8458370104900155e-09 
2.8458370104900155e-09 
2.8458370104900155e-09 
2.8458370104900155e-09 
2.8458370104900155e-09 
2.8458370104900155e-09 
2.8458370104900155e-09 
2.8458370104900155e-09 
2.8458370104900155e-09 
2.8458370104900155e-09 
2.8458370104900155e-09 
2.8458370104900155e-09 
2.8458370104900155e-09 
2.8458370104900155e-09 
2.8458370104900155e-09 
2.8458370104900155e-09 
2.8458370104900155e-09 
2.8458370104900155e-09 
2.8458370104900155e-09 
2.8458370104900155e-09 
2.8458370104900155e-09 
2.8458370104900155e-09 
2.8458370104900155e-09 
2.8458370104900155e-09 
2.8458370104900155e-09 
2.8458370104900155e-09 
2.8458370104900155e-09 
2.8458370104900155e-09 
2.8458370104900155e-09 
2.8458370104900155e-09 
2.8458370104900155e-09 
2.8458370104900155e-09 
2.8458370104900155e-09 
2.8458370104900155e-09 
2.8458370104900155e-09 
2.8458370104900155e-09 
2.8458370104900155e-09 
2.8458370104900155e-09 
2.8458370104900155e-09 
2.8458370104900155e-09 
2.8458370104900155e-09 
2.8458370104900155e-09 
2.8458370104900155e-09 
2.8458370104900155e-09 
2.8458370104900155e-09 
2.8458370104900155e-09 
2.8458370104900155e-09 
2.8458370104900155e-09 
2.8458370104900155e-09 
2.8458370104900155e-09 
2.8458370104900155e-09 
2.8458370104900155e-09 
2.8458370104900155e-09 
2.8458370104900155e-09 
2.8458370104900155e-09 
2.8458370104900155e-09 
2.8458370104900155e-09 
2.8458370104900155e-09 
2.8458370104900155e-09 
2.8458370104900155e-09 
2.8458370104900155e-09 
2.8458370104900155e-09 
2.8458370104900155e-09 
2.8458370104900155e-09 
2.8458370104900155e-09 
2.8458370104900155e-09 
2.8458370104900155e-09 
2.8458370104900155e-09 
2.8458370104900155e-09 
2.8458370104900155e-09 
2.8458370104900155e-09 
2.8458370104900155e-09 
2.8458370104900155e-09 
2.8458370104900155e-09 
2.8458370104900155e-09 
2.8458370104900155e-09 
2.8458370104900155e-09 
2.8458370104900155e-09 
2.8458370104900155e-09 
2.8458370104900155e-09 
2.8458370104900155e-09 
2.8458370104900155e-09 
2.8458370104900155e-09 
2.8458370104900155e-09 
2.8458370104900155e-09 
2.8458370104900155e-09 
2.8458370104900155e-09 
2.8458370104900155e-09 
2.8458370104900155e-09 
2.8458370104900155e-09 
2.8458370104900155e-09 
2.8458370104900155e-09 
2.8458370104900155e-09 
2.8458370104900155e-09 
2.8458370104900155e-09 
2.8458370104900155e-09 
2.8458370104900155e-09 
2.8458370104900155e-09 
2.8458370104900155e-09 
2.8458370104900155e-09 
2.8458370104900155e-09 
2.8458370104900155e-09 
2.8458370104900155e-09 
2.8458370104900155e-09 
2.8458370104900155e-09 
2.8458370104900155e-09 
2.8458370104900155e-09 
2.8458370104900155e-09 
2.8458370104900155e-09 
2.8458370104900155e-09 
2.8458370104900155e-09 
2.8458370104900155e-09 
2.8458370104900155e-09 
2.8458370104900155e-09 
2.8458370104900155e-09 
2.8458370104900155e-09 
2.8458370104900155e-09 
2.8458370104900155e-09 
2.8458370104900155e-09 
2.8458370104900155e-09 
2.8458370104900155e-09 
2.8458370104900155e-09 
2.8458370104900155e-09 
2.8458370104900155e-09 
2.8458370104900155e-09 
2.8458370104900155e-09 
2.8458370104900155e-09 
2.8458370104900155e-09 
2.8458370104900155e-09 
2.8458370104900155e-09 
2.8458370104900155e-09 
2.8458370104900155e-09 
2.8458370104900155e-09 
2.8458370104900155e-09 
2.8458370104900155e-09 
2.8458370104900155e-09 
2.8458370104900155e-09 
2.8458370104900155e-09 
2.8458370104900155e-09 
2.8458370104900155e-09 
2.8458370104900155e-09 
2.8458370104900155e-09 
2.8458370104900155e-09 
2.8458370104900155e-09 
2.8458370104900155e-09 
2.8458370104900155e-09 
2.8458370104900155e-09 
2.8458370104900155e-09 
2.8458370104900155e-09 
2.8458370104900155e-09 
2.8458370104900155e-09 
2.8458370104900155e-09 
2.8458370104900155e-09 
2.8458370104900155e-09 
2.8458370104900155e-09 
2.8458370104900155e-09 
2.8458370104900155e-09 
2.8458370104900155e-09 
2.8458370104900155e-09 
2.8458370104900155e-09 
2.8458370104900155e-09 
2.8458370104900155e-09 
2.8458370104900155e-09 
2.8458370104900155e-09 
2.8458370104900155e-09 
2.8458370104900155e-09 
2.8458370104900155e-09 
2.8458370104900155e-09 
2.8458370104900155e-09 
2.8458370104900155e-09 
2.8458370104900155e-09 
2.8458370104900155e-09 
2.8458370104900155e-09 
2.8458370104900155e-09 
2.8458370104900155e-09 
2.8458370104900155e-09 
2.8458370104900155e-09 
2.8458370104900155e-09 
2.8458370104900155e-09 
2.8458370104900155e-09 
2.8458370104900155e-09 
2.8458370104900155e-09 
2.8458370104900155e-09 
2.8458370104900155e-09 
2.8458370104900155e-09 
2.8458370104900155e-09 
2.8458370104900155e-09 
2.8458370104900155e-09 
2.8458370104900155e-09 
2.8458370104900155e-09 
2.8458370104900155e-09 
2.8458370104900155e-09 
2.8458370104900155e-09 
2.8458370104900155e-09 
2.8458370104900155e-09 
2.8458370104900155e-09 
2.8458370104900155e-09 
2.8458370104900155e-09 
2.8458370104900155e-09 
2.8458370104900155e-09 
2.8458370104900155e-09 
2.8458370104900155e-09 
2.8458370104900155e-09 
2.8458370104900155e-09 
2.8458370104900155e-09 
2.8458370104900155e-09 
2.8458370104900155e-09 
2.8458370104900155e-09 
2.8458370104900155e-09 
2.8458370104900155e-09 
2.8458370104900155e-09 
2.8458370104900155e-09 
2.8458370104900155e-09 
2.8458370104900155e-09 
2.8458370104900155e-09 
2.8458370104900155e-09 
2.8458370104900155e-09 
2.8458370104900155e-09 
2.8458370104900155e-09 
2.8458370104900155e-09 
2.8458370104900155e-09 
2.8458370104900155e-09 
2.8458370104900155e-09 
2.8458370104900155e-09 
2.8458370104900155e-09 
2.8458370104900155e-09 
2.8458370104900155e-09 
2.8458370104900155e-09 
2.8458370104900155e-09 
2.8458370104900155e-09 
2.8458370104900155e-09 
2.8458370104900155e-09 
2.8458370104900155e-09 
2.8458370104900155e-09 
2.8458370104900155e-09 
2.8458370104900155e-09 
2.8458370104900155e-09 
2.8458370104900155e-09 
2.8458370104900155e-09 
2.8458370104900155e-09 
2.8458370104900155e-09 
2.8458370104900155e-09 
2.8458370104900155e-09 
2.8458370104900155e-09 
2.8458370104900155e-09 
2.8458370104900155e-09 
2.8458370104900155e-09 
2.8458370104900155e-09 
2.8458370104900155e-09 
2.8458370104900155e-09 
2.8458370104900155e-09 
2.8458370104900155e-09 
2.8458370104900155e-09 
2.8458370104900155e-09 
2.8458370104900155e-09 
2.8458370104900155e-09 
2.8458370104900155e-09 
2.8458370104900155e-09 
2.8458370104900155e-09 
2.8458370104900155e-09 
2.8458370104900155e-09 
2.8458370104900155e-09 
2.8458370104900155e-09 
2.8458370104900155e-09 
2.8458370104900155e-09 
2.8458370104900155e-09 
2.8458370104900155e-09 
2.8458370104900155e-09 
2.8458370104900155e-09 
2.8458370104900155e-09 
2.8458370104900155e-09 
2.8458370104900155e-09 
2.8458370104900155e-09 
2.8458370104900155e-09 
2.8458370104900155e-09 
2.8458370104900155e-09 
2.8458370104900155e-09 
2.8458370104900155e-09 
2.8458370104900155e-09 
2.8458370104900155e-09 
2.8458370104900155e-09 
2.8458370104900155e-09 
2.8458370104900155e-09 
2.8458370104900155e-09 
2.8458370104900155e-09 
2.8458370104900155e-09 
2.8458370104900155e-09 
2.8458370104900155e-09 
2.8458370104900155e-09 
2.8458370104900155e-09 
2.8458370104900155e-09 
2.8458370104900155e-09 
2.8458370104900155e-09 
2.8458370104900155e-09 
2.8458370104900155e-09 
2.8458370104900155e-09 
2.8458370104900155e-09 
2.8458370104900155e-09 
2.8458370104900155e-09 
2.8458370104900155e-09 
2.8458370104900155e-09 
2.8458370104900155e-09 
2.8458370104900155e-09 
2.8458370104900155e-09 
2.8458370104900155e-09 
2.8458370104900155e-09 
2.8458370104900155e-09 
2.8458370104900155e-09 
2.8458370104900155e-09 
2.8458370104900155e-09 
2.8458370104900155e-09 
2.8458370104900155e-09 
2.8458370104900155e-09 
2.8458370104900155e-09 
2.8458370104900155e-09 
2.8458370104900155e-09 
2.8458370104900155e-09 
2.8458370104900155e-09 
2.8458370104900155e-09 
2.8458370104900155e-09 
2.8458370104900155e-09 
2.8458370104900155e-09 
2.8458370104900155e-09 
2.8458370104900155e-09 
2.8458370104900155e-09 
2.8458370104900155e-09 
2.8458370104900155e-09 
2.8458370104900155e-09 
2.8458370104900155e-09 
2.8458370104900155e-09 
2.8458370104900155e-09 
2.8458370104900155e-09 
2.8458370104900155e-09 
2.8458370104900155e-09 
2.8458370104900155e-09 
2.8458370104900155e-09 
2.8458370104900155e-09 
2.8458370104900155e-09 
2.8458370104900155e-09 
2.8458370104900155e-09 
2.8458370104900155e-09 
2.8458370104900155e-09 
2.8458370104900155e-09 
2.8458370104900155e-09 
2.8458370104900155e-09 
2.8458370104900155e-09 
2.8458370104900155e-09 
2.8458370104900155e-09 
2.8458370104900155e-09 
2.8458370104900155e-09 
2.8458370104900155e-09 
2.8458370104900155e-09 
2.8458370104900155e-09 
2.8458370104900155e-09 
2.8458370104900155e-09 
2.8458370104900155e-09 
2.8458370104900155e-09 
2.8458370104900155e-09 
2.8458370104900155e-09 
2.8458370104900155e-09 
2.8458370104900155e-09 
2.8458370104900155e-09 
2.8458370104900155e-09 
2.8458370104900155e-09 
2.8458370104900155e-09 
2.8458370104900155e-09 
2.8458370104900155e-09 
2.8458370104900155e-09 
2.8458370104900155e-09 
2.8458370104900155e-09 
2.8458370104900155e-09 
2.8458370104900155e-09 
2.8458370104900155e-09 
2.8458370104900155e-09 
2.8458370104900155e-09 
2.8458370104900155e-09 
2.8458370104900155e-09 
2.8458370104900155e-09 
2.8458370104900155e-09 
2.8458370104900155e-09 
2.8458370104900155e-09 
2.8458370104900155e-09 
2.8458370104900155e-09 
2.8458370104900155e-09 
2.8458370104900155e-09 
2.8458370104900155e-09 
2.8458370104900155e-09 
2.8458370104900155e-09 
2.8458370104900155e-09 
2.8458370104900155e-09 
2.8458370104900155e-09 
2.8458370104900155e-09 
2.8458370104900155e-09 
2.8458370104900155e-09 
2.8458370104900155e-09 
2.8458370104900155e-09 
2.8458370104900155e-09 
2.8458370104900155e-09 
2.8458370104900155e-09 
2.8458370104900155e-09 
2.8458370104900155e-09 
2.8458370104900155e-09 
2.8458370104900155e-09 
2.8458370104900155e-09 
2.8458370104900155e-09 
2.8458370104900155e-09 
2.8458370104900155e-09 
2.8458370104900155e-09 
2.8458370104900155e-09 
2.8458370104900155e-09 
2.8458370104900155e-09 
2.8458370104900155e-09 
2.8458370104900155e-09 
2.8458370104900155e-09 
2.8458370104900155e-09 
2.8458370104900155e-09 
2.8458370104900155e-09 
2.8458370104900155e-09 
2.8458370104900155e-09 
2.8458370104900155e-09 
2.8458370104900155e-09 
2.8458370104900155e-09 
2.8458370104900155e-09 
2.8458370104900155e-09 
2.8458370104900155e-09 
2.8458370104900155e-09 
2.8458370104900155e-09 
2.8458370104900155e-09 
2.8458370104900155e-09 
2.8458370104900155e-09 
2.8458370104900155e-09 
2.8458370104900155e-09 
2.8458370104900155e-09 
2.8458370104900155e-09 
2.8458370104900155e-09 
2.8458370104900155e-09 
2.8458370104900155e-09 
2.8458370104900155e-09 
2.8458370104900155e-09 
2.8458370104900155e-09 
2.8458370104900155e-09 
2.8458370104900155e-09 
2.8458370104900155e-09 
2.8458370104900155e-09 
2.8458370104900155e-09 
2.8458370104900155e-09 
2.8458370104900155e-09 
2.8458370104900155e-09 
2.8458370104900155e-09 
2.8458370104900155e-09 
2.8458370104900155e-09 
2.8458370104900155e-09 
2.8458370104900155e-09 
2.8458370104900155e-09 
2.8458370104900155e-09 
2.8458370104900155e-09 
2.8458370104900155e-09 
2.8458370104900155e-09 
2.8458370104900155e-09 
2.8458370104900155e-09 
2.8458370104900155e-09 
2.8458370104900155e-09 
2.8458370104900155e-09 
2.8458370104900155e-09 
2.8458370104900155e-09 
2.8458370104900155e-09 
2.8458370104900155e-09 
2.8458370104900155e-09 
2.8458370104900155e-09 
2.8458370104900155e-09 
2.8458370104900155e-09 
2.8458370104900155e-09 
2.8458370104900155e-09 
2.8458370104900155e-09 
2.8458370104900155e-09 
2.8458370104900155e-09 
2.8458370104900155e-09 
1.3672933896202721e-09 
1.3672933896202721e-09 
1.3672933896202721e-09 
1.3672933896202721e-09 
1.3672933896202721e-09 
1.3672933896202721e-09 
1.3672933896202721e-09 
1.3672933896202721e-09 
1.3672933896202721e-09 
1.3672933896202721e-09 
1.3672933896202721e-09 
1.3672933896202721e-09 
1.3672933896202721e-09 
1.3672933896202721e-09 
1.3672933896202721e-09 
1.3672933896202721e-09 
1.3672933896202721e-09 
1.3672933896202721e-09 
1.3672933896202721e-09 
1.3672933896202721e-09 
1.3672933896202721e-09 
1.3672933896202721e-09 
1.3672933896202721e-09 
1.3672933896202721e-09 
1.3672933896202721e-09 
1.3672933896202721e-09 
1.3672933896202721e-09 
1.3672933896202721e-09 
1.3672933896202721e-09 
1.3672933896202721e-09 
1.3672933896202721e-09 
1.3672933896202721e-09 
1.3672933896202721e-09 
1.3672933896202721e-09 
1.3672933896202721e-09 
1.3672933896202721e-09 
1.3672933896202721e-09 
1.3672933896202721e-09 
1.3672933896202721e-09 
1.3672933896202721e-09 
1.3672933896202721e-09 
1.3672933896202721e-09 
1.3672933896202721e-09 
1.3672933896202721e-09 
1.3672933896202721e-09 
1.3672933896202721e-09 
1.3672933896202721e-09 
1.3672933896202721e-09 
1.3672933896202721e-09 
1.3672933896202721e-09 
1.3672933896202721e-09 
1.3672933896202721e-09 
1.3672933896202721e-09 
1.3672933896202721e-09 
1.3672933896202721e-09 
1.3672933896202721e-09 
1.3672933896202721e-09 
1.3672933896202721e-09 
1.3672933896202721e-09 
1.3672933896202721e-09 
1.3672933896202721e-09 
1.3672933896202721e-09 
1.3672933896202721e-09 
1.3672933896202721e-09 
1.3672933896202721e-09 
1.3672933896202721e-09 
1.3672933896202721e-09 
1.3672933896202721e-09 
1.3672933896202721e-09 
1.3672933896202721e-09 
1.3672933896202721e-09 
1.3672933896202721e-09 
1.3672933896202721e-09 
1.3672933896202721e-09 
1.3672933896202721e-09 
1.3672933896202721e-09 
1.3672933896202721e-09 
1.3672933896202721e-09 
1.3672933896202721e-09 
1.3672933896202721e-09 
1.3672933896202721e-09 
1.3672933896202721e-09 
1.3672933896202721e-09 
1.3672933896202721e-09 
1.3672933896202721e-09 
1.3672933896202721e-09 
1.3672933896202721e-09 
1.3672933896202721e-09 
1.3672933896202721e-09 
1.3672933896202721e-09 
1.3672933896202721e-09 
1.3672933896202721e-09 
1.3672933896202721e-09 
1.3672933896202721e-09 
1.3672933896202721e-09 
1.3672933896202721e-09 
1.3672933896202721e-09 
1.3672933896202721e-09 
1.3672933896202721e-09 
1.3672933896202721e-09 
1.3672933896202721e-09 
1.3672933896202721e-09 
1.3672933896202721e-09 
1.3672933896202721e-09 
1.3672933896202721e-09 
1.3672933896202721e-09 
1.3672933896202721e-09 
1.3672933896202721e-09 
1.3672933896202721e-09 
1.3672933896202721e-09 
1.3672933896202721e-09 
1.3672933896202721e-09 
1.3672933896202721e-09 
1.3672933896202721e-09 
1.3672933896202721e-09 
1.3672933896202721e-09 
1.3672933896202721e-09 
1.3672933896202721e-09 
1.3672933896202721e-09 
1.3672933896202721e-09 
1.3672933896202721e-09 
1.3672933896202721e-09 
1.3672933896202721e-09 
1.3672933896202721e-09 
1.3672933896202721e-09 
1.3672933896202721e-09 
1.3672933896202721e-09 
1.3672933896202721e-09 
1.3672933896202721e-09 
1.3672933896202721e-09 
1.3672933896202721e-09 
1.3672933896202721e-09 
1.3672933896202721e-09 
1.3672933896202721e-09 
1.3672933896202721e-09 
1.3672933896202721e-09 
1.3672933896202721e-09 
1.3672933896202721e-09 
1.3672933896202721e-09 
1.3672933896202721e-09 
1.3672933896202721e-09 
1.3672933896202721e-09 
1.3672933896202721e-09 
1.3672933896202721e-09 
1.3672933896202721e-09 
1.3672933896202721e-09 
1.3672933896202721e-09 
1.3672933896202721e-09 
1.3672933896202721e-09 
1.3672933896202721e-09 
1.3672933896202721e-09 
1.3672933896202721e-09 
1.3672933896202721e-09 
1.3672933896202721e-09 
1.3672933896202721e-09 
1.3672933896202721e-09 
1.3672933896202721e-09 
1.3672933896202721e-09 
1.3672933896202721e-09 
1.3672933896202721e-09 
1.3672933896202721e-09 
1.3672933896202721e-09 
1.3672933896202721e-09 
1.3672933896202721e-09 
1.3672933896202721e-09 
1.3672933896202721e-09 
1.3672933896202721e-09 
